5
0 0 0 0
0 0 1 0
0 0 2 0
0 0 3 0
0 0 4 0
0 1 0 0
0 1 1 0
0 1 2 8007
0 1 3 7089
0 1 4 3757
0 2 0 0
0 2 1 4543
0 2 2 0
0 2 3 6244
0 2 4 3377
0 3 0 0
0 3 1 5356
0 3 2 4426
0 3 3 0
0 3 4 4917
0 4 0 0
0 4 1 8538
0 4 2 8167
0 4 3 5537
0 4 4 0
1 0 0 0
1 0 1 0
1 0 2 2308
1 0 3 1950
1 0 4 5191
1 1 0 0
1 1 1 0
1 1 2 0
1 1 3 0
1 1 4 0
1 2 0 4543
1 2 1 0
1 2 2 0
1 2 3 9106
1 2 4 6239
1 3 0 5356
1 3 1 0
1 3 2 6728
1 3 3 0
1 3 4 7219
1 4 0 8538
1 4 1 0
1 4 2 3896
1 4 3 1266
1 4 4 0
2 0 0 0
2 0 1 2308
2 0 2 0
2 0 3 4549
2 0 4 7790
2 1 0 8007
2 1 1 0
2 1 2 0
2 1 3 6487
2 1 4 3155
2 2 0 0
2 2 1 0
2 2 2 0
2 2 3 0
2 2 4 0
2 3 0 4426
2 3 1 6728
2 3 2 0
2 3 3 0
2 3 4 8123
2 4 0 8167
2 4 1 3896
2 4 2 0
2 4 3 2635
2 4 4 0
3 0 0 0
3 0 1 1950
3 0 2 4549
3 0 3 0
3 0 4 7465
3 1 0 7089
3 1 1 0
3 1 2 6487
3 1 3 0
3 1 4 4326
3 2 0 6244
3 2 1 9106
3 2 2 0
3 2 3 0
3 2 4 4765
3 3 0 0
3 3 1 0
3 3 2 0
3 3 3 0
3 3 4 0
3 4 0 5537
3 4 1 1266
3 4 2 2635
3 4 3 0
3 4 4 0
4 0 0 0
4 0 1 5191
4 0 2 7790
4 0 3 7465
4 0 4 0
4 1 0 3757
4 1 1 0
4 1 2 3155
4 1 3 4326
4 1 4 0
4 2 0 3377
4 2 1 6239
4 2 2 0
4 2 3 4765
4 2 4 0
4 3 0 4917
4 3 1 7219
4 3 2 8123
4 3 3 0
4 3 4 0
4 4 0 0
4 4 1 0
4 4 2 0
4 4 3 0
4 4 4 0
