17
0 0 0 0
0 0 1 0
0 0 2 0
0 0 3 0
0 0 4 0
0 0 5 0
0 0 6 0
0 0 7 0
0 0 8 0
0 0 9 0
0 0 10 0
0 0 11 0
0 0 12 0
0 0 13 0
0 0 14 0
0 0 15 0
0 0 16 0
0 1 0 0
0 1 1 0
0 1 2 4879
0 1 3 4422
0 1 4 3834
0 1 5 4307
0 1 6 5058
0 1 7 6036
0 1 8 1486
0 1 9 2063
0 1 10 5993
0 1 11 4008
0 1 12 1800
0 1 13 2054
0 1 14 5580
0 1 15 5659
0 1 16 1569
0 2 0 0
0 2 1 5275
0 2 2 0
0 2 3 3293
0 2 4 4388
0 2 5 5036
0 2 6 2674
0 2 7 3651
0 2 8 1770
0 2 9 6091
0 2 10 3239
0 2 11 4975
0 2 12 2091
0 2 13 3916
0 2 14 1918
0 2 15 1435
0 2 16 5916
0 3 0 0
0 3 1 3767
0 3 2 5482
0 3 3 0
0 3 4 6784
0 3 5 3520
0 3 6 3633
0 3 7 6328
0 3 8 3835
0 3 9 5309
0 3 10 6534
0 3 11 3259
0 3 12 4853
0 3 13 5404
0 3 14 3686
0 3 15 3379
0 3 16 6491
0 4 0 0
0 4 1 3508
0 4 2 5799
0 4 3 4258
0 4 4 0
0 4 5 5874
0 4 6 2120
0 4 7 4997
0 4 8 1474
0 4 9 4480
0 4 10 1446
0 4 11 4569
0 4 12 6193
0 4 13 3836
0 4 14 2408
0 4 15 5738
0 4 16 4926
0 5 0 0
0 5 1 8112
0 5 2 7248
0 5 3 6206
0 5 4 4803
0 5 5 0
0 5 6 8624
0 5 7 6299
0 5 8 6029
0 5 9 7378
0 5 10 5165
0 5 11 5063
0 5 12 4489
0 5 13 5490
0 5 14 6652
0 5 15 7313
0 5 16 7880
0 6 0 0
0 6 1 5291
0 6 2 2778
0 6 3 4428
0 6 4 4916
0 6 5 5331
0 6 6 0
0 6 7 4872
0 6 8 1970
0 6 9 5378
0 6 10 4563
0 6 11 6094
0 6 12 2750
0 6 13 5863
0 6 14 4846
0 6 15 3663
0 6 16 3137
0 7 0 0
0 7 1 3520
0 7 2 7506
0 7 3 4399
0 7 4 5132
0 7 5 7403
0 7 6 5406
0 7 7 0
0 7 8 6970
0 7 9 3771
0 7 10 7030
0 7 11 5610
0 7 12 4809
0 7 13 6868
0 7 14 2939
0 7 15 4994
0 7 16 6322
0 8 0 0
0 8 1 6345
0 8 2 5096
0 8 3 2543
0 8 4 6197
0 8 5 7364
0 8 6 3196
0 8 7 3394
0 8 8 0
0 8 9 3437
0 8 10 5124
0 8 11 6338
0 8 12 6590
0 8 13 2687
0 8 14 7106
0 8 15 2675
0 8 16 3776
0 9 0 0
0 9 1 3578
0 9 2 5369
0 9 3 5176
0 9 4 5552
0 9 5 2249
0 9 6 3422
0 9 7 2135
0 9 8 6192
0 9 9 0
0 9 10 3231
0 9 11 6732
0 9 12 6721
0 9 13 6632
0 9 14 3156
0 9 15 2837
0 9 16 3564
0 10 0 0
0 10 1 4571
0 10 2 3776
0 10 3 7717
0 10 4 4683
0 10 5 7791
0 10 6 6822
0 10 7 6168
0 10 8 7916
0 10 9 4844
0 10 10 0
0 10 11 5732
0 10 12 8098
0 10 13 5227
0 10 14 3863
0 10 15 4154
0 10 16 4488
0 11 0 0
0 11 1 7702
0 11 2 4386
0 11 3 6185
0 11 4 4436
0 11 5 4928
0 11 6 6940
0 11 7 8474
0 11 8 8066
0 11 9 5244
0 11 10 6789
0 11 11 0
0 11 12 6892
0 11 13 5125
0 11 14 7740
0 11 15 7201
0 11 16 5605
0 12 0 0
0 12 1 5659
0 12 2 3462
0 12 3 1815
0 12 4 3231
0 12 5 5229
0 12 6 2452
0 12 7 3402
0 12 8 1781
0 12 9 1683
0 12 10 2626
0 12 11 4107
0 12 12 0
0 12 13 4716
0 12 14 3503
0 12 15 2389
0 12 16 4359
0 13 0 0
0 13 1 1000
0 13 2 3591
0 13 3 5306
0 13 4 5604
0 13 5 4332
0 13 6 3482
0 13 7 2075
0 13 8 1773
0 13 9 2200
0 13 10 4141
0 13 11 4172
0 13 12 3999
0 13 13 0
0 13 14 5191
0 13 15 3863
0 13 16 755
0 14 0 0
0 14 1 4180
0 14 2 5102
0 14 3 5227
0 14 4 7243
0 14 5 4114
0 14 6 7457
0 14 7 7223
0 14 8 3213
0 14 9 3189
0 14 10 7284
0 14 11 3125
0 14 12 3301
0 14 13 4336
0 14 14 0
0 14 15 5020
0 14 16 4619
0 15 0 0
0 15 1 4967
0 15 2 3619
0 15 3 4826
0 15 4 3854
0 15 5 4965
0 15 6 6659
0 15 7 3982
0 15 8 5249
0 15 9 4795
0 15 10 7790
0 15 11 5821
0 15 12 3434
0 15 13 5768
0 15 14 4874
0 15 15 0
0 15 16 8146
0 16 0 0
0 16 1 5642
0 16 2 4686
0 16 3 4543
0 16 4 3778
0 16 5 4465
0 16 6 6843
0 16 7 3602
0 16 8 5992
0 16 9 6763
0 16 10 5032
0 16 11 3332
0 16 12 5812
0 16 13 3637
0 16 14 4910
0 16 15 2567
0 16 16 0
1 0 0 0
1 0 1 0
1 0 2 4210
1 0 3 5410
1 0 4 4395
1 0 5 6717
1 0 6 4210
1 0 7 5885
1 0 8 5480
1 0 9 5011
1 0 10 6189
1 0 11 6523
1 0 12 3849
1 0 13 3691
1 0 14 5940
1 0 15 6153
1 0 16 5349
1 1 0 0
1 1 1 0
1 1 2 0
1 1 3 0
1 1 4 0
1 1 5 0
1 1 6 0
1 1 7 0
1 1 8 0
1 1 9 0
1 1 10 0
1 1 11 0
1 1 12 0
1 1 13 0
1 1 14 0
1 1 15 0
1 1 16 0
1 2 0 5275
1 2 1 0
1 2 2 0
1 2 3 5785
1 2 4 6880
1 2 5 7528
1 2 6 5166
1 2 7 6143
1 2 8 4262
1 2 9 8583
1 2 10 5731
1 2 11 7467
1 2 12 4583
1 2 13 6408
1 2 14 4410
1 2 15 3927
1 2 16 8408
1 3 0 3767
1 3 1 0
1 3 2 6317
1 3 3 0
1 3 4 7619
1 3 5 4355
1 3 6 4468
1 3 7 7163
1 3 8 4670
1 3 9 6144
1 3 10 7369
1 3 11 4094
1 3 12 5688
1 3 13 6239
1 3 14 4521
1 3 15 4214
1 3 16 7326
1 4 0 3508
1 4 1 0
1 4 2 7061
1 4 3 5520
1 4 4 0
1 4 5 7136
1 4 6 3382
1 4 7 6259
1 4 8 2736
1 4 9 5742
1 4 10 2708
1 4 11 5831
1 4 12 7455
1 4 13 5098
1 4 14 3670
1 4 15 7000
1 4 16 6188
1 5 0 8112
1 5 1 0
1 5 2 6661
1 5 3 5619
1 5 4 4216
1 5 5 0
1 5 6 8037
1 5 7 5712
1 5 8 5442
1 5 9 6791
1 5 10 4578
1 5 11 4476
1 5 12 3902
1 5 13 4903
1 5 14 6065
1 5 15 6726
1 5 16 7293
1 6 0 5291
1 6 1 0
1 6 2 5449
1 6 3 7099
1 6 4 7587
1 6 5 8002
1 6 6 0
1 6 7 7543
1 6 8 4641
1 6 9 8049
1 6 10 7234
1 6 11 8765
1 6 12 5421
1 6 13 8534
1 6 14 7517
1 6 15 6334
1 6 16 5808
1 7 0 3520
1 7 1 0
1 7 2 9480
1 7 3 6373
1 7 4 7106
1 7 5 9377
1 7 6 7380
1 7 7 0
1 7 8 8944
1 7 9 5745
1 7 10 9004
1 7 11 7584
1 7 12 6783
1 7 13 8842
1 7 14 4913
1 7 15 6968
1 7 16 8296
1 8 0 6345
1 8 1 0
1 8 2 2925
1 8 3 372
1 8 4 4026
1 8 5 5193
1 8 6 1025
1 8 7 1223
1 8 8 0
1 8 9 1266
1 8 10 2953
1 8 11 4167
1 8 12 4419
1 8 13 516
1 8 14 4935
1 8 15 504
1 8 16 1605
1 9 0 3578
1 9 1 0
1 9 2 4244
1 9 3 4051
1 9 4 4427
1 9 5 1124
1 9 6 2297
1 9 7 1010
1 9 8 5067
1 9 9 0
1 9 10 2106
1 9 11 5607
1 9 12 5596
1 9 13 5507
1 9 14 2031
1 9 15 1712
1 9 16 2439
1 10 0 4571
1 10 1 0
1 10 2 5403
1 10 3 9344
1 10 4 6310
1 10 5 9418
1 10 6 8449
1 10 7 7795
1 10 8 9543
1 10 9 6471
1 10 10 0
1 10 11 7359
1 10 12 9725
1 10 13 6854
1 10 14 5490
1 10 15 5781
1 10 16 6115
1 11 0 7702
1 11 1 0
1 11 2 3694
1 11 3 5493
1 11 4 3744
1 11 5 4236
1 11 6 6248
1 11 7 7782
1 11 8 7374
1 11 9 4552
1 11 10 6097
1 11 11 0
1 11 12 6200
1 11 13 4433
1 11 14 7048
1 11 15 6509
1 11 16 4913
1 12 0 5659
1 12 1 0
1 12 2 3236
1 12 3 1589
1 12 4 3005
1 12 5 5003
1 12 6 2226
1 12 7 3176
1 12 8 1555
1 12 9 1457
1 12 10 2400
1 12 11 3881
1 12 12 0
1 12 13 4490
1 12 14 3277
1 12 15 2163
1 12 16 4133
1 13 0 1000
1 13 1 0
1 13 2 3777
1 13 3 5492
1 13 4 5790
1 13 5 4518
1 13 6 3668
1 13 7 2261
1 13 8 1959
1 13 9 2386
1 13 10 4327
1 13 11 4358
1 13 12 4185
1 13 13 0
1 13 14 5377
1 13 15 4049
1 13 16 941
1 14 0 4180
1 14 1 0
1 14 2 6565
1 14 3 6690
1 14 4 8706
1 14 5 5577
1 14 6 8920
1 14 7 8686
1 14 8 4676
1 14 9 4652
1 14 10 8747
1 14 11 4588
1 14 12 4764
1 14 13 5799
1 14 14 0
1 14 15 6483
1 14 16 6082
1 15 0 4967
1 15 1 0
1 15 2 4948
1 15 3 6155
1 15 4 5183
1 15 5 6294
1 15 6 7988
1 15 7 5311
1 15 8 6578
1 15 9 6124
1 15 10 9119
1 15 11 7150
1 15 12 4763
1 15 13 7097
1 15 14 6203
1 15 15 0
1 15 16 9475
1 16 0 5642
1 16 1 0
1 16 2 2729
1 16 3 2586
1 16 4 1821
1 16 5 2508
1 16 6 4886
1 16 7 1645
1 16 8 4035
1 16 9 4806
1 16 10 3075
1 16 11 1375
1 16 12 3855
1 16 13 1680
1 16 14 2953
1 16 15 610
1 16 16 0
2 0 0 0
2 0 1 4210
2 0 2 0
2 0 3 3696
2 0 4 2681
2 0 5 5003
2 0 6 2496
2 0 7 4171
2 0 8 3766
2 0 9 3297
2 0 10 4475
2 0 11 4809
2 0 12 2135
2 0 13 1977
2 0 14 4226
2 0 15 4439
2 0 16 3635
2 1 0 4879
2 1 1 0
2 1 2 0
2 1 3 7310
2 1 4 6722
2 1 5 7195
2 1 6 7946
2 1 7 8924
2 1 8 4374
2 1 9 4951
2 1 10 8881
2 1 11 6896
2 1 12 4688
2 1 13 4942
2 1 14 8468
2 1 15 8547
2 1 16 4457
2 2 0 0
2 2 1 0
2 2 2 0
2 2 3 0
2 2 4 0
2 2 5 0
2 2 6 0
2 2 7 0
2 2 8 0
2 2 9 0
2 2 10 0
2 2 11 0
2 2 12 0
2 2 13 0
2 2 14 0
2 2 15 0
2 2 16 0
2 3 0 5482
2 3 1 6317
2 3 2 0
2 3 3 0
2 3 4 6367
2 3 5 3103
2 3 6 3216
2 3 7 5911
2 3 8 3418
2 3 9 4892
2 3 10 6117
2 3 11 2842
2 3 12 4436
2 3 13 4987
2 3 14 3269
2 3 15 2962
2 3 16 6074
2 4 0 5799
2 4 1 7061
2 4 2 0
2 4 3 5951
2 4 4 0
2 4 5 7567
2 4 6 3813
2 4 7 6690
2 4 8 3167
2 4 9 6173
2 4 10 3139
2 4 11 6262
2 4 12 7886
2 4 13 5529
2 4 14 4101
2 4 15 7431
2 4 16 6619
2 5 0 7248
2 5 1 6661
2 5 2 0
2 5 3 6225
2 5 4 4822
2 5 5 0
2 5 6 8643
2 5 7 6318
2 5 8 6048
2 5 9 7397
2 5 10 5184
2 5 11 5082
2 5 12 4508
2 5 13 5509
2 5 14 6671
2 5 15 7332
2 5 16 7899
2 6 0 2778
2 6 1 5449
2 6 2 0
2 6 3 4592
2 6 4 5080
2 6 5 5495
2 6 6 0
2 6 7 5036
2 6 8 2134
2 6 9 5542
2 6 10 4727
2 6 11 6258
2 6 12 2914
2 6 13 6027
2 6 14 5010
2 6 15 3827
2 6 16 3301
2 7 0 7506
2 7 1 9480
2 7 2 0
2 7 3 3865
2 7 4 4598
2 7 5 6869
2 7 6 4872
2 7 7 0
2 7 8 6436
2 7 9 3237
2 7 10 6496
2 7 11 5076
2 7 12 4275
2 7 13 6334
2 7 14 2405
2 7 15 4460
2 7 16 5788
2 8 0 5096
2 8 1 2925
2 8 2 0
2 8 3 533
2 8 4 4187
2 8 5 5354
2 8 6 1186
2 8 7 1384
2 8 8 0
2 8 9 1427
2 8 10 3114
2 8 11 4328
2 8 12 4580
2 8 13 677
2 8 14 5096
2 8 15 665
2 8 16 1766
2 9 0 5369
2 9 1 4244
2 9 2 0
2 9 3 7956
2 9 4 8332
2 9 5 5029
2 9 6 6202
2 9 7 4915
2 9 8 8972
2 9 9 0
2 9 10 6011
2 9 11 9512
2 9 12 9501
2 9 13 9412
2 9 14 5936
2 9 15 5617
2 9 16 6344
2 10 0 3776
2 10 1 5403
2 10 2 0
2 10 3 6467
2 10 4 3433
2 10 5 6541
2 10 6 5572
2 10 7 4918
2 10 8 6666
2 10 9 3594
2 10 10 0
2 10 11 4482
2 10 12 6848
2 10 13 3977
2 10 14 2613
2 10 15 2904
2 10 16 3238
2 11 0 4386
2 11 1 3694
2 11 2 0
2 11 3 6337
2 11 4 4588
2 11 5 5080
2 11 6 7092
2 11 7 8626
2 11 8 8218
2 11 9 5396
2 11 10 6941
2 11 11 0
2 11 12 7044
2 11 13 5277
2 11 14 7892
2 11 15 7353
2 11 16 5757
2 12 0 3462
2 12 1 3236
2 12 2 0
2 12 3 1757
2 12 4 3173
2 12 5 5171
2 12 6 2394
2 12 7 3344
2 12 8 1723
2 12 9 1625
2 12 10 2568
2 12 11 4049
2 12 12 0
2 12 13 4658
2 12 14 3445
2 12 15 2331
2 12 16 4301
2 13 0 3591
2 13 1 3777
2 13 2 0
2 13 3 7231
2 13 4 7529
2 13 5 6257
2 13 6 5407
2 13 7 4000
2 13 8 3698
2 13 9 4125
2 13 10 6066
2 13 11 6097
2 13 12 5924
2 13 13 0
2 13 14 7116
2 13 15 5788
2 13 16 2680
2 14 0 5102
2 14 1 6565
2 14 2 0
2 14 3 2905
2 14 4 4921
2 14 5 1792
2 14 6 5135
2 14 7 4901
2 14 8 891
2 14 9 867
2 14 10 4962
2 14 11 803
2 14 12 979
2 14 13 2014
2 14 14 0
2 14 15 2698
2 14 16 2297
2 15 0 3619
2 15 1 4948
2 15 2 0
2 15 3 1808
2 15 4 836
2 15 5 1947
2 15 6 3641
2 15 7 964
2 15 8 2231
2 15 9 1777
2 15 10 4772
2 15 11 2803
2 15 12 416
2 15 13 2750
2 15 14 1856
2 15 15 0
2 15 16 5128
2 16 0 4686
2 16 1 2729
2 16 2 0
2 16 3 6810
2 16 4 6045
2 16 5 6732
2 16 6 9110
2 16 7 5869
2 16 8 8259
2 16 9 9030
2 16 10 7299
2 16 11 5599
2 16 12 8079
2 16 13 5904
2 16 14 7177
2 16 15 4834
2 16 16 0
3 0 0 0
3 0 1 5410
3 0 2 3696
3 0 3 0
3 0 4 4019
3 0 5 6341
3 0 6 3834
3 0 7 5509
3 0 8 5104
3 0 9 4635
3 0 10 5813
3 0 11 6147
3 0 12 3473
3 0 13 3315
3 0 14 5564
3 0 15 5777
3 0 16 4973
3 1 0 4422
3 1 1 0
3 1 2 7310
3 1 3 0
3 1 4 4014
3 1 5 4487
3 1 6 5238
3 1 7 6216
3 1 8 1666
3 1 9 2243
3 1 10 6173
3 1 11 4188
3 1 12 1980
3 1 13 2234
3 1 14 5760
3 1 15 5839
3 1 16 1749
3 2 0 3293
3 2 1 5785
3 2 2 0
3 2 3 0
3 2 4 6160
3 2 5 6808
3 2 6 4446
3 2 7 5423
3 2 8 3542
3 2 9 7863
3 2 10 5011
3 2 11 6747
3 2 12 3863
3 2 13 5688
3 2 14 3690
3 2 15 3207
3 2 16 7688
3 3 0 0
3 3 1 0
3 3 2 0
3 3 3 0
3 3 4 0
3 3 5 0
3 3 6 0
3 3 7 0
3 3 8 0
3 3 9 0
3 3 10 0
3 3 11 0
3 3 12 0
3 3 13 0
3 3 14 0
3 3 15 0
3 3 16 0
3 4 0 4258
3 4 1 5520
3 4 2 5951
3 4 3 0
3 4 4 0
3 4 5 8763
3 4 6 5009
3 4 7 7886
3 4 8 4363
3 4 9 7369
3 4 10 4335
3 4 11 7458
3 4 12 9082
3 4 13 6725
3 4 14 5297
3 4 15 8627
3 4 16 7815
3 5 0 6206
3 5 1 5619
3 5 2 6225
3 5 3 0
3 5 4 2106
3 5 5 0
3 5 6 5927
3 5 7 3602
3 5 8 3332
3 5 9 4681
3 5 10 2468
3 5 11 2366
3 5 12 1792
3 5 13 2793
3 5 14 3955
3 5 15 4616
3 5 16 5183
3 6 0 4428
3 6 1 7099
3 6 2 4592
3 6 3 0
3 6 4 4839
3 6 5 5254
3 6 6 0
3 6 7 4795
3 6 8 1893
3 6 9 5301
3 6 10 4486
3 6 11 6017
3 6 12 2673
3 6 13 5786
3 6 14 4769
3 6 15 3586
3 6 16 3060
3 7 0 4399
3 7 1 6373
3 7 2 3865
3 7 3 0
3 7 4 6075
3 7 5 8346
3 7 6 6349
3 7 7 0
3 7 8 7913
3 7 9 4714
3 7 10 7973
3 7 11 6553
3 7 12 5752
3 7 13 7811
3 7 14 3882
3 7 15 5937
3 7 16 7265
3 8 0 2543
3 8 1 372
3 8 2 533
3 8 3 0
3 8 4 5052
3 8 5 6219
3 8 6 2051
3 8 7 2249
3 8 8 0
3 8 9 2292
3 8 10 3979
3 8 11 5193
3 8 12 5445
3 8 13 1542
3 8 14 5961
3 8 15 1530
3 8 16 2631
3 9 0 5176
3 9 1 4051
3 9 2 7956
3 9 3 0
3 9 4 6350
3 9 5 3047
3 9 6 4220
3 9 7 2933
3 9 8 6990
3 9 9 0
3 9 10 4029
3 9 11 7530
3 9 12 7519
3 9 13 7430
3 9 14 3954
3 9 15 3635
3 9 16 4362
3 10 0 7717
3 10 1 9344
3 10 2 6467
3 10 3 0
3 10 4 5528
3 10 5 8636
3 10 6 7667
3 10 7 7013
3 10 8 8761
3 10 9 5689
3 10 10 0
3 10 11 6577
3 10 12 8943
3 10 13 6072
3 10 14 4708
3 10 15 4999
3 10 16 5333
3 11 0 6185
3 11 1 5493
3 11 2 6337
3 11 3 0
3 11 4 1672
3 11 5 2164
3 11 6 4176
3 11 7 5710
3 11 8 5302
3 11 9 2480
3 11 10 4025
3 11 11 0
3 11 12 4128
3 11 13 2361
3 11 14 4976
3 11 15 4437
3 11 16 2841
3 12 0 1815
3 12 1 1589
3 12 2 1757
3 12 3 0
3 12 4 4735
3 12 5 6733
3 12 6 3956
3 12 7 4906
3 12 8 3285
3 12 9 3187
3 12 10 4130
3 12 11 5611
3 12 12 0
3 12 13 6220
3 12 14 5007
3 12 15 3893
3 12 16 5863
3 13 0 5306
3 13 1 5492
3 13 2 7231
3 13 3 0
3 13 4 7817
3 13 5 6545
3 13 6 5695
3 13 7 4288
3 13 8 3986
3 13 9 4413
3 13 10 6354
3 13 11 6385
3 13 12 6212
3 13 13 0
3 13 14 7404
3 13 15 6076
3 13 16 2968
3 14 0 5227
3 14 1 6690
3 14 2 2905
3 14 3 0
3 14 4 5489
3 14 5 2360
3 14 6 5703
3 14 7 5469
3 14 8 1459
3 14 9 1435
3 14 10 5530
3 14 11 1371
3 14 12 1547
3 14 13 2582
3 14 14 0
3 14 15 3266
3 14 16 2865
3 15 0 4826
3 15 1 6155
3 15 2 1808
3 15 3 0
3 15 4 1580
3 15 5 2691
3 15 6 4385
3 15 7 1708
3 15 8 2975
3 15 9 2521
3 15 10 5516
3 15 11 3547
3 15 12 1160
3 15 13 3494
3 15 14 2600
3 15 15 0
3 15 16 5872
3 16 0 4543
3 16 1 2586
3 16 2 6810
3 16 3 0
3 16 4 5420
3 16 5 6107
3 16 6 8485
3 16 7 5244
3 16 8 7634
3 16 9 8405
3 16 10 6674
3 16 11 4974
3 16 12 7454
3 16 13 5279
3 16 14 6552
3 16 15 4209
3 16 16 0
4 0 0 0
4 0 1 4395
4 0 2 2681
4 0 3 4019
4 0 4 0
4 0 5 7788
4 0 6 5281
4 0 7 6956
4 0 8 6551
4 0 9 6082
4 0 10 7260
4 0 11 7594
4 0 12 4920
4 0 13 4762
4 0 14 7011
4 0 15 7224
4 0 16 6420
4 1 0 3834
4 1 1 0
4 1 2 6722
4 1 3 4014
4 1 4 0
4 1 5 5243
4 1 6 5994
4 1 7 6972
4 1 8 2422
4 1 9 2999
4 1 10 6929
4 1 11 4944
4 1 12 2736
4 1 13 2990
4 1 14 6516
4 1 15 6595
4 1 16 2505
4 2 0 4388
4 2 1 6880
4 2 2 0
4 2 3 6160
4 2 4 0
4 2 5 8140
4 2 6 5778
4 2 7 6755
4 2 8 4874
4 2 9 9195
4 2 10 6343
4 2 11 8079
4 2 12 5195
4 2 13 7020
4 2 14 5022
4 2 15 4539
4 2 16 9020
4 3 0 6784
4 3 1 7619
4 3 2 6367
4 3 3 0
4 3 4 0
4 3 5 3883
4 3 6 3996
4 3 7 6691
4 3 8 4198
4 3 9 5672
4 3 10 6897
4 3 11 3622
4 3 12 5216
4 3 13 5767
4 3 14 4049
4 3 15 3742
4 3 16 6854
4 4 0 0
4 4 1 0
4 4 2 0
4 4 3 0
4 4 4 0
4 4 5 0
4 4 6 0
4 4 7 0
4 4 8 0
4 4 9 0
4 4 10 0
4 4 11 0
4 4 12 0
4 4 13 0
4 4 14 0
4 4 15 0
4 4 16 0
4 5 0 4803
4 5 1 4216
4 5 2 4822
4 5 3 2106
4 5 4 0
4 5 5 0
4 5 6 9296
4 5 7 6971
4 5 8 6701
4 5 9 8050
4 5 10 5837
4 5 11 5735
4 5 12 5161
4 5 13 6162
4 5 14 7324
4 5 15 7985
4 5 16 8552
4 6 0 4916
4 6 1 7587
4 6 2 5080
4 6 3 4839
4 6 4 0
4 6 5 4756
4 6 6 0
4 6 7 4297
4 6 8 1395
4 6 9 4803
4 6 10 3988
4 6 11 5519
4 6 12 2175
4 6 13 5288
4 6 14 4271
4 6 15 3088
4 6 16 2562
4 7 0 5132
4 7 1 7106
4 7 2 4598
4 7 3 6075
4 7 4 0
4 7 5 8030
4 7 6 6033
4 7 7 0
4 7 8 7597
4 7 9 4398
4 7 10 7657
4 7 11 6237
4 7 12 5436
4 7 13 7495
4 7 14 3566
4 7 15 5621
4 7 16 6949
4 8 0 6197
4 8 1 4026
4 8 2 4187
4 8 3 5052
4 8 4 0
4 8 5 4873
4 8 6 705
4 8 7 903
4 8 8 0
4 8 9 946
4 8 10 2633
4 8 11 3847
4 8 12 4099
4 8 13 196
4 8 14 4615
4 8 15 184
4 8 16 1285
4 9 0 5552
4 9 1 4427
4 9 2 8332
4 9 3 6350
4 9 4 0
4 9 5 3233
4 9 6 4406
4 9 7 3119
4 9 8 7176
4 9 9 0
4 9 10 4215
4 9 11 7716
4 9 12 7705
4 9 13 7616
4 9 14 4140
4 9 15 3821
4 9 16 4548
4 10 0 4683
4 10 1 6310
4 10 2 3433
4 10 3 5528
4 10 4 0
4 10 5 4563
4 10 6 3594
4 10 7 2940
4 10 8 4688
4 10 9 1616
4 10 10 0
4 10 11 2504
4 10 12 4870
4 10 13 1999
4 10 14 635
4 10 15 926
4 10 16 1260
4 11 0 4436
4 11 1 3744
4 11 2 4588
4 11 3 1672
4 11 4 0
4 11 5 4489
4 11 6 6501
4 11 7 8035
4 11 8 7627
4 11 9 4805
4 11 10 6350
4 11 11 0
4 11 12 6453
4 11 13 4686
4 11 14 7301
4 11 15 6762
4 11 16 5166
4 12 0 3231
4 12 1 3005
4 12 2 3173
4 12 3 4735
4 12 4 0
4 12 5 9088
4 12 6 6311
4 12 7 7261
4 12 8 5640
4 12 9 5542
4 12 10 6485
4 12 11 7966
4 12 12 0
4 12 13 8575
4 12 14 7362
4 12 15 6248
4 12 16 8218
4 13 0 5604
4 13 1 5790
4 13 2 7529
4 13 3 7817
4 13 4 0
4 13 5 5992
4 13 6 5142
4 13 7 3735
4 13 8 3433
4 13 9 3860
4 13 10 5801
4 13 11 5832
4 13 12 5659
4 13 13 0
4 13 14 6851
4 13 15 5523
4 13 16 2415
4 14 0 7243
4 14 1 8706
4 14 2 4921
4 14 3 5489
4 14 4 0
4 14 5 2097
4 14 6 5440
4 14 7 5206
4 14 8 1196
4 14 9 1172
4 14 10 5267
4 14 11 1108
4 14 12 1284
4 14 13 2319
4 14 14 0
4 14 15 3003
4 14 16 2602
4 15 0 3854
4 15 1 5183
4 15 2 836
4 15 3 1580
4 15 4 0
4 15 5 6065
4 15 6 7759
4 15 7 5082
4 15 8 6349
4 15 9 5895
4 15 10 8890
4 15 11 6921
4 15 12 4534
4 15 13 6868
4 15 14 5974
4 15 15 0
4 15 16 9246
4 16 0 3778
4 16 1 1821
4 16 2 6045
4 16 3 5420
4 16 4 0
4 16 5 5557
4 16 6 7935
4 16 7 4694
4 16 8 7084
4 16 9 7855
4 16 10 6124
4 16 11 4424
4 16 12 6904
4 16 13 4729
4 16 14 6002
4 16 15 3659
4 16 16 0
5 0 0 0
5 0 1 6717
5 0 2 5003
5 0 3 6341
5 0 4 7788
5 0 5 0
5 0 6 5857
5 0 7 7532
5 0 8 7127
5 0 9 6658
5 0 10 7836
5 0 11 8170
5 0 12 5496
5 0 13 5338
5 0 14 7587
5 0 15 7800
5 0 16 6996
5 1 0 4307
5 1 1 0
5 1 2 7195
5 1 3 4487
5 1 4 5243
5 1 5 0
5 1 6 8276
5 1 7 9254
5 1 8 4704
5 1 9 5281
5 1 10 9211
5 1 11 7226
5 1 12 5018
5 1 13 5272
5 1 14 8798
5 1 15 8877
5 1 16 4787
5 2 0 5036
5 2 1 7528
5 2 2 0
5 2 3 6808
5 2 4 8140
5 2 5 0
5 2 6 4905
5 2 7 5882
5 2 8 4001
5 2 9 8322
5 2 10 5470
5 2 11 7206
5 2 12 4322
5 2 13 6147
5 2 14 4149
5 2 15 3666
5 2 16 8147
5 3 0 3520
5 3 1 4355
5 3 2 3103
5 3 3 0
5 3 4 3883
5 3 5 0
5 3 6 3622
5 3 7 6317
5 3 8 3824
5 3 9 5298
5 3 10 6523
5 3 11 3248
5 3 12 4842
5 3 13 5393
5 3 14 3675
5 3 15 3368
5 3 16 6480
5 4 0 5874
5 4 1 7136
5 4 2 7567
5 4 3 8763
5 4 4 0
5 4 5 0
5 4 6 1721
5 4 7 4598
5 4 8 1075
5 4 9 4081
5 4 10 1047
5 4 11 4170
5 4 12 5794
5 4 13 3437
5 4 14 2009
5 4 15 5339
5 4 16 4527
5 5 0 0
5 5 1 0
5 5 2 0
5 5 3 0
5 5 4 0
5 5 5 0
5 5 6 0
5 5 7 0
5 5 8 0
5 5 9 0
5 5 10 0
5 5 11 0
5 5 12 0
5 5 13 0
5 5 14 0
5 5 15 0
5 5 16 0
5 6 0 5331
5 6 1 8002
5 6 2 5495
5 6 3 5254
5 6 4 4756
5 6 5 0
5 6 6 0
5 6 7 8479
5 6 8 5577
5 6 9 8985
5 6 10 8170
5 6 11 9701
5 6 12 6357
5 6 13 9470
5 6 14 8453
5 6 15 7270
5 6 16 6744
5 7 0 7403
5 7 1 9377
5 7 2 6869
5 7 3 8346
5 7 4 8030
5 7 5 0
5 7 6 5013
5 7 7 0
5 7 8 6577
5 7 9 3378
5 7 10 6637
5 7 11 5217
5 7 12 4416
5 7 13 6475
5 7 14 2546
5 7 15 4601
5 7 16 5929
5 8 0 7364
5 8 1 5193
5 8 2 5354
5 8 3 6219
5 8 4 4873
5 8 5 0
5 8 6 2938
5 8 7 3136
5 8 8 0
5 8 9 3179
5 8 10 4866
5 8 11 6080
5 8 12 6332
5 8 13 2429
5 8 14 6848
5 8 15 2417
5 8 16 3518
5 9 0 2249
5 9 1 1124
5 9 2 5029
5 9 3 3047
5 9 4 3233
5 9 5 0
5 9 6 4982
5 9 7 3695
5 9 8 7752
5 9 9 0
5 9 10 4791
5 9 11 8292
5 9 12 8281
5 9 13 8192
5 9 14 4716
5 9 15 4397
5 9 16 5124
5 10 0 7791
5 10 1 9418
5 10 2 6541
5 10 3 8636
5 10 4 4563
5 10 5 0
5 10 6 4991
5 10 7 4337
5 10 8 6085
5 10 9 3013
5 10 10 0
5 10 11 3901
5 10 12 6267
5 10 13 3396
5 10 14 2032
5 10 15 2323
5 10 16 2657
5 11 0 4928
5 11 1 4236
5 11 2 5080
5 11 3 2164
5 11 4 4489
5 11 5 0
5 11 6 4673
5 11 7 6207
5 11 8 5799
5 11 9 2977
5 11 10 4522
5 11 11 0
5 11 12 4625
5 11 13 2858
5 11 14 5473
5 11 15 4934
5 11 16 3338
5 12 0 5229
5 12 1 5003
5 12 2 5171
5 12 3 6733
5 12 4 9088
5 12 5 0
5 12 6 2285
5 12 7 3235
5 12 8 1614
5 12 9 1516
5 12 10 2459
5 12 11 3940
5 12 12 0
5 12 13 4549
5 12 14 3336
5 12 15 2222
5 12 16 4192
5 13 0 4332
5 13 1 4518
5 13 2 6257
5 13 3 6545
5 13 4 5992
5 13 5 0
5 13 6 4474
5 13 7 3067
5 13 8 2765
5 13 9 3192
5 13 10 5133
5 13 11 5164
5 13 12 4991
5 13 13 0
5 13 14 6183
5 13 15 4855
5 13 16 1747
5 14 0 4114
5 14 1 5577
5 14 2 1792
5 14 3 2360
5 14 4 2097
5 14 5 0
5 14 6 7362
5 14 7 7128
5 14 8 3118
5 14 9 3094
5 14 10 7189
5 14 11 3030
5 14 12 3206
5 14 13 4241
5 14 14 0
5 14 15 4925
5 14 16 4524
5 15 0 4965
5 15 1 6294
5 15 2 1947
5 15 3 2691
5 15 4 6065
5 15 5 0
5 15 6 7012
5 15 7 4335
5 15 8 5602
5 15 9 5148
5 15 10 8143
5 15 11 6174
5 15 12 3787
5 15 13 6121
5 15 14 5227
5 15 15 0
5 15 16 8499
5 16 0 4465
5 16 1 2508
5 16 2 6732
5 16 3 6107
5 16 4 5557
5 16 5 0
5 16 6 8567
5 16 7 5326
5 16 8 7716
5 16 9 8487
5 16 10 6756
5 16 11 5056
5 16 12 7536
5 16 13 5361
5 16 14 6634
5 16 15 4291
5 16 16 0
6 0 0 0
6 0 1 4210
6 0 2 2496
6 0 3 3834
6 0 4 5281
6 0 5 5857
6 0 6 0
6 0 7 3939
6 0 8 3534
6 0 9 3065
6 0 10 4243
6 0 11 4577
6 0 12 1903
6 0 13 1745
6 0 14 3994
6 0 15 4207
6 0 16 3403
6 1 0 5058
6 1 1 0
6 1 2 7946
6 1 3 5238
6 1 4 5994
6 1 5 8276
6 1 6 0
6 1 7 8940
6 1 8 4390
6 1 9 4967
6 1 10 8897
6 1 11 6912
6 1 12 4704
6 1 13 4958
6 1 14 8484
6 1 15 8563
6 1 16 4473
6 2 0 2674
6 2 1 5166
6 2 2 0
6 2 3 4446
6 2 4 5778
6 2 5 4905
6 2 6 0
6 2 7 3919
6 2 8 2038
6 2 9 6359
6 2 10 3507
6 2 11 5243
6 2 12 2359
6 2 13 4184
6 2 14 2186
6 2 15 1703
6 2 16 6184
6 3 0 3633
6 3 1 4468
6 3 2 3216
6 3 3 0
6 3 4 3996
6 3 5 3622
6 3 6 0
6 3 7 7046
6 3 8 4553
6 3 9 6027
6 3 10 7252
6 3 11 3977
6 3 12 5571
6 3 13 6122
6 3 14 4404
6 3 15 4097
6 3 16 7209
6 4 0 2120
6 4 1 3382
6 4 2 3813
6 4 3 5009
6 4 4 0
6 4 5 1721
6 4 6 0
6 4 7 7218
6 4 8 3695
6 4 9 6701
6 4 10 3667
6 4 11 6790
6 4 12 8414
6 4 13 6057
6 4 14 4629
6 4 15 7959
6 4 16 7147
6 5 0 8624
6 5 1 8037
6 5 2 8643
6 5 3 5927
6 5 4 9296
6 5 5 0
6 5 6 0
6 5 7 6613
6 5 8 6343
6 5 9 7692
6 5 10 5479
6 5 11 5377
6 5 12 4803
6 5 13 5804
6 5 14 6966
6 5 15 7627
6 5 16 8194
6 6 0 0
6 6 1 0
6 6 2 0
6 6 3 0
6 6 4 0
6 6 5 0
6 6 6 0
6 6 7 0
6 6 8 0
6 6 9 0
6 6 10 0
6 6 11 0
6 6 12 0
6 6 13 0
6 6 14 0
6 6 15 0
6 6 16 0
6 7 0 5406
6 7 1 7380
6 7 2 4872
6 7 3 6349
6 7 4 6033
6 7 5 5013
6 7 6 0
6 7 7 0
6 7 8 7657
6 7 9 4458
6 7 10 7717
6 7 11 6297
6 7 12 5496
6 7 13 7555
6 7 14 3626
6 7 15 5681
6 7 16 7009
6 8 0 3196
6 8 1 1025
6 8 2 1186
6 8 3 2051
6 8 4 705
6 8 5 2938
6 8 6 0
6 8 7 1584
6 8 8 0
6 8 9 1627
6 8 10 3314
6 8 11 4528
6 8 12 4780
6 8 13 877
6 8 14 5296
6 8 15 865
6 8 16 1966
6 9 0 3422
6 9 1 2297
6 9 2 6202
6 9 3 4220
6 9 4 4406
6 9 5 4982
6 9 6 0
6 9 7 4202
6 9 8 8259
6 9 9 0
6 9 10 5298
6 9 11 8799
6 9 12 8788
6 9 13 8699
6 9 14 5223
6 9 15 4904
6 9 16 5631
6 10 0 6822
6 10 1 8449
6 10 2 5572
6 10 3 7667
6 10 4 3594
6 10 5 4991
6 10 6 0
6 10 7 6242
6 10 8 7990
6 10 9 4918
6 10 10 0
6 10 11 5806
6 10 12 8172
6 10 13 5301
6 10 14 3937
6 10 15 4228
6 10 16 4562
6 11 0 6940
6 11 1 6248
6 11 2 7092
6 11 3 4176
6 11 4 6501
6 11 5 4673
6 11 6 0
6 11 7 9745
6 11 8 9337
6 11 9 6515
6 11 10 8060
6 11 11 0
6 11 12 8163
6 11 13 6396
6 11 14 9011
6 11 15 8472
6 11 16 6876
6 12 0 2452
6 12 1 2226
6 12 2 2394
6 12 3 3956
6 12 4 6311
6 12 5 2285
6 12 6 0
6 12 7 4003
6 12 8 2382
6 12 9 2284
6 12 10 3227
6 12 11 4708
6 12 12 0
6 12 13 5317
6 12 14 4104
6 12 15 2990
6 12 16 4960
6 13 0 3482
6 13 1 3668
6 13 2 5407
6 13 3 5695
6 13 4 5142
6 13 5 4474
6 13 6 0
6 13 7 5947
6 13 8 5645
6 13 9 6072
6 13 10 8013
6 13 11 8044
6 13 12 7871
6 13 13 0
6 13 14 9063
6 13 15 7735
6 13 16 4627
6 14 0 7457
6 14 1 8920
6 14 2 5135
6 14 3 5703
6 14 4 5440
6 14 5 7362
6 14 6 0
6 14 7 7829
6 14 8 3819
6 14 9 3795
6 14 10 7890
6 14 11 3731
6 14 12 3907
6 14 13 4942
6 14 14 0
6 14 15 5626
6 14 16 5225
6 15 0 6659
6 15 1 7988
6 15 2 3641
6 15 3 4385
6 15 4 7759
6 15 5 7012
6 15 6 0
6 15 7 3192
6 15 8 4459
6 15 9 4005
6 15 10 7000
6 15 11 5031
6 15 12 2644
6 15 13 4978
6 15 14 4084
6 15 15 0
6 15 16 7356
6 16 0 6843
6 16 1 4886
6 16 2 9110
6 16 3 8485
6 16 4 7935
6 16 5 8567
6 16 6 0
6 16 7 3090
6 16 8 5480
6 16 9 6251
6 16 10 4520
6 16 11 2820
6 16 12 5300
6 16 13 3125
6 16 14 4398
6 16 15 2055
6 16 16 0
7 0 0 0
7 0 1 5885
7 0 2 4171
7 0 3 5509
7 0 4 6956
7 0 5 7532
7 0 6 3939
7 0 7 0
7 0 8 5337
7 0 9 4868
7 0 10 6046
7 0 11 6380
7 0 12 3706
7 0 13 3548
7 0 14 5797
7 0 15 6010
7 0 16 5206
7 1 0 6036
7 1 1 0
7 1 2 8924
7 1 3 6216
7 1 4 6972
7 1 5 9254
7 1 6 8940
7 1 7 0
7 1 8 944
7 1 9 1521
7 1 10 5451
7 1 11 3466
7 1 12 1258
7 1 13 1512
7 1 14 5038
7 1 15 5117
7 1 16 1027
7 2 0 3651
7 2 1 6143
7 2 2 0
7 2 3 5423
7 2 4 6755
7 2 5 5882
7 2 6 3919
7 2 7 0
7 2 8 5091
7 2 9 9412
7 2 10 6560
7 2 11 8296
7 2 12 5412
7 2 13 7237
7 2 14 5239
7 2 15 4756
7 2 16 9237
7 3 0 6328
7 3 1 7163
7 3 2 5911
7 3 3 0
7 3 4 6691
7 3 5 6317
7 3 6 7046
7 3 7 0
7 3 8 2849
7 3 9 4323
7 3 10 5548
7 3 11 2273
7 3 12 3867
7 3 13 4418
7 3 14 2700
7 3 15 2393
7 3 16 5505
7 4 0 4997
7 4 1 6259
7 4 2 6690
7 4 3 7886
7 4 4 0
7 4 5 4598
7 4 6 7218
7 4 7 0
7 4 8 2236
7 4 9 5242
7 4 10 2208
7 4 11 5331
7 4 12 6955
7 4 13 4598
7 4 14 3170
7 4 15 6500
7 4 16 5688
7 5 0 6299
7 5 1 5712
7 5 2 6318
7 5 3 3602
7 5 4 6971
7 5 5 0
7 5 6 6613
7 5 7 0
7 5 8 6740
7 5 9 8089
7 5 10 5876
7 5 11 5774
7 5 12 5200
7 5 13 6201
7 5 14 7363
7 5 15 8024
7 5 16 8591
7 6 0 4872
7 6 1 7543
7 6 2 5036
7 6 3 4795
7 6 4 4297
7 6 5 8479
7 6 6 0
7 6 7 0
7 6 8 3191
7 6 9 6599
7 6 10 5784
7 6 11 7315
7 6 12 3971
7 6 13 7084
7 6 14 6067
7 6 15 4884
7 6 16 4358
7 7 0 0
7 7 1 0
7 7 2 0
7 7 3 0
7 7 4 0
7 7 5 0
7 7 6 0
7 7 7 0
7 7 8 0
7 7 9 0
7 7 10 0
7 7 11 0
7 7 12 0
7 7 13 0
7 7 14 0
7 7 15 0
7 7 16 0
7 8 0 3394
7 8 1 1223
7 8 2 1384
7 8 3 2249
7 8 4 903
7 8 5 3136
7 8 6 1584
7 8 7 0
7 8 8 0
7 8 9 4952
7 8 10 6639
7 8 11 7853
7 8 12 8105
7 8 13 4202
7 8 14 8621
7 8 15 4190
7 8 16 5291
7 9 0 2135
7 9 1 1010
7 9 2 4915
7 9 3 2933
7 9 4 3119
7 9 5 3695
7 9 6 4202
7 9 7 0
7 9 8 4977
7 9 9 0
7 9 10 2016
7 9 11 5517
7 9 12 5506
7 9 13 5417
7 9 14 1941
7 9 15 1622
7 9 16 2349
7 10 0 6168
7 10 1 7795
7 10 2 4918
7 10 3 7013
7 10 4 2940
7 10 5 4337
7 10 6 6242
7 10 7 0
7 10 8 8782
7 10 9 5710
7 10 10 0
7 10 11 6598
7 10 12 8964
7 10 13 6093
7 10 14 4729
7 10 15 5020
7 10 16 5354
7 11 0 8474
7 11 1 7782
7 11 2 8626
7 11 3 5710
7 11 4 8035
7 11 5 6207
7 11 6 9745
7 11 7 0
7 11 8 7178
7 11 9 4356
7 11 10 5901
7 11 11 0
7 11 12 6004
7 11 13 4237
7 11 14 6852
7 11 15 6313
7 11 16 4717
7 12 0 3402
7 12 1 3176
7 12 2 3344
7 12 3 4906
7 12 4 7261
7 12 5 3235
7 12 6 4003
7 12 7 0
7 12 8 2766
7 12 9 2668
7 12 10 3611
7 12 11 5092
7 12 12 0
7 12 13 5701
7 12 14 4488
7 12 15 3374
7 12 16 5344
7 13 0 2075
7 13 1 2261
7 13 2 4000
7 13 3 4288
7 13 4 3735
7 13 5 3067
7 13 6 5947
7 13 7 0
7 13 8 4975
7 13 9 5402
7 13 10 7343
7 13 11 7374
7 13 12 7201
7 13 13 0
7 13 14 8393
7 13 15 7065
7 13 16 3957
7 14 0 7223
7 14 1 8686
7 14 2 4901
7 14 3 5469
7 14 4 5206
7 14 5 7128
7 14 6 7829
7 14 7 0
7 14 8 237
7 14 9 213
7 14 10 4308
7 14 11 149
7 14 12 325
7 14 13 1360
7 14 14 0
7 14 15 2044
7 14 16 1643
7 15 0 3982
7 15 1 5311
7 15 2 964
7 15 3 1708
7 15 4 5082
7 15 5 4335
7 15 6 3192
7 15 7 0
7 15 8 4115
7 15 9 3661
7 15 10 6656
7 15 11 4687
7 15 12 2300
7 15 13 4634
7 15 14 3740
7 15 15 0
7 15 16 7012
7 16 0 3602
7 16 1 1645
7 16 2 5869
7 16 3 5244
7 16 4 4694
7 16 5 5326
7 16 6 3090
7 16 7 0
7 16 8 6990
7 16 9 7761
7 16 10 6030
7 16 11 4330
7 16 12 6810
7 16 13 4635
7 16 14 5908
7 16 15 3565
7 16 16 0
8 0 0 0
8 0 1 5480
8 0 2 3766
8 0 3 5104
8 0 4 6551
8 0 5 7127
8 0 6 3534
8 0 7 5337
8 0 8 0
8 0 9 3022
8 0 10 4200
8 0 11 4534
8 0 12 1860
8 0 13 1702
8 0 14 3951
8 0 15 4164
8 0 16 3360
8 1 0 1486
8 1 1 0
8 1 2 4374
8 1 3 1666
8 1 4 2422
8 1 5 4704
8 1 6 4390
8 1 7 944
8 1 8 0
8 1 9 4751
8 1 10 8681
8 1 11 6696
8 1 12 4488
8 1 13 4742
8 1 14 8268
8 1 15 8347
8 1 16 4257
8 2 0 1770
8 2 1 4262
8 2 2 0
8 2 3 3542
8 2 4 4874
8 2 5 4001
8 2 6 2038
8 2 7 5091
8 2 8 0
8 2 9 7407
8 2 10 4555
8 2 11 6291
8 2 12 3407
8 2 13 5232
8 2 14 3234
8 2 15 2751
8 2 16 7232
8 3 0 3835
8 3 1 4670
8 3 2 3418
8 3 3 0
8 3 4 4198
8 3 5 3824
8 3 6 4553
8 3 7 2849
8 3 8 0
8 3 9 2872
8 3 10 4097
8 3 11 822
8 3 12 2416
8 3 13 2967
8 3 14 1249
8 3 15 942
8 3 16 4054
8 4 0 1474
8 4 1 2736
8 4 2 3167
8 4 3 4363
8 4 4 0
8 4 5 1075
8 4 6 3695
8 4 7 2236
8 4 8 0
8 4 9 6712
8 4 10 3678
8 4 11 6801
8 4 12 8425
8 4 13 6068
8 4 14 4640
8 4 15 7970
8 4 16 7158
8 5 0 6029
8 5 1 5442
8 5 2 6048
8 5 3 3332
8 5 4 6701
8 5 5 0
8 5 6 6343
8 5 7 6740
8 5 8 0
8 5 9 8455
8 5 10 6242
8 5 11 6140
8 5 12 5566
8 5 13 6567
8 5 14 7729
8 5 15 8390
8 5 16 8957
8 6 0 1970
8 6 1 4641
8 6 2 2134
8 6 3 1893
8 6 4 1395
8 6 5 5577
8 6 6 0
8 6 7 3191
8 6 8 0
8 6 9 4794
8 6 10 3979
8 6 11 5510
8 6 12 2166
8 6 13 5279
8 6 14 4262
8 6 15 3079
8 6 16 2553
8 7 0 6970
8 7 1 8944
8 7 2 6436
8 7 3 7913
8 7 4 7597
8 7 5 6577
8 7 6 7657
8 7 7 0
8 7 8 0
8 7 9 1710
8 7 10 4969
8 7 11 3549
8 7 12 2748
8 7 13 4807
8 7 14 878
8 7 15 2933
8 7 16 4261
8 8 0 0
8 8 1 0
8 8 2 0
8 8 3 0
8 8 4 0
8 8 5 0
8 8 6 0
8 8 7 0
8 8 8 0
8 8 9 0
8 8 10 0
8 8 11 0
8 8 12 0
8 8 13 0
8 8 14 0
8 8 15 0
8 8 16 0
8 9 0 6192
8 9 1 5067
8 9 2 8972
8 9 3 6990
8 9 4 7176
8 9 5 7752
8 9 6 8259
8 9 7 4977
8 9 8 0
8 9 9 0
8 9 10 2087
8 9 11 5588
8 9 12 5577
8 9 13 5488
8 9 14 2012
8 9 15 1693
8 9 16 2420
8 10 0 7916
8 10 1 9543
8 10 2 6666
8 10 3 8761
8 10 4 4688
8 10 5 6085
8 10 6 7990
8 10 7 8782
8 10 8 0
8 10 9 4209
8 10 10 0
8 10 11 5097
8 10 12 7463
8 10 13 4592
8 10 14 3228
8 10 15 3519
8 10 16 3853
8 11 0 8066
8 11 1 7374
8 11 2 8218
8 11 3 5302
8 11 4 7627
8 11 5 5799
8 11 6 9337
8 11 7 7178
8 11 8 0
8 11 9 5489
8 11 10 7034
8 11 11 0
8 11 12 7137
8 11 13 5370
8 11 14 7985
8 11 15 7446
8 11 16 5850
8 12 0 1781
8 12 1 1555
8 12 2 1723
8 12 3 3285
8 12 4 5640
8 12 5 1614
8 12 6 2382
8 12 7 2766
8 12 8 0
8 12 9 4854
8 12 10 5797
8 12 11 7278
8 12 12 0
8 12 13 7887
8 12 14 6674
8 12 15 5560
8 12 16 7530
8 13 0 1773
8 13 1 1959
8 13 2 3698
8 13 3 3986
8 13 4 3433
8 13 5 2765
8 13 6 5645
8 13 7 4975
8 13 8 0
8 13 9 1626
8 13 10 3567
8 13 11 3598
8 13 12 3425
8 13 13 0
8 13 14 4617
8 13 15 3289
8 13 16 181
8 14 0 3213
8 14 1 4676
8 14 2 891
8 14 3 1459
8 14 4 1196
8 14 5 3118
8 14 6 3819
8 14 7 237
8 14 8 0
8 14 9 4785
8 14 10 8880
8 14 11 4721
8 14 12 4897
8 14 13 5932
8 14 14 0
8 14 15 6616
8 14 16 6215
8 15 0 5249
8 15 1 6578
8 15 2 2231
8 15 3 2975
8 15 4 6349
8 15 5 5602
8 15 6 4459
8 15 7 4115
8 15 8 0
8 15 9 1747
8 15 10 4742
8 15 11 2773
8 15 12 386
8 15 13 2720
8 15 14 1826
8 15 15 0
8 15 16 5098
8 16 0 5992
8 16 1 4035
8 16 2 8259
8 16 3 7634
8 16 4 7084
8 16 5 7716
8 16 6 5480
8 16 7 6990
8 16 8 0
8 16 9 5620
8 16 10 3889
8 16 11 2189
8 16 12 4669
8 16 13 2494
8 16 14 3767
8 16 15 1424
8 16 16 0
9 0 0 0
9 0 1 5011
9 0 2 3297
9 0 3 4635
9 0 4 6082
9 0 5 6658
9 0 6 3065
9 0 7 4868
9 0 8 3022
9 0 9 0
9 0 10 4615
9 0 11 4949
9 0 12 2275
9 0 13 2117
9 0 14 4366
9 0 15 4579
9 0 16 3775
9 1 0 2063
9 1 1 0
9 1 2 4951
9 1 3 2243
9 1 4 2999
9 1 5 5281
9 1 6 4967
9 1 7 1521
9 1 8 4751
9 1 9 0
9 1 10 6383
9 1 11 4398
9 1 12 2190
9 1 13 2444
9 1 14 5970
9 1 15 6049
9 1 16 1959
9 2 0 6091
9 2 1 8583
9 2 2 0
9 2 3 7863
9 2 4 9195
9 2 5 8322
9 2 6 6359
9 2 7 9412
9 2 8 7407
9 2 9 0
9 2 10 5297
9 2 11 7033
9 2 12 4149
9 2 13 5974
9 2 14 3976
9 2 15 3493
9 2 16 7974
9 3 0 5309
9 3 1 6144
9 3 2 4892
9 3 3 0
9 3 4 5672
9 3 5 5298
9 3 6 6027
9 3 7 4323
9 3 8 2872
9 3 9 0
9 3 10 7199
9 3 11 3924
9 3 12 5518
9 3 13 6069
9 3 14 4351
9 3 15 4044
9 3 16 7156
9 4 0 4480
9 4 1 5742
9 4 2 6173
9 4 3 7369
9 4 4 0
9 4 5 4081
9 4 6 6701
9 4 7 5242
9 4 8 6712
9 4 9 0
9 4 10 3502
9 4 11 6625
9 4 12 8249
9 4 13 5892
9 4 14 4464
9 4 15 7794
9 4 16 6982
9 5 0 7378
9 5 1 6791
9 5 2 7397
9 5 3 4681
9 5 4 8050
9 5 5 0
9 5 6 7692
9 5 7 8089
9 5 8 8455
9 5 9 0
9 5 10 1596
9 5 11 1494
9 5 12 920
9 5 13 1921
9 5 14 3083
9 5 15 3744
9 5 16 4311
9 6 0 5378
9 6 1 8049
9 6 2 5542
9 6 3 5301
9 6 4 4803
9 6 5 8985
9 6 6 0
9 6 7 6599
9 6 8 4794
9 6 9 0
9 6 10 4674
9 6 11 6205
9 6 12 2861
9 6 13 5974
9 6 14 4957
9 6 15 3774
9 6 16 3248
9 7 0 3771
9 7 1 5745
9 7 2 3237
9 7 3 4714
9 7 4 4398
9 7 5 3378
9 7 6 4458
9 7 7 0
9 7 8 1710
9 7 9 0
9 7 10 4179
9 7 11 2759
9 7 12 1958
9 7 13 4017
9 7 14 88
9 7 15 2143
9 7 16 3471
9 8 0 3437
9 8 1 1266
9 8 2 1427
9 8 3 2292
9 8 4 946
9 8 5 3179
9 8 6 1627
9 8 7 4952
9 8 8 0
9 8 9 0
9 8 10 6735
9 8 11 7949
9 8 12 8201
9 8 13 4298
9 8 14 8717
9 8 15 4286
9 8 16 5387
9 9 0 0
9 9 1 0
9 9 2 0
9 9 3 0
9 9 4 0
9 9 5 0
9 9 6 0
9 9 7 0
9 9 8 0
9 9 9 0
9 9 10 0
9 9 11 0
9 9 12 0
9 9 13 0
9 9 14 0
9 9 15 0
9 9 16 0
9 10 0 4844
9 10 1 6471
9 10 2 3594
9 10 3 5689
9 10 4 1616
9 10 5 3013
9 10 6 4918
9 10 7 5710
9 10 8 4209
9 10 9 0
9 10 10 0
9 10 11 3673
9 10 12 6039
9 10 13 3168
9 10 14 1804
9 10 15 2095
9 10 16 2429
9 11 0 5244
9 11 1 4552
9 11 2 5396
9 11 3 2480
9 11 4 4805
9 11 5 2977
9 11 6 6515
9 11 7 4356
9 11 8 5489
9 11 9 0
9 11 10 7897
9 11 11 0
9 11 12 8000
9 11 13 6233
9 11 14 8848
9 11 15 8309
9 11 16 6713
9 12 0 1683
9 12 1 1457
9 12 2 1625
9 12 3 3187
9 12 4 5542
9 12 5 1516
9 12 6 2284
9 12 7 2668
9 12 8 4854
9 12 9 0
9 12 10 6397
9 12 11 7878
9 12 12 0
9 12 13 8487
9 12 14 7274
9 12 15 6160
9 12 16 8130
9 13 0 2200
9 13 1 2386
9 13 2 4125
9 13 3 4413
9 13 4 3860
9 13 5 3192
9 13 6 6072
9 13 7 5402
9 13 8 1626
9 13 9 0
9 13 10 7981
9 13 11 8012
9 13 12 7839
9 13 13 0
9 13 14 9031
9 13 15 7703
9 13 16 4595
9 14 0 3189
9 14 1 4652
9 14 2 867
9 14 3 1435
9 14 4 1172
9 14 5 3094
9 14 6 3795
9 14 7 213
9 14 8 4785
9 14 9 0
9 14 10 5399
9 14 11 1240
9 14 12 1416
9 14 13 2451
9 14 14 0
9 14 15 3135
9 14 16 2734
9 15 0 4795
9 15 1 6124
9 15 2 1777
9 15 3 2521
9 15 4 5895
9 15 5 5148
9 15 6 4005
9 15 7 3661
9 15 8 1747
9 15 9 0
9 15 10 5373
9 15 11 3404
9 15 12 1017
9 15 13 3351
9 15 14 2457
9 15 15 0
9 15 16 5729
9 16 0 6763
9 16 1 4806
9 16 2 9030
9 16 3 8405
9 16 4 7855
9 16 5 8487
9 16 6 6251
9 16 7 7761
9 16 8 5620
9 16 9 0
9 16 10 4146
9 16 11 2446
9 16 12 4926
9 16 13 2751
9 16 14 4024
9 16 15 1681
9 16 16 0
10 0 0 0
10 0 1 6189
10 0 2 4475
10 0 3 5813
10 0 4 7260
10 0 5 7836
10 0 6 4243
10 0 7 6046
10 0 8 4200
10 0 9 4615
10 0 10 0
10 0 11 6753
10 0 12 4079
10 0 13 3921
10 0 14 6170
10 0 15 6383
10 0 16 5579
10 1 0 5993
10 1 1 0
10 1 2 8881
10 1 3 6173
10 1 4 6929
10 1 5 9211
10 1 6 8897
10 1 7 5451
10 1 8 8681
10 1 9 6383
10 1 10 0
10 1 11 4213
10 1 12 2005
10 1 13 2259
10 1 14 5785
10 1 15 5864
10 1 16 1774
10 2 0 3239
10 2 1 5731
10 2 2 0
10 2 3 5011
10 2 4 6343
10 2 5 5470
10 2 6 3507
10 2 7 6560
10 2 8 4555
10 2 9 5297
10 2 10 0
10 2 11 4262
10 2 12 1378
10 2 13 3203
10 2 14 1205
10 2 15 722
10 2 16 5203
10 3 0 6534
10 3 1 7369
10 3 2 6117
10 3 3 0
10 3 4 6897
10 3 5 6523
10 3 6 7252
10 3 7 5548
10 3 8 4097
10 3 9 7199
10 3 10 0
10 3 11 5287
10 3 12 6881
10 3 13 7432
10 3 14 5714
10 3 15 5407
10 3 16 8519
10 4 0 1446
10 4 1 2708
10 4 2 3139
10 4 3 4335
10 4 4 0
10 4 5 1047
10 4 6 3667
10 4 7 2208
10 4 8 3678
10 4 9 3502
10 4 10 0
10 4 11 4578
10 4 12 6202
10 4 13 3845
10 4 14 2417
10 4 15 5747
10 4 16 4935
10 5 0 5165
10 5 1 4578
10 5 2 5184
10 5 3 2468
10 5 4 5837
10 5 5 0
10 5 6 5479
10 5 7 5876
10 5 8 6242
10 5 9 1596
10 5 10 0
10 5 11 5858
10 5 12 5284
10 5 13 6285
10 5 14 7447
10 5 15 8108
10 5 16 8675
10 6 0 4563
10 6 1 7234
10 6 2 4727
10 6 3 4486
10 6 4 3988
10 6 5 8170
10 6 6 0
10 6 7 5784
10 6 8 3979
10 6 9 4674
10 6 10 0
10 6 11 8427
10 6 12 5083
10 6 13 8196
10 6 14 7179
10 6 15 5996
10 6 16 5470
10 7 0 7030
10 7 1 9004
10 7 2 6496
10 7 3 7973
10 7 4 7657
10 7 5 6637
10 7 6 7717
10 7 7 0
10 7 8 4969
10 7 9 4179
10 7 10 0
10 7 11 5614
10 7 12 4813
10 7 13 6872
10 7 14 2943
10 7 15 4998
10 7 16 6326
10 8 0 5124
10 8 1 2953
10 8 2 3114
10 8 3 3979
10 8 4 2633
10 8 5 4866
10 8 6 3314
10 8 7 6639
10 8 8 0
10 8 9 6735
10 8 10 0
10 8 11 8495
10 8 12 8747
10 8 13 4844
10 8 14 9263
10 8 15 4832
10 8 16 5933
10 9 0 3231
10 9 1 2106
10 9 2 6011
10 9 3 4029
10 9 4 4215
10 9 5 4791
10 9 6 5298
10 9 7 2016
10 9 8 2087
10 9 9 0
10 9 10 0
10 9 11 6286
10 9 12 6275
10 9 13 6186
10 9 14 2710
10 9 15 2391
10 9 16 3118
10 10 0 0
10 10 1 0
10 10 2 0
10 10 3 0
10 10 4 0
10 10 5 0
10 10 6 0
10 10 7 0
10 10 8 0
10 10 9 0
10 10 10 0
10 10 11 0
10 10 12 0
10 10 13 0
10 10 14 0
10 10 15 0
10 10 16 0
10 11 0 6789
10 11 1 6097
10 11 2 6941
10 11 3 4025
10 11 4 6350
10 11 5 4522
10 11 6 8060
10 11 7 5901
10 11 8 7034
10 11 9 7897
10 11 10 0
10 11 11 0
10 11 12 5822
10 11 13 4055
10 11 14 6670
10 11 15 6131
10 11 16 4535
10 12 0 2626
10 12 1 2400
10 12 2 2568
10 12 3 4130
10 12 4 6485
10 12 5 2459
10 12 6 3227
10 12 7 3611
10 12 8 5797
10 12 9 6397
10 12 10 0
10 12 11 8077
10 12 12 0
10 12 13 8686
10 12 14 7473
10 12 15 6359
10 12 16 8329
10 13 0 4141
10 13 1 4327
10 13 2 6066
10 13 3 6354
10 13 4 5801
10 13 5 5133
10 13 6 8013
10 13 7 7343
10 13 8 3567
10 13 9 7981
10 13 10 0
10 13 11 5429
10 13 12 5256
10 13 13 0
10 13 14 6448
10 13 15 5120
10 13 16 2012
10 14 0 7284
10 14 1 8747
10 14 2 4962
10 14 3 5530
10 14 4 5267
10 14 5 7189
10 14 6 7890
10 14 7 4308
10 14 8 8880
10 14 9 5399
10 14 10 0
10 14 11 769
10 14 12 945
10 14 13 1980
10 14 14 0
10 14 15 2664
10 14 16 2263
10 15 0 7790
10 15 1 9119
10 15 2 4772
10 15 3 5516
10 15 4 8890
10 15 5 8143
10 15 6 7000
10 15 7 6656
10 15 8 4742
10 15 9 5373
10 15 10 0
10 15 11 3543
10 15 12 1156
10 15 13 3490
10 15 14 2596
10 15 15 0
10 15 16 5868
10 16 0 5032
10 16 1 3075
10 16 2 7299
10 16 3 6674
10 16 4 6124
10 16 5 6756
10 16 6 4520
10 16 7 6030
10 16 8 3889
10 16 9 4146
10 16 10 0
10 16 11 2192
10 16 12 4672
10 16 13 2497
10 16 14 3770
10 16 15 1427
10 16 16 0
11 0 0 0
11 0 1 6523
11 0 2 4809
11 0 3 6147
11 0 4 7594
11 0 5 8170
11 0 6 4577
11 0 7 6380
11 0 8 4534
11 0 9 4949
11 0 10 6753
11 0 11 0
11 0 12 4318
11 0 13 4160
11 0 14 6409
11 0 15 6622
11 0 16 5818
11 1 0 4008
11 1 1 0
11 1 2 6896
11 1 3 4188
11 1 4 4944
11 1 5 7226
11 1 6 6912
11 1 7 3466
11 1 8 6696
11 1 9 4398
11 1 10 4213
11 1 11 0
11 1 12 4802
11 1 13 5056
11 1 14 8582
11 1 15 8661
11 1 16 4571
11 2 0 4975
11 2 1 7467
11 2 2 0
11 2 3 6747
11 2 4 8079
11 2 5 7206
11 2 6 5243
11 2 7 8296
11 2 8 6291
11 2 9 7033
11 2 10 4262
11 2 11 0
11 2 12 1654
11 2 13 3479
11 2 14 1481
11 2 15 998
11 2 16 5479
11 3 0 3259
11 3 1 4094
11 3 2 2842
11 3 3 0
11 3 4 3622
11 3 5 3248
11 3 6 3977
11 3 7 2273
11 3 8 822
11 3 9 3924
11 3 10 5287
11 3 11 0
11 3 12 5015
11 3 13 5566
11 3 14 3848
11 3 15 3541
11 3 16 6653
11 4 0 4569
11 4 1 5831
11 4 2 6262
11 4 3 7458
11 4 4 0
11 4 5 4170
11 4 6 6790
11 4 7 5331
11 4 8 6801
11 4 9 6625
11 4 10 4578
11 4 11 0
11 4 12 5621
11 4 13 3264
11 4 14 1836
11 4 15 5166
11 4 16 4354
11 5 0 5063
11 5 1 4476
11 5 2 5082
11 5 3 2366
11 5 4 5735
11 5 5 0
11 5 6 5377
11 5 7 5774
11 5 8 6140
11 5 9 1494
11 5 10 5858
11 5 11 0
11 5 12 2087
11 5 13 3088
11 5 14 4250
11 5 15 4911
11 5 16 5478
11 6 0 6094
11 6 1 8765
11 6 2 6258
11 6 3 6017
11 6 4 5519
11 6 5 9701
11 6 6 0
11 6 7 7315
11 6 8 5510
11 6 9 6205
11 6 10 8427
11 6 11 0
11 6 12 4867
11 6 13 7980
11 6 14 6963
11 6 15 5780
11 6 16 5254
11 7 0 5610
11 7 1 7584
11 7 2 5076
11 7 3 6553
11 7 4 6237
11 7 5 5217
11 7 6 6297
11 7 7 0
11 7 8 3549
11 7 9 2759
11 7 10 5614
11 7 11 0
11 7 12 6785
11 7 13 8844
11 7 14 4915
11 7 15 6970
11 7 16 8298
11 8 0 6338
11 8 1 4167
11 8 2 4328
11 8 3 5193
11 8 4 3847
11 8 5 6080
11 8 6 4528
11 8 7 7853
11 8 8 0
11 8 9 7949
11 8 10 8495
11 8 11 0
11 8 12 8563
11 8 13 4660
11 8 14 9079
11 8 15 4648
11 8 16 5749
11 9 0 6732
11 9 1 5607
11 9 2 9512
11 9 3 7530
11 9 4 7716
11 9 5 8292
11 9 6 8799
11 9 7 5517
11 9 8 5588
11 9 9 0
11 9 10 6286
11 9 11 0
11 9 12 6341
11 9 13 6252
11 9 14 2776
11 9 15 2457
11 9 16 3184
11 10 0 5732
11 10 1 7359
11 10 2 4482
11 10 3 6577
11 10 4 2504
11 10 5 3901
11 10 6 5806
11 10 7 6598
11 10 8 5097
11 10 9 3673
11 10 10 0
11 10 11 0
11 10 12 8085
11 10 13 5214
11 10 14 3850
11 10 15 4141
11 10 16 4475
11 11 0 0
11 11 1 0
11 11 2 0
11 11 3 0
11 11 4 0
11 11 5 0
11 11 6 0
11 11 7 0
11 11 8 0
11 11 9 0
11 11 10 0
11 11 11 0
11 11 12 0
11 11 13 0
11 11 14 0
11 11 15 0
11 11 16 0
11 12 0 4107
11 12 1 3881
11 12 2 4049
11 12 3 5611
11 12 4 7966
11 12 5 3940
11 12 6 4708
11 12 7 5092
11 12 8 7278
11 12 9 7878
11 12 10 8077
11 12 11 0
11 12 12 0
11 12 13 7146
11 12 14 5933
11 12 15 4819
11 12 16 6789
11 13 0 4172
11 13 1 4358
11 13 2 6097
11 13 3 6385
11 13 4 5832
11 13 5 5164
11 13 6 8044
11 13 7 7374
11 13 8 3598
11 13 9 8012
11 13 10 5429
11 13 11 0
11 13 12 4820
11 13 13 0
11 13 14 6012
11 13 15 4684
11 13 16 1576
11 14 0 3125
11 14 1 4588
11 14 2 803
11 14 3 1371
11 14 4 1108
11 14 5 3030
11 14 6 3731
11 14 7 149
11 14 8 4721
11 14 9 1240
11 14 10 769
11 14 11 0
11 14 12 4488
11 14 13 5523
11 14 14 0
11 14 15 6207
11 14 16 5806
11 15 0 5821
11 15 1 7150
11 15 2 2803
11 15 3 3547
11 15 4 6921
11 15 5 6174
11 15 6 5031
11 15 7 4687
11 15 8 2773
11 15 9 3404
11 15 10 3543
11 15 11 0
11 15 12 3869
11 15 13 6203
11 15 14 5309
11 15 15 0
11 15 16 8581
11 16 0 3332
11 16 1 1375
11 16 2 5599
11 16 3 4974
11 16 4 4424
11 16 5 5056
11 16 6 2820
11 16 7 4330
11 16 8 2189
11 16 9 2446
11 16 10 2192
11 16 11 0
11 16 12 5455
11 16 13 3280
11 16 14 4553
11 16 15 2210
11 16 16 0
12 0 0 0
12 0 1 3849
12 0 2 2135
12 0 3 3473
12 0 4 4920
12 0 5 5496
12 0 6 1903
12 0 7 3706
12 0 8 1860
12 0 9 2275
12 0 10 4079
12 0 11 4318
12 0 12 0
12 0 13 4453
12 0 14 6702
12 0 15 6915
12 0 16 6111
12 1 0 1800
12 1 1 0
12 1 2 4688
12 1 3 1980
12 1 4 2736
12 1 5 5018
12 1 6 4704
12 1 7 1258
12 1 8 4488
12 1 9 2190
12 1 10 2005
12 1 11 4802
12 1 12 0
12 1 13 5687
12 1 14 9213
12 1 15 9292
12 1 16 5202
12 2 0 2091
12 2 1 4583
12 2 2 0
12 2 3 3863
12 2 4 5195
12 2 5 4322
12 2 6 2359
12 2 7 5412
12 2 8 3407
12 2 9 4149
12 2 10 1378
12 2 11 1654
12 2 12 0
12 2 13 5229
12 2 14 3231
12 2 15 2748
12 2 16 7229
12 3 0 4853
12 3 1 5688
12 3 2 4436
12 3 3 0
12 3 4 5216
12 3 5 4842
12 3 6 5571
12 3 7 3867
12 3 8 2416
12 3 9 5518
12 3 10 6881
12 3 11 5015
12 3 12 0
12 3 13 3870
12 3 14 2152
12 3 15 1845
12 3 16 4957
12 4 0 6193
12 4 1 7455
12 4 2 7886
12 4 3 9082
12 4 4 0
12 4 5 5794
12 4 6 8414
12 4 7 6955
12 4 8 8425
12 4 9 8249
12 4 10 6202
12 4 11 5621
12 4 12 0
12 4 13 4733
12 4 14 3305
12 4 15 6635
12 4 16 5823
12 5 0 4489
12 5 1 3902
12 5 2 4508
12 5 3 1792
12 5 4 5161
12 5 5 0
12 5 6 4803
12 5 7 5200
12 5 8 5566
12 5 9 920
12 5 10 5284
12 5 11 2087
12 5 12 0
12 5 13 6063
12 5 14 7225
12 5 15 7886
12 5 16 8453
12 6 0 2750
12 6 1 5421
12 6 2 2914
12 6 3 2673
12 6 4 2175
12 6 5 6357
12 6 6 0
12 6 7 3971
12 6 8 2166
12 6 9 2861
12 6 10 5083
12 6 11 4867
12 6 12 0
12 6 13 6166
12 6 14 5149
12 6 15 3966
12 6 16 3440
12 7 0 4809
12 7 1 6783
12 7 2 4275
12 7 3 5752
12 7 4 5436
12 7 5 4416
12 7 6 5496
12 7 7 0
12 7 8 2748
12 7 9 1958
12 7 10 4813
12 7 11 6785
12 7 12 0
12 7 13 6446
12 7 14 2517
12 7 15 4572
12 7 16 5900
12 8 0 6590
12 8 1 4419
12 8 2 4580
12 8 3 5445
12 8 4 4099
12 8 5 6332
12 8 6 4780
12 8 7 8105
12 8 8 0
12 8 9 8201
12 8 10 8747
12 8 11 8563
12 8 12 0
12 8 13 1049
12 8 14 5468
12 8 15 1037
12 8 16 2138
12 9 0 6721
12 9 1 5596
12 9 2 9501
12 9 3 7519
12 9 4 7705
12 9 5 8281
12 9 6 8788
12 9 7 5506
12 9 8 5577
12 9 9 0
12 9 10 6275
12 9 11 6341
12 9 12 0
12 9 13 5365
12 9 14 1889
12 9 15 1570
12 9 16 2297
12 10 0 8098
12 10 1 9725
12 10 2 6848
12 10 3 8943
12 10 4 4870
12 10 5 6267
12 10 6 8172
12 10 7 8964
12 10 8 7463
12 10 9 6039
12 10 10 0
12 10 11 8085
12 10 12 0
12 10 13 3725
12 10 14 2361
12 10 15 2652
12 10 16 2986
12 11 0 6892
12 11 1 6200
12 11 2 7044
12 11 3 4128
12 11 4 6453
12 11 5 4625
12 11 6 8163
12 11 7 6004
12 11 8 7137
12 11 9 8000
12 11 10 5822
12 11 11 0
12 11 12 0
12 11 13 4770
12 11 14 7385
12 11 15 6846
12 11 16 5250
12 12 0 0
12 12 1 0
12 12 2 0
12 12 3 0
12 12 4 0
12 12 5 0
12 12 6 0
12 12 7 0
12 12 8 0
12 12 9 0
12 12 10 0
12 12 11 0
12 12 12 0
12 12 13 0
12 12 14 0
12 12 15 0
12 12 16 0
12 13 0 3999
12 13 1 4185
12 13 2 5924
12 13 3 6212
12 13 4 5659
12 13 5 4991
12 13 6 7871
12 13 7 7201
12 13 8 3425
12 13 9 7839
12 13 10 5256
12 13 11 4820
12 13 12 0
12 13 13 0
12 13 14 8277
12 13 15 6949
12 13 16 3841
12 14 0 3301
12 14 1 4764
12 14 2 979
12 14 3 1547
12 14 4 1284
12 14 5 3206
12 14 6 3907
12 14 7 325
12 14 8 4897
12 14 9 1416
12 14 10 945
12 14 11 4488
12 14 12 0
12 14 13 3960
12 14 14 0
12 14 15 4644
12 14 16 4243
12 15 0 3434
12 15 1 4763
12 15 2 416
12 15 3 1160
12 15 4 4534
12 15 5 3787
12 15 6 2644
12 15 7 2300
12 15 8 386
12 15 9 1017
12 15 10 1156
12 15 11 3869
12 15 12 0
12 15 13 4065
12 15 14 3171
12 15 15 0
12 15 16 6443
12 16 0 5812
12 16 1 3855
12 16 2 8079
12 16 3 7454
12 16 4 6904
12 16 5 7536
12 16 6 5300
12 16 7 6810
12 16 8 4669
12 16 9 4926
12 16 10 4672
12 16 11 5455
12 16 12 0
12 16 13 4708
12 16 14 5981
12 16 15 3638
12 16 16 0
13 0 0 0
13 0 1 3691
13 0 2 1977
13 0 3 3315
13 0 4 4762
13 0 5 5338
13 0 6 1745
13 0 7 3548
13 0 8 1702
13 0 9 2117
13 0 10 3921
13 0 11 4160
13 0 12 4453
13 0 13 0
13 0 14 7734
13 0 15 7947
13 0 16 7143
13 1 0 2054
13 1 1 0
13 1 2 4942
13 1 3 2234
13 1 4 2990
13 1 5 5272
13 1 6 4958
13 1 7 1512
13 1 8 4742
13 1 9 2444
13 1 10 2259
13 1 11 5056
13 1 12 5687
13 1 13 0
13 1 14 4712
13 1 15 4791
13 1 16 701
13 2 0 3916
13 2 1 6408
13 2 2 0
13 2 3 5688
13 2 4 7020
13 2 5 6147
13 2 6 4184
13 2 7 7237
13 2 8 5232
13 2 9 5974
13 2 10 3203
13 2 11 3479
13 2 12 5229
13 2 13 0
13 2 14 3518
13 2 15 3035
13 2 16 7516
13 3 0 5404
13 3 1 6239
13 3 2 4987
13 3 3 0
13 3 4 5767
13 3 5 5393
13 3 6 6122
13 3 7 4418
13 3 8 2967
13 3 9 6069
13 3 10 7432
13 3 11 5566
13 3 12 3870
13 3 13 0
13 3 14 5801
13 3 15 5494
13 3 16 8606
13 4 0 3836
13 4 1 5098
13 4 2 5529
13 4 3 6725
13 4 4 0
13 4 5 3437
13 4 6 6057
13 4 7 4598
13 4 8 6068
13 4 9 5892
13 4 10 3845
13 4 11 3264
13 4 12 4733
13 4 13 0
13 4 14 5836
13 4 15 9166
13 4 16 8354
13 5 0 5490
13 5 1 4903
13 5 2 5509
13 5 3 2793
13 5 4 6162
13 5 5 0
13 5 6 5804
13 5 7 6201
13 5 8 6567
13 5 9 1921
13 5 10 6285
13 5 11 3088
13 5 12 6063
13 5 13 0
13 5 14 6486
13 5 15 7147
13 5 16 7714
13 6 0 5863
13 6 1 8534
13 6 2 6027
13 6 3 5786
13 6 4 5288
13 6 5 9470
13 6 6 0
13 6 7 7084
13 6 8 5279
13 6 9 5974
13 6 10 8196
13 6 11 7980
13 6 12 6166
13 6 13 0
13 6 14 6337
13 6 15 5154
13 6 16 4628
13 7 0 6868
13 7 1 8842
13 7 2 6334
13 7 3 7811
13 7 4 7495
13 7 5 6475
13 7 6 7555
13 7 7 0
13 7 8 4807
13 7 9 4017
13 7 10 6872
13 7 11 8844
13 7 12 6446
13 7 13 0
13 7 14 1348
13 7 15 3403
13 7 16 4731
13 8 0 2687
13 8 1 516
13 8 2 677
13 8 3 1542
13 8 4 196
13 8 5 2429
13 8 6 877
13 8 7 4202
13 8 8 0
13 8 9 4298
13 8 10 4844
13 8 11 4660
13 8 12 1049
13 8 13 0
13 8 14 5618
13 8 15 1187
13 8 16 2288
13 9 0 6632
13 9 1 5507
13 9 2 9412
13 9 3 7430
13 9 4 7616
13 9 5 8192
13 9 6 8699
13 9 7 5417
13 9 8 5488
13 9 9 0
13 9 10 6186
13 9 11 6252
13 9 12 5365
13 9 13 0
13 9 14 2564
13 9 15 2245
13 9 16 2972
13 10 0 5227
13 10 1 6854
13 10 2 3977
13 10 3 6072
13 10 4 1999
13 10 5 3396
13 10 6 5301
13 10 7 6093
13 10 8 4592
13 10 9 3168
13 10 10 0
13 10 11 5214
13 10 12 3725
13 10 13 0
13 10 14 4034
13 10 15 4325
13 10 16 4659
13 11 0 5125
13 11 1 4433
13 11 2 5277
13 11 3 2361
13 11 4 4686
13 11 5 2858
13 11 6 6396
13 11 7 4237
13 11 8 5370
13 11 9 6233
13 11 10 4055
13 11 11 0
13 11 12 4770
13 11 13 0
13 11 14 7608
13 11 15 7069
13 11 16 5473
13 12 0 4716
13 12 1 4490
13 12 2 4658
13 12 3 6220
13 12 4 8575
13 12 5 4549
13 12 6 5317
13 12 7 5701
13 12 8 7887
13 12 9 8487
13 12 10 8686
13 12 11 7146
13 12 12 0
13 12 13 0
13 12 14 5872
13 12 15 4758
13 12 16 6728
13 13 0 0
13 13 1 0
13 13 2 0
13 13 3 0
13 13 4 0
13 13 5 0
13 13 6 0
13 13 7 0
13 13 8 0
13 13 9 0
13 13 10 0
13 13 11 0
13 13 12 0
13 13 13 0
13 13 14 0
13 13 15 0
13 13 16 0
13 14 0 4336
13 14 1 5799
13 14 2 2014
13 14 3 2582
13 14 4 2319
13 14 5 4241
13 14 6 4942
13 14 7 1360
13 14 8 5932
13 14 9 2451
13 14 10 1980
13 14 11 5523
13 14 12 3960
13 14 13 0
13 14 14 0
13 14 15 6490
13 14 16 6089
13 15 0 5768
13 15 1 7097
13 15 2 2750
13 15 3 3494
13 15 4 6868
13 15 5 6121
13 15 6 4978
13 15 7 4634
13 15 8 2720
13 15 9 3351
13 15 10 3490
13 15 11 6203
13 15 12 4065
13 15 13 0
13 15 14 4803
13 15 15 0
13 15 16 8075
13 16 0 3637
13 16 1 1680
13 16 2 5904
13 16 3 5279
13 16 4 4729
13 16 5 5361
13 16 6 3125
13 16 7 4635
13 16 8 2494
13 16 9 2751
13 16 10 2497
13 16 11 3280
13 16 12 4708
13 16 13 0
13 16 14 2535
13 16 15 192
13 16 16 0
14 0 0 0
14 0 1 5940
14 0 2 4226
14 0 3 5564
14 0 4 7011
14 0 5 7587
14 0 6 3994
14 0 7 5797
14 0 8 3951
14 0 9 4366
14 0 10 6170
14 0 11 6409
14 0 12 6702
14 0 13 7734
14 0 14 0
14 0 15 3534
14 0 16 2730
14 1 0 5580
14 1 1 0
14 1 2 8468
14 1 3 5760
14 1 4 6516
14 1 5 8798
14 1 6 8484
14 1 7 5038
14 1 8 8268
14 1 9 5970
14 1 10 5785
14 1 11 8582
14 1 12 9213
14 1 13 4712
14 1 14 0
14 1 15 5722
14 1 16 1632
14 2 0 1918
14 2 1 4410
14 2 2 0
14 2 3 3690
14 2 4 5022
14 2 5 4149
14 2 6 2186
14 2 7 5239
14 2 8 3234
14 2 9 3976
14 2 10 1205
14 2 11 1481
14 2 12 3231
14 2 13 3518
14 2 14 0
14 2 15 2297
14 2 16 6778
14 3 0 3686
14 3 1 4521
14 3 2 3269
14 3 3 0
14 3 4 4049
14 3 5 3675
14 3 6 4404
14 3 7 2700
14 3 8 1249
14 3 9 4351
14 3 10 5714
14 3 11 3848
14 3 12 2152
14 3 13 5801
14 3 14 0
14 3 15 3166
14 3 16 6278
14 4 0 2408
14 4 1 3670
14 4 2 4101
14 4 3 5297
14 4 4 0
14 4 5 2009
14 4 6 4629
14 4 7 3170
14 4 8 4640
14 4 9 4464
14 4 10 2417
14 4 11 1836
14 4 12 3305
14 4 13 5836
14 4 14 0
14 4 15 8556
14 4 16 7744
14 5 0 6652
14 5 1 6065
14 5 2 6671
14 5 3 3955
14 5 4 7324
14 5 5 0
14 5 6 6966
14 5 7 7363
14 5 8 7729
14 5 9 3083
14 5 10 7447
14 5 11 4250
14 5 12 7225
14 5 13 6486
14 5 14 0
14 5 15 4680
14 5 16 5247
14 6 0 4846
14 6 1 7517
14 6 2 5010
14 6 3 4769
14 6 4 4271
14 6 5 8453
14 6 6 0
14 6 7 6067
14 6 8 4262
14 6 9 4957
14 6 10 7179
14 6 11 6963
14 6 12 5149
14 6 13 6337
14 6 14 0
14 6 15 6880
14 6 16 6354
14 7 0 2939
14 7 1 4913
14 7 2 2405
14 7 3 3882
14 7 4 3566
14 7 5 2546
14 7 6 3626
14 7 7 0
14 7 8 878
14 7 9 88
14 7 10 2943
14 7 11 4915
14 7 12 2517
14 7 13 1348
14 7 14 0
14 7 15 6302
14 7 16 7630
14 8 0 7106
14 8 1 4935
14 8 2 5096
14 8 3 5961
14 8 4 4615
14 8 5 6848
14 8 6 5296
14 8 7 8621
14 8 8 0
14 8 9 8717
14 8 10 9263
14 8 11 9079
14 8 12 5468
14 8 13 5618
14 8 14 0
14 8 15 378
14 8 16 1479
14 9 0 3156
14 9 1 2031
14 9 2 5936
14 9 3 3954
14 9 4 4140
14 9 5 4716
14 9 6 5223
14 9 7 1941
14 9 8 2012
14 9 9 0
14 9 10 2710
14 9 11 2776
14 9 12 1889
14 9 13 2564
14 9 14 0
14 9 15 985
14 9 16 1712
14 10 0 3863
14 10 1 5490
14 10 2 2613
14 10 3 4708
14 10 4 635
14 10 5 2032
14 10 6 3937
14 10 7 4729
14 10 8 3228
14 10 9 1804
14 10 10 0
14 10 11 3850
14 10 12 2361
14 10 13 4034
14 10 14 0
14 10 15 5219
14 10 16 5553
14 11 0 7740
14 11 1 7048
14 11 2 7892
14 11 3 4976
14 11 4 7301
14 11 5 5473
14 11 6 9011
14 11 7 6852
14 11 8 7985
14 11 9 8848
14 11 10 6670
14 11 11 0
14 11 12 7385
14 11 13 7608
14 11 14 0
14 11 15 3773
14 11 16 2177
14 12 0 3503
14 12 1 3277
14 12 2 3445
14 12 3 5007
14 12 4 7362
14 12 5 3336
14 12 6 4104
14 12 7 4488
14 12 8 6674
14 12 9 7274
14 12 10 7473
14 12 11 5933
14 12 12 0
14 12 13 5872
14 12 14 0
14 12 15 1811
14 12 16 3781
14 13 0 5191
14 13 1 5377
14 13 2 7116
14 13 3 7404
14 13 4 6851
14 13 5 6183
14 13 6 9063
14 13 7 8393
14 13 8 4617
14 13 9 9031
14 13 10 6448
14 13 11 6012
14 13 12 8277
14 13 13 0
14 13 14 0
14 13 15 4478
14 13 16 1370
14 14 0 0
14 14 1 0
14 14 2 0
14 14 3 0
14 14 4 0
14 14 5 0
14 14 6 0
14 14 7 0
14 14 8 0
14 14 9 0
14 14 10 0
14 14 11 0
14 14 12 0
14 14 13 0
14 14 14 0
14 14 15 0
14 14 16 0
14 15 0 4874
14 15 1 6203
14 15 2 1856
14 15 3 2600
14 15 4 5974
14 15 5 5227
14 15 6 4084
14 15 7 3740
14 15 8 1826
14 15 9 2457
14 15 10 2596
14 15 11 5309
14 15 12 3171
14 15 13 4803
14 15 14 0
14 15 15 0
14 15 16 6983
14 16 0 4910
14 16 1 2953
14 16 2 7177
14 16 3 6552
14 16 4 6002
14 16 5 6634
14 16 6 4398
14 16 7 5908
14 16 8 3767
14 16 9 4024
14 16 10 3770
14 16 11 4553
14 16 12 5981
14 16 13 2535
14 16 14 0
14 16 15 1807
14 16 16 0
15 0 0 0
15 0 1 6153
15 0 2 4439
15 0 3 5777
15 0 4 7224
15 0 5 7800
15 0 6 4207
15 0 7 6010
15 0 8 4164
15 0 9 4579
15 0 10 6383
15 0 11 6622
15 0 12 6915
15 0 13 7947
15 0 14 3534
15 0 15 0
15 0 16 2880
15 1 0 5659
15 1 1 0
15 1 2 8547
15 1 3 5839
15 1 4 6595
15 1 5 8877
15 1 6 8563
15 1 7 5117
15 1 8 8347
15 1 9 6049
15 1 10 5864
15 1 11 8661
15 1 12 9292
15 1 13 4791
15 1 14 5722
15 1 15 0
15 1 16 2206
15 2 0 1435
15 2 1 3927
15 2 2 0
15 2 3 3207
15 2 4 4539
15 2 5 3666
15 2 6 1703
15 2 7 4756
15 2 8 2751
15 2 9 3493
15 2 10 722
15 2 11 998
15 2 12 2748
15 2 13 3035
15 2 14 2297
15 2 15 0
15 2 16 5082
15 3 0 3379
15 3 1 4214
15 3 2 2962
15 3 3 0
15 3 4 3742
15 3 5 3368
15 3 6 4097
15 3 7 2393
15 3 8 942
15 3 9 4044
15 3 10 5407
15 3 11 3541
15 3 12 1845
15 3 13 5494
15 3 14 3166
15 3 15 0
15 3 16 5664
15 4 0 5738
15 4 1 7000
15 4 2 7431
15 4 3 8627
15 4 4 0
15 4 5 5339
15 4 6 7959
15 4 7 6500
15 4 8 7970
15 4 9 7794
15 4 10 5747
15 4 11 5166
15 4 12 6635
15 4 13 9166
15 4 14 8556
15 4 15 0
15 4 16 4142
15 5 0 7313
15 5 1 6726
15 5 2 7332
15 5 3 4616
15 5 4 7985
15 5 5 0
15 5 6 7627
15 5 7 8024
15 5 8 8390
15 5 9 3744
15 5 10 8108
15 5 11 4911
15 5 12 7886
15 5 13 7147
15 5 14 4680
15 5 15 0
15 5 16 5885
15 6 0 3663
15 6 1 6334
15 6 2 3827
15 6 3 3586
15 6 4 3088
15 6 5 7270
15 6 6 0
15 6 7 4884
15 6 8 3079
15 6 9 3774
15 6 10 5996
15 6 11 5780
15 6 12 3966
15 6 13 5154
15 6 14 6880
15 6 15 0
15 6 16 5343
15 7 0 4994
15 7 1 6968
15 7 2 4460
15 7 3 5937
15 7 4 5621
15 7 5 4601
15 7 6 5681
15 7 7 0
15 7 8 2933
15 7 9 2143
15 7 10 4998
15 7 11 6970
15 7 12 4572
15 7 13 3403
15 7 14 6302
15 7 15 0
15 7 16 4176
15 8 0 2675
15 8 1 504
15 8 2 665
15 8 3 1530
15 8 4 184
15 8 5 2417
15 8 6 865
15 8 7 4190
15 8 8 0
15 8 9 4286
15 8 10 4832
15 8 11 4648
15 8 12 1037
15 8 13 1187
15 8 14 378
15 8 15 0
15 8 16 3302
15 9 0 2837
15 9 1 1712
15 9 2 5617
15 9 3 3635
15 9 4 3821
15 9 5 4397
15 9 6 4904
15 9 7 1622
15 9 8 1693
15 9 9 0
15 9 10 2391
15 9 11 2457
15 9 12 1570
15 9 13 2245
15 9 14 985
15 9 15 0
15 9 16 3105
15 10 0 4154
15 10 1 5781
15 10 2 2904
15 10 3 4999
15 10 4 926
15 10 5 2323
15 10 6 4228
15 10 7 5020
15 10 8 3519
15 10 9 2095
15 10 10 0
15 10 11 4141
15 10 12 2652
15 10 13 4325
15 10 14 5219
15 10 15 0
15 10 16 5846
15 11 0 7201
15 11 1 6509
15 11 2 7353
15 11 3 4437
15 11 4 6762
15 11 5 4934
15 11 6 8472
15 11 7 6313
15 11 8 7446
15 11 9 8309
15 11 10 6131
15 11 11 0
15 11 12 6846
15 11 13 7069
15 11 14 3773
15 11 15 0
15 11 16 4660
15 12 0 2389
15 12 1 2163
15 12 2 2331
15 12 3 3893
15 12 4 6248
15 12 5 2222
15 12 6 2990
15 12 7 3374
15 12 8 5560
15 12 9 6160
15 12 10 6359
15 12 11 4819
15 12 12 0
15 12 13 4758
15 12 14 1811
15 12 15 0
15 12 16 3701
15 13 0 3863
15 13 1 4049
15 13 2 5788
15 13 3 6076
15 13 4 5523
15 13 5 4855
15 13 6 7735
15 13 7 7065
15 13 8 3289
15 13 9 7703
15 13 10 5120
15 13 11 4684
15 13 12 6949
15 13 13 0
15 13 14 4478
15 13 15 0
15 13 16 2589
15 14 0 5020
15 14 1 6483
15 14 2 2698
15 14 3 3266
15 14 4 3003
15 14 5 4925
15 14 6 5626
15 14 7 2044
15 14 8 6616
15 14 9 3135
15 14 10 2664
15 14 11 6207
15 14 12 4644
15 14 13 6490
15 14 14 0
15 14 15 0
15 14 16 3310
15 15 0 0
15 15 1 0
15 15 2 0
15 15 3 0
15 15 4 0
15 15 5 0
15 15 6 0
15 15 7 0
15 15 8 0
15 15 9 0
15 15 10 0
15 15 11 0
15 15 12 0
15 15 13 0
15 15 14 0
15 15 15 0
15 15 16 0
15 16 0 2567
15 16 1 610
15 16 2 4834
15 16 3 4209
15 16 4 3659
15 16 5 4291
15 16 6 2055
15 16 7 3565
15 16 8 1424
15 16 9 1681
15 16 10 1427
15 16 11 2210
15 16 12 3638
15 16 13 192
15 16 14 1807
15 16 15 0
15 16 16 0
16 0 0 0
16 0 1 5349
16 0 2 3635
16 0 3 4973
16 0 4 6420
16 0 5 6996
16 0 6 3403
16 0 7 5206
16 0 8 3360
16 0 9 3775
16 0 10 5579
16 0 11 5818
16 0 12 6111
16 0 13 7143
16 0 14 2730
16 0 15 2880
16 0 16 0
16 1 0 1569
16 1 1 0
16 1 2 4457
16 1 3 1749
16 1 4 2505
16 1 5 4787
16 1 6 4473
16 1 7 1027
16 1 8 4257
16 1 9 1959
16 1 10 1774
16 1 11 4571
16 1 12 5202
16 1 13 701
16 1 14 1632
16 1 15 2206
16 1 16 0
16 2 0 5916
16 2 1 8408
16 2 2 0
16 2 3 7688
16 2 4 9020
16 2 5 8147
16 2 6 6184
16 2 7 9237
16 2 8 7232
16 2 9 7974
16 2 10 5203
16 2 11 5479
16 2 12 7229
16 2 13 7516
16 2 14 6778
16 2 15 5082
16 2 16 0
16 3 0 6491
16 3 1 7326
16 3 2 6074
16 3 3 0
16 3 4 6854
16 3 5 6480
16 3 6 7209
16 3 7 5505
16 3 8 4054
16 3 9 7156
16 3 10 8519
16 3 11 6653
16 3 12 4957
16 3 13 8606
16 3 14 6278
16 3 15 5664
16 3 16 0
16 4 0 4926
16 4 1 6188
16 4 2 6619
16 4 3 7815
16 4 4 0
16 4 5 4527
16 4 6 7147
16 4 7 5688
16 4 8 7158
16 4 9 6982
16 4 10 4935
16 4 11 4354
16 4 12 5823
16 4 13 8354
16 4 14 7744
16 4 15 4142
16 4 16 0
16 5 0 7880
16 5 1 7293
16 5 2 7899
16 5 3 5183
16 5 4 8552
16 5 5 0
16 5 6 8194
16 5 7 8591
16 5 8 8957
16 5 9 4311
16 5 10 8675
16 5 11 5478
16 5 12 8453
16 5 13 7714
16 5 14 5247
16 5 15 5885
16 5 16 0
16 6 0 3137
16 6 1 5808
16 6 2 3301
16 6 3 3060
16 6 4 2562
16 6 5 6744
16 6 6 0
16 6 7 4358
16 6 8 2553
16 6 9 3248
16 6 10 5470
16 6 11 5254
16 6 12 3440
16 6 13 4628
16 6 14 6354
16 6 15 5343
16 6 16 0
16 7 0 6322
16 7 1 8296
16 7 2 5788
16 7 3 7265
16 7 4 6949
16 7 5 5929
16 7 6 7009
16 7 7 0
16 7 8 4261
16 7 9 3471
16 7 10 6326
16 7 11 8298
16 7 12 5900
16 7 13 4731
16 7 14 7630
16 7 15 4176
16 7 16 0
16 8 0 3776
16 8 1 1605
16 8 2 1766
16 8 3 2631
16 8 4 1285
16 8 5 3518
16 8 6 1966
16 8 7 5291
16 8 8 0
16 8 9 5387
16 8 10 5933
16 8 11 5749
16 8 12 2138
16 8 13 2288
16 8 14 1479
16 8 15 3302
16 8 16 0
16 9 0 3564
16 9 1 2439
16 9 2 6344
16 9 3 4362
16 9 4 4548
16 9 5 5124
16 9 6 5631
16 9 7 2349
16 9 8 2420
16 9 9 0
16 9 10 3118
16 9 11 3184
16 9 12 2297
16 9 13 2972
16 9 14 1712
16 9 15 3105
16 9 16 0
16 10 0 4488
16 10 1 6115
16 10 2 3238
16 10 3 5333
16 10 4 1260
16 10 5 2657
16 10 6 4562
16 10 7 5354
16 10 8 3853
16 10 9 2429
16 10 10 0
16 10 11 4475
16 10 12 2986
16 10 13 4659
16 10 14 5553
16 10 15 5846
16 10 16 0
16 11 0 5605
16 11 1 4913
16 11 2 5757
16 11 3 2841
16 11 4 5166
16 11 5 3338
16 11 6 6876
16 11 7 4717
16 11 8 5850
16 11 9 6713
16 11 10 4535
16 11 11 0
16 11 12 5250
16 11 13 5473
16 11 14 2177
16 11 15 4660
16 11 16 0
16 12 0 4359
16 12 1 4133
16 12 2 4301
16 12 3 5863
16 12 4 8218
16 12 5 4192
16 12 6 4960
16 12 7 5344
16 12 8 7530
16 12 9 8130
16 12 10 8329
16 12 11 6789
16 12 12 0
16 12 13 6728
16 12 14 3781
16 12 15 3701
16 12 16 0
16 13 0 755
16 13 1 941
16 13 2 2680
16 13 3 2968
16 13 4 2415
16 13 5 1747
16 13 6 4627
16 13 7 3957
16 13 8 181
16 13 9 4595
16 13 10 2012
16 13 11 1576
16 13 12 3841
16 13 13 0
16 13 14 1370
16 13 15 2589
16 13 16 0
16 14 0 4619
16 14 1 6082
16 14 2 2297
16 14 3 2865
16 14 4 2602
16 14 5 4524
16 14 6 5225
16 14 7 1643
16 14 8 6215
16 14 9 2734
16 14 10 2263
16 14 11 5806
16 14 12 4243
16 14 13 6089
16 14 14 0
16 14 15 3310
16 14 16 0
16 15 0 8146
16 15 1 9475
16 15 2 5128
16 15 3 5872
16 15 4 9246
16 15 5 8499
16 15 6 7356
16 15 7 7012
16 15 8 5098
16 15 9 5729
16 15 10 5868
16 15 11 8581
16 15 12 6443
16 15 13 8075
16 15 14 6983
16 15 15 0
16 15 16 0
16 16 0 0
16 16 1 0
16 16 2 0
16 16 3 0
16 16 4 0
16 16 5 0
16 16 6 0
16 16 7 0
16 16 8 0
16 16 9 0
16 16 10 0
16 16 11 0
16 16 12 0
16 16 13 0
16 16 14 0
16 16 15 0
16 16 16 0
