19
0 0 0 0
0 0 1 0
0 0 2 0
0 0 3 0
0 0 4 0
0 0 5 0
0 0 6 0
0 0 7 0
0 0 8 0
0 0 9 0
0 0 10 0
0 0 11 0
0 0 12 0
0 0 13 0
0 0 14 0
0 0 15 0
0 0 16 0
0 0 17 0
0 0 18 0
0 1 0 0
0 1 1 0
0 1 2 2921
0 1 3 5986
0 1 4 6427
0 1 5 2665
0 1 6 4584
0 1 7 3813
0 1 8 4486
0 1 9 5403
0 1 10 2712
0 1 11 2756
0 1 12 6073
0 1 13 4960
0 1 14 6121
0 1 15 1729
0 1 16 6179
0 1 17 1816
0 1 18 2575
0 2 0 0
0 2 1 8702
0 2 2 0
0 2 3 7659
0 2 4 6958
0 2 5 5597
0 2 6 5945
0 2 7 8143
0 2 8 9317
0 2 9 9409
0 2 10 8472
0 2 11 4946
0 2 12 9519
0 2 13 6847
0 2 14 6128
0 2 15 6699
0 2 16 7249
0 2 17 6359
0 2 18 4922
0 3 0 0
0 3 1 7680
0 3 2 6660
0 3 3 0
0 3 4 7562
0 3 5 5501
0 3 6 7332
0 3 7 6953
0 3 8 6273
0 3 9 4861
0 3 10 3882
0 3 11 7483
0 3 12 3743
0 3 13 7439
0 3 14 5143
0 3 15 7328
0 3 16 4562
0 3 17 6773
0 3 18 6091
0 4 0 0
0 4 1 569
0 4 2 971
0 4 3 3427
0 4 4 0
0 4 5 145
0 4 6 1232
0 4 7 1695
0 4 8 1924
0 4 9 2396
0 4 10 2093
0 4 11 4563
0 4 12 3115
0 4 13 3395
0 4 14 2963
0 4 15 3494
0 4 16 3721
0 4 17 1995
0 4 18 4824
0 5 0 0
0 5 1 5946
0 5 2 5037
0 5 3 4855
0 5 4 5300
0 5 5 0
0 5 6 3943
0 5 7 4162
0 5 8 6600
0 5 9 5198
0 5 10 2024
0 5 11 4301
0 5 12 3858
0 5 13 2965
0 5 14 3404
0 5 15 6148
0 5 16 5605
0 5 17 3520
0 5 18 5755
0 6 0 0
0 6 1 4758
0 6 2 7215
0 6 3 3562
0 6 4 6308
0 6 5 3662
0 6 6 0
0 6 7 6251
0 6 8 3609
0 6 9 3860
0 6 10 6220
0 6 11 6130
0 6 12 6552
0 6 13 5069
0 6 14 5087
0 6 15 7763
0 6 16 5734
0 6 17 5274
0 6 18 7842
0 7 0 0
0 7 1 4013
0 7 2 3879
0 7 3 5183
0 7 4 4199
0 7 5 6578
0 7 6 6403
0 7 7 0
0 7 8 6043
0 7 9 5096
0 7 10 6840
0 7 11 2169
0 7 12 3556
0 7 13 4883
0 7 14 3211
0 7 15 5737
0 7 16 6125
0 7 17 6066
0 7 18 6467
0 8 0 0
0 8 1 1894
0 8 2 4054
0 8 3 4109
0 8 4 4336
0 8 5 3235
0 8 6 5833
0 8 7 1752
0 8 8 0
0 8 9 4170
0 8 10 2757
0 8 11 4336
0 8 12 5491
0 8 13 939
0 8 14 4639
0 8 15 2133
0 8 16 1259
0 8 17 5700
0 8 18 4911
0 9 0 0
0 9 1 7899
0 9 2 7546
0 9 3 7614
0 9 4 5987
0 9 5 5855
0 9 6 8387
0 9 7 7997
0 9 8 6843
0 9 9 0
0 9 10 8518
0 9 11 6325
0 9 12 8570
0 9 13 8300
0 9 14 5100
0 9 15 6191
0 9 16 5491
0 9 17 5136
0 9 18 9063
0 10 0 0
0 10 1 3689
0 10 2 3497
0 10 3 5560
0 10 4 4938
0 10 5 3702
0 10 6 5659
0 10 7 4163
0 10 8 3554
0 10 9 2161
0 10 10 0
0 10 11 4800
0 10 12 1157
0 10 13 1263
0 10 14 3506
0 10 15 2084
0 10 16 1649
0 10 17 5972
0 10 18 2774
0 11 0 0
0 11 1 2464
0 11 2 2907
0 11 3 2495
0 11 4 3615
0 11 5 3414
0 11 6 4585
0 11 7 5990
0 11 8 2709
0 11 9 4591
0 11 10 2338
0 11 11 0
0 11 12 4234
0 11 13 5996
0 11 14 3015
0 11 15 6601
0 11 16 5157
0 11 17 3530
0 11 18 5571
0 12 0 0
0 12 1 4310
0 12 2 8568
0 12 3 4279
0 12 4 7127
0 12 5 4187
0 12 6 4272
0 12 7 3730
0 12 8 5053
0 12 9 6855
0 12 10 4597
0 12 11 8364
0 12 12 0
0 12 13 7794
0 12 14 7409
0 12 15 8248
0 12 16 8303
0 12 17 4028
0 12 18 8244
0 13 0 0
0 13 1 5084
0 13 2 2117
0 13 3 3313
0 13 4 3022
0 13 5 4970
0 13 6 4492
0 13 7 2943
0 13 8 5780
0 13 9 3075
0 13 10 4643
0 13 11 5364
0 13 12 5971
0 13 13 0
0 13 14 4833
0 13 15 1268
0 13 16 4232
0 13 17 3476
0 13 18 2182
0 14 0 0
0 14 1 7072
0 14 2 8344
0 14 3 5575
0 14 4 7270
0 14 5 7909
0 14 6 8055
0 14 7 6373
0 14 8 8503
0 14 9 7898
0 14 10 5709
0 14 11 6458
0 14 12 8610
0 14 13 8100
0 14 14 0
0 14 15 6304
0 14 16 6298
0 14 17 8269
0 14 18 4794
0 15 0 0
0 15 1 4478
0 15 2 5014
0 15 3 3529
0 15 4 6358
0 15 5 5468
0 15 6 6271
0 15 7 2916
0 15 8 5775
0 15 9 4621
0 15 10 3900
0 15 11 4394
0 15 12 5780
0 15 13 3000
0 15 14 6607
0 15 15 0
0 15 16 4237
0 15 17 5566
0 15 18 3885
0 16 0 0
0 16 1 4444
0 16 2 3136
0 16 3 3935
0 16 4 795
0 16 5 5295
0 16 6 4176
0 16 7 3678
0 16 8 2493
0 16 9 1321
0 16 10 3696
0 16 11 3465
0 16 12 4432
0 16 13 1230
0 16 14 5648
0 16 15 2968
0 16 16 0
0 16 17 3724
0 16 18 4493
0 17 0 0
0 17 1 5387
0 17 2 5766
0 17 3 4634
0 17 4 2714
0 17 5 4867
0 17 6 4456
0 17 7 6566
0 17 8 3285
0 17 9 4892
0 17 10 5405
0 17 11 3712
0 17 12 5291
0 17 13 6672
0 17 14 3517
0 17 15 6227
0 17 16 6067
0 17 17 0
0 17 18 3443
0 18 0 0
0 18 1 7146
0 18 2 6652
0 18 3 5926
0 18 4 6460
0 18 5 5585
0 18 6 5858
0 18 7 7065
0 18 8 7906
0 18 9 6231
0 18 10 4214
0 18 11 6865
0 18 12 6248
0 18 13 7756
0 18 14 5248
0 18 15 8245
0 18 16 4403
0 18 17 7625
0 18 18 0
1 0 0 0
1 0 1 0
1 0 2 7847
1 0 3 6954
1 0 4 3399
1 0 5 5069
1 0 6 6189
1 0 7 5278
1 0 8 4238
1 0 9 8116
1 0 10 4399
1 0 11 4936
1 0 12 7038
1 0 13 4471
1 0 14 8095
1 0 15 5873
1 0 16 4064
1 0 17 5431
1 0 18 6862
1 1 0 0
1 1 1 0
1 1 2 0
1 1 3 0
1 1 4 0
1 1 5 0
1 1 6 0
1 1 7 0
1 1 8 0
1 1 9 0
1 1 10 0
1 1 11 0
1 1 12 0
1 1 13 0
1 1 14 0
1 1 15 0
1 1 16 0
1 1 17 0
1 1 18 0
1 2 0 8702
1 2 1 0
1 2 2 0
1 2 3 4330
1 2 4 3629
1 2 5 2268
1 2 6 2616
1 2 7 4814
1 2 8 5988
1 2 9 6080
1 2 10 5143
1 2 11 1617
1 2 12 6190
1 2 13 3518
1 2 14 2799
1 2 15 3370
1 2 16 3920
1 2 17 3030
1 2 18 1593
1 3 0 7680
1 3 1 0
1 3 2 7289
1 3 3 0
1 3 4 8191
1 3 5 6130
1 3 6 7961
1 3 7 7582
1 3 8 6902
1 3 9 5490
1 3 10 4511
1 3 11 8112
1 3 12 4372
1 3 13 8068
1 3 14 5772
1 3 15 7957
1 3 16 5191
1 3 17 7402
1 3 18 6720
1 4 0 569
1 4 1 0
1 4 2 5596
1 4 3 8052
1 4 4 0
1 4 5 4770
1 4 6 5857
1 4 7 6320
1 4 8 6549
1 4 9 7021
1 4 10 6718
1 4 11 9188
1 4 12 7740
1 4 13 8020
1 4 14 7588
1 4 15 8119
1 4 16 8346
1 4 17 6620
1 4 18 9449
1 5 0 5946
1 5 1 0
1 5 2 4230
1 5 3 4048
1 5 4 4493
1 5 5 0
1 5 6 3136
1 5 7 3355
1 5 8 5793
1 5 9 4391
1 5 10 1217
1 5 11 3494
1 5 12 3051
1 5 13 2158
1 5 14 2597
1 5 15 5341
1 5 16 4798
1 5 17 2713
1 5 18 4948
1 6 0 4758
1 6 1 0
1 6 2 7207
1 6 3 3554
1 6 4 6300
1 6 5 3654
1 6 6 0
1 6 7 6243
1 6 8 3601
1 6 9 3852
1 6 10 6212
1 6 11 6122
1 6 12 6544
1 6 13 5061
1 6 14 5079
1 6 15 7755
1 6 16 5726
1 6 17 5266
1 6 18 7834
1 7 0 4013
1 7 1 0
1 7 2 4011
1 7 3 5315
1 7 4 4331
1 7 5 6710
1 7 6 6535
1 7 7 0
1 7 8 6175
1 7 9 5228
1 7 10 6972
1 7 11 2301
1 7 12 3688
1 7 13 5015
1 7 14 3343
1 7 15 5869
1 7 16 6257
1 7 17 6198
1 7 18 6599
1 8 0 1894
1 8 1 0
1 8 2 5899
1 8 3 5954
1 8 4 6181
1 8 5 5080
1 8 6 7678
1 8 7 3597
1 8 8 0
1 8 9 6015
1 8 10 4602
1 8 11 6181
1 8 12 7336
1 8 13 2784
1 8 14 6484
1 8 15 3978
1 8 16 3104
1 8 17 7545
1 8 18 6756
1 9 0 7899
1 9 1 0
1 9 2 6430
1 9 3 6498
1 9 4 4871
1 9 5 4739
1 9 6 7271
1 9 7 6881
1 9 8 5727
1 9 9 0
1 9 10 7402
1 9 11 5209
1 9 12 7454
1 9 13 7184
1 9 14 3984
1 9 15 5075
1 9 16 4375
1 9 17 4020
1 9 18 7947
1 10 0 3689
1 10 1 0
1 10 2 3407
1 10 3 5470
1 10 4 4848
1 10 5 3612
1 10 6 5569
1 10 7 4073
1 10 8 3464
1 10 9 2071
1 10 10 0
1 10 11 4710
1 10 12 1067
1 10 13 1173
1 10 14 3416
1 10 15 1994
1 10 16 1559
1 10 17 5882
1 10 18 2684
1 11 0 2464
1 11 1 0
1 11 2 2324
1 11 3 1912
1 11 4 3032
1 11 5 2831
1 11 6 4002
1 11 7 5407
1 11 8 2126
1 11 9 4008
1 11 10 1755
1 11 11 0
1 11 12 3651
1 11 13 5413
1 11 14 2432
1 11 15 6018
1 11 16 4574
1 11 17 2947
1 11 18 4988
1 12 0 4310
1 12 1 0
1 12 2 9200
1 12 3 4911
1 12 4 7759
1 12 5 4819
1 12 6 4904
1 12 7 4362
1 12 8 5685
1 12 9 7487
1 12 10 5229
1 12 11 8996
1 12 12 0
1 12 13 8426
1 12 14 8041
1 12 15 8880
1 12 16 8935
1 12 17 4660
1 12 18 8876
1 13 0 5084
1 13 1 0
1 13 2 4203
1 13 3 5399
1 13 4 5108
1 13 5 7056
1 13 6 6578
1 13 7 5029
1 13 8 7866
1 13 9 5161
1 13 10 6729
1 13 11 7450
1 13 12 8057
1 13 13 0
1 13 14 6919
1 13 15 3354
1 13 16 6318
1 13 17 5562
1 13 18 4268
1 14 0 7072
1 14 1 0
1 14 2 7967
1 14 3 5198
1 14 4 6893
1 14 5 7532
1 14 6 7678
1 14 7 5996
1 14 8 8126
1 14 9 7521
1 14 10 5332
1 14 11 6081
1 14 12 8233
1 14 13 7723
1 14 14 0
1 14 15 5927
1 14 16 5921
1 14 17 7892
1 14 18 4417
1 15 0 4478
1 15 1 0
1 15 2 2467
1 15 3 982
1 15 4 3811
1 15 5 2921
1 15 6 3724
1 15 7 369
1 15 8 3228
1 15 9 2074
1 15 10 1353
1 15 11 1847
1 15 12 3233
1 15 13 453
1 15 14 4060
1 15 15 0
1 15 16 1690
1 15 17 3019
1 15 18 1338
1 16 0 4444
1 16 1 0
1 16 2 6848
1 16 3 7647
1 16 4 4507
1 16 5 9007
1 16 6 7888
1 16 7 7390
1 16 8 6205
1 16 9 5033
1 16 10 7408
1 16 11 7177
1 16 12 8144
1 16 13 4942
1 16 14 9360
1 16 15 6680
1 16 16 0
1 16 17 7436
1 16 18 8205
1 17 0 5387
1 17 1 0
1 17 2 3748
1 17 3 2616
1 17 4 696
1 17 5 2849
1 17 6 2438
1 17 7 4548
1 17 8 1267
1 17 9 2874
1 17 10 3387
1 17 11 1694
1 17 12 3273
1 17 13 4654
1 17 14 1499
1 17 15 4209
1 17 16 4049
1 17 17 0
1 17 18 1425
1 18 0 7146
1 18 1 0
1 18 2 3962
1 18 3 3236
1 18 4 3770
1 18 5 2895
1 18 6 3168
1 18 7 4375
1 18 8 5216
1 18 9 3541
1 18 10 1524
1 18 11 4175
1 18 12 3558
1 18 13 5066
1 18 14 2558
1 18 15 5555
1 18 16 1713
1 18 17 4935
1 18 18 0
2 0 0 0
2 0 1 7847
2 0 2 0
2 0 3 5026
2 0 4 1471
2 0 5 3141
2 0 6 4261
2 0 7 3350
2 0 8 2310
2 0 9 6188
2 0 10 2471
2 0 11 3008
2 0 12 5110
2 0 13 2543
2 0 14 6167
2 0 15 3945
2 0 16 2136
2 0 17 3503
2 0 18 4934
2 1 0 2921
2 1 1 0
2 1 2 0
2 1 3 8438
2 1 4 8879
2 1 5 5117
2 1 6 7036
2 1 7 6265
2 1 8 6938
2 1 9 7855
2 1 10 5164
2 1 11 5208
2 1 12 8525
2 1 13 7412
2 1 14 8573
2 1 15 4181
2 1 16 8631
2 1 17 4268
2 1 18 5027
2 2 0 0
2 2 1 0
2 2 2 0
2 2 3 0
2 2 4 0
2 2 5 0
2 2 6 0
2 2 7 0
2 2 8 0
2 2 9 0
2 2 10 0
2 2 11 0
2 2 12 0
2 2 13 0
2 2 14 0
2 2 15 0
2 2 16 0
2 2 17 0
2 2 18 0
2 3 0 6660
2 3 1 7289
2 3 2 0
2 3 3 0
2 3 4 7046
2 3 5 4985
2 3 6 6816
2 3 7 6437
2 3 8 5757
2 3 9 4345
2 3 10 3366
2 3 11 6967
2 3 12 3227
2 3 13 6923
2 3 14 4627
2 3 15 6812
2 3 16 4046
2 3 17 6257
2 3 18 5575
2 4 0 971
2 4 1 5596
2 4 2 0
2 4 3 5765
2 4 4 0
2 4 5 2483
2 4 6 3570
2 4 7 4033
2 4 8 4262
2 4 9 4734
2 4 10 4431
2 4 11 6901
2 4 12 5453
2 4 13 5733
2 4 14 5301
2 4 15 5832
2 4 16 6059
2 4 17 4333
2 4 18 7162
2 5 0 5037
2 5 1 4230
2 5 2 0
2 5 3 4162
2 5 4 4607
2 5 5 0
2 5 6 3250
2 5 7 3469
2 5 8 5907
2 5 9 4505
2 5 10 1331
2 5 11 3608
2 5 12 3165
2 5 13 2272
2 5 14 2711
2 5 15 5455
2 5 16 4912
2 5 17 2827
2 5 18 5062
2 6 0 7215
2 6 1 7207
2 6 2 0
2 6 3 2097
2 6 4 4843
2 6 5 2197
2 6 6 0
2 6 7 4786
2 6 8 2144
2 6 9 2395
2 6 10 4755
2 6 11 4665
2 6 12 5087
2 6 13 3604
2 6 14 3622
2 6 15 6298
2 6 16 4269
2 6 17 3809
2 6 18 6377
2 7 0 3879
2 7 1 4011
2 7 2 0
2 7 3 6827
2 7 4 5843
2 7 5 8222
2 7 6 8047
2 7 7 0
2 7 8 7687
2 7 9 6740
2 7 10 8484
2 7 11 3813
2 7 12 5200
2 7 13 6527
2 7 14 4855
2 7 15 7381
2 7 16 7769
2 7 17 7710
2 7 18 8111
2 8 0 4054
2 8 1 5899
2 8 2 0
2 8 3 7967
2 8 4 8194
2 8 5 7093
2 8 6 9691
2 8 7 5610
2 8 8 0
2 8 9 8028
2 8 10 6615
2 8 11 8194
2 8 12 9349
2 8 13 4797
2 8 14 8497
2 8 15 5991
2 8 16 5117
2 8 17 9558
2 8 18 8769
2 9 0 7546
2 9 1 6430
2 9 2 0
2 9 3 7686
2 9 4 6059
2 9 5 5927
2 9 6 8459
2 9 7 8069
2 9 8 6915
2 9 9 0
2 9 10 8590
2 9 11 6397
2 9 12 8642
2 9 13 8372
2 9 14 5172
2 9 15 6263
2 9 16 5563
2 9 17 5208
2 9 18 9135
2 10 0 3497
2 10 1 3407
2 10 2 0
2 10 3 8412
2 10 4 7790
2 10 5 6554
2 10 6 8511
2 10 7 7015
2 10 8 6406
2 10 9 5013
2 10 10 0
2 10 11 7652
2 10 12 4009
2 10 13 4115
2 10 14 6358
2 10 15 4936
2 10 16 4501
2 10 17 8824
2 10 18 5626
2 11 0 2907
2 11 1 2324
2 11 2 0
2 11 3 1284
2 11 4 2404
2 11 5 2203
2 11 6 3374
2 11 7 4779
2 11 8 1498
2 11 9 3380
2 11 10 1127
2 11 11 0
2 11 12 3023
2 11 13 4785
2 11 14 1804
2 11 15 5390
2 11 16 3946
2 11 17 2319
2 11 18 4360
2 12 0 8568
2 12 1 9200
2 12 2 0
2 12 3 5539
2 12 4 8387
2 12 5 5447
2 12 6 5532
2 12 7 4990
2 12 8 6313
2 12 9 8115
2 12 10 5857
2 12 11 9624
2 12 12 0
2 12 13 9054
2 12 14 8669
2 12 15 9508
2 12 16 9563
2 12 17 5288
2 12 18 9504
2 13 0 2117
2 13 1 4203
2 13 2 0
2 13 3 4468
2 13 4 4177
2 13 5 6125
2 13 6 5647
2 13 7 4098
2 13 8 6935
2 13 9 4230
2 13 10 5798
2 13 11 6519
2 13 12 7126
2 13 13 0
2 13 14 5988
2 13 15 2423
2 13 16 5387
2 13 17 4631
2 13 18 3337
2 14 0 8344
2 14 1 7967
2 14 2 0
2 14 3 2387
2 14 4 4082
2 14 5 4721
2 14 6 4867
2 14 7 3185
2 14 8 5315
2 14 9 4710
2 14 10 2521
2 14 11 3270
2 14 12 5422
2 14 13 4912
2 14 14 0
2 14 15 3116
2 14 16 3110
2 14 17 5081
2 14 18 1606
2 15 0 5014
2 15 1 2467
2 15 2 0
2 15 3 3134
2 15 4 5963
2 15 5 5073
2 15 6 5876
2 15 7 2521
2 15 8 5380
2 15 9 4226
2 15 10 3505
2 15 11 3999
2 15 12 5385
2 15 13 2605
2 15 14 6212
2 15 15 0
2 15 16 3842
2 15 17 5171
2 15 18 3490
2 16 0 3136
2 16 1 6848
2 16 2 0
2 16 3 5899
2 16 4 2759
2 16 5 7259
2 16 6 6140
2 16 7 5642
2 16 8 4457
2 16 9 3285
2 16 10 5660
2 16 11 5429
2 16 12 6396
2 16 13 3194
2 16 14 7612
2 16 15 4932
2 16 16 0
2 16 17 5688
2 16 18 6457
2 17 0 5766
2 17 1 3748
2 17 2 0
2 17 3 4341
2 17 4 2421
2 17 5 4574
2 17 6 4163
2 17 7 6273
2 17 8 2992
2 17 9 4599
2 17 10 5112
2 17 11 3419
2 17 12 4998
2 17 13 6379
2 17 14 3224
2 17 15 5934
2 17 16 5774
2 17 17 0
2 17 18 3150
2 18 0 6652
2 18 1 3962
2 18 2 0
2 18 3 2765
2 18 4 3299
2 18 5 2424
2 18 6 2697
2 18 7 3904
2 18 8 4745
2 18 9 3070
2 18 10 1053
2 18 11 3704
2 18 12 3087
2 18 13 4595
2 18 14 2087
2 18 15 5084
2 18 16 1242
2 18 17 4464
2 18 18 0
3 0 0 0
3 0 1 6954
3 0 2 5026
3 0 3 0
3 0 4 4572
3 0 5 6242
3 0 6 7362
3 0 7 6451
3 0 8 5411
3 0 9 9289
3 0 10 5572
3 0 11 6109
3 0 12 8211
3 0 13 5644
3 0 14 9268
3 0 15 7046
3 0 16 5237
3 0 17 6604
3 0 18 8035
3 1 0 5986
3 1 1 0
3 1 2 8438
3 1 3 0
3 1 4 8750
3 1 5 4988
3 1 6 6907
3 1 7 6136
3 1 8 6809
3 1 9 7726
3 1 10 5035
3 1 11 5079
3 1 12 8396
3 1 13 7283
3 1 14 8444
3 1 15 4052
3 1 16 8502
3 1 17 4139
3 1 18 4898
3 2 0 7659
3 2 1 4330
3 2 2 0
3 2 3 0
3 2 4 5443
3 2 5 4082
3 2 6 4430
3 2 7 6628
3 2 8 7802
3 2 9 7894
3 2 10 6957
3 2 11 3431
3 2 12 8004
3 2 13 5332
3 2 14 4613
3 2 15 5184
3 2 16 5734
3 2 17 4844
3 2 18 3407
3 3 0 0
3 3 1 0
3 3 2 0
3 3 3 0
3 3 4 0
3 3 5 0
3 3 6 0
3 3 7 0
3 3 8 0
3 3 9 0
3 3 10 0
3 3 11 0
3 3 12 0
3 3 13 0
3 3 14 0
3 3 15 0
3 3 16 0
3 3 17 0
3 3 18 0
3 4 0 3427
3 4 1 8052
3 4 2 5765
3 4 3 0
3 4 4 0
3 4 5 3980
3 4 6 5067
3 4 7 5530
3 4 8 5759
3 4 9 6231
3 4 10 5928
3 4 11 8398
3 4 12 6950
3 4 13 7230
3 4 14 6798
3 4 15 7329
3 4 16 7556
3 4 17 5830
3 4 18 8659
3 5 0 4855
3 5 1 4048
3 5 2 4162
3 5 3 0
3 5 4 5404
3 5 5 0
3 5 6 4047
3 5 7 4266
3 5 8 6704
3 5 9 5302
3 5 10 2128
3 5 11 4405
3 5 12 3962
3 5 13 3069
3 5 14 3508
3 5 15 6252
3 5 16 5709
3 5 17 3624
3 5 18 5859
3 6 0 3562
3 6 1 3554
3 6 2 2097
3 6 3 0
3 6 4 7123
3 6 5 4477
3 6 6 0
3 6 7 7066
3 6 8 4424
3 6 9 4675
3 6 10 7035
3 6 11 6945
3 6 12 7367
3 6 13 5884
3 6 14 5902
3 6 15 8578
3 6 16 6549
3 6 17 6089
3 6 18 8657
3 7 0 5183
3 7 1 5315
3 7 2 6827
3 7 3 0
3 7 4 5546
3 7 5 7925
3 7 6 7750
3 7 7 0
3 7 8 7390
3 7 9 6443
3 7 10 8187
3 7 11 3516
3 7 12 4903
3 7 13 6230
3 7 14 4558
3 7 15 7084
3 7 16 7472
3 7 17 7413
3 7 18 7814
3 8 0 4109
3 8 1 5954
3 8 2 7967
3 8 3 0
3 8 4 6043
3 8 5 4942
3 8 6 7540
3 8 7 3459
3 8 8 0
3 8 9 5877
3 8 10 4464
3 8 11 6043
3 8 12 7198
3 8 13 2646
3 8 14 6346
3 8 15 3840
3 8 16 2966
3 8 17 7407
3 8 18 6618
3 9 0 7614
3 9 1 6498
3 9 2 7686
3 9 3 0
3 9 4 2404
3 9 5 2272
3 9 6 4804
3 9 7 4414
3 9 8 3260
3 9 9 0
3 9 10 4935
3 9 11 2742
3 9 12 4987
3 9 13 4717
3 9 14 1517
3 9 15 2608
3 9 16 1908
3 9 17 1553
3 9 18 5480
3 10 0 5560
3 10 1 5470
3 10 2 8412
3 10 3 0
3 10 4 4093
3 10 5 2857
3 10 6 4814
3 10 7 3318
3 10 8 2709
3 10 9 1316
3 10 10 0
3 10 11 3955
3 10 12 312
3 10 13 418
3 10 14 2661
3 10 15 1239
3 10 16 804
3 10 17 5127
3 10 18 1929
3 11 0 2495
3 11 1 1912
3 11 2 1284
3 11 3 0
3 11 4 5834
3 11 5 5633
3 11 6 6804
3 11 7 8209
3 11 8 4928
3 11 9 6810
3 11 10 4557
3 11 11 0
3 11 12 6453
3 11 13 8215
3 11 14 5234
3 11 15 8820
3 11 16 7376
3 11 17 5749
3 11 18 7790
3 12 0 4279
3 12 1 4911
3 12 2 5539
3 12 3 0
3 12 4 3504
3 12 5 564
3 12 6 649
3 12 7 107
3 12 8 1430
3 12 9 3232
3 12 10 974
3 12 11 4741
3 12 12 0
3 12 13 4171
3 12 14 3786
3 12 15 4625
3 12 16 4680
3 12 17 405
3 12 18 4621
3 13 0 3313
3 13 1 5399
3 13 2 4468
3 13 3 0
3 13 4 5662
3 13 5 7610
3 13 6 7132
3 13 7 5583
3 13 8 8420
3 13 9 5715
3 13 10 7283
3 13 11 8004
3 13 12 8611
3 13 13 0
3 13 14 7473
3 13 15 3908
3 13 16 6872
3 13 17 6116
3 13 18 4822
3 14 0 5575
3 14 1 5198
3 14 2 2387
3 14 3 0
3 14 4 3990
3 14 5 4629
3 14 6 4775
3 14 7 3093
3 14 8 5223
3 14 9 4618
3 14 10 2429
3 14 11 3178
3 14 12 5330
3 14 13 4820
3 14 14 0
3 14 15 3024
3 14 16 3018
3 14 17 4989
3 14 18 1514
3 15 0 3529
3 15 1 982
3 15 2 3134
3 15 3 0
3 15 4 7485
3 15 5 6595
3 15 6 7398
3 15 7 4043
3 15 8 6902
3 15 9 5748
3 15 10 5027
3 15 11 5521
3 15 12 6907
3 15 13 4127
3 15 14 7734
3 15 15 0
3 15 16 5364
3 15 17 6693
3 15 18 5012
3 16 0 3935
3 16 1 7647
3 16 2 5899
3 16 3 0
3 16 4 965
3 16 5 5465
3 16 6 4346
3 16 7 3848
3 16 8 2663
3 16 9 1491
3 16 10 3866
3 16 11 3635
3 16 12 4602
3 16 13 1400
3 16 14 5818
3 16 15 3138
3 16 16 0
3 16 17 3894
3 16 18 4663
3 17 0 4634
3 17 1 2616
3 17 2 4341
3 17 3 0
3 17 4 3728
3 17 5 5881
3 17 6 5470
3 17 7 7580
3 17 8 4299
3 17 9 5906
3 17 10 6419
3 17 11 4726
3 17 12 6305
3 17 13 7686
3 17 14 4531
3 17 15 7241
3 17 16 7081
3 17 17 0
3 17 18 4457
3 18 0 5926
3 18 1 3236
3 18 2 2765
3 18 3 0
3 18 4 5361
3 18 5 4486
3 18 6 4759
3 18 7 5966
3 18 8 6807
3 18 9 5132
3 18 10 3115
3 18 11 5766
3 18 12 5149
3 18 13 6657
3 18 14 4149
3 18 15 7146
3 18 16 3304
3 18 17 6526
3 18 18 0
4 0 0 0
4 0 1 3399
4 0 2 1471
4 0 3 4572
4 0 4 0
4 0 5 1845
4 0 6 2965
4 0 7 2054
4 0 8 1014
4 0 9 4892
4 0 10 1175
4 0 11 1712
4 0 12 3814
4 0 13 1247
4 0 14 4871
4 0 15 2649
4 0 16 840
4 0 17 2207
4 0 18 3638
4 1 0 6427
4 1 1 0
4 1 2 8879
4 1 3 8750
4 1 4 0
4 1 5 1432
4 1 6 3351
4 1 7 2580
4 1 8 3253
4 1 9 4170
4 1 10 1479
4 1 11 1523
4 1 12 4840
4 1 13 3727
4 1 14 4888
4 1 15 496
4 1 16 4946
4 1 17 583
4 1 18 1342
4 2 0 6958
4 2 1 3629
4 2 2 0
4 2 3 5443
4 2 4 0
4 2 5 1948
4 2 6 2296
4 2 7 4494
4 2 8 5668
4 2 9 5760
4 2 10 4823
4 2 11 1297
4 2 12 5870
4 2 13 3198
4 2 14 2479
4 2 15 3050
4 2 16 3600
4 2 17 2710
4 2 18 1273
4 3 0 7562
4 3 1 8191
4 3 2 7046
4 3 3 0
4 3 4 0
4 3 5 5201
4 3 6 7032
4 3 7 6653
4 3 8 5973
4 3 9 4561
4 3 10 3582
4 3 11 7183
4 3 12 3443
4 3 13 7139
4 3 14 4843
4 3 15 7028
4 3 16 4262
4 3 17 6473
4 3 18 5791
4 4 0 0
4 4 1 0
4 4 2 0
4 4 3 0
4 4 4 0
4 4 5 0
4 4 6 0
4 4 7 0
4 4 8 0
4 4 9 0
4 4 10 0
4 4 11 0
4 4 12 0
4 4 13 0
4 4 14 0
4 4 15 0
4 4 16 0
4 4 17 0
4 4 18 0
4 5 0 5300
4 5 1 4493
4 5 2 4607
4 5 3 5404
4 5 4 0
4 5 5 0
4 5 6 2246
4 5 7 2465
4 5 8 4903
4 5 9 3501
4 5 10 327
4 5 11 2604
4 5 12 2161
4 5 13 1268
4 5 14 1707
4 5 15 4451
4 5 16 3908
4 5 17 1823
4 5 18 4058
4 6 0 6308
4 6 1 6300
4 6 2 4843
4 6 3 7123
4 6 4 0
4 6 5 1932
4 6 6 0
4 6 7 4521
4 6 8 1879
4 6 9 2130
4 6 10 4490
4 6 11 4400
4 6 12 4822
4 6 13 3339
4 6 14 3357
4 6 15 6033
4 6 16 4004
4 6 17 3544
4 6 18 6112
4 7 0 4199
4 7 1 4331
4 7 2 5843
4 7 3 5546
4 7 4 0
4 7 5 6222
4 7 6 6047
4 7 7 0
4 7 8 5687
4 7 9 4740
4 7 10 6484
4 7 11 1813
4 7 12 3200
4 7 13 4527
4 7 14 2855
4 7 15 5381
4 7 16 5769
4 7 17 5710
4 7 18 6111
4 8 0 4336
4 8 1 6181
4 8 2 8194
4 8 3 6043
4 8 4 0
4 8 5 4148
4 8 6 6746
4 8 7 2665
4 8 8 0
4 8 9 5083
4 8 10 3670
4 8 11 5249
4 8 12 6404
4 8 13 1852
4 8 14 5552
4 8 15 3046
4 8 16 2172
4 8 17 6613
4 8 18 5824
4 9 0 5987
4 9 1 4871
4 9 2 6059
4 9 3 2404
4 9 4 0
4 9 5 3362
4 9 6 5894
4 9 7 5504
4 9 8 4350
4 9 9 0
4 9 10 6025
4 9 11 3832
4 9 12 6077
4 9 13 5807
4 9 14 2607
4 9 15 3698
4 9 16 2998
4 9 17 2643
4 9 18 6570
4 10 0 4938
4 10 1 4848
4 10 2 7790
4 10 3 4093
4 10 4 0
4 10 5 4623
4 10 6 6580
4 10 7 5084
4 10 8 4475
4 10 9 3082
4 10 10 0
4 10 11 5721
4 10 12 2078
4 10 13 2184
4 10 14 4427
4 10 15 3005
4 10 16 2570
4 10 17 6893
4 10 18 3695
4 11 0 3615
4 11 1 3032
4 11 2 2404
4 11 3 5834
4 11 4 0
4 11 5 6268
4 11 6 7439
4 11 7 8844
4 11 8 5563
4 11 9 7445
4 11 10 5192
4 11 11 0
4 11 12 7088
4 11 13 8850
4 11 14 5869
4 11 15 9455
4 11 16 8011
4 11 17 6384
4 11 18 8425
4 12 0 7127
4 12 1 7759
4 12 2 8387
4 12 3 3504
4 12 4 0
4 12 5 3491
4 12 6 3576
4 12 7 3034
4 12 8 4357
4 12 9 6159
4 12 10 3901
4 12 11 7668
4 12 12 0
4 12 13 7098
4 12 14 6713
4 12 15 7552
4 12 16 7607
4 12 17 3332
4 12 18 7548
4 13 0 3022
4 13 1 5108
4 13 2 4177
4 13 3 5662
4 13 4 0
4 13 5 7121
4 13 6 6643
4 13 7 5094
4 13 8 7931
4 13 9 5226
4 13 10 6794
4 13 11 7515
4 13 12 8122
4 13 13 0
4 13 14 6984
4 13 15 3419
4 13 16 6383
4 13 17 5627
4 13 18 4333
4 14 0 7270
4 14 1 6893
4 14 2 4082
4 14 3 3990
4 14 4 0
4 14 5 6004
4 14 6 6150
4 14 7 4468
4 14 8 6598
4 14 9 5993
4 14 10 3804
4 14 11 4553
4 14 12 6705
4 14 13 6195
4 14 14 0
4 14 15 4399
4 14 16 4393
4 14 17 6364
4 14 18 2889
4 15 0 6358
4 15 1 3811
4 15 2 5963
4 15 3 7485
4 15 4 0
4 15 5 6316
4 15 6 7119
4 15 7 3764
4 15 8 6623
4 15 9 5469
4 15 10 4748
4 15 11 5242
4 15 12 6628
4 15 13 3848
4 15 14 7455
4 15 15 0
4 15 16 5085
4 15 17 6414
4 15 18 4733
4 16 0 795
4 16 1 4507
4 16 2 2759
4 16 3 965
4 16 4 0
4 16 5 8179
4 16 6 7060
4 16 7 6562
4 16 8 5377
4 16 9 4205
4 16 10 6580
4 16 11 6349
4 16 12 7316
4 16 13 4114
4 16 14 8532
4 16 15 5852
4 16 16 0
4 16 17 6608
4 16 18 7377
4 17 0 2714
4 17 1 696
4 17 2 2421
4 17 3 3728
4 17 4 0
4 17 5 4658
4 17 6 4247
4 17 7 6357
4 17 8 3076
4 17 9 4683
4 17 10 5196
4 17 11 3503
4 17 12 5082
4 17 13 6463
4 17 14 3308
4 17 15 6018
4 17 16 5858
4 17 17 0
4 17 18 3234
4 18 0 6460
4 18 1 3770
4 18 2 3299
4 18 3 5361
4 18 4 0
4 18 5 6774
4 18 6 7047
4 18 7 8254
4 18 8 9095
4 18 9 7420
4 18 10 5403
4 18 11 8054
4 18 12 7437
4 18 13 8945
4 18 14 6437
4 18 15 9434
4 18 16 5592
4 18 17 8814
4 18 18 0
5 0 0 0
5 0 1 5069
5 0 2 3141
5 0 3 6242
5 0 4 1845
5 0 5 0
5 0 6 7478
5 0 7 6567
5 0 8 5527
5 0 9 9405
5 0 10 5688
5 0 11 6225
5 0 12 8327
5 0 13 5760
5 0 14 9384
5 0 15 7162
5 0 16 5353
5 0 17 6720
5 0 18 8151
5 1 0 2665
5 1 1 0
5 1 2 5117
5 1 3 4988
5 1 4 1432
5 1 5 0
5 1 6 7058
5 1 7 6287
5 1 8 6960
5 1 9 7877
5 1 10 5186
5 1 11 5230
5 1 12 8547
5 1 13 7434
5 1 14 8595
5 1 15 4203
5 1 16 8653
5 1 17 4290
5 1 18 5049
5 2 0 5597
5 2 1 2268
5 2 2 0
5 2 3 4082
5 2 4 1948
5 2 5 0
5 2 6 4692
5 2 7 6890
5 2 8 8064
5 2 9 8156
5 2 10 7219
5 2 11 3693
5 2 12 8266
5 2 13 5594
5 2 14 4875
5 2 15 5446
5 2 16 5996
5 2 17 5106
5 2 18 3669
5 3 0 5501
5 3 1 6130
5 3 2 4985
5 3 3 0
5 3 4 5201
5 3 5 0
5 3 6 6790
5 3 7 6411
5 3 8 5731
5 3 9 4319
5 3 10 3340
5 3 11 6941
5 3 12 3201
5 3 13 6897
5 3 14 4601
5 3 15 6786
5 3 16 4020
5 3 17 6231
5 3 18 5549
5 4 0 145
5 4 1 4770
5 4 2 2483
5 4 3 3980
5 4 4 0
5 4 5 0
5 4 6 4690
5 4 7 5153
5 4 8 5382
5 4 9 5854
5 4 10 5551
5 4 11 8021
5 4 12 6573
5 4 13 6853
5 4 14 6421
5 4 15 6952
5 4 16 7179
5 4 17 5453
5 4 18 8282
5 5 0 0
5 5 1 0
5 5 2 0
5 5 3 0
5 5 4 0
5 5 5 0
5 5 6 0
5 5 7 0
5 5 8 0
5 5 9 0
5 5 10 0
5 5 11 0
5 5 12 0
5 5 13 0
5 5 14 0
5 5 15 0
5 5 16 0
5 5 17 0
5 5 18 0
5 6 0 3662
5 6 1 3654
5 6 2 2197
5 6 3 4477
5 6 4 1932
5 6 5 0
5 6 6 0
5 6 7 5562
5 6 8 2920
5 6 9 3171
5 6 10 5531
5 6 11 5441
5 6 12 5863
5 6 13 4380
5 6 14 4398
5 6 15 7074
5 6 16 5045
5 6 17 4585
5 6 18 7153
5 7 0 6578
5 7 1 6710
5 7 2 8222
5 7 3 7925
5 7 4 6222
5 7 5 0
5 7 6 6844
5 7 7 0
5 7 8 6484
5 7 9 5537
5 7 10 7281
5 7 11 2610
5 7 12 3997
5 7 13 5324
5 7 14 3652
5 7 15 6178
5 7 16 6566
5 7 17 6507
5 7 18 6908
5 8 0 3235
5 8 1 5080
5 8 2 7093
5 8 3 4942
5 8 4 4148
5 8 5 0
5 8 6 9752
5 8 7 5671
5 8 8 0
5 8 9 8089
5 8 10 6676
5 8 11 8255
5 8 12 9410
5 8 13 4858
5 8 14 8558
5 8 15 6052
5 8 16 5178
5 8 17 9619
5 8 18 8830
5 9 0 5855
5 9 1 4739
5 9 2 5927
5 9 3 2272
5 9 4 3362
5 9 5 0
5 9 6 7026
5 9 7 6636
5 9 8 5482
5 9 9 0
5 9 10 7157
5 9 11 4964
5 9 12 7209
5 9 13 6939
5 9 14 3739
5 9 15 4830
5 9 16 4130
5 9 17 3775
5 9 18 7702
5 10 0 3702
5 10 1 3612
5 10 2 6554
5 10 3 2857
5 10 4 4623
5 10 5 0
5 10 6 4841
5 10 7 3345
5 10 8 2736
5 10 9 1343
5 10 10 0
5 10 11 3982
5 10 12 339
5 10 13 445
5 10 14 2688
5 10 15 1266
5 10 16 831
5 10 17 5154
5 10 18 1956
5 11 0 3414
5 11 1 2831
5 11 2 2203
5 11 3 5633
5 11 4 6268
5 11 5 0
5 11 6 5507
5 11 7 6912
5 11 8 3631
5 11 9 5513
5 11 10 3260
5 11 11 0
5 11 12 5156
5 11 13 6918
5 11 14 3937
5 11 15 7523
5 11 16 6079
5 11 17 4452
5 11 18 6493
5 12 0 4187
5 12 1 4819
5 12 2 5447
5 12 3 564
5 12 4 3491
5 12 5 0
5 12 6 2649
5 12 7 2107
5 12 8 3430
5 12 9 5232
5 12 10 2974
5 12 11 6741
5 12 12 0
5 12 13 6171
5 12 14 5786
5 12 15 6625
5 12 16 6680
5 12 17 2405
5 12 18 6621
5 13 0 4970
5 13 1 7056
5 13 2 6125
5 13 3 7610
5 13 4 7121
5 13 5 0
5 13 6 4543
5 13 7 2994
5 13 8 5831
5 13 9 3126
5 13 10 4694
5 13 11 5415
5 13 12 6022
5 13 13 0
5 13 14 4884
5 13 15 1319
5 13 16 4283
5 13 17 3527
5 13 18 2233
5 14 0 7909
5 14 1 7532
5 14 2 4721
5 14 3 4629
5 14 4 6004
5 14 5 0
5 14 6 4921
5 14 7 3239
5 14 8 5369
5 14 9 4764
5 14 10 2575
5 14 11 3324
5 14 12 5476
5 14 13 4966
5 14 14 0
5 14 15 3170
5 14 16 3164
5 14 17 5135
5 14 18 1660
5 15 0 5468
5 15 1 2921
5 15 2 5073
5 15 3 6595
5 15 4 6316
5 15 5 0
5 15 6 8103
5 15 7 4748
5 15 8 7607
5 15 9 6453
5 15 10 5732
5 15 11 6226
5 15 12 7612
5 15 13 4832
5 15 14 8439
5 15 15 0
5 15 16 6069
5 15 17 7398
5 15 18 5717
5 16 0 5295
5 16 1 9007
5 16 2 7259
5 16 3 5465
5 16 4 8179
5 16 5 0
5 16 6 7274
5 16 7 6776
5 16 8 5591
5 16 9 4419
5 16 10 6794
5 16 11 6563
5 16 12 7530
5 16 13 4328
5 16 14 8746
5 16 15 6066
5 16 16 0
5 16 17 6822
5 16 18 7591
5 17 0 4867
5 17 1 2849
5 17 2 4574
5 17 3 5881
5 17 4 4658
5 17 5 0
5 17 6 4102
5 17 7 6212
5 17 8 2931
5 17 9 4538
5 17 10 5051
5 17 11 3358
5 17 12 4937
5 17 13 6318
5 17 14 3163
5 17 15 5873
5 17 16 5713
5 17 17 0
5 17 18 3089
5 18 0 5585
5 18 1 2895
5 18 2 2424
5 18 3 4486
5 18 4 6774
5 18 5 0
5 18 6 6308
5 18 7 7515
5 18 8 8356
5 18 9 6681
5 18 10 4664
5 18 11 7315
5 18 12 6698
5 18 13 8206
5 18 14 5698
5 18 15 8695
5 18 16 4853
5 18 17 8075
5 18 18 0
6 0 0 0
6 0 1 6189
6 0 2 4261
6 0 3 7362
6 0 4 2965
6 0 5 7478
6 0 6 0
6 0 7 6486
6 0 8 5446
6 0 9 9324
6 0 10 5607
6 0 11 6144
6 0 12 8246
6 0 13 5679
6 0 14 9303
6 0 15 7081
6 0 16 5272
6 0 17 6639
6 0 18 8070
6 1 0 4584
6 1 1 0
6 1 2 7036
6 1 3 6907
6 1 4 3351
6 1 5 7058
6 1 6 0
6 1 7 3979
6 1 8 4652
6 1 9 5569
6 1 10 2878
6 1 11 2922
6 1 12 6239
6 1 13 5126
6 1 14 6287
6 1 15 1895
6 1 16 6345
6 1 17 1982
6 1 18 2741
6 2 0 5945
6 2 1 2616
6 2 2 0
6 2 3 4430
6 2 4 2296
6 2 5 4692
6 2 6 0
6 2 7 7948
6 2 8 9122
6 2 9 9214
6 2 10 8277
6 2 11 4751
6 2 12 9324
6 2 13 6652
6 2 14 5933
6 2 15 6504
6 2 16 7054
6 2 17 6164
6 2 18 4727
6 3 0 7332
6 3 1 7961
6 3 2 6816
6 3 3 0
6 3 4 7032
6 3 5 6790
6 3 6 0
6 3 7 3998
6 3 8 3318
6 3 9 1906
6 3 10 927
6 3 11 4528
6 3 12 788
6 3 13 4484
6 3 14 2188
6 3 15 4373
6 3 16 1607
6 3 17 3818
6 3 18 3136
6 4 0 1232
6 4 1 5857
6 4 2 3570
6 4 3 5067
6 4 4 0
6 4 5 4690
6 4 6 0
6 4 7 5041
6 4 8 5270
6 4 9 5742
6 4 10 5439
6 4 11 7909
6 4 12 6461
6 4 13 6741
6 4 14 6309
6 4 15 6840
6 4 16 7067
6 4 17 5341
6 4 18 8170
6 5 0 3943
6 5 1 3136
6 5 2 3250
6 5 3 4047
6 5 4 2246
6 5 5 0
6 5 6 0
6 5 7 3192
6 5 8 5630
6 5 9 4228
6 5 10 1054
6 5 11 3331
6 5 12 2888
6 5 13 1995
6 5 14 2434
6 5 15 5178
6 5 16 4635
6 5 17 2550
6 5 18 4785
6 6 0 0
6 6 1 0
6 6 2 0
6 6 3 0
6 6 4 0
6 6 5 0
6 6 6 0
6 6 7 0
6 6 8 0
6 6 9 0
6 6 10 0
6 6 11 0
6 6 12 0
6 6 13 0
6 6 14 0
6 6 15 0
6 6 16 0
6 6 17 0
6 6 18 0
6 7 0 6403
6 7 1 6535
6 7 2 8047
6 7 3 7750
6 7 4 6047
6 7 5 6844
6 7 6 0
6 7 7 0
6 7 8 7453
6 7 9 6506
6 7 10 8250
6 7 11 3579
6 7 12 4966
6 7 13 6293
6 7 14 4621
6 7 15 7147
6 7 16 7535
6 7 17 7476
6 7 18 7877
6 8 0 5833
6 8 1 7678
6 8 2 9691
6 8 3 7540
6 8 4 6746
6 8 5 9752
6 8 6 0
6 8 7 1560
6 8 8 0
6 8 9 3978
6 8 10 2565
6 8 11 4144
6 8 12 5299
6 8 13 747
6 8 14 4447
6 8 15 1941
6 8 16 1067
6 8 17 5508
6 8 18 4719
6 9 0 8387
6 9 1 7271
6 9 2 8459
6 9 3 4804
6 9 4 5894
6 9 5 7026
6 9 6 0
6 9 7 4178
6 9 8 3024
6 9 9 0
6 9 10 4699
6 9 11 2506
6 9 12 4751
6 9 13 4481
6 9 14 1281
6 9 15 2372
6 9 16 1672
6 9 17 1317
6 9 18 5244
6 10 0 5659
6 10 1 5569
6 10 2 8511
6 10 3 4814
6 10 4 6580
6 10 5 4841
6 10 6 0
6 10 7 6421
6 10 8 5812
6 10 9 4419
6 10 10 0
6 10 11 7058
6 10 12 3415
6 10 13 3521
6 10 14 5764
6 10 15 4342
6 10 16 3907
6 10 17 8230
6 10 18 5032
6 11 0 4585
6 11 1 4002
6 11 2 3374
6 11 3 6804
6 11 4 7439
6 11 5 5507
6 11 6 0
6 11 7 7621
6 11 8 4340
6 11 9 6222
6 11 10 3969
6 11 11 0
6 11 12 5865
6 11 13 7627
6 11 14 4646
6 11 15 8232
6 11 16 6788
6 11 17 5161
6 11 18 7202
6 12 0 4272
6 12 1 4904
6 12 2 5532
6 12 3 649
6 12 4 3576
6 12 5 2649
6 12 6 0
6 12 7 3681
6 12 8 5004
6 12 9 6806
6 12 10 4548
6 12 11 8315
6 12 12 0
6 12 13 7745
6 12 14 7360
6 12 15 8199
6 12 16 8254
6 12 17 3979
6 12 18 8195
6 13 0 4492
6 13 1 6578
6 13 2 5647
6 13 3 7132
6 13 4 6643
6 13 5 4543
6 13 6 0
6 13 7 3978
6 13 8 6815
6 13 9 4110
6 13 10 5678
6 13 11 6399
6 13 12 7006
6 13 13 0
6 13 14 5868
6 13 15 2303
6 13 16 5267
6 13 17 4511
6 13 18 3217
6 14 0 8055
6 14 1 7678
6 14 2 4867
6 14 3 4775
6 14 4 6150
6 14 5 4921
6 14 6 0
6 14 7 3802
6 14 8 5932
6 14 9 5327
6 14 10 3138
6 14 11 3887
6 14 12 6039
6 14 13 5529
6 14 14 0
6 14 15 3733
6 14 16 3727
6 14 17 5698
6 14 18 2223
6 15 0 6271
6 15 1 3724
6 15 2 5876
6 15 3 7398
6 15 4 7119
6 15 5 8103
6 15 6 0
6 15 7 5243
6 15 8 8102
6 15 9 6948
6 15 10 6227
6 15 11 6721
6 15 12 8107
6 15 13 5327
6 15 14 8934
6 15 15 0
6 15 16 6564
6 15 17 7893
6 15 18 6212
6 16 0 4176
6 16 1 7888
6 16 2 6140
6 16 3 4346
6 16 4 7060
6 16 5 7274
6 16 6 0
6 16 7 5785
6 16 8 4600
6 16 9 3428
6 16 10 5803
6 16 11 5572
6 16 12 6539
6 16 13 3337
6 16 14 7755
6 16 15 5075
6 16 16 0
6 16 17 5831
6 16 18 6600
6 17 0 4456
6 17 1 2438
6 17 2 4163
6 17 3 5470
6 17 4 4247
6 17 5 4102
6 17 6 0
6 17 7 6846
6 17 8 3565
6 17 9 5172
6 17 10 5685
6 17 11 3992
6 17 12 5571
6 17 13 6952
6 17 14 3797
6 17 15 6507
6 17 16 6347
6 17 17 0
6 17 18 3723
6 18 0 5858
6 18 1 3168
6 18 2 2697
6 18 3 4759
6 18 4 7047
6 18 5 6308
6 18 6 0
6 18 7 8482
6 18 8 9323
6 18 9 7648
6 18 10 5631
6 18 11 8282
6 18 12 7665
6 18 13 9173
6 18 14 6665
6 18 15 9662
6 18 16 5820
6 18 17 9042
6 18 18 0
7 0 0 0
7 0 1 5278
7 0 2 3350
7 0 3 6451
7 0 4 2054
7 0 5 6567
7 0 6 6486
7 0 7 0
7 0 8 3776
7 0 9 7654
7 0 10 3937
7 0 11 4474
7 0 12 6576
7 0 13 4009
7 0 14 7633
7 0 15 5411
7 0 16 3602
7 0 17 4969
7 0 18 6400
7 1 0 3813
7 1 1 0
7 1 2 6265
7 1 3 6136
7 1 4 2580
7 1 5 6287
7 1 6 3979
7 1 7 0
7 1 8 4818
7 1 9 5735
7 1 10 3044
7 1 11 3088
7 1 12 6405
7 1 13 5292
7 1 14 6453
7 1 15 2061
7 1 16 6511
7 1 17 2148
7 1 18 2907
7 2 0 8143
7 2 1 4814
7 2 2 0
7 2 3 6628
7 2 4 4494
7 2 5 6890
7 2 6 7948
7 2 7 0
7 2 8 6697
7 2 9 6789
7 2 10 5852
7 2 11 2326
7 2 12 6899
7 2 13 4227
7 2 14 3508
7 2 15 4079
7 2 16 4629
7 2 17 3739
7 2 18 2302
7 3 0 6953
7 3 1 7582
7 3 2 6437
7 3 3 0
7 3 4 6653
7 3 5 6411
7 3 6 3998
7 3 7 0
7 3 8 5850
7 3 9 4438
7 3 10 3459
7 3 11 7060
7 3 12 3320
7 3 13 7016
7 3 14 4720
7 3 15 6905
7 3 16 4139
7 3 17 6350
7 3 18 5668
7 4 0 1695
7 4 1 6320
7 4 2 4033
7 4 3 5530
7 4 4 0
7 4 5 5153
7 4 6 5041
7 4 7 0
7 4 8 4072
7 4 9 4544
7 4 10 4241
7 4 11 6711
7 4 12 5263
7 4 13 5543
7 4 14 5111
7 4 15 5642
7 4 16 5869
7 4 17 4143
7 4 18 6972
7 5 0 4162
7 5 1 3355
7 5 2 3469
7 5 3 4266
7 5 4 2465
7 5 5 0
7 5 6 3192
7 5 7 0
7 5 8 9457
7 5 9 8055
7 5 10 4881
7 5 11 7158
7 5 12 6715
7 5 13 5822
7 5 14 6261
7 5 15 9005
7 5 16 8462
7 5 17 6377
7 5 18 8612
7 6 0 6251
7 6 1 6243
7 6 2 4786
7 6 3 7066
7 6 4 4521
7 6 5 5562
7 6 6 0
7 6 7 0
7 6 8 5171
7 6 9 5422
7 6 10 7782
7 6 11 7692
7 6 12 8114
7 6 13 6631
7 6 14 6649
7 6 15 9325
7 6 16 7296
7 6 17 6836
7 6 18 9404
7 7 0 0
7 7 1 0
7 7 2 0
7 7 3 0
7 7 4 0
7 7 5 0
7 7 6 0
7 7 7 0
7 7 8 0
7 7 9 0
7 7 10 0
7 7 11 0
7 7 12 0
7 7 13 0
7 7 14 0
7 7 15 0
7 7 16 0
7 7 17 0
7 7 18 0
7 8 0 1752
7 8 1 3597
7 8 2 5610
7 8 3 3459
7 8 4 2665
7 8 5 5671
7 8 6 1560
7 8 7 0
7 8 8 0
7 8 9 7323
7 8 10 5910
7 8 11 7489
7 8 12 8644
7 8 13 4092
7 8 14 7792
7 8 15 5286
7 8 16 4412
7 8 17 8853
7 8 18 8064
7 9 0 7997
7 9 1 6881
7 9 2 8069
7 9 3 4414
7 9 4 5504
7 9 5 6636
7 9 6 4178
7 9 7 0
7 9 8 5171
7 9 9 0
7 9 10 6846
7 9 11 4653
7 9 12 6898
7 9 13 6628
7 9 14 3428
7 9 15 4519
7 9 16 3819
7 9 17 3464
7 9 18 7391
7 10 0 4163
7 10 1 4073
7 10 2 7015
7 10 3 3318
7 10 4 5084
7 10 5 3345
7 10 6 6421
7 10 7 0
7 10 8 7343
7 10 9 5950
7 10 10 0
7 10 11 8589
7 10 12 4946
7 10 13 5052
7 10 14 7295
7 10 15 5873
7 10 16 5438
7 10 17 9761
7 10 18 6563
7 11 0 5990
7 11 1 5407
7 11 2 4779
7 11 3 8209
7 11 4 8844
7 11 5 6912
7 11 6 7621
7 11 7 0
7 11 8 1290
7 11 9 3172
7 11 10 919
7 11 11 0
7 11 12 2815
7 11 13 4577
7 11 14 1596
7 11 15 5182
7 11 16 3738
7 11 17 2111
7 11 18 4152
7 12 0 3730
7 12 1 4362
7 12 2 4990
7 12 3 107
7 12 4 3034
7 12 5 2107
7 12 6 3681
7 12 7 0
7 12 8 2919
7 12 9 4721
7 12 10 2463
7 12 11 6230
7 12 12 0
7 12 13 5660
7 12 14 5275
7 12 15 6114
7 12 16 6169
7 12 17 1894
7 12 18 6110
7 13 0 2943
7 13 1 5029
7 13 2 4098
7 13 3 5583
7 13 4 5094
7 13 5 2994
7 13 6 3978
7 13 7 0
7 13 8 7540
7 13 9 4835
7 13 10 6403
7 13 11 7124
7 13 12 7731
7 13 13 0
7 13 14 6593
7 13 15 3028
7 13 16 5992
7 13 17 5236
7 13 18 3942
7 14 0 6373
7 14 1 5996
7 14 2 3185
7 14 3 3093
7 14 4 4468
7 14 5 3239
7 14 6 3802
7 14 7 0
7 14 8 4967
7 14 9 4362
7 14 10 2173
7 14 11 2922
7 14 12 5074
7 14 13 4564
7 14 14 0
7 14 15 2768
7 14 16 2762
7 14 17 4733
7 14 18 1258
7 15 0 2916
7 15 1 369
7 15 2 2521
7 15 3 4043
7 15 4 3764
7 15 5 4748
7 15 6 5243
7 15 7 0
7 15 8 6987
7 15 9 5833
7 15 10 5112
7 15 11 5606
7 15 12 6992
7 15 13 4212
7 15 14 7819
7 15 15 0
7 15 16 5449
7 15 17 6778
7 15 18 5097
7 16 0 3678
7 16 1 7390
7 16 2 5642
7 16 3 3848
7 16 4 6562
7 16 5 6776
7 16 6 5785
7 16 7 0
7 16 8 5902
7 16 9 4730
7 16 10 7105
7 16 11 6874
7 16 12 7841
7 16 13 4639
7 16 14 9057
7 16 15 6377
7 16 16 0
7 16 17 7133
7 16 18 7902
7 17 0 6566
7 17 1 4548
7 17 2 6273
7 17 3 7580
7 17 4 6357
7 17 5 6212
7 17 6 6846
7 17 7 0
7 17 8 5268
7 17 9 6875
7 17 10 7388
7 17 11 5695
7 17 12 7274
7 17 13 8655
7 17 14 5500
7 17 15 8210
7 17 16 8050
7 17 17 0
7 17 18 5426
7 18 0 7065
7 18 1 4375
7 18 2 3904
7 18 3 5966
7 18 4 8254
7 18 5 7515
7 18 6 8482
7 18 7 0
7 18 8 8859
7 18 9 7184
7 18 10 5167
7 18 11 7818
7 18 12 7201
7 18 13 8709
7 18 14 6201
7 18 15 9198
7 18 16 5356
7 18 17 8578
7 18 18 0
8 0 0 0
8 0 1 4238
8 0 2 2310
8 0 3 5411
8 0 4 1014
8 0 5 5527
8 0 6 5446
8 0 7 3776
8 0 8 0
8 0 9 6708
8 0 10 2991
8 0 11 3528
8 0 12 5630
8 0 13 3063
8 0 14 6687
8 0 15 4465
8 0 16 2656
8 0 17 4023
8 0 18 5454
8 1 0 4486
8 1 1 0
8 1 2 6938
8 1 3 6809
8 1 4 3253
8 1 5 6960
8 1 6 4652
8 1 7 4818
8 1 8 0
8 1 9 4656
8 1 10 1965
8 1 11 2009
8 1 12 5326
8 1 13 4213
8 1 14 5374
8 1 15 982
8 1 16 5432
8 1 17 1069
8 1 18 1828
8 2 0 9317
8 2 1 5988
8 2 2 0
8 2 3 7802
8 2 4 5668
8 2 5 8064
8 2 6 9122
8 2 7 6697
8 2 8 0
8 2 9 8004
8 2 10 7067
8 2 11 3541
8 2 12 8114
8 2 13 5442
8 2 14 4723
8 2 15 5294
8 2 16 5844
8 2 17 4954
8 2 18 3517
8 3 0 6273
8 3 1 6902
8 3 2 5757
8 3 3 0
8 3 4 5973
8 3 5 5731
8 3 6 3318
8 3 7 5850
8 3 8 0
8 3 9 4404
8 3 10 3425
8 3 11 7026
8 3 12 3286
8 3 13 6982
8 3 14 4686
8 3 15 6871
8 3 16 4105
8 3 17 6316
8 3 18 5634
8 4 0 1924
8 4 1 6549
8 4 2 4262
8 4 3 5759
8 4 4 0
8 4 5 5382
8 4 6 5270
8 4 7 4072
8 4 8 0
8 4 9 5721
8 4 10 5418
8 4 11 7888
8 4 12 6440
8 4 13 6720
8 4 14 6288
8 4 15 6819
8 4 16 7046
8 4 17 5320
8 4 18 8149
8 5 0 6600
8 5 1 5793
8 5 2 5907
8 5 3 6704
8 5 4 4903
8 5 5 0
8 5 6 5630
8 5 7 9457
8 5 8 0
8 5 9 5752
8 5 10 2578
8 5 11 4855
8 5 12 4412
8 5 13 3519
8 5 14 3958
8 5 15 6702
8 5 16 6159
8 5 17 4074
8 5 18 6309
8 6 0 3609
8 6 1 3601
8 6 2 2144
8 6 3 4424
8 6 4 1879
8 6 5 2920
8 6 6 0
8 6 7 5171
8 6 8 0
8 6 9 5892
8 6 10 8252
8 6 11 8162
8 6 12 8584
8 6 13 7101
8 6 14 7119
8 6 15 9795
8 6 16 7766
8 6 17 7306
8 6 18 9874
8 7 0 6043
8 7 1 6175
8 7 2 7687
8 7 3 7390
8 7 4 5687
8 7 5 6484
8 7 6 7453
8 7 7 0
8 7 8 0
8 7 9 3958
8 7 10 5702
8 7 11 1031
8 7 12 2418
8 7 13 3745
8 7 14 2073
8 7 15 4599
8 7 16 4987
8 7 17 4928
8 7 18 5329
8 8 0 0
8 8 1 0
8 8 2 0
8 8 3 0
8 8 4 0
8 8 5 0
8 8 6 0
8 8 7 0
8 8 8 0
8 8 9 0
8 8 10 0
8 8 11 0
8 8 12 0
8 8 13 0
8 8 14 0
8 8 15 0
8 8 16 0
8 8 17 0
8 8 18 0
8 9 0 6843
8 9 1 5727
8 9 2 6915
8 9 3 3260
8 9 4 4350
8 9 5 5482
8 9 6 3024
8 9 7 5171
8 9 8 0
8 9 9 0
8 9 10 6960
8 9 11 4767
8 9 12 7012
8 9 13 6742
8 9 14 3542
8 9 15 4633
8 9 16 3933
8 9 17 3578
8 9 18 7505
8 10 0 3554
8 10 1 3464
8 10 2 6406
8 10 3 2709
8 10 4 4475
8 10 5 2736
8 10 6 5812
8 10 7 7343
8 10 8 0
8 10 9 2907
8 10 10 0
8 10 11 5546
8 10 12 1903
8 10 13 2009
8 10 14 4252
8 10 15 2830
8 10 16 2395
8 10 17 6718
8 10 18 3520
8 11 0 2709
8 11 1 2126
8 11 2 1498
8 11 3 4928
8 11 4 5563
8 11 5 3631
8 11 6 4340
8 11 7 1290
8 11 8 0
8 11 9 6379
8 11 10 4126
8 11 11 0
8 11 12 6022
8 11 13 7784
8 11 14 4803
8 11 15 8389
8 11 16 6945
8 11 17 5318
8 11 18 7359
8 12 0 5053
8 12 1 5685
8 12 2 6313
8 12 3 1430
8 12 4 4357
8 12 5 3430
8 12 6 5004
8 12 7 2919
8 12 8 0
8 12 9 7696
8 12 10 5438
8 12 11 9205
8 12 12 0
8 12 13 8635
8 12 14 8250
8 12 15 9089
8 12 16 9144
8 12 17 4869
8 12 18 9085
8 13 0 5780
8 13 1 7866
8 13 2 6935
8 13 3 8420
8 13 4 7931
8 13 5 5831
8 13 6 6815
8 13 7 7540
8 13 8 0
8 13 9 1931
8 13 10 3499
8 13 11 4220
8 13 12 4827
8 13 13 0
8 13 14 3689
8 13 15 124
8 13 16 3088
8 13 17 2332
8 13 18 1038
8 14 0 8503
8 14 1 8126
8 14 2 5315
8 14 3 5223
8 14 4 6598
8 14 5 5369
8 14 6 5932
8 14 7 4967
8 14 8 0
8 14 9 6830
8 14 10 4641
8 14 11 5390
8 14 12 7542
8 14 13 7032
8 14 14 0
8 14 15 5236
8 14 16 5230
8 14 17 7201
8 14 18 3726
8 15 0 5775
8 15 1 3228
8 15 2 5380
8 15 3 6902
8 15 4 6623
8 15 5 7607
8 15 6 8102
8 15 7 6987
8 15 8 0
8 15 9 3269
8 15 10 2548
8 15 11 3042
8 15 12 4428
8 15 13 1648
8 15 14 5255
8 15 15 0
8 15 16 2885
8 15 17 4214
8 15 18 2533
8 16 0 2493
8 16 1 6205
8 16 2 4457
8 16 3 2663
8 16 4 5377
8 16 5 5591
8 16 6 4600
8 16 7 5902
8 16 8 0
8 16 9 904
8 16 10 3279
8 16 11 3048
8 16 12 4015
8 16 13 813
8 16 14 5231
8 16 15 2551
8 16 16 0
8 16 17 3307
8 16 18 4076
8 17 0 3285
8 17 1 1267
8 17 2 2992
8 17 3 4299
8 17 4 3076
8 17 5 2931
8 17 6 3565
8 17 7 5268
8 17 8 0
8 17 9 7549
8 17 10 8062
8 17 11 6369
8 17 12 7948
8 17 13 9329
8 17 14 6174
8 17 15 8884
8 17 16 8724
8 17 17 0
8 17 18 6100
8 18 0 7906
8 18 1 5216
8 18 2 4745
8 18 3 6807
8 18 4 9095
8 18 5 8356
8 18 6 9323
8 18 7 8859
8 18 8 0
8 18 9 6668
8 18 10 4651
8 18 11 7302
8 18 12 6685
8 18 13 8193
8 18 14 5685
8 18 15 8682
8 18 16 4840
8 18 17 8062
8 18 18 0
9 0 0 0
9 0 1 8116
9 0 2 6188
9 0 3 9289
9 0 4 4892
9 0 5 9405
9 0 6 9324
9 0 7 7654
9 0 8 6708
9 0 9 0
9 0 10 3514
9 0 11 4051
9 0 12 6153
9 0 13 3586
9 0 14 7210
9 0 15 4988
9 0 16 3179
9 0 17 4546
9 0 18 5977
9 1 0 5403
9 1 1 0
9 1 2 7855
9 1 3 7726
9 1 4 4170
9 1 5 7877
9 1 6 5569
9 1 7 5735
9 1 8 4656
9 1 9 0
9 1 10 4092
9 1 11 4136
9 1 12 7453
9 1 13 6340
9 1 14 7501
9 1 15 3109
9 1 16 7559
9 1 17 3196
9 1 18 3955
9 2 0 9409
9 2 1 6080
9 2 2 0
9 2 3 7894
9 2 4 5760
9 2 5 8156
9 2 6 9214
9 2 7 6789
9 2 8 8004
9 2 9 0
9 2 10 6681
9 2 11 3155
9 2 12 7728
9 2 13 5056
9 2 14 4337
9 2 15 4908
9 2 16 5458
9 2 17 4568
9 2 18 3131
9 3 0 4861
9 3 1 5490
9 3 2 4345
9 3 3 0
9 3 4 4561
9 3 5 4319
9 3 6 1906
9 3 7 4438
9 3 8 4404
9 3 9 0
9 3 10 3052
9 3 11 6653
9 3 12 2913
9 3 13 6609
9 3 14 4313
9 3 15 6498
9 3 16 3732
9 3 17 5943
9 3 18 5261
9 4 0 2396
9 4 1 7021
9 4 2 4734
9 4 3 6231
9 4 4 0
9 4 5 5854
9 4 6 5742
9 4 7 4544
9 4 8 5721
9 4 9 0
9 4 10 3191
9 4 11 5661
9 4 12 4213
9 4 13 4493
9 4 14 4061
9 4 15 4592
9 4 16 4819
9 4 17 3093
9 4 18 5922
9 5 0 5198
9 5 1 4391
9 5 2 4505
9 5 3 5302
9 5 4 3501
9 5 5 0
9 5 6 4228
9 5 7 8055
9 5 8 5752
9 5 9 0
9 5 10 1320
9 5 11 3597
9 5 12 3154
9 5 13 2261
9 5 14 2700
9 5 15 5444
9 5 16 4901
9 5 17 2816
9 5 18 5051
9 6 0 3860
9 6 1 3852
9 6 2 2395
9 6 3 4675
9 6 4 2130
9 6 5 3171
9 6 6 0
9 6 7 5422
9 6 8 5892
9 6 9 0
9 6 10 6928
9 6 11 6838
9 6 12 7260
9 6 13 5777
9 6 14 5795
9 6 15 8471
9 6 16 6442
9 6 17 5982
9 6 18 8550
9 7 0 5096
9 7 1 5228
9 7 2 6740
9 7 3 6443
9 7 4 4740
9 7 5 5537
9 7 6 6506
9 7 7 0
9 7 8 3958
9 7 9 0
9 7 10 8069
9 7 11 3398
9 7 12 4785
9 7 13 6112
9 7 14 4440
9 7 15 6966
9 7 16 7354
9 7 17 7295
9 7 18 7696
9 8 0 4170
9 8 1 6015
9 8 2 8028
9 8 3 5877
9 8 4 5083
9 8 5 8089
9 8 6 3978
9 8 7 7323
9 8 8 0
9 8 9 0
9 8 10 3872
9 8 11 5451
9 8 12 6606
9 8 13 2054
9 8 14 5754
9 8 15 3248
9 8 16 2374
9 8 17 6815
9 8 18 6026
9 9 0 0
9 9 1 0
9 9 2 0
9 9 3 0
9 9 4 0
9 9 5 0
9 9 6 0
9 9 7 0
9 9 8 0
9 9 9 0
9 9 10 0
9 9 11 0
9 9 12 0
9 9 13 0
9 9 14 0
9 9 15 0
9 9 16 0
9 9 17 0
9 9 18 0
9 10 0 2161
9 10 1 2071
9 10 2 5013
9 10 3 1316
9 10 4 3082
9 10 5 1343
9 10 6 4419
9 10 7 5950
9 10 8 2907
9 10 9 0
9 10 10 0
9 10 11 7429
9 10 12 3786
9 10 13 3892
9 10 14 6135
9 10 15 4713
9 10 16 4278
9 10 17 8601
9 10 18 5403
9 11 0 4591
9 11 1 4008
9 11 2 3380
9 11 3 6810
9 11 4 7445
9 11 5 5513
9 11 6 6222
9 11 7 3172
9 11 8 6379
9 11 9 0
9 11 10 2237
9 11 11 0
9 11 12 4133
9 11 13 5895
9 11 14 2914
9 11 15 6500
9 11 16 5056
9 11 17 3429
9 11 18 5470
9 12 0 6855
9 12 1 7487
9 12 2 8115
9 12 3 3232
9 12 4 6159
9 12 5 5232
9 12 6 6806
9 12 7 4721
9 12 8 7696
9 12 9 0
9 12 10 4639
9 12 11 8406
9 12 12 0
9 12 13 7836
9 12 14 7451
9 12 15 8290
9 12 16 8345
9 12 17 4070
9 12 18 8286
9 13 0 3075
9 13 1 5161
9 13 2 4230
9 13 3 5715
9 13 4 5226
9 13 5 3126
9 13 6 4110
9 13 7 4835
9 13 8 1931
9 13 9 0
9 13 10 6982
9 13 11 7703
9 13 12 8310
9 13 13 0
9 13 14 7172
9 13 15 3607
9 13 16 6571
9 13 17 5815
9 13 18 4521
9 14 0 7898
9 14 1 7521
9 14 2 4710
9 14 3 4618
9 14 4 5993
9 14 5 4764
9 14 6 5327
9 14 7 4362
9 14 8 6830
9 14 9 0
9 14 10 1224
9 14 11 1973
9 14 12 4125
9 14 13 3615
9 14 14 0
9 14 15 1819
9 14 16 1813
9 14 17 3784
9 14 18 309
9 15 0 4621
9 15 1 2074
9 15 2 4226
9 15 3 5748
9 15 4 5469
9 15 5 6453
9 15 6 6948
9 15 7 5833
9 15 8 3269
9 15 9 0
9 15 10 2728
9 15 11 3222
9 15 12 4608
9 15 13 1828
9 15 14 5435
9 15 15 0
9 15 16 3065
9 15 17 4394
9 15 18 2713
9 16 0 1321
9 16 1 5033
9 16 2 3285
9 16 3 1491
9 16 4 4205
9 16 5 4419
9 16 6 3428
9 16 7 4730
9 16 8 904
9 16 9 0
9 16 10 3633
9 16 11 3402
9 16 12 4369
9 16 13 1167
9 16 14 5585
9 16 15 2905
9 16 16 0
9 16 17 3661
9 16 18 4430
9 17 0 4892
9 17 1 2874
9 17 2 4599
9 17 3 5906
9 17 4 4683
9 17 5 4538
9 17 6 5172
9 17 7 6875
9 17 8 7549
9 17 9 0
9 17 10 3620
9 17 11 1927
9 17 12 3506
9 17 13 4887
9 17 14 1732
9 17 15 4442
9 17 16 4282
9 17 17 0
9 17 18 1658
9 18 0 6231
9 18 1 3541
9 18 2 3070
9 18 3 5132
9 18 4 7420
9 18 5 6681
9 18 6 7648
9 18 7 7184
9 18 8 6668
9 18 9 0
9 18 10 4925
9 18 11 7576
9 18 12 6959
9 18 13 8467
9 18 14 5959
9 18 15 8956
9 18 16 5114
9 18 17 8336
9 18 18 0
10 0 0 0
10 0 1 4399
10 0 2 2471
10 0 3 5572
10 0 4 1175
10 0 5 5688
10 0 6 5607
10 0 7 3937
10 0 8 2991
10 0 9 3514
10 0 10 0
10 0 11 4145
10 0 12 6247
10 0 13 3680
10 0 14 7304
10 0 15 5082
10 0 16 3273
10 0 17 4640
10 0 18 6071
10 1 0 2712
10 1 1 0
10 1 2 5164
10 1 3 5035
10 1 4 1479
10 1 5 5186
10 1 6 2878
10 1 7 3044
10 1 8 1965
10 1 9 4092
10 1 10 0
10 1 11 3643
10 1 12 6960
10 1 13 5847
10 1 14 7008
10 1 15 2616
10 1 16 7066
10 1 17 2703
10 1 18 3462
10 2 0 8472
10 2 1 5143
10 2 2 0
10 2 3 6957
10 2 4 4823
10 2 5 7219
10 2 6 8277
10 2 7 5852
10 2 8 7067
10 2 9 6681
10 2 10 0
10 2 11 2823
10 2 12 7396
10 2 13 4724
10 2 14 4005
10 2 15 4576
10 2 16 5126
10 2 17 4236
10 2 18 2799
10 3 0 3882
10 3 1 4511
10 3 2 3366
10 3 3 0
10 3 4 3582
10 3 5 3340
10 3 6 927
10 3 7 3459
10 3 8 3425
10 3 9 3052
10 3 10 0
10 3 11 8316
10 3 12 4576
10 3 13 8272
10 3 14 5976
10 3 15 8161
10 3 16 5395
10 3 17 7606
10 3 18 6924
10 4 0 2093
10 4 1 6718
10 4 2 4431
10 4 3 5928
10 4 4 0
10 4 5 5551
10 4 6 5439
10 4 7 4241
10 4 8 5418
10 4 9 3191
10 4 10 0
10 4 11 8329
10 4 12 6881
10 4 13 7161
10 4 14 6729
10 4 15 7260
10 4 16 7487
10 4 17 5761
10 4 18 8590
10 5 0 2024
10 5 1 1217
10 5 2 1331
10 5 3 2128
10 5 4 327
10 5 5 0
10 5 6 1054
10 5 7 4881
10 5 8 2578
10 5 9 1320
10 5 10 0
10 5 11 5161
10 5 12 4718
10 5 13 3825
10 5 14 4264
10 5 15 7008
10 5 16 6465
10 5 17 4380
10 5 18 6615
10 6 0 6220
10 6 1 6212
10 6 2 4755
10 6 3 7035
10 6 4 4490
10 6 5 5531
10 6 6 0
10 6 7 7782
10 6 8 8252
10 6 9 6928
10 6 10 0
10 6 11 7827
10 6 12 8249
10 6 13 6766
10 6 14 6784
10 6 15 9460
10 6 16 7431
10 6 17 6971
10 6 18 9539
10 7 0 6840
10 7 1 6972
10 7 2 8484
10 7 3 8187
10 7 4 6484
10 7 5 7281
10 7 6 8250
10 7 7 0
10 7 8 5702
10 7 9 8069
10 7 10 0
10 7 11 3281
10 7 12 4668
10 7 13 5995
10 7 14 4323
10 7 15 6849
10 7 16 7237
10 7 17 7178
10 7 18 7579
10 8 0 2757
10 8 1 4602
10 8 2 6615
10 8 3 4464
10 8 4 3670
10 8 5 6676
10 8 6 2565
10 8 7 5910
10 8 8 0
10 8 9 3872
10 8 10 0
10 8 11 5879
10 8 12 7034
10 8 13 2482
10 8 14 6182
10 8 15 3676
10 8 16 2802
10 8 17 7243
10 8 18 6454
10 9 0 8518
10 9 1 7402
10 9 2 8590
10 9 3 4935
10 9 4 6025
10 9 5 7157
10 9 6 4699
10 9 7 6846
10 9 8 6960
10 9 9 0
10 9 10 0
10 9 11 2597
10 9 12 4842
10 9 13 4572
10 9 14 1372
10 9 15 2463
10 9 16 1763
10 9 17 1408
10 9 18 5335
10 10 0 0
10 10 1 0
10 10 2 0
10 10 3 0
10 10 4 0
10 10 5 0
10 10 6 0
10 10 7 0
10 10 8 0
10 10 9 0
10 10 10 0
10 10 11 0
10 10 12 0
10 10 13 0
10 10 14 0
10 10 15 0
10 10 16 0
10 10 17 0
10 10 18 0
10 11 0 2338
10 11 1 1755
10 11 2 1127
10 11 3 4557
10 11 4 5192
10 11 5 3260
10 11 6 3969
10 11 7 919
10 11 8 4126
10 11 9 2237
10 11 10 0
10 11 11 0
10 11 12 6325
10 11 13 8087
10 11 14 5106
10 11 15 8692
10 11 16 7248
10 11 17 5621
10 11 18 7662
10 12 0 4597
10 12 1 5229
10 12 2 5857
10 12 3 974
10 12 4 3901
10 12 5 2974
10 12 6 4548
10 12 7 2463
10 12 8 5438
10 12 9 4639
10 12 10 0
10 12 11 4710
10 12 12 0
10 12 13 4140
10 12 14 3755
10 12 15 4594
10 12 16 4649
10 12 17 374
10 12 18 4590
10 13 0 4643
10 13 1 6729
10 13 2 5798
10 13 3 7283
10 13 4 6794
10 13 5 4694
10 13 6 5678
10 13 7 6403
10 13 8 3499
10 13 9 6982
10 13 10 0
10 13 11 4383
10 13 12 4990
10 13 13 0
10 13 14 3852
10 13 15 287
10 13 16 3251
10 13 17 2495
10 13 18 1201
10 14 0 5709
10 14 1 5332
10 14 2 2521
10 14 3 2429
10 14 4 3804
10 14 5 2575
10 14 6 3138
10 14 7 2173
10 14 8 4641
10 14 9 1224
10 14 10 0
10 14 11 4096
10 14 12 6248
10 14 13 5738
10 14 14 0
10 14 15 3942
10 14 16 3936
10 14 17 5907
10 14 18 2432
10 15 0 3900
10 15 1 1353
10 15 2 3505
10 15 3 5027
10 15 4 4748
10 15 5 5732
10 15 6 6227
10 15 7 5112
10 15 8 2548
10 15 9 2728
10 15 10 0
10 15 11 2832
10 15 12 4218
10 15 13 1438
10 15 14 5045
10 15 15 0
10 15 16 2675
10 15 17 4004
10 15 18 2323
10 16 0 3696
10 16 1 7408
10 16 2 5660
10 16 3 3866
10 16 4 6580
10 16 5 6794
10 16 6 5803
10 16 7 7105
10 16 8 3279
10 16 9 3633
10 16 10 0
10 16 11 3277
10 16 12 4244
10 16 13 1042
10 16 14 5460
10 16 15 2780
10 16 16 0
10 16 17 3536
10 16 18 4305
10 17 0 5405
10 17 1 3387
10 17 2 5112
10 17 3 6419
10 17 4 5196
10 17 5 5051
10 17 6 5685
10 17 7 7388
10 17 8 8062
10 17 9 3620
10 17 10 0
10 17 11 6480
10 17 12 8059
10 17 13 9440
10 17 14 6285
10 17 15 8995
10 17 16 8835
10 17 17 0
10 17 18 6211
10 18 0 4214
10 18 1 1524
10 18 2 1053
10 18 3 3115
10 18 4 5403
10 18 5 4664
10 18 6 5631
10 18 7 5167
10 18 8 4651
10 18 9 4925
10 18 10 0
10 18 11 5004
10 18 12 4387
10 18 13 5895
10 18 14 3387
10 18 15 6384
10 18 16 2542
10 18 17 5764
10 18 18 0
11 0 0 0
11 0 1 4936
11 0 2 3008
11 0 3 6109
11 0 4 1712
11 0 5 6225
11 0 6 6144
11 0 7 4474
11 0 8 3528
11 0 9 4051
11 0 10 4145
11 0 11 0
11 0 12 3838
11 0 13 1271
11 0 14 4895
11 0 15 2673
11 0 16 864
11 0 17 2231
11 0 18 3662
11 1 0 2756
11 1 1 0
11 1 2 5208
11 1 3 5079
11 1 4 1523
11 1 5 5230
11 1 6 2922
11 1 7 3088
11 1 8 2009
11 1 9 4136
11 1 10 3643
11 1 11 0
11 1 12 5198
11 1 13 4085
11 1 14 5246
11 1 15 854
11 1 16 5304
11 1 17 941
11 1 18 1700
11 2 0 4946
11 2 1 1617
11 2 2 0
11 2 3 3431
11 2 4 1297
11 2 5 3693
11 2 6 4751
11 2 7 2326
11 2 8 3541
11 2 9 3155
11 2 10 2823
11 2 11 0
11 2 12 6269
11 2 13 3597
11 2 14 2878
11 2 15 3449
11 2 16 3999
11 2 17 3109
11 2 18 1672
11 3 0 7483
11 3 1 8112
11 3 2 6967
11 3 3 0
11 3 4 7183
11 3 5 6941
11 3 6 4528
11 3 7 7060
11 3 8 7026
11 3 9 6653
11 3 10 8316
11 3 11 0
11 3 12 974
11 3 13 4670
11 3 14 2374
11 3 15 4559
11 3 16 1793
11 3 17 4004
11 3 18 3322
11 4 0 4563
11 4 1 9188
11 4 2 6901
11 4 3 8398
11 4 4 0
11 4 5 8021
11 4 6 7909
11 4 7 6711
11 4 8 7888
11 4 9 5661
11 4 10 8329
11 4 11 0
11 4 12 5021
11 4 13 5301
11 4 14 4869
11 4 15 5400
11 4 16 5627
11 4 17 3901
11 4 18 6730
11 5 0 4301
11 5 1 3494
11 5 2 3608
11 5 3 4405
11 5 4 2604
11 5 5 0
11 5 6 3331
11 5 7 7158
11 5 8 4855
11 5 9 3597
11 5 10 5161
11 5 11 0
11 5 12 3893
11 5 13 3000
11 5 14 3439
11 5 15 6183
11 5 16 5640
11 5 17 3555
11 5 18 5790
11 6 0 6130
11 6 1 6122
11 6 2 4665
11 6 3 6945
11 6 4 4400
11 6 5 5441
11 6 6 0
11 6 7 7692
11 6 8 8162
11 6 9 6838
11 6 10 7827
11 6 11 0
11 6 12 6638
11 6 13 5155
11 6 14 5173
11 6 15 7849
11 6 16 5820
11 6 17 5360
11 6 18 7928
11 7 0 2169
11 7 1 2301
11 7 2 3813
11 7 3 3516
11 7 4 1813
11 7 5 2610
11 7 6 3579
11 7 7 0
11 7 8 1031
11 7 9 3398
11 7 10 3281
11 7 11 0
11 7 12 5958
11 7 13 7285
11 7 14 5613
11 7 15 8139
11 7 16 8527
11 7 17 8468
11 7 18 8869
11 8 0 4336
11 8 1 6181
11 8 2 8194
11 8 3 6043
11 8 4 5249
11 8 5 8255
11 8 6 4144
11 8 7 7489
11 8 8 0
11 8 9 5451
11 8 10 5879
11 8 11 0
11 8 12 5652
11 8 13 1100
11 8 14 4800
11 8 15 2294
11 8 16 1420
11 8 17 5861
11 8 18 5072
11 9 0 6325
11 9 1 5209
11 9 2 6397
11 9 3 2742
11 9 4 3832
11 9 5 4964
11 9 6 2506
11 9 7 4653
11 9 8 4767
11 9 9 0
11 9 10 2597
11 9 11 0
11 9 12 6735
11 9 13 6465
11 9 14 3265
11 9 15 4356
11 9 16 3656
11 9 17 3301
11 9 18 7228
11 10 0 4800
11 10 1 4710
11 10 2 7652
11 10 3 3955
11 10 4 5721
11 10 5 3982
11 10 6 7058
11 10 7 8589
11 10 8 5546
11 10 9 7429
11 10 10 0
11 10 11 0
11 10 12 786
11 10 13 892
11 10 14 3135
11 10 15 1713
11 10 16 1278
11 10 17 5601
11 10 18 2403
11 11 0 0
11 11 1 0
11 11 2 0
11 11 3 0
11 11 4 0
11 11 5 0
11 11 6 0
11 11 7 0
11 11 8 0
11 11 9 0
11 11 10 0
11 11 11 0
11 11 12 0
11 11 13 0
11 11 14 0
11 11 15 0
11 11 16 0
11 11 17 0
11 11 18 0
11 12 0 8364
11 12 1 8996
11 12 2 9624
11 12 3 4741
11 12 4 7668
11 12 5 6741
11 12 6 8315
11 12 7 6230
11 12 8 9205
11 12 9 8406
11 12 10 4710
11 12 11 0
11 12 12 0
11 12 13 6680
11 12 14 6295
11 12 15 7134
11 12 16 7189
11 12 17 2914
11 12 18 7130
11 13 0 5364
11 13 1 7450
11 13 2 6519
11 13 3 8004
11 13 4 7515
11 13 5 5415
11 13 6 6399
11 13 7 7124
11 13 8 4220
11 13 9 7703
11 13 10 4383
11 13 11 0
11 13 12 9186
11 13 13 0
11 13 14 8048
11 13 15 4483
11 13 16 7447
11 13 17 6691
11 13 18 5397
11 14 0 6458
11 14 1 6081
11 14 2 3270
11 14 3 3178
11 14 4 4553
11 14 5 3324
11 14 6 3887
11 14 7 2922
11 14 8 5390
11 14 9 1973
11 14 10 4096
11 14 11 0
11 14 12 5220
11 14 13 4710
11 14 14 0
11 14 15 2914
11 14 16 2908
11 14 17 4879
11 14 18 1404
11 15 0 4394
11 15 1 1847
11 15 2 3999
11 15 3 5521
11 15 4 5242
11 15 5 6226
11 15 6 6721
11 15 7 5606
11 15 8 3042
11 15 9 3222
11 15 10 2832
11 15 11 0
11 15 12 8198
11 15 13 5418
11 15 14 9025
11 15 15 0
11 15 16 6655
11 15 17 7984
11 15 18 6303
11 16 0 3465
11 16 1 7177
11 16 2 5429
11 16 3 3635
11 16 4 6349
11 16 5 6563
11 16 6 5572
11 16 7 6874
11 16 8 3048
11 16 9 3402
11 16 10 3277
11 16 11 0
11 16 12 7215
11 16 13 4013
11 16 14 8431
11 16 15 5751
11 16 16 0
11 16 17 6507
11 16 18 7276
11 17 0 3712
11 17 1 1694
11 17 2 3419
11 17 3 4726
11 17 4 3503
11 17 5 3358
11 17 6 3992
11 17 7 5695
11 17 8 6369
11 17 9 1927
11 17 10 6480
11 17 11 0
11 17 12 5080
11 17 13 6461
11 17 14 3306
11 17 15 6016
11 17 16 5856
11 17 17 0
11 17 18 3232
11 18 0 6865
11 18 1 4175
11 18 2 3704
11 18 3 5766
11 18 4 8054
11 18 5 7315
11 18 6 8282
11 18 7 7818
11 18 8 7302
11 18 9 7576
11 18 10 5004
11 18 11 0
11 18 12 6647
11 18 13 8155
11 18 14 5647
11 18 15 8644
11 18 16 4802
11 18 17 8024
11 18 18 0
12 0 0 0
12 0 1 7038
12 0 2 5110
12 0 3 8211
12 0 4 3814
12 0 5 8327
12 0 6 8246
12 0 7 6576
12 0 8 5630
12 0 9 6153
12 0 10 6247
12 0 11 3838
12 0 12 0
12 0 13 1265
12 0 14 4889
12 0 15 2667
12 0 16 858
12 0 17 2225
12 0 18 3656
12 1 0 6073
12 1 1 0
12 1 2 8525
12 1 3 8396
12 1 4 4840
12 1 5 8547
12 1 6 6239
12 1 7 6405
12 1 8 5326
12 1 9 7453
12 1 10 6960
12 1 11 5198
12 1 12 0
12 1 13 3829
12 1 14 4990
12 1 15 598
12 1 16 5048
12 1 17 685
12 1 18 1444
12 2 0 9519
12 2 1 6190
12 2 2 0
12 2 3 8004
12 2 4 5870
12 2 5 8266
12 2 6 9324
12 2 7 6899
12 2 8 8114
12 2 9 7728
12 2 10 7396
12 2 11 6269
12 2 12 0
12 2 13 7156
12 2 14 6437
12 2 15 7008
12 2 16 7558
12 2 17 6668
12 2 18 5231
12 3 0 3743
12 3 1 4372
12 3 2 3227
12 3 3 0
12 3 4 3443
12 3 5 3201
12 3 6 788
12 3 7 3320
12 3 8 3286
12 3 9 2913
12 3 10 4576
12 3 11 974
12 3 12 0
12 3 13 4352
12 3 14 2056
12 3 15 4241
12 3 16 1475
12 3 17 3686
12 3 18 3004
12 4 0 3115
12 4 1 7740
12 4 2 5453
12 4 3 6950
12 4 4 0
12 4 5 6573
12 4 6 6461
12 4 7 5263
12 4 8 6440
12 4 9 4213
12 4 10 6881
12 4 11 5021
12 4 12 0
12 4 13 6711
12 4 14 6279
12 4 15 6810
12 4 16 7037
12 4 17 5311
12 4 18 8140
12 5 0 3858
12 5 1 3051
12 5 2 3165
12 5 3 3962
12 5 4 2161
12 5 5 0
12 5 6 2888
12 5 7 6715
12 5 8 4412
12 5 9 3154
12 5 10 4718
12 5 11 3893
12 5 12 0
12 5 13 1671
12 5 14 2110
12 5 15 4854
12 5 16 4311
12 5 17 2226
12 5 18 4461
12 6 0 6552
12 6 1 6544
12 6 2 5087
12 6 3 7367
12 6 4 4822
12 6 5 5863
12 6 6 0
12 6 7 8114
12 6 8 8584
12 6 9 7260
12 6 10 8249
12 6 11 6638
12 6 12 0
12 6 13 2740
12 6 14 2758
12 6 15 5434
12 6 16 3405
12 6 17 2945
12 6 18 5513
12 7 0 3556
12 7 1 3688
12 7 2 5200
12 7 3 4903
12 7 4 3200
12 7 5 3997
12 7 6 4966
12 7 7 0
12 7 8 2418
12 7 9 4785
12 7 10 4668
12 7 11 5958
12 7 12 0
12 7 13 2923
12 7 14 1251
12 7 15 3777
12 7 16 4165
12 7 17 4106
12 7 18 4507
12 8 0 5491
12 8 1 7336
12 8 2 9349
12 8 3 7198
12 8 4 6404
12 8 5 9410
12 8 6 5299
12 8 7 8644
12 8 8 0
12 8 9 6606
12 8 10 7034
12 8 11 5652
12 8 12 0
12 8 13 1342
12 8 14 5042
12 8 15 2536
12 8 16 1662
12 8 17 6103
12 8 18 5314
12 9 0 8570
12 9 1 7454
12 9 2 8642
12 9 3 4987
12 9 4 6077
12 9 5 7209
12 9 6 4751
12 9 7 6898
12 9 8 7012
12 9 9 0
12 9 10 4842
12 9 11 6735
12 9 12 0
12 9 13 6627
12 9 14 3427
12 9 15 4518
12 9 16 3818
12 9 17 3463
12 9 18 7390
12 10 0 1157
12 10 1 1067
12 10 2 4009
12 10 3 312
12 10 4 2078
12 10 5 339
12 10 6 3415
12 10 7 4946
12 10 8 1903
12 10 9 3786
12 10 10 0
12 10 11 786
12 10 12 0
12 10 13 1049
12 10 14 3292
12 10 15 1870
12 10 16 1435
12 10 17 5758
12 10 18 2560
12 11 0 4234
12 11 1 3651
12 11 2 3023
12 11 3 6453
12 11 4 7088
12 11 5 5156
12 11 6 5865
12 11 7 2815
12 11 8 6022
12 11 9 4133
12 11 10 6325
12 11 11 0
12 11 12 0
12 11 13 9012
12 11 14 6031
12 11 15 9617
12 11 16 8173
12 11 17 6546
12 11 18 8587
12 12 0 0
12 12 1 0
12 12 2 0
12 12 3 0
12 12 4 0
12 12 5 0
12 12 6 0
12 12 7 0
12 12 8 0
12 12 9 0
12 12 10 0
12 12 11 0
12 12 12 0
12 12 13 0
12 12 14 0
12 12 15 0
12 12 16 0
12 12 17 0
12 12 18 0
12 13 0 5971
12 13 1 8057
12 13 2 7126
12 13 3 8611
12 13 4 8122
12 13 5 6022
12 13 6 7006
12 13 7 7731
12 13 8 4827
12 13 9 8310
12 13 10 4990
12 13 11 9186
12 13 12 0
12 13 13 0
12 13 14 7744
12 13 15 4179
12 13 16 7143
12 13 17 6387
12 13 18 5093
12 14 0 8610
12 14 1 8233
12 14 2 5422
12 14 3 5330
12 14 4 6705
12 14 5 5476
12 14 6 6039
12 14 7 5074
12 14 8 7542
12 14 9 4125
12 14 10 6248
12 14 11 5220
12 14 12 0
12 14 13 7002
12 14 14 0
12 14 15 5206
12 14 16 5200
12 14 17 7171
12 14 18 3696
12 15 0 5780
12 15 1 3233
12 15 2 5385
12 15 3 6907
12 15 4 6628
12 15 5 7612
12 15 6 8107
12 15 7 6992
12 15 8 4428
12 15 9 4608
12 15 10 4218
12 15 11 8198
12 15 12 0
12 15 13 4963
12 15 14 8570
12 15 15 0
12 15 16 6200
12 15 17 7529
12 15 18 5848
12 16 0 4432
12 16 1 8144
12 16 2 6396
12 16 3 4602
12 16 4 7316
12 16 5 7530
12 16 6 6539
12 16 7 7841
12 16 8 4015
12 16 9 4369
12 16 10 4244
12 16 11 7215
12 16 12 0
12 16 13 5057
12 16 14 9475
12 16 15 6795
12 16 16 0
12 16 17 7551
12 16 18 8320
12 17 0 5291
12 17 1 3273
12 17 2 4998
12 17 3 6305
12 17 4 5082
12 17 5 4937
12 17 6 5571
12 17 7 7274
12 17 8 7948
12 17 9 3506
12 17 10 8059
12 17 11 5080
12 17 12 0
12 17 13 4857
12 17 14 1702
12 17 15 4412
12 17 16 4252
12 17 17 0
12 17 18 1628
12 18 0 6248
12 18 1 3558
12 18 2 3087
12 18 3 5149
12 18 4 7437
12 18 5 6698
12 18 6 7665
12 18 7 7201
12 18 8 6685
12 18 9 6959
12 18 10 4387
12 18 11 6647
12 18 12 0
12 18 13 8726
12 18 14 6218
12 18 15 9215
12 18 16 5373
12 18 17 8595
12 18 18 0
13 0 0 0
13 0 1 4471
13 0 2 2543
13 0 3 5644
13 0 4 1247
13 0 5 5760
13 0 6 5679
13 0 7 4009
13 0 8 3063
13 0 9 3586
13 0 10 3680
13 0 11 1271
13 0 12 1265
13 0 13 0
13 0 14 5150
13 0 15 2928
13 0 16 1119
13 0 17 2486
13 0 18 3917
13 1 0 4960
13 1 1 0
13 1 2 7412
13 1 3 7283
13 1 4 3727
13 1 5 7434
13 1 6 5126
13 1 7 5292
13 1 8 4213
13 1 9 6340
13 1 10 5847
13 1 11 4085
13 1 12 3829
13 1 13 0
13 1 14 8331
13 1 15 3939
13 1 16 8389
13 1 17 4026
13 1 18 4785
13 2 0 6847
13 2 1 3518
13 2 2 0
13 2 3 5332
13 2 4 3198
13 2 5 5594
13 2 6 6652
13 2 7 4227
13 2 8 5442
13 2 9 5056
13 2 10 4724
13 2 11 3597
13 2 12 7156
13 2 13 0
13 2 14 2553
13 2 15 3124
13 2 16 3674
13 2 17 2784
13 2 18 1347
13 3 0 7439
13 3 1 8068
13 3 2 6923
13 3 3 0
13 3 4 7139
13 3 5 6897
13 3 6 4484
13 3 7 7016
13 3 8 6982
13 3 9 6609
13 3 10 8272
13 3 11 4670
13 3 12 4352
13 3 13 0
13 3 14 3657
13 3 15 5842
13 3 16 3076
13 3 17 5287
13 3 18 4605
13 4 0 3395
13 4 1 8020
13 4 2 5733
13 4 3 7230
13 4 4 0
13 4 5 6853
13 4 6 6741
13 4 7 5543
13 4 8 6720
13 4 9 4493
13 4 10 7161
13 4 11 5301
13 4 12 6711
13 4 13 0
13 4 14 4741
13 4 15 5272
13 4 16 5499
13 4 17 3773
13 4 18 6602
13 5 0 2965
13 5 1 2158
13 5 2 2272
13 5 3 3069
13 5 4 1268
13 5 5 0
13 5 6 1995
13 5 7 5822
13 5 8 3519
13 5 9 2261
13 5 10 3825
13 5 11 3000
13 5 12 1671
13 5 13 0
13 5 14 5460
13 5 15 8204
13 5 16 7661
13 5 17 5576
13 5 18 7811
13 6 0 5069
13 6 1 5061
13 6 2 3604
13 6 3 5884
13 6 4 3339
13 6 5 4380
13 6 6 0
13 6 7 6631
13 6 8 7101
13 6 9 5777
13 6 10 6766
13 6 11 5155
13 6 12 2740
13 6 13 0
13 6 14 5545
13 6 15 8221
13 6 16 6192
13 6 17 5732
13 6 18 8300
13 7 0 4883
13 7 1 5015
13 7 2 6527
13 7 3 6230
13 7 4 4527
13 7 5 5324
13 7 6 6293
13 7 7 0
13 7 8 3745
13 7 9 6112
13 7 10 5995
13 7 11 7285
13 7 12 2923
13 7 13 0
13 7 14 3031
13 7 15 5557
13 7 16 5945
13 7 17 5886
13 7 18 6287
13 8 0 939
13 8 1 2784
13 8 2 4797
13 8 3 2646
13 8 4 1852
13 8 5 4858
13 8 6 747
13 8 7 4092
13 8 8 0
13 8 9 2054
13 8 10 2482
13 8 11 1100
13 8 12 1342
13 8 13 0
13 8 14 8336
13 8 15 5830
13 8 16 4956
13 8 17 9397
13 8 18 8608
13 9 0 8300
13 9 1 7184
13 9 2 8372
13 9 3 4717
13 9 4 5807
13 9 5 6939
13 9 6 4481
13 9 7 6628
13 9 8 6742
13 9 9 0
13 9 10 4572
13 9 11 6465
13 9 12 6627
13 9 13 0
13 9 14 2214
13 9 15 3305
13 9 16 2605
13 9 17 2250
13 9 18 6177
13 10 0 1263
13 10 1 1173
13 10 2 4115
13 10 3 418
13 10 4 2184
13 10 5 445
13 10 6 3521
13 10 7 5052
13 10 8 2009
13 10 9 3892
13 10 10 0
13 10 11 892
13 10 12 1049
13 10 13 0
13 10 14 5905
13 10 15 4483
13 10 16 4048
13 10 17 8371
13 10 18 5173
13 11 0 5996
13 11 1 5413
13 11 2 4785
13 11 3 8215
13 11 4 8850
13 11 5 6918
13 11 6 7627
13 11 7 4577
13 11 8 7784
13 11 9 5895
13 11 10 8087
13 11 11 0
13 11 12 9012
13 11 13 0
13 11 14 5598
13 11 15 9184
13 11 16 7740
13 11 17 6113
13 11 18 8154
13 12 0 7794
13 12 1 8426
13 12 2 9054
13 12 3 4171
13 12 4 7098
13 12 5 6171
13 12 6 7745
13 12 7 5660
13 12 8 8635
13 12 9 7836
13 12 10 4140
13 12 11 6680
13 12 12 0
13 12 13 0
13 12 14 8497
13 12 15 9336
13 12 16 9391
13 12 17 5116
13 12 18 9332
13 13 0 0
13 13 1 0
13 13 2 0
13 13 3 0
13 13 4 0
13 13 5 0
13 13 6 0
13 13 7 0
13 13 8 0
13 13 9 0
13 13 10 0
13 13 11 0
13 13 12 0
13 13 13 0
13 13 14 0
13 13 15 0
13 13 16 0
13 13 17 0
13 13 18 0
13 14 0 8100
13 14 1 7723
13 14 2 4912
13 14 3 4820
13 14 4 6195
13 14 5 4966
13 14 6 5529
13 14 7 4564
13 14 8 7032
13 14 9 3615
13 14 10 5738
13 14 11 4710
13 14 12 7002
13 14 13 0
13 14 14 0
13 14 15 5197
13 14 16 5191
13 14 17 7162
13 14 18 3687
13 15 0 3000
13 15 1 453
13 15 2 2605
13 15 3 4127
13 15 4 3848
13 15 5 4832
13 15 6 5327
13 15 7 4212
13 15 8 1648
13 15 9 1828
13 15 10 1438
13 15 11 5418
13 15 12 4963
13 15 13 0
13 15 14 4157
13 15 15 0
13 15 16 1787
13 15 17 3116
13 15 18 1435
13 16 0 1230
13 16 1 4942
13 16 2 3194
13 16 3 1400
13 16 4 4114
13 16 5 4328
13 16 6 3337
13 16 7 4639
13 16 8 813
13 16 9 1167
13 16 10 1042
13 16 11 4013
13 16 12 5057
13 16 13 0
13 16 14 7971
13 16 15 5291
13 16 16 0
13 16 17 6047
13 16 18 6816
13 17 0 6672
13 17 1 4654
13 17 2 6379
13 17 3 7686
13 17 4 6463
13 17 5 6318
13 17 6 6952
13 17 7 8655
13 17 8 9329
13 17 9 4887
13 17 10 9440
13 17 11 6461
13 17 12 4857
13 17 13 0
13 17 14 3717
13 17 15 6427
13 17 16 6267
13 17 17 0
13 17 18 3643
13 18 0 7756
13 18 1 5066
13 18 2 4595
13 18 3 6657
13 18 4 8945
13 18 5 8206
13 18 6 9173
13 18 7 8709
13 18 8 8193
13 18 9 8467
13 18 10 5895
13 18 11 8155
13 18 12 8726
13 18 13 0
13 18 14 2723
13 18 15 5720
13 18 16 1878
13 18 17 5100
13 18 18 0
14 0 0 0
14 0 1 8095
14 0 2 6167
14 0 3 9268
14 0 4 4871
14 0 5 9384
14 0 6 9303
14 0 7 7633
14 0 8 6687
14 0 9 7210
14 0 10 7304
14 0 11 4895
14 0 12 4889
14 0 13 5150
14 0 14 0
14 0 15 6688
14 0 16 4879
14 0 17 6246
14 0 18 7677
14 1 0 6121
14 1 1 0
14 1 2 8573
14 1 3 8444
14 1 4 4888
14 1 5 8595
14 1 6 6287
14 1 7 6453
14 1 8 5374
14 1 9 7501
14 1 10 7008
14 1 11 5246
14 1 12 4990
14 1 13 8331
14 1 14 0
14 1 15 2303
14 1 16 6753
14 1 17 2390
14 1 18 3149
14 2 0 6128
14 2 1 2799
14 2 2 0
14 2 3 4613
14 2 4 2479
14 2 5 4875
14 2 6 5933
14 2 7 3508
14 2 8 4723
14 2 9 4337
14 2 10 4005
14 2 11 2878
14 2 12 6437
14 2 13 2553
14 2 14 0
14 2 15 5727
14 2 16 6277
14 2 17 5387
14 2 18 3950
14 3 0 5143
14 3 1 5772
14 3 2 4627
14 3 3 0
14 3 4 4843
14 3 5 4601
14 3 6 2188
14 3 7 4720
14 3 8 4686
14 3 9 4313
14 3 10 5976
14 3 11 2374
14 3 12 2056
14 3 13 3657
14 3 14 0
14 3 15 4480
14 3 16 1714
14 3 17 3925
14 3 18 3243
14 4 0 2963
14 4 1 7588
14 4 2 5301
14 4 3 6798
14 4 4 0
14 4 5 6421
14 4 6 6309
14 4 7 5111
14 4 8 6288
14 4 9 4061
14 4 10 6729
14 4 11 4869
14 4 12 6279
14 4 13 4741
14 4 14 0
14 4 15 5896
14 4 16 6123
14 4 17 4397
14 4 18 7226
14 5 0 3404
14 5 1 2597
14 5 2 2711
14 5 3 3508
14 5 4 1707
14 5 5 0
14 5 6 2434
14 5 7 6261
14 5 8 3958
14 5 9 2700
14 5 10 4264
14 5 11 3439
14 5 12 2110
14 5 13 5460
14 5 14 0
14 5 15 7519
14 5 16 6976
14 5 17 4891
14 5 18 7126
14 6 0 5087
14 6 1 5079
14 6 2 3622
14 6 3 5902
14 6 4 3357
14 6 5 4398
14 6 6 0
14 6 7 6649
14 6 8 7119
14 6 9 5795
14 6 10 6784
14 6 11 5173
14 6 12 2758
14 6 13 5545
14 6 14 0
14 6 15 8160
14 6 16 6131
14 6 17 5671
14 6 18 8239
14 7 0 3211
14 7 1 3343
14 7 2 4855
14 7 3 4558
14 7 4 2855
14 7 5 3652
14 7 6 4621
14 7 7 0
14 7 8 2073
14 7 9 4440
14 7 10 4323
14 7 11 5613
14 7 12 1251
14 7 13 3031
14 7 14 0
14 7 15 5363
14 7 16 5751
14 7 17 5692
14 7 18 6093
14 8 0 4639
14 8 1 6484
14 8 2 8497
14 8 3 6346
14 8 4 5552
14 8 5 8558
14 8 6 4447
14 8 7 7792
14 8 8 0
14 8 9 5754
14 8 10 6182
14 8 11 4800
14 8 12 5042
14 8 13 8336
14 8 14 0
14 8 15 4929
14 8 16 4055
14 8 17 8496
14 8 18 7707
14 9 0 5100
14 9 1 3984
14 9 2 5172
14 9 3 1517
14 9 4 2607
14 9 5 3739
14 9 6 1281
14 9 7 3428
14 9 8 3542
14 9 9 0
14 9 10 1372
14 9 11 3265
14 9 12 3427
14 9 13 2214
14 9 14 0
14 9 15 4504
14 9 16 3804
14 9 17 3449
14 9 18 7376
14 10 0 3506
14 10 1 3416
14 10 2 6358
14 10 3 2661
14 10 4 4427
14 10 5 2688
14 10 6 5764
14 10 7 7295
14 10 8 4252
14 10 9 6135
14 10 10 0
14 10 11 3135
14 10 12 3292
14 10 13 5905
14 10 14 0
14 10 15 1925
14 10 16 1490
14 10 17 5813
14 10 18 2615
14 11 0 3015
14 11 1 2432
14 11 2 1804
14 11 3 5234
14 11 4 5869
14 11 5 3937
14 11 6 4646
14 11 7 1596
14 11 8 4803
14 11 9 2914
14 11 10 5106
14 11 11 0
14 11 12 6031
14 11 13 5598
14 11 14 0
14 11 15 6654
14 11 16 5210
14 11 17 3583
14 11 18 5624
14 12 0 7409
14 12 1 8041
14 12 2 8669
14 12 3 3786
14 12 4 6713
14 12 5 5786
14 12 6 7360
14 12 7 5275
14 12 8 8250
14 12 9 7451
14 12 10 3755
14 12 11 6295
14 12 12 0
14 12 13 8497
14 12 14 0
14 12 15 8351
14 12 16 8406
14 12 17 4131
14 12 18 8347
14 13 0 4833
14 13 1 6919
14 13 2 5988
14 13 3 7473
14 13 4 6984
14 13 5 4884
14 13 6 5868
14 13 7 6593
14 13 8 3689
14 13 9 7172
14 13 10 3852
14 13 11 8048
14 13 12 7744
14 13 13 0
14 13 14 0
14 13 15 3428
14 13 16 6392
14 13 17 5636
14 13 18 4342
14 14 0 0
14 14 1 0
14 14 2 0
14 14 3 0
14 14 4 0
14 14 5 0
14 14 6 0
14 14 7 0
14 14 8 0
14 14 9 0
14 14 10 0
14 14 11 0
14 14 12 0
14 14 13 0
14 14 14 0
14 14 15 0
14 14 16 0
14 14 17 0
14 14 18 0
14 15 0 6607
14 15 1 4060
14 15 2 6212
14 15 3 7734
14 15 4 7455
14 15 5 8439
14 15 6 8934
14 15 7 7819
14 15 8 5255
14 15 9 5435
14 15 10 5045
14 15 11 9025
14 15 12 8570
14 15 13 4157
14 15 14 0
14 15 15 0
14 15 16 3199
14 15 17 4528
14 15 18 2847
14 16 0 5648
14 16 1 9360
14 16 2 7612
14 16 3 5818
14 16 4 8532
14 16 5 8746
14 16 6 7755
14 16 7 9057
14 16 8 5231
14 16 9 5585
14 16 10 5460
14 16 11 8431
14 16 12 9475
14 16 13 7971
14 16 14 0
14 16 15 3733
14 16 16 0
14 16 17 4489
14 16 18 5258
14 17 0 3517
14 17 1 1499
14 17 2 3224
14 17 3 4531
14 17 4 3308
14 17 5 3163
14 17 6 3797
14 17 7 5500
14 17 8 6174
14 17 9 1732
14 17 10 6285
14 17 11 3306
14 17 12 1702
14 17 13 3717
14 17 14 0
14 17 15 7596
14 17 16 7436
14 17 17 0
14 17 18 4812
14 18 0 5248
14 18 1 2558
14 18 2 2087
14 18 3 4149
14 18 4 6437
14 18 5 5698
14 18 6 6665
14 18 7 6201
14 18 8 5685
14 18 9 5959
14 18 10 3387
14 18 11 5647
14 18 12 6218
14 18 13 2723
14 18 14 0
14 18 15 4708
14 18 16 866
14 18 17 4088
14 18 18 0
15 0 0 0
15 0 1 5873
15 0 2 3945
15 0 3 7046
15 0 4 2649
15 0 5 7162
15 0 6 7081
15 0 7 5411
15 0 8 4465
15 0 9 4988
15 0 10 5082
15 0 11 2673
15 0 12 2667
15 0 13 2928
15 0 14 6688
15 0 15 0
15 0 16 2540
15 0 17 3907
15 0 18 5338
15 1 0 1729
15 1 1 0
15 1 2 4181
15 1 3 4052
15 1 4 496
15 1 5 4203
15 1 6 1895
15 1 7 2061
15 1 8 982
15 1 9 3109
15 1 10 2616
15 1 11 854
15 1 12 598
15 1 13 3939
15 1 14 2303
15 1 15 0
15 1 16 6381
15 1 17 2018
15 1 18 2777
15 2 0 6699
15 2 1 3370
15 2 2 0
15 2 3 5184
15 2 4 3050
15 2 5 5446
15 2 6 6504
15 2 7 4079
15 2 8 5294
15 2 9 4908
15 2 10 4576
15 2 11 3449
15 2 12 7008
15 2 13 3124
15 2 14 5727
15 2 15 0
15 2 16 5169
15 2 17 4279
15 2 18 2842
15 3 0 7328
15 3 1 7957
15 3 2 6812
15 3 3 0
15 3 4 7028
15 3 5 6786
15 3 6 4373
15 3 7 6905
15 3 8 6871
15 3 9 6498
15 3 10 8161
15 3 11 4559
15 3 12 4241
15 3 13 5842
15 3 14 4480
15 3 15 0
15 3 16 1890
15 3 17 4101
15 3 18 3419
15 4 0 3494
15 4 1 8119
15 4 2 5832
15 4 3 7329
15 4 4 0
15 4 5 6952
15 4 6 6840
15 4 7 5642
15 4 8 6819
15 4 9 4592
15 4 10 7260
15 4 11 5400
15 4 12 6810
15 4 13 5272
15 4 14 5896
15 4 15 0
15 4 16 7433
15 4 17 5707
15 4 18 8536
15 5 0 6148
15 5 1 5341
15 5 2 5455
15 5 3 6252
15 5 4 4451
15 5 5 0
15 5 6 5178
15 5 7 9005
15 5 8 6702
15 5 9 5444
15 5 10 7008
15 5 11 6183
15 5 12 4854
15 5 13 8204
15 5 14 7519
15 5 15 0
15 5 16 6757
15 5 17 4672
15 5 18 6907
15 6 0 7763
15 6 1 7755
15 6 2 6298
15 6 3 8578
15 6 4 6033
15 6 5 7074
15 6 6 0
15 6 7 9325
15 6 8 9795
15 6 9 8471
15 6 10 9460
15 6 11 7849
15 6 12 5434
15 6 13 8221
15 6 14 8160
15 6 15 0
15 6 16 6569
15 6 17 6109
15 6 18 8677
15 7 0 5737
15 7 1 5869
15 7 2 7381
15 7 3 7084
15 7 4 5381
15 7 5 6178
15 7 6 7147
15 7 7 0
15 7 8 4599
15 7 9 6966
15 7 10 6849
15 7 11 8139
15 7 12 3777
15 7 13 5557
15 7 14 5363
15 7 15 0
15 7 16 4516
15 7 17 4457
15 7 18 4858
15 8 0 2133
15 8 1 3978
15 8 2 5991
15 8 3 3840
15 8 4 3046
15 8 5 6052
15 8 6 1941
15 8 7 5286
15 8 8 0
15 8 9 3248
15 8 10 3676
15 8 11 2294
15 8 12 2536
15 8 13 5830
15 8 14 4929
15 8 15 0
15 8 16 3549
15 8 17 7990
15 8 18 7201
15 9 0 6191
15 9 1 5075
15 9 2 6263
15 9 3 2608
15 9 4 3698
15 9 5 4830
15 9 6 2372
15 9 7 4519
15 9 8 4633
15 9 9 0
15 9 10 2463
15 9 11 4356
15 9 12 4518
15 9 13 3305
15 9 14 4504
15 9 15 0
15 9 16 2749
15 9 17 2394
15 9 18 6321
15 10 0 2084
15 10 1 1994
15 10 2 4936
15 10 3 1239
15 10 4 3005
15 10 5 1266
15 10 6 4342
15 10 7 5873
15 10 8 2830
15 10 9 4713
15 10 10 0
15 10 11 1713
15 10 12 1870
15 10 13 4483
15 10 14 1925
15 10 15 0
15 10 16 1903
15 10 17 6226
15 10 18 3028
15 11 0 6601
15 11 1 6018
15 11 2 5390
15 11 3 8820
15 11 4 9455
15 11 5 7523
15 11 6 8232
15 11 7 5182
15 11 8 8389
15 11 9 6500
15 11 10 8692
15 11 11 0
15 11 12 9617
15 11 13 9184
15 11 14 6654
15 11 15 0
15 11 16 5368
15 11 17 3741
15 11 18 5782
15 12 0 8248
15 12 1 8880
15 12 2 9508
15 12 3 4625
15 12 4 7552
15 12 5 6625
15 12 6 8199
15 12 7 6114
15 12 8 9089
15 12 9 8290
15 12 10 4594
15 12 11 7134
15 12 12 0
15 12 13 9336
15 12 14 8351
15 12 15 0
15 12 16 7798
15 12 17 3523
15 12 18 7739
15 13 0 1268
15 13 1 3354
15 13 2 2423
15 13 3 3908
15 13 4 3419
15 13 5 1319
15 13 6 2303
15 13 7 3028
15 13 8 124
15 13 9 3607
15 13 10 287
15 13 11 4483
15 13 12 4179
15 13 13 0
15 13 14 3428
15 13 15 0
15 13 16 3514
15 13 17 2758
15 13 18 1464
15 14 0 6304
15 14 1 5927
15 14 2 3116
15 14 3 3024
15 14 4 4399
15 14 5 3170
15 14 6 3733
15 14 7 2768
15 14 8 5236
15 14 9 1819
15 14 10 3942
15 14 11 2914
15 14 12 5206
15 14 13 5197
15 14 14 0
15 14 15 0
15 14 16 5563
15 14 17 7534
15 14 18 4059
15 15 0 0
15 15 1 0
15 15 2 0
15 15 3 0
15 15 4 0
15 15 5 0
15 15 6 0
15 15 7 0
15 15 8 0
15 15 9 0
15 15 10 0
15 15 11 0
15 15 12 0
15 15 13 0
15 15 14 0
15 15 15 0
15 15 16 0
15 15 17 0
15 15 18 0
15 16 0 2968
15 16 1 6680
15 16 2 4932
15 16 3 3138
15 16 4 5852
15 16 5 6066
15 16 6 5075
15 16 7 6377
15 16 8 2551
15 16 9 2905
15 16 10 2780
15 16 11 5751
15 16 12 6795
15 16 13 5291
15 16 14 3733
15 16 15 0
15 16 16 0
15 16 17 4650
15 16 18 5419
15 17 0 6227
15 17 1 4209
15 17 2 5934
15 17 3 7241
15 17 4 6018
15 17 5 5873
15 17 6 6507
15 17 7 8210
15 17 8 8884
15 17 9 4442
15 17 10 8995
15 17 11 6016
15 17 12 4412
15 17 13 6427
15 17 14 7596
15 17 15 0
15 17 16 6955
15 17 17 0
15 17 18 4331
15 18 0 8245
15 18 1 5555
15 18 2 5084
15 18 3 7146
15 18 4 9434
15 18 5 8695
15 18 6 9662
15 18 7 9198
15 18 8 8682
15 18 9 8956
15 18 10 6384
15 18 11 8644
15 18 12 9215
15 18 13 5720
15 18 14 4708
15 18 15 0
15 18 16 2179
15 18 17 5401
15 18 18 0
16 0 0 0
16 0 1 4064
16 0 2 2136
16 0 3 5237
16 0 4 840
16 0 5 5353
16 0 6 5272
16 0 7 3602
16 0 8 2656
16 0 9 3179
16 0 10 3273
16 0 11 864
16 0 12 858
16 0 13 1119
16 0 14 4879
16 0 15 2540
16 0 16 0
16 0 17 6558
16 0 18 7989
16 1 0 6179
16 1 1 0
16 1 2 8631
16 1 3 8502
16 1 4 4946
16 1 5 8653
16 1 6 6345
16 1 7 6511
16 1 8 5432
16 1 9 7559
16 1 10 7066
16 1 11 5304
16 1 12 5048
16 1 13 8389
16 1 14 6753
16 1 15 6381
16 1 16 0
16 1 17 3793
16 1 18 4552
16 2 0 7249
16 2 1 3920
16 2 2 0
16 2 3 5734
16 2 4 3600
16 2 5 5996
16 2 6 7054
16 2 7 4629
16 2 8 5844
16 2 9 5458
16 2 10 5126
16 2 11 3999
16 2 12 7558
16 2 13 3674
16 2 14 6277
16 2 15 5169
16 2 16 0
16 2 17 4210
16 2 18 2773
16 3 0 4562
16 3 1 5191
16 3 2 4046
16 3 3 0
16 3 4 4262
16 3 5 4020
16 3 6 1607
16 3 7 4139
16 3 8 4105
16 3 9 3732
16 3 10 5395
16 3 11 1793
16 3 12 1475
16 3 13 3076
16 3 14 1714
16 3 15 1890
16 3 16 0
16 3 17 6316
16 3 18 5634
16 4 0 3721
16 4 1 8346
16 4 2 6059
16 4 3 7556
16 4 4 0
16 4 5 7179
16 4 6 7067
16 4 7 5869
16 4 8 7046
16 4 9 4819
16 4 10 7487
16 4 11 5627
16 4 12 7037
16 4 13 5499
16 4 14 6123
16 4 15 7433
16 4 16 0
16 4 17 1953
16 4 18 4782
16 5 0 5605
16 5 1 4798
16 5 2 4912
16 5 3 5709
16 5 4 3908
16 5 5 0
16 5 6 4635
16 5 7 8462
16 5 8 6159
16 5 9 4901
16 5 10 6465
16 5 11 5640
16 5 12 4311
16 5 13 7661
16 5 14 6976
16 5 15 6757
16 5 16 0
16 5 17 6308
16 5 18 8543
16 6 0 5734
16 6 1 5726
16 6 2 4269
16 6 3 6549
16 6 4 4004
16 6 5 5045
16 6 6 0
16 6 7 7296
16 6 8 7766
16 6 9 6442
16 6 10 7431
16 6 11 5820
16 6 12 3405
16 6 13 6192
16 6 14 6131
16 6 15 6569
16 6 16 0
16 6 17 5823
16 6 18 8391
16 7 0 6125
16 7 1 6257
16 7 2 7769
16 7 3 7472
16 7 4 5769
16 7 5 6566
16 7 6 7535
16 7 7 0
16 7 8 4987
16 7 9 7354
16 7 10 7237
16 7 11 8527
16 7 12 4165
16 7 13 5945
16 7 14 5751
16 7 15 4516
16 7 16 0
16 7 17 7028
16 7 18 7429
16 8 0 1259
16 8 1 3104
16 8 2 5117
16 8 3 2966
16 8 4 2172
16 8 5 5178
16 8 6 1067
16 8 7 4412
16 8 8 0
16 8 9 2374
16 8 10 2802
16 8 11 1420
16 8 12 1662
16 8 13 4956
16 8 14 4055
16 8 15 3549
16 8 16 0
16 8 17 6517
16 8 18 5728
16 9 0 5491
16 9 1 4375
16 9 2 5563
16 9 3 1908
16 9 4 2998
16 9 5 4130
16 9 6 1672
16 9 7 3819
16 9 8 3933
16 9 9 0
16 9 10 1763
16 9 11 3656
16 9 12 3818
16 9 13 2605
16 9 14 3804
16 9 15 2749
16 9 16 0
16 9 17 903
16 9 18 4830
16 10 0 1649
16 10 1 1559
16 10 2 4501
16 10 3 804
16 10 4 2570
16 10 5 831
16 10 6 3907
16 10 7 5438
16 10 8 2395
16 10 9 4278
16 10 10 0
16 10 11 1278
16 10 12 1435
16 10 13 4048
16 10 14 1490
16 10 15 1903
16 10 16 0
16 10 17 7831
16 10 18 4633
16 11 0 5157
16 11 1 4574
16 11 2 3946
16 11 3 7376
16 11 4 8011
16 11 5 6079
16 11 6 6788
16 11 7 3738
16 11 8 6945
16 11 9 5056
16 11 10 7248
16 11 11 0
16 11 12 8173
16 11 13 7740
16 11 14 5210
16 11 15 5368
16 11 16 0
16 11 17 4621
16 11 18 6662
16 12 0 8303
16 12 1 8935
16 12 2 9563
16 12 3 4680
16 12 4 7607
16 12 5 6680
16 12 6 8254
16 12 7 6169
16 12 8 9144
16 12 9 8345
16 12 10 4649
16 12 11 7189
16 12 12 0
16 12 13 9391
16 12 14 8406
16 12 15 7798
16 12 16 0
16 12 17 3984
16 12 18 8200
16 13 0 4232
16 13 1 6318
16 13 2 5387
16 13 3 6872
16 13 4 6383
16 13 5 4283
16 13 6 5267
16 13 7 5992
16 13 8 3088
16 13 9 6571
16 13 10 3251
16 13 11 7447
16 13 12 7143
16 13 13 0
16 13 14 6392
16 13 15 3514
16 13 16 0
16 13 17 2797
16 13 18 1503
16 14 0 6298
16 14 1 5921
16 14 2 3110
16 14 3 3018
16 14 4 4393
16 14 5 3164
16 14 6 3727
16 14 7 2762
16 14 8 5230
16 14 9 1813
16 14 10 3936
16 14 11 2908
16 14 12 5200
16 14 13 5191
16 14 14 0
16 14 15 5563
16 14 16 0
16 14 17 8384
16 14 18 4909
16 15 0 4237
16 15 1 1690
16 15 2 3842
16 15 3 5364
16 15 4 5085
16 15 5 6069
16 15 6 6564
16 15 7 5449
16 15 8 2885
16 15 9 3065
16 15 10 2675
16 15 11 6655
16 15 12 6200
16 15 13 1787
16 15 14 3199
16 15 15 0
16 15 16 0
16 15 17 5223
16 15 18 3542
16 16 0 0
16 16 1 0
16 16 2 0
16 16 3 0
16 16 4 0
16 16 5 0
16 16 6 0
16 16 7 0
16 16 8 0
16 16 9 0
16 16 10 0
16 16 11 0
16 16 12 0
16 16 13 0
16 16 14 0
16 16 15 0
16 16 16 0
16 16 17 0
16 16 18 0
16 17 0 6067
16 17 1 4049
16 17 2 5774
16 17 3 7081
16 17 4 5858
16 17 5 5713
16 17 6 6347
16 17 7 8050
16 17 8 8724
16 17 9 4282
16 17 10 8835
16 17 11 5856
16 17 12 4252
16 17 13 6267
16 17 14 7436
16 17 15 6955
16 17 16 0
16 17 17 0
16 17 18 4298
16 18 0 4403
16 18 1 1713
16 18 2 1242
16 18 3 3304
16 18 4 5592
16 18 5 4853
16 18 6 5820
16 18 7 5356
16 18 8 4840
16 18 9 5114
16 18 10 2542
16 18 11 4802
16 18 12 5373
16 18 13 1878
16 18 14 866
16 18 15 2179
16 18 16 0
16 18 17 7818
16 18 18 0
17 0 0 0
17 0 1 5431
17 0 2 3503
17 0 3 6604
17 0 4 2207
17 0 5 6720
17 0 6 6639
17 0 7 4969
17 0 8 4023
17 0 9 4546
17 0 10 4640
17 0 11 2231
17 0 12 2225
17 0 13 2486
17 0 14 6246
17 0 15 3907
17 0 16 6558
17 0 17 0
17 0 18 7115
17 1 0 1816
17 1 1 0
17 1 2 4268
17 1 3 4139
17 1 4 583
17 1 5 4290
17 1 6 1982
17 1 7 2148
17 1 8 1069
17 1 9 3196
17 1 10 2703
17 1 11 941
17 1 12 685
17 1 13 4026
17 1 14 2390
17 1 15 2018
17 1 16 3793
17 1 17 0
17 1 18 4128
17 2 0 6359
17 2 1 3030
17 2 2 0
17 2 3 4844
17 2 4 2710
17 2 5 5106
17 2 6 6164
17 2 7 3739
17 2 8 4954
17 2 9 4568
17 2 10 4236
17 2 11 3109
17 2 12 6668
17 2 13 2784
17 2 14 5387
17 2 15 4279
17 2 16 4210
17 2 17 0
17 2 18 4036
17 3 0 6773
17 3 1 7402
17 3 2 6257
17 3 3 0
17 3 4 6473
17 3 5 6231
17 3 6 3818
17 3 7 6350
17 3 8 6316
17 3 9 5943
17 3 10 7606
17 3 11 4004
17 3 12 3686
17 3 13 5287
17 3 14 3925
17 3 15 4101
17 3 16 6316
17 3 17 0
17 3 18 4966
17 4 0 1995
17 4 1 6620
17 4 2 4333
17 4 3 5830
17 4 4 0
17 4 5 5453
17 4 6 5341
17 4 7 4143
17 4 8 5320
17 4 9 3093
17 4 10 5761
17 4 11 3901
17 4 12 5311
17 4 13 3773
17 4 14 4397
17 4 15 5707
17 4 16 1953
17 4 17 0
17 4 18 5334
17 5 0 3520
17 5 1 2713
17 5 2 2827
17 5 3 3624
17 5 4 1823
17 5 5 0
17 5 6 2550
17 5 7 6377
17 5 8 4074
17 5 9 2816
17 5 10 4380
17 5 11 3555
17 5 12 2226
17 5 13 5576
17 5 14 4891
17 5 15 4672
17 5 16 6308
17 5 17 0
17 5 18 6748
17 6 0 5274
17 6 1 5266
17 6 2 3809
17 6 3 6089
17 6 4 3544
17 6 5 4585
17 6 6 0
17 6 7 6836
17 6 8 7306
17 6 9 5982
17 6 10 6971
17 6 11 5360
17 6 12 2945
17 6 13 5732
17 6 14 5671
17 6 15 6109
17 6 16 5823
17 6 17 0
17 6 18 7304
17 7 0 6066
17 7 1 6198
17 7 2 7710
17 7 3 7413
17 7 4 5710
17 7 5 6507
17 7 6 7476
17 7 7 0
17 7 8 4928
17 7 9 7295
17 7 10 7178
17 7 11 8468
17 7 12 4106
17 7 13 5886
17 7 14 5692
17 7 15 4457
17 7 16 7028
17 7 17 0
17 7 18 8950
17 8 0 5700
17 8 1 7545
17 8 2 9558
17 8 3 7407
17 8 4 6613
17 8 5 9619
17 8 6 5508
17 8 7 8853
17 8 8 0
17 8 9 6815
17 8 10 7243
17 8 11 5861
17 8 12 6103
17 8 13 9397
17 8 14 8496
17 8 15 7990
17 8 16 6517
17 8 17 0
17 8 18 5153
17 9 0 5136
17 9 1 4020
17 9 2 5208
17 9 3 1553
17 9 4 2643
17 9 5 3775
17 9 6 1317
17 9 7 3464
17 9 8 3578
17 9 9 0
17 9 10 1408
17 9 11 3301
17 9 12 3463
17 9 13 2250
17 9 14 3449
17 9 15 2394
17 9 16 903
17 9 17 0
17 9 18 7034
17 10 0 5972
17 10 1 5882
17 10 2 8824
17 10 3 5127
17 10 4 6893
17 10 5 5154
17 10 6 8230
17 10 7 9761
17 10 8 6718
17 10 9 8601
17 10 10 0
17 10 11 5601
17 10 12 5758
17 10 13 8371
17 10 14 5813
17 10 15 6226
17 10 16 7831
17 10 17 0
17 10 18 4975
17 11 0 3530
17 11 1 2947
17 11 2 2319
17 11 3 5749
17 11 4 6384
17 11 5 4452
17 11 6 5161
17 11 7 2111
17 11 8 5318
17 11 9 3429
17 11 10 5621
17 11 11 0
17 11 12 6546
17 11 13 6113
17 11 14 3583
17 11 15 3741
17 11 16 4621
17 11 17 0
17 11 18 5542
17 12 0 4028
17 12 1 4660
17 12 2 5288
17 12 3 405
17 12 4 3332
17 12 5 2405
17 12 6 3979
17 12 7 1894
17 12 8 4869
17 12 9 4070
17 12 10 374
17 12 11 2914
17 12 12 0
17 12 13 5116
17 12 14 4131
17 12 15 3523
17 12 16 3984
17 12 17 0
17 12 18 7692
17 13 0 3476
17 13 1 5562
17 13 2 4631
17 13 3 6116
17 13 4 5627
17 13 5 3527
17 13 6 4511
17 13 7 5236
17 13 8 2332
17 13 9 5815
17 13 10 2495
17 13 11 6691
17 13 12 6387
17 13 13 0
17 13 14 5636
17 13 15 2758
17 13 16 2797
17 13 17 0
17 13 18 5578
17 14 0 8269
17 14 1 7892
17 14 2 5081
17 14 3 4989
17 14 4 6364
17 14 5 5135
17 14 6 5698
17 14 7 4733
17 14 8 7201
17 14 9 3784
17 14 10 5907
17 14 11 4879
17 14 12 7171
17 14 13 7162
17 14 14 0
17 14 15 7534
17 14 16 8384
17 14 17 0
17 14 18 1411
17 15 0 5566
17 15 1 3019
17 15 2 5171
17 15 3 6693
17 15 4 6414
17 15 5 7398
17 15 6 7893
17 15 7 6778
17 15 8 4214
17 15 9 4394
17 15 10 4004
17 15 11 7984
17 15 12 7529
17 15 13 3116
17 15 14 4528
17 15 15 0
17 15 16 5223
17 15 17 0
17 15 18 5434
17 16 0 3724
17 16 1 7436
17 16 2 5688
17 16 3 3894
17 16 4 6608
17 16 5 6822
17 16 6 5831
17 16 7 7133
17 16 8 3307
17 16 9 3661
17 16 10 3536
17 16 11 6507
17 16 12 7551
17 16 13 6047
17 16 14 4489
17 16 15 4650
17 16 16 0
17 16 17 0
17 16 18 7691
17 17 0 0
17 17 1 0
17 17 2 0
17 17 3 0
17 17 4 0
17 17 5 0
17 17 6 0
17 17 7 0
17 17 8 0
17 17 9 0
17 17 10 0
17 17 11 0
17 17 12 0
17 17 13 0
17 17 14 0
17 17 15 0
17 17 16 0
17 17 17 0
17 17 18 0
17 18 0 7625
17 18 1 4935
17 18 2 4464
17 18 3 6526
17 18 4 8814
17 18 5 8075
17 18 6 9042
17 18 7 8578
17 18 8 8062
17 18 9 8336
17 18 10 5764
17 18 11 8024
17 18 12 8595
17 18 13 5100
17 18 14 4088
17 18 15 5401
17 18 16 7818
17 18 17 0
17 18 18 0
18 0 0 0
18 0 1 6862
18 0 2 4934
18 0 3 8035
18 0 4 3638
18 0 5 8151
18 0 6 8070
18 0 7 6400
18 0 8 5454
18 0 9 5977
18 0 10 6071
18 0 11 3662
18 0 12 3656
18 0 13 3917
18 0 14 7677
18 0 15 5338
18 0 16 7989
18 0 17 7115
18 0 18 0
18 1 0 2575
18 1 1 0
18 1 2 5027
18 1 3 4898
18 1 4 1342
18 1 5 5049
18 1 6 2741
18 1 7 2907
18 1 8 1828
18 1 9 3955
18 1 10 3462
18 1 11 1700
18 1 12 1444
18 1 13 4785
18 1 14 3149
18 1 15 2777
18 1 16 4552
18 1 17 4128
18 1 18 0
18 2 0 4922
18 2 1 1593
18 2 2 0
18 2 3 3407
18 2 4 1273
18 2 5 3669
18 2 6 4727
18 2 7 2302
18 2 8 3517
18 2 9 3131
18 2 10 2799
18 2 11 1672
18 2 12 5231
18 2 13 1347
18 2 14 3950
18 2 15 2842
18 2 16 2773
18 2 17 4036
18 2 18 0
18 3 0 6091
18 3 1 6720
18 3 2 5575
18 3 3 0
18 3 4 5791
18 3 5 5549
18 3 6 3136
18 3 7 5668
18 3 8 5634
18 3 9 5261
18 3 10 6924
18 3 11 3322
18 3 12 3004
18 3 13 4605
18 3 14 3243
18 3 15 3419
18 3 16 5634
18 3 17 4966
18 3 18 0
18 4 0 4824
18 4 1 9449
18 4 2 7162
18 4 3 8659
18 4 4 0
18 4 5 8282
18 4 6 8170
18 4 7 6972
18 4 8 8149
18 4 9 5922
18 4 10 8590
18 4 11 6730
18 4 12 8140
18 4 13 6602
18 4 14 7226
18 4 15 8536
18 4 16 4782
18 4 17 5334
18 4 18 0
18 5 0 5755
18 5 1 4948
18 5 2 5062
18 5 3 5859
18 5 4 4058
18 5 5 0
18 5 6 4785
18 5 7 8612
18 5 8 6309
18 5 9 5051
18 5 10 6615
18 5 11 5790
18 5 12 4461
18 5 13 7811
18 5 14 7126
18 5 15 6907
18 5 16 8543
18 5 17 6748
18 5 18 0
18 6 0 7842
18 6 1 7834
18 6 2 6377
18 6 3 8657
18 6 4 6112
18 6 5 7153
18 6 6 0
18 6 7 9404
18 6 8 9874
18 6 9 8550
18 6 10 9539
18 6 11 7928
18 6 12 5513
18 6 13 8300
18 6 14 8239
18 6 15 8677
18 6 16 8391
18 6 17 7304
18 6 18 0
18 7 0 6467
18 7 1 6599
18 7 2 8111
18 7 3 7814
18 7 4 6111
18 7 5 6908
18 7 6 7877
18 7 7 0
18 7 8 5329
18 7 9 7696
18 7 10 7579
18 7 11 8869
18 7 12 4507
18 7 13 6287
18 7 14 6093
18 7 15 4858
18 7 16 7429
18 7 17 8950
18 7 18 0
18 8 0 4911
18 8 1 6756
18 8 2 8769
18 8 3 6618
18 8 4 5824
18 8 5 8830
18 8 6 4719
18 8 7 8064
18 8 8 0
18 8 9 6026
18 8 10 6454
18 8 11 5072
18 8 12 5314
18 8 13 8608
18 8 14 7707
18 8 15 7201
18 8 16 5728
18 8 17 5153
18 8 18 0
18 9 0 9063
18 9 1 7947
18 9 2 9135
18 9 3 5480
18 9 4 6570
18 9 5 7702
18 9 6 5244
18 9 7 7391
18 9 8 7505
18 9 9 0
18 9 10 5335
18 9 11 7228
18 9 12 7390
18 9 13 6177
18 9 14 7376
18 9 15 6321
18 9 16 4830
18 9 17 7034
18 9 18 0
18 10 0 2774
18 10 1 2684
18 10 2 5626
18 10 3 1929
18 10 4 3695
18 10 5 1956
18 10 6 5032
18 10 7 6563
18 10 8 3520
18 10 9 5403
18 10 10 0
18 10 11 2403
18 10 12 2560
18 10 13 5173
18 10 14 2615
18 10 15 3028
18 10 16 4633
18 10 17 4975
18 10 18 0
18 11 0 5571
18 11 1 4988
18 11 2 4360
18 11 3 7790
18 11 4 8425
18 11 5 6493
18 11 6 7202
18 11 7 4152
18 11 8 7359
18 11 9 5470
18 11 10 7662
18 11 11 0
18 11 12 8587
18 11 13 8154
18 11 14 5624
18 11 15 5782
18 11 16 6662
18 11 17 5542
18 11 18 0
18 12 0 8244
18 12 1 8876
18 12 2 9504
18 12 3 4621
18 12 4 7548
18 12 5 6621
18 12 6 8195
18 12 7 6110
18 12 8 9085
18 12 9 8286
18 12 10 4590
18 12 11 7130
18 12 12 0
18 12 13 9332
18 12 14 8347
18 12 15 7739
18 12 16 8200
18 12 17 7692
18 12 18 0
18 13 0 2182
18 13 1 4268
18 13 2 3337
18 13 3 4822
18 13 4 4333
18 13 5 2233
18 13 6 3217
18 13 7 3942
18 13 8 1038
18 13 9 4521
18 13 10 1201
18 13 11 5397
18 13 12 5093
18 13 13 0
18 13 14 4342
18 13 15 1464
18 13 16 1503
18 13 17 5578
18 13 18 0
18 14 0 4794
18 14 1 4417
18 14 2 1606
18 14 3 1514
18 14 4 2889
18 14 5 1660
18 14 6 2223
18 14 7 1258
18 14 8 3726
18 14 9 309
18 14 10 2432
18 14 11 1404
18 14 12 3696
18 14 13 3687
18 14 14 0
18 14 15 4059
18 14 16 4909
18 14 17 1411
18 14 18 0
18 15 0 3885
18 15 1 1338
18 15 2 3490
18 15 3 5012
18 15 4 4733
18 15 5 5717
18 15 6 6212
18 15 7 5097
18 15 8 2533
18 15 9 2713
18 15 10 2323
18 15 11 6303
18 15 12 5848
18 15 13 1435
18 15 14 2847
18 15 15 0
18 15 16 3542
18 15 17 5434
18 15 18 0
18 16 0 4493
18 16 1 8205
18 16 2 6457
18 16 3 4663
18 16 4 7377
18 16 5 7591
18 16 6 6600
18 16 7 7902
18 16 8 4076
18 16 9 4430
18 16 10 4305
18 16 11 7276
18 16 12 8320
18 16 13 6816
18 16 14 5258
18 16 15 5419
18 16 16 0
18 16 17 7691
18 16 18 0
18 17 0 3443
18 17 1 1425
18 17 2 3150
18 17 3 4457
18 17 4 3234
18 17 5 3089
18 17 6 3723
18 17 7 5426
18 17 8 6100
18 17 9 1658
18 17 10 6211
18 17 11 3232
18 17 12 1628
18 17 13 3643
18 17 14 4812
18 17 15 4331
18 17 16 4298
18 17 17 0
18 17 18 0
18 18 0 0
18 18 1 0
18 18 2 0
18 18 3 0
18 18 4 0
18 18 5 0
18 18 6 0
18 18 7 0
18 18 8 0
18 18 9 0
18 18 10 0
18 18 11 0
18 18 12 0
18 18 13 0
18 18 14 0
18 18 15 0
18 18 16 0
18 18 17 0
18 18 18 0
