12
0 0 0 0
0 0 1 0
0 0 2 0
0 0 3 0
0 0 4 0
0 0 5 0
0 0 6 0
0 0 7 0
0 0 8 0
0 0 9 0
0 0 10 0
0 0 11 0
0 1 0 0
0 1 1 0
0 1 2 4857
0 1 3 2345
0 1 4 3109
0 1 5 3335
0 1 6 3228
0 1 7 1355
0 1 8 5578
0 1 9 1762
0 1 10 2447
0 1 11 2226
0 2 0 0
0 2 1 3011
0 2 2 0
0 2 3 1984
0 2 4 4009
0 2 5 5465
0 2 6 5626
0 2 7 5397
0 2 8 2556
0 2 9 5679
0 2 10 3177
0 2 11 4917
0 3 0 0
0 3 1 1685
0 3 2 1190
0 3 3 0
0 3 4 4172
0 3 5 1166
0 3 6 5190
0 3 7 3665
0 3 8 3674
0 3 9 5807
0 3 10 5709
0 3 11 4058
0 4 0 0
0 4 1 5763
0 4 2 5916
0 4 3 4551
0 4 4 0
0 4 5 9196
0 4 6 5115
0 4 7 7217
0 4 8 7357
0 4 9 6536
0 4 10 5395
0 4 11 5807
0 5 0 0
0 5 1 4051
0 5 2 5139
0 5 3 6815
0 5 4 4656
0 5 5 0
0 5 6 6504
0 5 7 4451
0 5 8 5191
0 5 9 4990
0 5 10 6651
0 5 11 6280
0 6 0 0
0 6 1 7696
0 6 2 4822
0 6 3 5624
0 6 4 8226
0 6 5 6375
0 6 6 0
0 6 7 9081
0 6 8 7789
0 6 9 8467
0 6 10 9073
0 6 11 7602
0 7 0 0
0 7 1 3886
0 7 2 5722
0 7 3 5912
0 7 4 3703
0 7 5 6225
0 7 6 6947
0 7 7 0
0 7 8 7005
0 7 9 7812
0 7 10 4431
0 7 11 6369
0 8 0 0
0 8 1 2026
0 8 2 3566
0 8 3 3323
0 8 4 3961
0 8 5 1614
0 8 6 2998
0 8 7 1280
0 8 8 0
0 8 9 4938
0 8 10 3868
0 8 11 5373
0 9 0 0
0 9 1 424
0 9 2 1242
0 9 3 1698
0 9 4 2071
0 9 5 1744
0 9 6 4296
0 9 7 1238
0 9 8 2804
0 9 9 0
0 9 10 2000
0 9 11 4610
0 10 0 0
0 10 1 5672
0 10 2 6622
0 10 3 2847
0 10 4 3863
0 10 5 4628
0 10 6 5097
0 10 7 4294
0 10 8 2663
0 10 9 6006
0 10 10 0
0 10 11 1913
0 11 0 0
0 11 1 5142
0 11 2 9405
0 11 3 5889
0 11 4 6808
0 11 5 7562
0 11 6 5714
0 11 7 5764
0 11 8 8557
0 11 9 9037
0 11 10 9362
0 11 11 0
1 0 0 0
1 0 1 0
1 0 2 5643
1 0 3 6024
1 0 4 9342
1 0 5 6824
1 0 6 9040
1 0 7 7897
1 0 8 5323
1 0 9 5209
1 0 10 6704
1 0 11 9418
1 1 0 0
1 1 1 0
1 1 2 0
1 1 3 0
1 1 4 0
1 1 5 0
1 1 6 0
1 1 7 0
1 1 8 0
1 1 9 0
1 1 10 0
1 1 11 0
1 2 0 3011
1 2 1 0
1 2 2 0
1 2 3 4935
1 2 4 6960
1 2 5 8416
1 2 6 8577
1 2 7 8348
1 2 8 5507
1 2 9 8630
1 2 10 6128
1 2 11 7868
1 3 0 1685
1 3 1 0
1 3 2 1248
1 3 3 0
1 3 4 4230
1 3 5 1224
1 3 6 5248
1 3 7 3723
1 3 8 3732
1 3 9 5865
1 3 10 5767
1 3 11 4116
1 4 0 5763
1 4 1 0
1 4 2 3420
1 4 3 2055
1 4 4 0
1 4 5 6700
1 4 6 2619
1 4 7 4721
1 4 8 4861
1 4 9 4040
1 4 10 2899
1 4 11 3311
1 5 0 4051
1 5 1 0
1 5 2 5387
1 5 3 7063
1 5 4 4904
1 5 5 0
1 5 6 6752
1 5 7 4699
1 5 8 5439
1 5 9 5238
1 5 10 6899
1 5 11 6528
1 6 0 7696
1 6 1 0
1 6 2 2747
1 6 3 3549
1 6 4 6151
1 6 5 4300
1 6 6 0
1 6 7 7006
1 6 8 5714
1 6 9 6392
1 6 10 6998
1 6 11 5527
1 7 0 3886
1 7 1 0
1 7 2 2917
1 7 3 3107
1 7 4 898
1 7 5 3420
1 7 6 4142
1 7 7 0
1 7 8 4200
1 7 9 5007
1 7 10 1626
1 7 11 3564
1 8 0 2026
1 8 1 0
1 8 2 7558
1 8 3 7315
1 8 4 7953
1 8 5 5606
1 8 6 6990
1 8 7 5272
1 8 8 0
1 8 9 8930
1 8 10 7860
1 8 11 9365
1 9 0 424
1 9 1 0
1 9 2 1532
1 9 3 1988
1 9 4 2361
1 9 5 2034
1 9 6 4586
1 9 7 1528
1 9 8 3094
1 9 9 0
1 9 10 2290
1 9 11 4900
1 10 0 5672
1 10 1 0
1 10 2 6102
1 10 3 2327
1 10 4 3343
1 10 5 4108
1 10 6 4577
1 10 7 3774
1 10 8 2143
1 10 9 5486
1 10 10 0
1 10 11 1393
1 11 0 5142
1 11 1 0
1 11 2 5950
1 11 3 2434
1 11 4 3353
1 11 5 4107
1 11 6 2259
1 11 7 2309
1 11 8 5102
1 11 9 5582
1 11 10 5907
1 11 11 0
2 0 0 0
2 0 1 5643
2 0 2 0
2 0 3 4290
2 0 4 7608
2 0 5 5090
2 0 6 7306
2 0 7 6163
2 0 8 3589
2 0 9 3475
2 0 10 4970
2 0 11 7684
2 1 0 4857
2 1 1 0
2 1 2 0
2 1 3 3450
2 1 4 4214
2 1 5 4440
2 1 6 4333
2 1 7 2460
2 1 8 6683
2 1 9 2867
2 1 10 3552
2 1 11 3331
2 2 0 0
2 2 1 0
2 2 2 0
2 2 3 0
2 2 4 0
2 2 5 0
2 2 6 0
2 2 7 0
2 2 8 0
2 2 9 0
2 2 10 0
2 2 11 0
2 3 0 1190
2 3 1 1248
2 3 2 0
2 3 3 0
2 3 4 4323
2 3 5 1317
2 3 6 5341
2 3 7 3816
2 3 8 3825
2 3 9 5958
2 3 10 5860
2 3 11 4209
2 4 0 5916
2 4 1 3420
2 4 2 0
2 4 3 3409
2 4 4 0
2 4 5 8054
2 4 6 3973
2 4 7 6075
2 4 8 6215
2 4 9 5394
2 4 10 4253
2 4 11 4665
2 5 0 5139
2 5 1 5387
2 5 2 0
2 5 3 9647
2 5 4 7488
2 5 5 0
2 5 6 9336
2 5 7 7283
2 5 8 8023
2 5 9 7822
2 5 10 9483
2 5 11 9112
2 6 0 4822
2 6 1 2747
2 6 2 0
2 6 3 6401
2 6 4 9003
2 6 5 7152
2 6 6 0
2 6 7 9858
2 6 8 8566
2 6 9 9244
2 6 10 9850
2 6 11 8379
2 7 0 5722
2 7 1 2917
2 7 2 0
2 7 3 7603
2 7 4 5394
2 7 5 7916
2 7 6 8638
2 7 7 0
2 7 8 8696
2 7 9 9503
2 7 10 6122
2 7 11 8060
2 8 0 3566
2 8 1 7558
2 8 2 0
2 8 3 4747
2 8 4 5385
2 8 5 3038
2 8 6 4422
2 8 7 2704
2 8 8 0
2 8 9 6362
2 8 10 5292
2 8 11 6797
2 9 0 1242
2 9 1 1532
2 9 2 0
2 9 3 6359
2 9 4 6732
2 9 5 6405
2 9 6 8957
2 9 7 5899
2 9 8 7465
2 9 9 0
2 9 10 6661
2 9 11 9271
2 10 0 6622
2 10 1 6102
2 10 2 0
2 10 3 3511
2 10 4 4527
2 10 5 5292
2 10 6 5761
2 10 7 4958
2 10 8 3327
2 10 9 6670
2 10 10 0
2 10 11 2577
2 11 0 9405
2 11 1 5950
2 11 2 0
2 11 3 5579
2 11 4 6498
2 11 5 7252
2 11 6 5404
2 11 7 5454
2 11 8 8247
2 11 9 8727
2 11 10 9052
2 11 11 0
3 0 0 0
3 0 1 6024
3 0 2 4290
3 0 3 0
3 0 4 6603
3 0 5 4085
3 0 6 6301
3 0 7 5158
3 0 8 2584
3 0 9 2470
3 0 10 3965
3 0 11 6679
3 1 0 2345
3 1 1 0
3 1 2 3450
3 1 3 0
3 1 4 2507
3 1 5 2733
3 1 6 2626
3 1 7 753
3 1 8 4976
3 1 9 1160
3 1 10 1845
3 1 11 1624
3 2 0 1984
3 2 1 4935
3 2 2 0
3 2 3 0
3 2 4 3366
3 2 5 4822
3 2 6 4983
3 2 7 4754
3 2 8 1913
3 2 9 5036
3 2 10 2534
3 2 11 4274
3 3 0 0
3 3 1 0
3 3 2 0
3 3 3 0
3 3 4 0
3 3 5 0
3 3 6 0
3 3 7 0
3 3 8 0
3 3 9 0
3 3 10 0
3 3 11 0
3 4 0 4551
3 4 1 2055
3 4 2 3409
3 4 3 0
3 4 4 0
3 4 5 7836
3 4 6 3755
3 4 7 5857
3 4 8 5997
3 4 9 5176
3 4 10 4035
3 4 11 4447
3 5 0 6815
3 5 1 7063
3 5 2 9647
3 5 3 0
3 5 4 2808
3 5 5 0
3 5 6 4656
3 5 7 2603
3 5 8 3343
3 5 9 3142
3 5 10 4803
3 5 11 4432
3 6 0 5624
3 6 1 3549
3 6 2 6401
3 6 3 0
3 6 4 8186
3 6 5 6335
3 6 6 0
3 6 7 9041
3 6 8 7749
3 6 9 8427
3 6 10 9033
3 6 11 7562
3 7 0 5912
3 7 1 3107
3 7 2 7603
3 7 3 0
3 7 4 3281
3 7 5 5803
3 7 6 6525
3 7 7 0
3 7 8 6583
3 7 9 7390
3 7 10 4009
3 7 11 5947
3 8 0 3323
3 8 1 7315
3 8 2 4747
3 8 3 0
3 8 4 6122
3 8 5 3775
3 8 6 5159
3 8 7 3441
3 8 8 0
3 8 9 7099
3 8 10 6029
3 8 11 7534
3 9 0 1698
3 9 1 1988
3 9 2 6359
3 9 3 0
3 9 4 6479
3 9 5 6152
3 9 6 8704
3 9 7 5646
3 9 8 7212
3 9 9 0
3 9 10 6408
3 9 11 9018
3 10 0 2847
3 10 1 2327
3 10 2 3511
3 10 3 0
3 10 4 6678
3 10 5 7443
3 10 6 7912
3 10 7 7109
3 10 8 5478
3 10 9 8821
3 10 10 0
3 10 11 4728
3 11 0 5889
3 11 1 2434
3 11 2 5579
3 11 3 0
3 11 4 5258
3 11 5 6012
3 11 6 4164
3 11 7 4214
3 11 8 7007
3 11 9 7487
3 11 10 7812
3 11 11 0
4 0 0 0
4 0 1 9342
4 0 2 7608
4 0 3 6603
4 0 4 0
4 0 5 6463
4 0 6 8679
4 0 7 7536
4 0 8 4962
4 0 9 4848
4 0 10 6343
4 0 11 9057
4 1 0 3109
4 1 1 0
4 1 2 4214
4 1 3 2507
4 1 4 0
4 1 5 3493
4 1 6 3386
4 1 7 1513
4 1 8 5736
4 1 9 1920
4 1 10 2605
4 1 11 2384
4 2 0 4009
4 2 1 6960
4 2 2 0
4 2 3 3366
4 2 4 0
4 2 5 6230
4 2 6 6391
4 2 7 6162
4 2 8 3321
4 2 9 6444
4 2 10 3942
4 2 11 5682
4 3 0 4172
4 3 1 4230
4 3 2 4323
4 3 3 0
4 3 4 0
4 3 5 185
4 3 6 4209
4 3 7 2684
4 3 8 2693
4 3 9 4826
4 3 10 4728
4 3 11 3077
4 4 0 0
4 4 1 0
4 4 2 0
4 4 3 0
4 4 4 0
4 4 5 0
4 4 6 0
4 4 7 0
4 4 8 0
4 4 9 0
4 4 10 0
4 4 11 0
4 5 0 4656
4 5 1 4904
4 5 2 7488
4 5 3 2808
4 5 4 0
4 5 5 0
4 5 6 9368
4 5 7 7315
4 5 8 8055
4 5 9 7854
4 5 10 9515
4 5 11 9144
4 6 0 8226
4 6 1 6151
4 6 2 9003
4 6 3 8186
4 6 4 0
4 6 5 2942
4 6 6 0
4 6 7 5648
4 6 8 4356
4 6 9 5034
4 6 10 5640
4 6 11 4169
4 7 0 3703
4 7 1 898
4 7 2 5394
4 7 3 3281
4 7 4 0
4 7 5 6037
4 7 6 6759
4 7 7 0
4 7 8 6817
4 7 9 7624
4 7 10 4243
4 7 11 6181
4 8 0 3961
4 8 1 7953
4 8 2 5385
4 8 3 6122
4 8 4 0
4 8 5 4140
4 8 6 5524
4 8 7 3806
4 8 8 0
4 8 9 7464
4 8 10 6394
4 8 11 7899
4 9 0 2071
4 9 1 2361
4 9 2 6732
4 9 3 6479
4 9 4 0
4 9 5 3563
4 9 6 6115
4 9 7 3057
4 9 8 4623
4 9 9 0
4 9 10 3819
4 9 11 6429
4 10 0 3863
4 10 1 3343
4 10 2 4527
4 10 3 6678
4 10 4 0
4 10 5 3811
4 10 6 4280
4 10 7 3477
4 10 8 1846
4 10 9 5189
4 10 10 0
4 10 11 1096
4 11 0 6808
4 11 1 3353
4 11 2 6498
4 11 3 5258
4 11 4 0
4 11 5 4443
4 11 6 2595
4 11 7 2645
4 11 8 5438
4 11 9 5918
4 11 10 6243
4 11 11 0
5 0 0 0
5 0 1 6824
5 0 2 5090
5 0 3 4085
5 0 4 6463
5 0 5 0
5 0 6 7829
5 0 7 6686
5 0 8 4112
5 0 9 3998
5 0 10 5493
5 0 11 8207
5 1 0 3335
5 1 1 0
5 1 2 4440
5 1 3 2733
5 1 4 3493
5 1 5 0
5 1 6 4192
5 1 7 2319
5 1 8 6542
5 1 9 2726
5 1 10 3411
5 1 11 3190
5 2 0 5465
5 2 1 8416
5 2 2 0
5 2 3 4822
5 2 4 6230
5 2 5 0
5 2 6 8132
5 2 7 7903
5 2 8 5062
5 2 9 8185
5 2 10 5683
5 2 11 7423
5 3 0 1166
5 3 1 1224
5 3 2 1317
5 3 3 0
5 3 4 185
5 3 5 0
5 3 6 8991
5 3 7 7466
5 3 8 7475
5 3 9 9608
5 3 10 9510
5 3 11 7859
5 4 0 9196
5 4 1 6700
5 4 2 8054
5 4 3 7836
5 4 4 0
5 4 5 0
5 4 6 3439
5 4 7 5541
5 4 8 5681
5 4 9 4860
5 4 10 3719
5 4 11 4131
5 5 0 0
5 5 1 0
5 5 2 0
5 5 3 0
5 5 4 0
5 5 5 0
5 5 6 0
5 5 7 0
5 5 8 0
5 5 9 0
5 5 10 0
5 5 11 0
5 6 0 6375
5 6 1 4300
5 6 2 7152
5 6 3 6335
5 6 4 2942
5 6 5 0
5 6 6 0
5 6 7 9555
5 6 8 8263
5 6 9 8941
5 6 10 9547
5 6 11 8076
5 7 0 6225
5 7 1 3420
5 7 2 7916
5 7 3 5803
5 7 4 6037
5 7 5 0
5 7 6 6511
5 7 7 0
5 7 8 6569
5 7 9 7376
5 7 10 3995
5 7 11 5933
5 8 0 1614
5 8 1 5606
5 8 2 3038
5 8 3 3775
5 8 4 4140
5 8 5 0
5 8 6 5876
5 8 7 4158
5 8 8 0
5 8 9 7816
5 8 10 6746
5 8 11 8251
5 9 0 1744
5 9 1 2034
5 9 2 6405
5 9 3 6152
5 9 4 3563
5 9 5 0
5 9 6 7087
5 9 7 4029
5 9 8 5595
5 9 9 0
5 9 10 4791
5 9 11 7401
5 10 0 4628
5 10 1 4108
5 10 2 5292
5 10 3 7443
5 10 4 3811
5 10 5 0
5 10 6 8054
5 10 7 7251
5 10 8 5620
5 10 9 8963
5 10 10 0
5 10 11 4870
5 11 0 7562
5 11 1 4107
5 11 2 7252
5 11 3 6012
5 11 4 4443
5 11 5 0
5 11 6 5586
5 11 7 5636
5 11 8 8429
5 11 9 8909
5 11 10 9234
5 11 11 0
6 0 0 0
6 0 1 9040
6 0 2 7306
6 0 3 6301
6 0 4 8679
6 0 5 7829
6 0 6 0
6 0 7 3657
6 0 8 1083
6 0 9 969
6 0 10 2464
6 0 11 5178
6 1 0 3228
6 1 1 0
6 1 2 4333
6 1 3 2626
6 1 4 3386
6 1 5 4192
6 1 6 0
6 1 7 3748
6 1 8 7971
6 1 9 4155
6 1 10 4840
6 1 11 4619
6 2 0 5626
6 2 1 8577
6 2 2 0
6 2 3 4983
6 2 4 6391
6 2 5 8132
6 2 6 0
6 2 7 5370
6 2 8 2529
6 2 9 5652
6 2 10 3150
6 2 11 4890
6 3 0 5190
6 3 1 5248
6 3 2 5341
6 3 3 0
6 3 4 4209
6 3 5 8991
6 3 6 0
6 3 7 4059
6 3 8 4068
6 3 9 6201
6 3 10 6103
6 3 11 4452
6 4 0 5115
6 4 1 2619
6 4 2 3973
6 4 3 3755
6 4 4 0
6 4 5 3439
6 4 6 0
6 4 7 6895
6 4 8 7035
6 4 9 6214
6 4 10 5073
6 4 11 5485
6 5 0 6504
6 5 1 6752
6 5 2 9336
6 5 3 4656
6 5 4 9368
6 5 5 0
6 5 6 0
6 5 7 4796
6 5 8 5536
6 5 9 5335
6 5 10 6996
6 5 11 6625
6 6 0 0
6 6 1 0
6 6 2 0
6 6 3 0
6 6 4 0
6 6 5 0
6 6 6 0
6 6 7 0
6 6 8 0
6 6 9 0
6 6 10 0
6 6 11 0
6 7 0 6947
6 7 1 4142
6 7 2 8638
6 7 3 6525
6 7 4 6759
6 7 5 6511
6 7 6 0
6 7 7 0
6 7 8 8983
6 7 9 9790
6 7 10 6409
6 7 11 8347
6 8 0 2998
6 8 1 6990
6 8 2 4422
6 8 3 5159
6 8 4 5524
6 8 5 5876
6 8 6 0
6 8 7 4540
6 8 8 0
6 8 9 8198
6 8 10 7128
6 8 11 8633
6 9 0 4296
6 9 1 4586
6 9 2 8957
6 9 3 8704
6 9 4 6115
6 9 5 7087
6 9 6 0
6 9 7 5290
6 9 8 6856
6 9 9 0
6 9 10 6052
6 9 11 8662
6 10 0 5097
6 10 1 4577
6 10 2 5761
6 10 3 7912
6 10 4 4280
6 10 5 8054
6 10 6 0
6 10 7 7457
6 10 8 5826
6 10 9 9169
6 10 10 0
6 10 11 5076
6 11 0 5714
6 11 1 2259
6 11 2 5404
6 11 3 4164
6 11 4 2595
6 11 5 5586
6 11 6 0
6 11 7 4742
6 11 8 7535
6 11 9 8015
6 11 10 8340
6 11 11 0
7 0 0 0
7 0 1 7897
7 0 2 6163
7 0 3 5158
7 0 4 7536
7 0 5 6686
7 0 6 3657
7 0 7 0
7 0 8 1909
7 0 9 1795
7 0 10 3290
7 0 11 6004
7 1 0 1355
7 1 1 0
7 1 2 2460
7 1 3 753
7 1 4 1513
7 1 5 2319
7 1 6 3748
7 1 7 0
7 1 8 5304
7 1 9 1488
7 1 10 2173
7 1 11 1952
7 2 0 5397
7 2 1 8348
7 2 2 0
7 2 3 4754
7 2 4 6162
7 2 5 7903
7 2 6 5370
7 2 7 0
7 2 8 4572
7 2 9 7695
7 2 10 5193
7 2 11 6933
7 3 0 3665
7 3 1 3723
7 3 2 3816
7 3 3 0
7 3 4 2684
7 3 5 7466
7 3 6 4059
7 3 7 0
7 3 8 5499
7 3 9 7632
7 3 10 7534
7 3 11 5883
7 4 0 7217
7 4 1 4721
7 4 2 6075
7 4 3 5857
7 4 4 0
7 4 5 5541
7 4 6 6895
7 4 7 0
7 4 8 3655
7 4 9 2834
7 4 10 1693
7 4 11 2105
7 5 0 4451
7 5 1 4699
7 5 2 7283
7 5 3 2603
7 5 4 7315
7 5 5 0
7 5 6 4796
7 5 7 0
7 5 8 6529
7 5 9 6328
7 5 10 7989
7 5 11 7618
7 6 0 9081
7 6 1 7006
7 6 2 9858
7 6 3 9041
7 6 4 5648
7 6 5 9555
7 6 6 0
7 6 7 0
7 6 8 7633
7 6 9 8311
7 6 10 8917
7 6 11 7446
7 7 0 0
7 7 1 0
7 7 2 0
7 7 3 0
7 7 4 0
7 7 5 0
7 7 6 0
7 7 7 0
7 7 8 0
7 7 9 0
7 7 10 0
7 7 11 0
7 8 0 1280
7 8 1 5272
7 8 2 2704
7 8 3 3441
7 8 4 3806
7 8 5 4158
7 8 6 4540
7 8 7 0
7 8 8 0
7 8 9 8557
7 8 10 7487
7 8 11 8992
7 9 0 1238
7 9 1 1528
7 9 2 5899
7 9 3 5646
7 9 4 3057
7 9 5 4029
7 9 6 5290
7 9 7 0
7 9 8 7344
7 9 9 0
7 9 10 6540
7 9 11 9150
7 10 0 4294
7 10 1 3774
7 10 2 4958
7 10 3 7109
7 10 4 3477
7 10 5 7251
7 10 6 7457
7 10 7 0
7 10 8 2327
7 10 9 5670
7 10 10 0
7 10 11 1577
7 11 0 5764
7 11 1 2309
7 11 2 5454
7 11 3 4214
7 11 4 2645
7 11 5 5636
7 11 6 4742
7 11 7 0
7 11 8 7445
7 11 9 7925
7 11 10 8250
7 11 11 0
8 0 0 0
8 0 1 5323
8 0 2 3589
8 0 3 2584
8 0 4 4962
8 0 5 4112
8 0 6 1083
8 0 7 1909
8 0 8 0
8 0 9 3571
8 0 10 5066
8 0 11 7780
8 1 0 5578
8 1 1 0
8 1 2 6683
8 1 3 4976
8 1 4 5736
8 1 5 6542
8 1 6 7971
8 1 7 5304
8 1 8 0
8 1 9 2202
8 1 10 2887
8 1 11 2666
8 2 0 2556
8 2 1 5507
8 2 2 0
8 2 3 1913
8 2 4 3321
8 2 5 5062
8 2 6 2529
8 2 7 4572
8 2 8 0
8 2 9 8113
8 2 10 5611
8 2 11 7351
8 3 0 3674
8 3 1 3732
8 3 2 3825
8 3 3 0
8 3 4 2693
8 3 5 7475
8 3 6 4068
8 3 7 5499
8 3 8 0
8 3 9 7617
8 3 10 7519
8 3 11 5868
8 4 0 7357
8 4 1 4861
8 4 2 6215
8 4 3 5997
8 4 4 0
8 4 5 5681
8 4 6 7035
8 4 7 3655
8 4 8 0
8 4 9 5666
8 4 10 4525
8 4 11 4937
8 5 0 5191
8 5 1 5439
8 5 2 8023
8 5 3 3343
8 5 4 8055
8 5 5 0
8 5 6 5536
8 5 7 6529
8 5 8 0
8 5 9 4291
8 5 10 5952
8 5 11 5581
8 6 0 7789
8 6 1 5714
8 6 2 8566
8 6 3 7749
8 6 4 4356
8 6 5 8263
8 6 6 0
8 6 7 7633
8 6 8 0
8 6 9 6936
8 6 10 7542
8 6 11 6071
8 7 0 7005
8 7 1 4200
8 7 2 8696
8 7 3 6583
8 7 4 6817
8 7 5 6569
8 7 6 8983
8 7 7 0
8 7 8 0
8 7 9 5706
8 7 10 2325
8 7 11 4263
8 8 0 0
8 8 1 0
8 8 2 0
8 8 3 0
8 8 4 0
8 8 5 0
8 8 6 0
8 8 7 0
8 8 8 0
8 8 9 0
8 8 10 0
8 8 11 0
8 9 0 2804
8 9 1 3094
8 9 2 7465
8 9 3 7212
8 9 4 4623
8 9 5 5595
8 9 6 6856
8 9 7 7344
8 9 8 0
8 9 9 0
8 9 10 6240
8 9 11 8850
8 10 0 2663
8 10 1 2143
8 10 2 3327
8 10 3 5478
8 10 4 1846
8 10 5 5620
8 10 6 5826
8 10 7 2327
8 10 8 0
8 10 9 7681
8 10 10 0
8 10 11 3588
8 11 0 8557
8 11 1 5102
8 11 2 8247
8 11 3 7007
8 11 4 5438
8 11 5 8429
8 11 6 7535
8 11 7 7445
8 11 8 0
8 11 9 9503
8 11 10 9828
8 11 11 0
9 0 0 0
9 0 1 5209
9 0 2 3475
9 0 3 2470
9 0 4 4848
9 0 5 3998
9 0 6 969
9 0 7 1795
9 0 8 3571
9 0 9 0
9 0 10 1847
9 0 11 4561
9 1 0 1762
9 1 1 0
9 1 2 2867
9 1 3 1160
9 1 4 1920
9 1 5 2726
9 1 6 4155
9 1 7 1488
9 1 8 2202
9 1 9 0
9 1 10 1399
9 1 11 1178
9 2 0 5679
9 2 1 8630
9 2 2 0
9 2 3 5036
9 2 4 6444
9 2 5 8185
9 2 6 5652
9 2 7 7695
9 2 8 8113
9 2 9 0
9 2 10 3401
9 2 11 5141
9 3 0 5807
9 3 1 5865
9 3 2 5958
9 3 3 0
9 3 4 4826
9 3 5 9608
9 3 6 6201
9 3 7 7632
9 3 8 7617
9 3 9 0
9 3 10 6008
9 3 11 4357
9 4 0 6536
9 4 1 4040
9 4 2 5394
9 4 3 5176
9 4 4 0
9 4 5 4860
9 4 6 6214
9 4 7 2834
9 4 8 5666
9 4 9 0
9 4 10 2749
9 4 11 3161
9 5 0 4990
9 5 1 5238
9 5 2 7822
9 5 3 3142
9 5 4 7854
9 5 5 0
9 5 6 5335
9 5 7 6328
9 5 8 4291
9 5 9 0
9 5 10 6196
9 5 11 5825
9 6 0 8467
9 6 1 6392
9 6 2 9244
9 6 3 8427
9 6 4 5034
9 6 5 8941
9 6 6 0
9 6 7 8311
9 6 8 6936
9 6 9 0
9 6 10 8954
9 6 11 7483
9 7 0 7812
9 7 1 5007
9 7 2 9503
9 7 3 7390
9 7 4 7624
9 7 5 7376
9 7 6 9790
9 7 7 0
9 7 8 5706
9 7 9 0
9 7 10 2397
9 7 11 4335
9 8 0 4938
9 8 1 8930
9 8 2 6362
9 8 3 7099
9 8 4 7464
9 8 5 7816
9 8 6 8198
9 8 7 8557
9 8 8 0
9 8 9 0
9 8 10 5974
9 8 11 7479
9 9 0 0
9 9 1 0
9 9 2 0
9 9 3 0
9 9 4 0
9 9 5 0
9 9 6 0
9 9 7 0
9 9 8 0
9 9 9 0
9 9 10 0
9 9 11 0
9 10 0 6006
9 10 1 5486
9 10 2 6670
9 10 3 8821
9 10 4 5189
9 10 5 8963
9 10 6 9169
9 10 7 5670
9 10 8 7681
9 10 9 0
9 10 10 0
9 10 11 1834
9 11 0 9037
9 11 1 5582
9 11 2 8727
9 11 3 7487
9 11 4 5918
9 11 5 8909
9 11 6 8015
9 11 7 7925
9 11 8 9503
9 11 9 0
9 11 10 9179
9 11 11 0
10 0 0 0
10 0 1 6704
10 0 2 4970
10 0 3 3965
10 0 4 6343
10 0 5 5493
10 0 6 2464
10 0 7 3290
10 0 8 5066
10 0 9 1847
10 0 10 0
10 0 11 9036
10 1 0 2447
10 1 1 0
10 1 2 3552
10 1 3 1845
10 1 4 2605
10 1 5 3411
10 1 6 4840
10 1 7 2173
10 1 8 2887
10 1 9 1399
10 1 10 0
10 1 11 4931
10 2 0 3177
10 2 1 6128
10 2 2 0
10 2 3 2534
10 2 4 3942
10 2 5 5683
10 2 6 3150
10 2 7 5193
10 2 8 5611
10 2 9 3401
10 2 10 0
10 2 11 9026
10 3 0 5709
10 3 1 5767
10 3 2 5860
10 3 3 0
10 3 4 4728
10 3 5 9510
10 3 6 6103
10 3 7 7534
10 3 8 7519
10 3 9 6008
10 3 10 0
10 3 11 4011
10 4 0 5395
10 4 1 2899
10 4 2 4253
10 4 3 4035
10 4 4 0
10 4 5 3719
10 4 6 5073
10 4 7 1693
10 4 8 4525
10 4 9 2749
10 4 10 0
10 4 11 3458
10 5 0 6651
10 5 1 6899
10 5 2 9483
10 5 3 4803
10 5 4 9515
10 5 5 0
10 5 6 6996
10 5 7 7989
10 5 8 5952
10 5 9 6196
10 5 10 0
10 5 11 7214
10 6 0 9073
10 6 1 6998
10 6 2 9850
10 6 3 9033
10 6 4 5640
10 6 5 9547
10 6 6 0
10 6 7 8917
10 6 8 7542
10 6 9 8954
10 6 10 0
10 6 11 6789
10 7 0 4431
10 7 1 1626
10 7 2 6122
10 7 3 4009
10 7 4 4243
10 7 5 3995
10 7 6 6409
10 7 7 0
10 7 8 2325
10 7 9 2397
10 7 10 0
10 7 11 5896
10 8 0 3868
10 8 1 7860
10 8 2 5292
10 8 3 6029
10 8 4 6394
10 8 5 6746
10 8 6 7128
10 8 7 7487
10 8 8 0
10 8 9 5974
10 8 10 0
10 8 11 5843
10 9 0 2000
10 9 1 2290
10 9 2 6661
10 9 3 6408
10 9 4 3819
10 9 5 4791
10 9 6 6052
10 9 7 6540
10 9 8 6240
10 9 9 0
10 9 10 0
10 9 11 8537
10 10 0 0
10 10 1 0
10 10 2 0
10 10 3 0
10 10 4 0
10 10 5 0
10 10 6 0
10 10 7 0
10 10 8 0
10 10 9 0
10 10 10 0
10 10 11 0
10 11 0 9362
10 11 1 5907
10 11 2 9052
10 11 3 7812
10 11 4 6243
10 11 5 9234
10 11 6 8340
10 11 7 8250
10 11 8 9828
10 11 9 9179
10 11 10 0
10 11 11 0
11 0 0 0
11 0 1 9418
11 0 2 7684
11 0 3 6679
11 0 4 9057
11 0 5 8207
11 0 6 5178
11 0 7 6004
11 0 8 7780
11 0 9 4561
11 0 10 9036
11 0 11 0
11 1 0 2226
11 1 1 0
11 1 2 3331
11 1 3 1624
11 1 4 2384
11 1 5 3190
11 1 6 4619
11 1 7 1952
11 1 8 2666
11 1 9 1178
11 1 10 4931
11 1 11 0
11 2 0 4917
11 2 1 7868
11 2 2 0
11 2 3 4274
11 2 4 5682
11 2 5 7423
11 2 6 4890
11 2 7 6933
11 2 8 7351
11 2 9 5141
11 2 10 9026
11 2 11 0
11 3 0 4058
11 3 1 4116
11 3 2 4209
11 3 3 0
11 3 4 3077
11 3 5 7859
11 3 6 4452
11 3 7 5883
11 3 8 5868
11 3 9 4357
11 3 10 4011
11 3 11 0
11 4 0 5807
11 4 1 3311
11 4 2 4665
11 4 3 4447
11 4 4 0
11 4 5 4131
11 4 6 5485
11 4 7 2105
11 4 8 4937
11 4 9 3161
11 4 10 3458
11 4 11 0
11 5 0 6280
11 5 1 6528
11 5 2 9112
11 5 3 4432
11 5 4 9144
11 5 5 0
11 5 6 6625
11 5 7 7618
11 5 8 5581
11 5 9 5825
11 5 10 7214
11 5 11 0
11 6 0 7602
11 6 1 5527
11 6 2 8379
11 6 3 7562
11 6 4 4169
11 6 5 8076
11 6 6 0
11 6 7 7446
11 6 8 6071
11 6 9 7483
11 6 10 6789
11 6 11 0
11 7 0 6369
11 7 1 3564
11 7 2 8060
11 7 3 5947
11 7 4 6181
11 7 5 5933
11 7 6 8347
11 7 7 0
11 7 8 4263
11 7 9 4335
11 7 10 5896
11 7 11 0
11 8 0 5373
11 8 1 9365
11 8 2 6797
11 8 3 7534
11 8 4 7899
11 8 5 8251
11 8 6 8633
11 8 7 8992
11 8 8 0
11 8 9 7479
11 8 10 5843
11 8 11 0
11 9 0 4610
11 9 1 4900
11 9 2 9271
11 9 3 9018
11 9 4 6429
11 9 5 7401
11 9 6 8662
11 9 7 9150
11 9 8 8850
11 9 9 0
11 9 10 8537
11 9 11 0
11 10 0 1913
11 10 1 1393
11 10 2 2577
11 10 3 4728
11 10 4 1096
11 10 5 4870
11 10 6 5076
11 10 7 1577
11 10 8 3588
11 10 9 1834
11 10 10 0
11 10 11 0
11 11 0 0
11 11 1 0
11 11 2 0
11 11 3 0
11 11 4 0
11 11 5 0
11 11 6 0
11 11 7 0
11 11 8 0
11 11 9 0
11 11 10 0
11 11 11 0
