11
0 0 0 0
0 0 1 0
0 0 2 0
0 0 3 0
0 0 4 0
0 0 5 0
0 0 6 0
0 0 7 0
0 0 8 0
0 0 9 0
0 0 10 0
0 1 0 0
0 1 1 0
0 1 2 5331
0 1 3 8399
0 1 4 9277
0 1 5 6486
0 1 6 6172
0 1 7 6631
0 1 8 6375
0 1 9 8993
0 1 10 8419
0 2 0 0
0 2 1 2974
0 2 2 0
0 2 3 2960
0 2 4 7024
0 2 5 2834
0 2 6 2765
0 2 7 7251
0 2 8 6970
0 2 9 4962
0 2 10 3117
0 3 0 0
0 3 1 5378
0 3 2 1795
0 3 3 0
0 3 4 3156
0 3 5 3330
0 3 6 2032
0 3 7 6005
0 3 8 5572
0 3 9 6238
0 3 10 2279
0 4 0 0
0 4 1 3204
0 4 2 6398
0 4 3 5828
0 4 4 0
0 4 5 7530
0 4 6 3025
0 4 7 5143
0 4 8 4327
0 4 9 3427
0 4 10 7347
0 5 0 0
0 5 1 2628
0 5 2 6400
0 5 3 3822
0 5 4 3994
0 5 5 0
0 5 6 3436
0 5 7 1996
0 5 8 2366
0 5 9 5678
0 5 10 4482
0 6 0 0
0 6 1 2731
0 6 2 6553
0 6 3 5241
0 6 4 5505
0 6 5 5119
0 6 6 0
0 6 7 3050
0 6 8 5665
0 6 9 5443
0 6 10 6638
0 7 0 0
0 7 1 4837
0 7 2 6508
0 7 3 6384
0 7 4 6810
0 7 5 2898
0 7 6 3242
0 7 7 0
0 7 8 3937
0 7 9 4791
0 7 10 3938
0 8 0 0
0 8 1 5767
0 8 2 5420
0 8 3 7768
0 8 4 8141
0 8 5 6005
0 8 6 6493
0 8 7 5438
0 8 8 0
0 8 9 9120
0 8 10 5714
0 9 0 0
0 9 1 4111
0 9 2 6784
0 9 3 6322
0 9 4 4742
0 9 5 2347
0 9 6 2660
0 9 7 2899
0 9 8 6108
0 9 9 0
0 9 10 6565
0 10 0 0
0 10 1 5055
0 10 2 3063
0 10 3 2205
0 10 4 796
0 10 5 4469
0 10 6 1313
0 10 7 4729
0 10 8 4278
0 10 9 5239
0 10 10 0
1 0 0 0
1 0 1 0
1 0 2 2563
1 0 3 1895
1 0 4 3234
1 0 5 1925
1 0 6 1884
1 0 7 2107
1 0 8 4415
1 0 9 2486
1 0 10 1010
1 1 0 0
1 1 1 0
1 1 2 0
1 1 3 0
1 1 4 0
1 1 5 0
1 1 6 0
1 1 7 0
1 1 8 0
1 1 9 0
1 1 10 0
1 2 0 2974
1 2 1 0
1 2 2 0
1 2 3 1534
1 2 4 5598
1 2 5 1408
1 2 6 1339
1 2 7 5825
1 2 8 5544
1 2 9 3536
1 2 10 1691
1 3 0 5378
1 3 1 0
1 3 2 4105
1 3 3 0
1 3 4 5466
1 3 5 5640
1 3 6 4342
1 3 7 8315
1 3 8 7882
1 3 9 8548
1 3 10 4589
1 4 0 3204
1 4 1 0
1 4 2 8247
1 4 3 7677
1 4 4 0
1 4 5 9379
1 4 6 4874
1 4 7 6992
1 4 8 6176
1 4 9 5276
1 4 10 9196
1 5 0 2628
1 5 1 0
1 5 2 6767
1 5 3 4189
1 5 4 4361
1 5 5 0
1 5 6 3803
1 5 7 2363
1 5 8 2733
1 5 9 6045
1 5 10 4849
1 6 0 2731
1 6 1 0
1 6 2 6647
1 6 3 5335
1 6 4 5599
1 6 5 5213
1 6 6 0
1 6 7 3144
1 6 8 5759
1 6 9 5537
1 6 10 6732
1 7 0 4837
1 7 1 0
1 7 2 6838
1 7 3 6714
1 7 4 7140
1 7 5 3228
1 7 6 3572
1 7 7 0
1 7 8 4267
1 7 9 5121
1 7 10 4268
1 8 0 5767
1 8 1 0
1 8 2 3186
1 8 3 5534
1 8 4 5907
1 8 5 3771
1 8 6 4259
1 8 7 3204
1 8 8 0
1 8 9 6886
1 8 10 3480
1 9 0 4111
1 9 1 0
1 9 2 9097
1 9 3 8635
1 9 4 7055
1 9 5 4660
1 9 6 4973
1 9 7 5212
1 9 8 8421
1 9 9 0
1 9 10 8878
1 10 0 5055
1 10 1 0
1 10 2 6278
1 10 3 5420
1 10 4 4011
1 10 5 7684
1 10 6 4528
1 10 7 7944
1 10 8 7493
1 10 9 8454
1 10 10 0
2 0 0 0
2 0 1 2563
2 0 2 0
2 0 3 6509
2 0 4 7848
2 0 5 6539
2 0 6 6498
2 0 7 6721
2 0 8 9029
2 0 9 7100
2 0 10 5624
2 1 0 5331
2 1 1 0
2 1 2 0
2 1 3 4616
2 1 4 5494
2 1 5 2703
2 1 6 2389
2 1 7 2848
2 1 8 2592
2 1 9 5210
2 1 10 4636
2 2 0 0
2 2 1 0
2 2 2 0
2 2 3 0
2 2 4 0
2 2 5 0
2 2 6 0
2 2 7 0
2 2 8 0
2 2 9 0
2 2 10 0
2 3 0 1795
2 3 1 4105
2 3 2 0
2 3 3 0
2 3 4 2104
2 3 5 2278
2 3 6 980
2 3 7 4953
2 3 8 4520
2 3 9 5186
2 3 10 1227
2 4 0 6398
2 4 1 8247
2 4 2 0
2 4 3 7501
2 4 4 0
2 4 5 9203
2 4 6 4698
2 4 7 6816
2 4 8 6000
2 4 9 5100
2 4 10 9020
2 5 0 6400
2 5 1 6767
2 5 2 0
2 5 3 2614
2 5 4 2786
2 5 5 0
2 5 6 2228
2 5 7 788
2 5 8 1158
2 5 9 4470
2 5 10 3274
2 6 0 6553
2 6 1 6647
2 6 2 0
2 6 3 4005
2 6 4 4269
2 6 5 3883
2 6 6 0
2 6 7 1814
2 6 8 4429
2 6 9 4207
2 6 10 5402
2 7 0 6508
2 7 1 6838
2 7 2 0
2 7 3 9411
2 7 4 9837
2 7 5 5925
2 7 6 6269
2 7 7 0
2 7 8 6964
2 7 9 7818
2 7 10 6965
2 8 0 5420
2 8 1 3186
2 8 2 0
2 8 3 8206
2 8 4 8579
2 8 5 6443
2 8 6 6931
2 8 7 5876
2 8 8 0
2 8 9 9558
2 8 10 6152
2 9 0 6784
2 9 1 9097
2 9 2 0
2 9 3 6681
2 9 4 5101
2 9 5 2706
2 9 6 3019
2 9 7 3258
2 9 8 6467
2 9 9 0
2 9 10 6924
2 10 0 3063
2 10 1 6278
2 10 2 0
2 10 3 2195
2 10 4 786
2 10 5 4459
2 10 6 1303
2 10 7 4719
2 10 8 4268
2 10 9 5229
2 10 10 0
3 0 0 0
3 0 1 1895
3 0 2 6509
3 0 3 0
3 0 4 7895
3 0 5 6586
3 0 6 6545
3 0 7 6768
3 0 8 9076
3 0 9 7147
3 0 10 5671
3 1 0 8399
3 1 1 0
3 1 2 4616
3 1 3 0
3 1 4 8566
3 1 5 5775
3 1 6 5461
3 1 7 5920
3 1 8 5664
3 1 9 8282
3 1 10 7708
3 2 0 2960
3 2 1 1534
3 2 2 0
3 2 3 0
3 2 4 4807
3 2 5 617
3 2 6 548
3 2 7 5034
3 2 8 4753
3 2 9 2745
3 2 10 900
3 3 0 0
3 3 1 0
3 3 2 0
3 3 3 0
3 3 4 0
3 3 5 0
3 3 6 0
3 3 7 0
3 3 8 0
3 3 9 0
3 3 10 0
3 4 0 5828
3 4 1 7677
3 4 2 7501
3 4 3 0
3 4 4 0
3 4 5 6003
3 4 6 1498
3 4 7 3616
3 4 8 2800
3 4 9 1900
3 4 10 5820
3 5 0 3822
3 5 1 4189
3 5 2 2614
3 5 3 0
3 5 4 3950
3 5 5 0
3 5 6 3392
3 5 7 1952
3 5 8 2322
3 5 9 5634
3 5 10 4438
3 6 0 5241
3 6 1 5335
3 6 2 4005
3 6 3 0
3 6 4 4204
3 6 5 3818
3 6 6 0
3 6 7 1749
3 6 8 4364
3 6 9 4142
3 6 10 5337
3 7 0 6384
3 7 1 6714
3 7 2 9411
3 7 3 0
3 7 4 9259
3 7 5 5347
3 7 6 5691
3 7 7 0
3 7 8 6386
3 7 9 7240
3 7 10 6387
3 8 0 7768
3 8 1 5534
3 8 2 8206
3 8 3 0
3 8 4 7849
3 8 5 5713
3 8 6 6201
3 8 7 5146
3 8 8 0
3 8 9 8828
3 8 10 5422
3 9 0 6322
3 9 1 8635
3 9 2 6681
3 9 3 0
3 9 4 7045
3 9 5 4650
3 9 6 4963
3 9 7 5202
3 9 8 8411
3 9 9 0
3 9 10 8868
3 10 0 2205
3 10 1 5420
3 10 2 2195
3 10 3 0
3 10 4 616
3 10 5 4289
3 10 6 1133
3 10 7 4549
3 10 8 4098
3 10 9 5059
3 10 10 0
4 0 0 0
4 0 1 3234
4 0 2 7848
4 0 3 7895
4 0 4 0
4 0 5 2415
4 0 6 2374
4 0 7 2597
4 0 8 4905
4 0 9 2976
4 0 10 1500
4 1 0 9277
4 1 1 0
4 1 2 5494
4 1 3 8566
4 1 4 0
4 1 5 2262
4 1 6 1948
4 1 7 2407
4 1 8 2151
4 1 9 4769
4 1 10 4195
4 2 0 7024
4 2 1 5598
4 2 2 0
4 2 3 4807
4 2 4 0
4 2 5 3881
4 2 6 3812
4 2 7 8298
4 2 8 8017
4 2 9 6009
4 2 10 4164
4 3 0 3156
4 3 1 5466
4 3 2 2104
4 3 3 0
4 3 4 0
4 3 5 4475
4 3 6 3177
4 3 7 7150
4 3 8 6717
4 3 9 7383
4 3 10 3424
4 4 0 0
4 4 1 0
4 4 2 0
4 4 3 0
4 4 4 0
4 4 5 0
4 4 6 0
4 4 7 0
4 4 8 0
4 4 9 0
4 4 10 0
4 5 0 3994
4 5 1 4361
4 5 2 2786
4 5 3 3950
4 5 4 0
4 5 5 0
4 5 6 6253
4 5 7 4813
4 5 8 5183
4 5 9 8495
4 5 10 7299
4 6 0 5505
4 6 1 5599
4 6 2 4269
4 6 3 4204
4 6 4 0
4 6 5 3472
4 6 6 0
4 6 7 1403
4 6 8 4018
4 6 9 3796
4 6 10 4991
4 7 0 6810
4 7 1 7140
4 7 2 9837
4 7 3 9259
4 7 4 0
4 7 5 3146
4 7 6 3490
4 7 7 0
4 7 8 4185
4 7 9 5039
4 7 10 4186
4 8 0 8141
4 8 1 5907
4 8 2 8579
4 8 3 7849
4 8 4 0
4 8 5 3129
4 8 6 3617
4 8 7 2562
4 8 8 0
4 8 9 6244
4 8 10 2838
4 9 0 4742
4 9 1 7055
4 9 2 5101
4 9 3 7045
4 9 4 0
4 9 5 500
4 9 6 813
4 9 7 1052
4 9 8 4261
4 9 9 0
4 9 10 4718
4 10 0 796
4 10 1 4011
4 10 2 786
4 10 3 616
4 10 4 0
4 10 5 8018
4 10 6 4862
4 10 7 8278
4 10 8 7827
4 10 9 8788
4 10 10 0
5 0 0 0
5 0 1 1925
5 0 2 6539
5 0 3 6586
5 0 4 2415
5 0 5 0
5 0 6 6518
5 0 7 6741
5 0 8 9049
5 0 9 7120
5 0 10 5644
5 1 0 6486
5 1 1 0
5 1 2 2703
5 1 3 5775
5 1 4 2262
5 1 5 0
5 1 6 2681
5 1 7 3140
5 1 8 2884
5 1 9 5502
5 1 10 4928
5 2 0 2834
5 2 1 1408
5 2 2 0
5 2 3 617
5 2 4 3881
5 2 5 0
5 2 6 5123
5 2 7 9609
5 2 8 9328
5 2 9 7320
5 2 10 5475
5 3 0 3330
5 3 1 5640
5 3 2 2278
5 3 3 0
5 3 4 4475
5 3 5 0
5 3 6 2480
5 3 7 6453
5 3 8 6020
5 3 9 6686
5 3 10 2727
5 4 0 7530
5 4 1 9379
5 4 2 9203
5 4 3 6003
5 4 4 0
5 4 5 0
5 4 6 2306
5 4 7 4424
5 4 8 3608
5 4 9 2708
5 4 10 6628
5 5 0 0
5 5 1 0
5 5 2 0
5 5 3 0
5 5 4 0
5 5 5 0
5 5 6 0
5 5 7 0
5 5 8 0
5 5 9 0
5 5 10 0
5 6 0 5119
5 6 1 5213
5 6 2 3883
5 6 3 3818
5 6 4 3472
5 6 5 0
5 6 6 0
5 6 7 3123
5 6 8 5738
5 6 9 5516
5 6 10 6711
5 7 0 2898
5 7 1 3228
5 7 2 5925
5 7 3 5347
5 7 4 3146
5 7 5 0
5 7 6 1652
5 7 7 0
5 7 8 2347
5 7 9 3201
5 7 10 2348
5 8 0 6005
5 8 1 3771
5 8 2 6443
5 8 3 5713
5 8 4 3129
5 8 5 0
5 8 6 2965
5 8 7 1910
5 8 8 0
5 8 9 5592
5 8 10 2186
5 9 0 2347
5 9 1 4660
5 9 2 2706
5 9 3 4650
5 9 4 500
5 9 5 0
5 9 6 4373
5 9 7 4612
5 9 8 7821
5 9 9 0
5 9 10 8278
5 10 0 4469
5 10 1 7684
5 10 2 4459
5 10 3 4289
5 10 4 8018
5 10 5 0
5 10 6 3306
5 10 7 6722
5 10 8 6271
5 10 9 7232
5 10 10 0
6 0 0 0
6 0 1 1884
6 0 2 6498
6 0 3 6545
6 0 4 2374
6 0 5 6518
6 0 6 0
6 0 7 2063
6 0 8 4371
6 0 9 2442
6 0 10 966
6 1 0 6172
6 1 1 0
6 1 2 2389
6 1 3 5461
6 1 4 1948
6 1 5 2681
6 1 6 0
6 1 7 3284
6 1 8 3028
6 1 9 5646
6 1 10 5072
6 2 0 2765
6 2 1 1339
6 2 2 0
6 2 3 548
6 2 4 3812
6 2 5 5123
6 2 6 0
6 2 7 9803
6 2 8 9522
6 2 9 7514
6 2 10 5669
6 3 0 2032
6 3 1 4342
6 3 2 980
6 3 3 0
6 3 4 3177
6 3 5 2480
6 3 6 0
6 3 7 7913
6 3 8 7480
6 3 9 8146
6 3 10 4187
6 4 0 3025
6 4 1 4874
6 4 2 4698
6 4 3 1498
6 4 4 0
6 4 5 2306
6 4 6 0
6 4 7 5976
6 4 8 5160
6 4 9 4260
6 4 10 8180
6 5 0 3436
6 5 1 3803
6 5 2 2228
6 5 3 3392
6 5 4 6253
6 5 5 0
6 5 6 0
6 5 7 3752
6 5 8 4122
6 5 9 7434
6 5 10 6238
6 6 0 0
6 6 1 0
6 6 2 0
6 6 3 0
6 6 4 0
6 6 5 0
6 6 6 0
6 6 7 0
6 6 8 0
6 6 9 0
6 6 10 0
6 7 0 3242
6 7 1 3572
6 7 2 6269
6 7 3 5691
6 7 4 3490
6 7 5 1652
6 7 6 0
6 7 7 0
6 7 8 3442
6 7 9 4296
6 7 10 3443
6 8 0 6493
6 8 1 4259
6 8 2 6931
6 8 3 6201
6 8 4 3617
6 8 5 2965
6 8 6 0
6 8 7 5250
6 8 8 0
6 8 9 8932
6 8 10 5526
6 9 0 2660
6 9 1 4973
6 9 2 3019
6 9 3 4963
6 9 4 813
6 9 5 4373
6 9 6 0
6 9 7 4418
6 9 8 7627
6 9 9 0
6 9 10 8084
6 10 0 1313
6 10 1 4528
6 10 2 1303
6 10 3 1133
6 10 4 4862
6 10 5 3306
6 10 6 0
6 10 7 8919
6 10 8 8468
6 10 9 9429
6 10 10 0
7 0 0 0
7 0 1 2107
7 0 2 6721
7 0 3 6768
7 0 4 2597
7 0 5 6741
7 0 6 2063
7 0 7 0
7 0 8 6449
7 0 9 4520
7 0 10 3044
7 1 0 6631
7 1 1 0
7 1 2 2848
7 1 3 5920
7 1 4 2407
7 1 5 3140
7 1 6 3284
7 1 7 0
7 1 8 4911
7 1 9 7529
7 1 10 6955
7 2 0 7251
7 2 1 5825
7 2 2 0
7 2 3 5034
7 2 4 8298
7 2 5 9609
7 2 6 9803
7 2 7 0
7 2 8 9254
7 2 9 7246
7 2 10 5401
7 3 0 6005
7 3 1 8315
7 3 2 4953
7 3 3 0
7 3 4 7150
7 3 5 6453
7 3 6 7913
7 3 7 0
7 3 8 8400
7 3 9 9066
7 3 10 5107
7 4 0 5143
7 4 1 6992
7 4 2 6816
7 4 3 3616
7 4 4 0
7 4 5 4424
7 4 6 5976
7 4 7 0
7 4 8 6242
7 4 9 5342
7 4 10 9262
7 5 0 1996
7 5 1 2363
7 5 2 788
7 5 3 1952
7 5 4 4813
7 5 5 0
7 5 6 3752
7 5 7 0
7 5 8 1678
7 5 9 4990
7 5 10 3794
7 6 0 3050
7 6 1 3144
7 6 2 1814
7 6 3 1749
7 6 4 1403
7 6 5 3123
7 6 6 0
7 6 7 0
7 6 8 5362
7 6 9 5140
7 6 10 6335
7 7 0 0
7 7 1 0
7 7 2 0
7 7 3 0
7 7 4 0
7 7 5 0
7 7 6 0
7 7 7 0
7 7 8 0
7 7 9 0
7 7 10 0
7 8 0 5438
7 8 1 3204
7 8 2 5876
7 8 3 5146
7 8 4 2562
7 8 5 1910
7 8 6 5250
7 8 7 0
7 8 8 0
7 8 9 6981
7 8 10 3575
7 9 0 2899
7 9 1 5212
7 9 2 3258
7 9 3 5202
7 9 4 1052
7 9 5 4612
7 9 6 4418
7 9 7 0
7 9 8 6752
7 9 9 0
7 9 10 7209
7 10 0 4729
7 10 1 7944
7 10 2 4719
7 10 3 4549
7 10 4 8278
7 10 5 6722
7 10 6 8919
7 10 7 0
7 10 8 5545
7 10 9 6506
7 10 10 0
8 0 0 0
8 0 1 4415
8 0 2 9029
8 0 3 9076
8 0 4 4905
8 0 5 9049
8 0 6 4371
8 0 7 6449
8 0 8 0
8 0 9 3039
8 0 10 1563
8 1 0 6375
8 1 1 0
8 1 2 2592
8 1 3 5664
8 1 4 2151
8 1 5 2884
8 1 6 3028
8 1 7 4911
8 1 8 0
8 1 9 6151
8 1 10 5577
8 2 0 6970
8 2 1 5544
8 2 2 0
8 2 3 4753
8 2 4 8017
8 2 5 9328
8 2 6 9522
8 2 7 9254
8 2 8 0
8 2 9 3850
8 2 10 2005
8 3 0 5572
8 3 1 7882
8 3 2 4520
8 3 3 0
8 3 4 6717
8 3 5 6020
8 3 6 7480
8 3 7 8400
8 3 8 0
8 3 9 8142
8 3 10 4183
8 4 0 4327
8 4 1 6176
8 4 2 6000
8 4 3 2800
8 4 4 0
8 4 5 3608
8 4 6 5160
8 4 7 6242
8 4 8 0
8 4 9 4365
8 4 10 8285
8 5 0 2366
8 5 1 2733
8 5 2 1158
8 5 3 2322
8 5 4 5183
8 5 5 0
8 5 6 4122
8 5 7 1678
8 5 8 0
8 5 9 5789
8 5 10 4593
8 6 0 5665
8 6 1 5759
8 6 2 4429
8 6 3 4364
8 6 4 4018
8 6 5 5738
8 6 6 0
8 6 7 5362
8 6 8 0
8 6 9 6083
8 6 10 7278
8 7 0 3937
8 7 1 4267
8 7 2 6964
8 7 3 6386
8 7 4 4185
8 7 5 2347
8 7 6 3442
8 7 7 0
8 7 8 0
8 7 9 4153
8 7 10 3300
8 8 0 0
8 8 1 0
8 8 2 0
8 8 3 0
8 8 4 0
8 8 5 0
8 8 6 0
8 8 7 0
8 8 8 0
8 8 9 0
8 8 10 0
8 9 0 6108
8 9 1 8421
8 9 2 6467
8 9 3 8411
8 9 4 4261
8 9 5 7821
8 9 6 7627
8 9 7 6752
8 9 8 0
8 9 9 0
8 9 10 9230
8 10 0 4278
8 10 1 7493
8 10 2 4268
8 10 3 4098
8 10 4 7827
8 10 5 6271
8 10 6 8468
8 10 7 5545
8 10 8 0
8 10 9 5974
8 10 10 0
9 0 0 0
9 0 1 2486
9 0 2 7100
9 0 3 7147
9 0 4 2976
9 0 5 7120
9 0 6 2442
9 0 7 4520
9 0 8 3039
9 0 9 0
9 0 10 1217
9 1 0 8993
9 1 1 0
9 1 2 5210
9 1 3 8282
9 1 4 4769
9 1 5 5502
9 1 6 5646
9 1 7 7529
9 1 8 6151
9 1 9 0
9 1 10 5850
9 2 0 4962
9 2 1 3536
9 2 2 0
9 2 3 2745
9 2 4 6009
9 2 5 7320
9 2 6 7514
9 2 7 7246
9 2 8 3850
9 2 9 0
9 2 10 5298
9 3 0 6238
9 3 1 8548
9 3 2 5186
9 3 3 0
9 3 4 7383
9 3 5 6686
9 3 6 8146
9 3 7 9066
9 3 8 8142
9 3 9 0
9 3 10 4666
9 4 0 3427
9 4 1 5276
9 4 2 5100
9 4 3 1900
9 4 4 0
9 4 5 2708
9 4 6 4260
9 4 7 5342
9 4 8 4365
9 4 9 0
9 4 10 6815
9 5 0 5678
9 5 1 6045
9 5 2 4470
9 5 3 5634
9 5 4 8495
9 5 5 0
9 5 6 7434
9 5 7 4990
9 5 8 5789
9 5 9 0
9 5 10 2864
9 6 0 5443
9 6 1 5537
9 6 2 4207
9 6 3 4142
9 6 4 3796
9 6 5 5516
9 6 6 0
9 6 7 5140
9 6 8 6083
9 6 9 0
9 6 10 5374
9 7 0 4791
9 7 1 5121
9 7 2 7818
9 7 3 7240
9 7 4 5039
9 7 5 3201
9 7 6 4296
9 7 7 0
9 7 8 4153
9 7 9 0
9 7 10 2690
9 8 0 9120
9 8 1 6886
9 8 2 9558
9 8 3 8828
9 8 4 6244
9 8 5 5592
9 8 6 8932
9 8 7 6981
9 8 8 0
9 8 9 0
9 8 10 5367
9 9 0 0
9 9 1 0
9 9 2 0
9 9 3 0
9 9 4 0
9 9 5 0
9 9 6 0
9 9 7 0
9 9 8 0
9 9 9 0
9 9 10 0
9 10 0 5239
9 10 1 8454
9 10 2 5229
9 10 3 5059
9 10 4 8788
9 10 5 7232
9 10 6 9429
9 10 7 6506
9 10 8 5974
9 10 9 0
9 10 10 0
10 0 0 0
10 0 1 1010
10 0 2 5624
10 0 3 5671
10 0 4 1500
10 0 5 5644
10 0 6 966
10 0 7 3044
10 0 8 1563
10 0 9 1217
10 0 10 0
10 1 0 8419
10 1 1 0
10 1 2 4636
10 1 3 7708
10 1 4 4195
10 1 5 4928
10 1 6 5072
10 1 7 6955
10 1 8 5577
10 1 9 5850
10 1 10 0
10 2 0 3117
10 2 1 1691
10 2 2 0
10 2 3 900
10 2 4 4164
10 2 5 5475
10 2 6 5669
10 2 7 5401
10 2 8 2005
10 2 9 5298
10 2 10 0
10 3 0 2279
10 3 1 4589
10 3 2 1227
10 3 3 0
10 3 4 3424
10 3 5 2727
10 3 6 4187
10 3 7 5107
10 3 8 4183
10 3 9 4666
10 3 10 0
10 4 0 7347
10 4 1 9196
10 4 2 9020
10 4 3 5820
10 4 4 0
10 4 5 6628
10 4 6 8180
10 4 7 9262
10 4 8 8285
10 4 9 6815
10 4 10 0
10 5 0 4482
10 5 1 4849
10 5 2 3274
10 5 3 4438
10 5 4 7299
10 5 5 0
10 5 6 6238
10 5 7 3794
10 5 8 4593
10 5 9 2864
10 5 10 0
10 6 0 6638
10 6 1 6732
10 6 2 5402
10 6 3 5337
10 6 4 4991
10 6 5 6711
10 6 6 0
10 6 7 6335
10 6 8 7278
10 6 9 5374
10 6 10 0
10 7 0 3938
10 7 1 4268
10 7 2 6965
10 7 3 6387
10 7 4 4186
10 7 5 2348
10 7 6 3443
10 7 7 0
10 7 8 3300
10 7 9 2690
10 7 10 0
10 8 0 5714
10 8 1 3480
10 8 2 6152
10 8 3 5422
10 8 4 2838
10 8 5 2186
10 8 6 5526
10 8 7 3575
10 8 8 0
10 8 9 5367
10 8 10 0
10 9 0 6565
10 9 1 8878
10 9 2 6924
10 9 3 8868
10 9 4 4718
10 9 5 8278
10 9 6 8084
10 9 7 7209
10 9 8 9230
10 9 9 0
10 9 10 0
10 10 0 0
10 10 1 0
10 10 2 0
10 10 3 0
10 10 4 0
10 10 5 0
10 10 6 0
10 10 7 0
10 10 8 0
10 10 9 0
10 10 10 0
