16
0 0 0 0
0 0 1 0
0 0 2 0
0 0 3 0
0 0 4 0
0 0 5 0
0 0 6 0
0 0 7 0
0 0 8 0
0 0 9 0
0 0 10 0
0 0 11 0
0 0 12 0
0 0 13 0
0 0 14 0
0 0 15 0
0 1 0 0
0 1 1 0
0 1 2 5650
0 1 3 7756
0 1 4 7449
0 1 5 5753
0 1 6 8277
0 1 7 4420
0 1 8 5363
0 1 9 5554
0 1 10 4086
0 1 11 3811
0 1 12 5008
0 1 13 5604
0 1 14 7294
0 1 15 4312
0 2 0 0
0 2 1 3550
0 2 2 0
0 2 3 3173
0 2 4 6620
0 2 5 6204
0 2 6 6351
0 2 7 3770
0 2 8 6374
0 2 9 4463
0 2 10 6260
0 2 11 5186
0 2 12 4513
0 2 13 6794
0 2 14 7041
0 2 15 5110
0 3 0 0
0 3 1 5973
0 3 2 6598
0 3 3 0
0 3 4 9259
0 3 5 7728
0 3 6 6476
0 3 7 6831
0 3 8 5914
0 3 9 6323
0 3 10 5431
0 3 11 6163
0 3 12 8694
0 3 13 8691
0 3 14 8941
0 3 15 4495
0 4 0 0
0 4 1 6516
0 4 2 6255
0 4 3 9226
0 4 4 0
0 4 5 9692
0 4 6 5435
0 4 7 5669
0 4 8 9653
0 4 9 8199
0 4 10 6786
0 4 11 9042
0 4 12 5870
0 4 13 6237
0 4 14 8153
0 4 15 6988
0 5 0 0
0 5 1 9596
0 5 2 7689
0 5 3 6158
0 5 4 7532
0 5 5 0
0 5 6 7824
0 5 7 8566
0 5 8 9017
0 5 9 5635
0 5 10 6515
0 5 11 5968
0 5 12 8397
0 5 13 7817
0 5 14 7631
0 5 15 7838
0 6 0 0
0 6 1 3826
0 6 2 6163
0 6 3 7472
0 6 4 8626
0 6 5 7555
0 6 6 0
0 6 7 4014
0 6 8 6441
0 6 9 7408
0 6 10 3837
0 6 11 4659
0 6 12 5183
0 6 13 8538
0 6 14 6931
0 6 15 6015
0 7 0 0
0 7 1 6139
0 7 2 3504
0 7 3 4444
0 7 4 3029
0 7 5 6318
0 7 6 3005
0 7 7 0
0 7 8 5336
0 7 9 5756
0 7 10 5963
0 7 11 5537
0 7 12 3921
0 7 13 6542
0 7 14 6681
0 7 15 6641
0 8 0 0
0 8 1 4584
0 8 2 2134
0 8 3 2175
0 8 4 3917
0 8 5 1627
0 8 6 4317
0 8 7 2013
0 8 8 0
0 8 9 5691
0 8 10 5253
0 8 11 5958
0 8 12 6065
0 8 13 4952
0 8 14 1814
0 8 15 2620
0 9 0 0
0 9 1 903
0 9 2 4237
0 9 3 1196
0 9 4 4752
0 9 5 2553
0 9 6 4404
0 9 7 1793
0 9 8 3024
0 9 9 0
0 9 10 4328
0 9 11 202
0 9 12 2069
0 9 13 5098
0 9 14 2114
0 9 15 1334
0 10 0 0
0 10 1 2723
0 10 2 2048
0 10 3 6057
0 10 4 2718
0 10 5 6057
0 10 6 2113
0 10 7 4977
0 10 8 5081
0 10 9 5437
0 10 10 0
0 10 11 2245
0 10 12 2792
0 10 13 2729
0 10 14 5836
0 10 15 5593
0 11 0 0
0 11 1 7791
0 11 2 5985
0 11 3 5651
0 11 4 5457
0 11 5 8648
0 11 6 8952
0 11 7 6734
0 11 8 4893
0 11 9 6822
0 11 10 7844
0 11 11 0
0 11 12 6306
0 11 13 5033
0 11 14 8316
0 11 15 6890
0 12 0 0
0 12 1 4283
0 12 2 4964
0 12 3 5446
0 12 4 3901
0 12 5 3770
0 12 6 6898
0 12 7 2650
0 12 8 3533
0 12 9 6679
0 12 10 3026
0 12 11 5720
0 12 12 0
0 12 13 5165
0 12 14 5043
0 12 15 5725
0 13 0 0
0 13 1 7990
0 13 2 8295
0 13 3 6737
0 13 4 6528
0 13 5 9489
0 13 6 8131
0 13 7 5489
0 13 8 9164
0 13 9 8733
0 13 10 6508
0 13 11 6562
0 13 12 9245
0 13 13 0
0 13 14 5578
0 13 15 8666
0 14 0 0
0 14 1 8273
0 14 2 7121
0 14 3 5827
0 14 4 8813
0 14 5 6876
0 14 6 7266
0 14 7 6331
0 14 8 8393
0 14 9 5542
0 14 10 5514
0 14 11 5085
0 14 12 4951
0 14 13 5729
0 14 14 0
0 14 15 9586
0 15 0 0
0 15 1 4440
0 15 2 4208
0 15 3 5928
0 15 4 5608
0 15 5 3973
0 15 6 4073
0 15 7 7132
0 15 8 4724
0 15 9 2646
0 15 10 5423
0 15 11 5552
0 15 12 6118
0 15 13 3373
0 15 14 5109
0 15 15 0
1 0 0 0
1 0 1 0
1 0 2 4167
1 0 3 6275
1 0 4 6651
1 0 5 6514
1 0 6 5534
1 0 7 4270
1 0 8 3326
1 0 9 1968
1 0 10 3017
1 0 11 6663
1 0 12 4106
1 0 13 6633
1 0 14 6607
1 0 15 4399
1 1 0 0
1 1 1 0
1 1 2 0
1 1 3 0
1 1 4 0
1 1 5 0
1 1 6 0
1 1 7 0
1 1 8 0
1 1 9 0
1 1 10 0
1 1 11 0
1 1 12 0
1 1 13 0
1 1 14 0
1 1 15 0
1 2 0 3550
1 2 1 0
1 2 2 0
1 2 3 3076
1 2 4 6523
1 2 5 6107
1 2 6 6254
1 2 7 3673
1 2 8 6277
1 2 9 4366
1 2 10 6163
1 2 11 5089
1 2 12 4416
1 2 13 6697
1 2 14 6944
1 2 15 5013
1 3 0 5973
1 3 1 0
1 3 2 6499
1 3 3 0
1 3 4 9160
1 3 5 7629
1 3 6 6377
1 3 7 6732
1 3 8 5815
1 3 9 6224
1 3 10 5332
1 3 11 6064
1 3 12 8595
1 3 13 8592
1 3 14 8842
1 3 15 4396
1 4 0 6516
1 4 1 0
1 4 2 5473
1 4 3 8444
1 4 4 0
1 4 5 8910
1 4 6 4653
1 4 7 4887
1 4 8 8871
1 4 9 7417
1 4 10 6004
1 4 11 8260
1 4 12 5088
1 4 13 5455
1 4 14 7371
1 4 15 6206
1 5 0 9596
1 5 1 0
1 5 2 5348
1 5 3 3817
1 5 4 5191
1 5 5 0
1 5 6 5483
1 5 7 6225
1 5 8 6676
1 5 9 3294
1 5 10 4174
1 5 11 3627
1 5 12 6056
1 5 13 5476
1 5 14 5290
1 5 15 5497
1 6 0 3826
1 6 1 0
1 6 2 7326
1 6 3 8635
1 6 4 9789
1 6 5 8718
1 6 6 0
1 6 7 5177
1 6 8 7604
1 6 9 8571
1 6 10 5000
1 6 11 5822
1 6 12 6346
1 6 13 9701
1 6 14 8094
1 6 15 7178
1 7 0 6139
1 7 1 0
1 7 2 2074
1 7 3 3014
1 7 4 1599
1 7 5 4888
1 7 6 1575
1 7 7 0
1 7 8 3906
1 7 9 4326
1 7 10 4533
1 7 11 4107
1 7 12 2491
1 7 13 5112
1 7 14 5251
1 7 15 5211
1 8 0 4584
1 8 1 0
1 8 2 2591
1 8 3 2632
1 8 4 4374
1 8 5 2084
1 8 6 4774
1 8 7 2470
1 8 8 0
1 8 9 6148
1 8 10 5710
1 8 11 6415
1 8 12 6522
1 8 13 5409
1 8 14 2271
1 8 15 3077
1 9 0 903
1 9 1 0
1 9 2 6243
1 9 3 3202
1 9 4 6758
1 9 5 4559
1 9 6 6410
1 9 7 3799
1 9 8 5030
1 9 9 0
1 9 10 6334
1 9 11 2208
1 9 12 4075
1 9 13 7104
1 9 14 4120
1 9 15 3340
1 10 0 2723
1 10 1 0
1 10 2 1537
1 10 3 5546
1 10 4 2207
1 10 5 5546
1 10 6 1602
1 10 7 4466
1 10 8 4570
1 10 9 4926
1 10 10 0
1 10 11 1734
1 10 12 2281
1 10 13 2218
1 10 14 5325
1 10 15 5082
1 11 0 7791
1 11 1 0
1 11 2 1553
1 11 3 1219
1 11 4 1025
1 11 5 4216
1 11 6 4520
1 11 7 2302
1 11 8 461
1 11 9 2390
1 11 10 3412
1 11 11 0
1 11 12 1874
1 11 13 601
1 11 14 3884
1 11 15 2458
1 12 0 4283
1 12 1 0
1 12 2 4286
1 12 3 4768
1 12 4 3223
1 12 5 3092
1 12 6 6220
1 12 7 1972
1 12 8 2855
1 12 9 6001
1 12 10 2348
1 12 11 5042
1 12 12 0
1 12 13 4487
1 12 14 4365
1 12 15 5047
1 13 0 7990
1 13 1 0
1 13 2 5686
1 13 3 4128
1 13 4 3919
1 13 5 6880
1 13 6 5522
1 13 7 2880
1 13 8 6555
1 13 9 6124
1 13 10 3899
1 13 11 3953
1 13 12 6636
1 13 13 0
1 13 14 2969
1 13 15 6057
1 14 0 8273
1 14 1 0
1 14 2 6228
1 14 3 4934
1 14 4 7920
1 14 5 5983
1 14 6 6373
1 14 7 5438
1 14 8 7500
1 14 9 4649
1 14 10 4621
1 14 11 4192
1 14 12 4058
1 14 13 4836
1 14 14 0
1 14 15 8693
1 15 0 4440
1 15 1 0
1 15 2 2541
1 15 3 4261
1 15 4 3941
1 15 5 2306
1 15 6 2406
1 15 7 5465
1 15 8 3057
1 15 9 979
1 15 10 3756
1 15 11 3885
1 15 12 4451
1 15 13 1706
1 15 14 3442
1 15 15 0
2 0 0 0
2 0 1 4167
2 0 2 0
2 0 3 5618
2 0 4 5994
2 0 5 5857
2 0 6 4877
2 0 7 3613
2 0 8 2669
2 0 9 1311
2 0 10 2360
2 0 11 6006
2 0 12 3449
2 0 13 5976
2 0 14 5950
2 0 15 3742
2 1 0 5650
2 1 1 0
2 1 2 0
2 1 3 5559
2 1 4 5252
2 1 5 3556
2 1 6 6080
2 1 7 2223
2 1 8 3166
2 1 9 3357
2 1 10 1889
2 1 11 1614
2 1 12 2811
2 1 13 3407
2 1 14 5097
2 1 15 2115
2 2 0 0
2 2 1 0
2 2 2 0
2 2 3 0
2 2 4 0
2 2 5 0
2 2 6 0
2 2 7 0
2 2 8 0
2 2 9 0
2 2 10 0
2 2 11 0
2 2 12 0
2 2 13 0
2 2 14 0
2 2 15 0
2 3 0 6598
2 3 1 6499
2 3 2 0
2 3 3 0
2 3 4 5654
2 3 5 4123
2 3 6 2871
2 3 7 3226
2 3 8 2309
2 3 9 2718
2 3 10 1826
2 3 11 2558
2 3 12 5089
2 3 13 5086
2 3 14 5336
2 3 15 890
2 4 0 6255
2 4 1 5473
2 4 2 0
2 4 3 8692
2 4 4 0
2 4 5 9158
2 4 6 4901
2 4 7 5135
2 4 8 9119
2 4 9 7665
2 4 10 6252
2 4 11 8508
2 4 12 5336
2 4 13 5703
2 4 14 7619
2 4 15 6454
2 5 0 7689
2 5 1 5348
2 5 2 0
2 5 3 5345
2 5 4 6719
2 5 5 0
2 5 6 7011
2 5 7 7753
2 5 8 8204
2 5 9 4822
2 5 10 5702
2 5 11 5155
2 5 12 7584
2 5 13 7004
2 5 14 6818
2 5 15 7025
2 6 0 6163
2 6 1 7326
2 6 2 0
2 6 3 7786
2 6 4 8940
2 6 5 7869
2 6 6 0
2 6 7 4328
2 6 8 6755
2 6 9 7722
2 6 10 4151
2 6 11 4973
2 6 12 5497
2 6 13 8852
2 6 14 7245
2 6 15 6329
2 7 0 3504
2 7 1 2074
2 7 2 0
2 7 3 3441
2 7 4 2026
2 7 5 5315
2 7 6 2002
2 7 7 0
2 7 8 4333
2 7 9 4753
2 7 10 4960
2 7 11 4534
2 7 12 2918
2 7 13 5539
2 7 14 5678
2 7 15 5638
2 8 0 2134
2 8 1 2591
2 8 2 0
2 8 3 4720
2 8 4 6462
2 8 5 4172
2 8 6 6862
2 8 7 4558
2 8 8 0
2 8 9 8236
2 8 10 7798
2 8 11 8503
2 8 12 8610
2 8 13 7497
2 8 14 4359
2 8 15 5165
2 9 0 4237
2 9 1 6243
2 9 2 0
2 9 3 3188
2 9 4 6744
2 9 5 4545
2 9 6 6396
2 9 7 3785
2 9 8 5016
2 9 9 0
2 9 10 6320
2 9 11 2194
2 9 12 4061
2 9 13 7090
2 9 14 4106
2 9 15 3326
2 10 0 2048
2 10 1 1537
2 10 2 0
2 10 3 8797
2 10 4 5458
2 10 5 8797
2 10 6 4853
2 10 7 7717
2 10 8 7821
2 10 9 8177
2 10 10 0
2 10 11 4985
2 10 12 5532
2 10 13 5469
2 10 14 8576
2 10 15 8333
2 11 0 5985
2 11 1 1553
2 11 2 0
2 11 3 3671
2 11 4 3477
2 11 5 6668
2 11 6 6972
2 11 7 4754
2 11 8 2913
2 11 9 4842
2 11 10 5864
2 11 11 0
2 11 12 4326
2 11 13 3053
2 11 14 6336
2 11 15 4910
2 12 0 4964
2 12 1 4286
2 12 2 0
2 12 3 5350
2 12 4 3805
2 12 5 3674
2 12 6 6802
2 12 7 2554
2 12 8 3437
2 12 9 6583
2 12 10 2930
2 12 11 5624
2 12 12 0
2 12 13 5069
2 12 14 4947
2 12 15 5629
2 13 0 8295
2 13 1 5686
2 13 2 0
2 13 3 6395
2 13 4 6186
2 13 5 9147
2 13 6 7789
2 13 7 5147
2 13 8 8822
2 13 9 8391
2 13 10 6166
2 13 11 6220
2 13 12 8903
2 13 13 0
2 13 14 5236
2 13 15 8324
2 14 0 7121
2 14 1 6228
2 14 2 0
2 14 3 5758
2 14 4 8744
2 14 5 6807
2 14 6 7197
2 14 7 6262
2 14 8 8324
2 14 9 5473
2 14 10 5445
2 14 11 5016
2 14 12 4882
2 14 13 5660
2 14 14 0
2 14 15 9517
2 15 0 4208
2 15 1 2541
2 15 2 0
2 15 3 6136
2 15 4 5816
2 15 5 4181
2 15 6 4281
2 15 7 7340
2 15 8 4932
2 15 9 2854
2 15 10 5631
2 15 11 5760
2 15 12 6326
2 15 13 3581
2 15 14 5317
2 15 15 0
3 0 0 0
3 0 1 6275
3 0 2 5618
3 0 3 0
3 0 4 8772
3 0 5 8635
3 0 6 7655
3 0 7 6391
3 0 8 5447
3 0 9 4089
3 0 10 5138
3 0 11 8784
3 0 12 6227
3 0 13 8754
3 0 14 8728
3 0 15 6520
3 1 0 7756
3 1 1 0
3 1 2 5559
3 1 3 0
3 1 4 5567
3 1 5 3871
3 1 6 6395
3 1 7 2538
3 1 8 3481
3 1 9 3672
3 1 10 2204
3 1 11 1929
3 1 12 3126
3 1 13 3722
3 1 14 5412
3 1 15 2430
3 2 0 3173
3 2 1 3076
3 2 2 0
3 2 3 0
3 2 4 6440
3 2 5 6024
3 2 6 6171
3 2 7 3590
3 2 8 6194
3 2 9 4283
3 2 10 6080
3 2 11 5006
3 2 12 4333
3 2 13 6614
3 2 14 6861
3 2 15 4930
3 3 0 0
3 3 1 0
3 3 2 0
3 3 3 0
3 3 4 0
3 3 5 0
3 3 6 0
3 3 7 0
3 3 8 0
3 3 9 0
3 3 10 0
3 3 11 0
3 3 12 0
3 3 13 0
3 3 14 0
3 3 15 0
3 4 0 9226
3 4 1 8444
3 4 2 8692
3 4 3 0
3 4 4 0
3 4 5 9689
3 4 6 5432
3 4 7 5666
3 4 8 9650
3 4 9 8196
3 4 10 6783
3 4 11 9039
3 4 12 5867
3 4 13 6234
3 4 14 8150
3 4 15 6985
3 5 0 6158
3 5 1 3817
3 5 2 5345
3 5 3 0
3 5 4 6135
3 5 5 0
3 5 6 6427
3 5 7 7169
3 5 8 7620
3 5 9 4238
3 5 10 5118
3 5 11 4571
3 5 12 7000
3 5 13 6420
3 5 14 6234
3 5 15 6441
3 6 0 7472
3 6 1 8635
3 6 2 7786
3 6 3 0
3 6 4 6957
3 6 5 5886
3 6 6 0
3 6 7 2345
3 6 8 4772
3 6 9 5739
3 6 10 2168
3 6 11 2990
3 6 12 3514
3 6 13 6869
3 6 14 5262
3 6 15 4346
3 7 0 4444
3 7 1 3014
3 7 2 3441
3 7 3 0
3 7 4 2979
3 7 5 6268
3 7 6 2955
3 7 7 0
3 7 8 5286
3 7 9 5706
3 7 10 5913
3 7 11 5487
3 7 12 3871
3 7 13 6492
3 7 14 6631
3 7 15 6591
3 8 0 2175
3 8 1 2632
3 8 2 4720
3 8 3 0
3 8 4 3894
3 8 5 1604
3 8 6 4294
3 8 7 1990
3 8 8 0
3 8 9 5668
3 8 10 5230
3 8 11 5935
3 8 12 6042
3 8 13 4929
3 8 14 1791
3 8 15 2597
3 9 0 1196
3 9 1 3202
3 9 2 3188
3 9 3 0
3 9 4 6496
3 9 5 4297
3 9 6 6148
3 9 7 3537
3 9 8 4768
3 9 9 0
3 9 10 6072
3 9 11 1946
3 9 12 3813
3 9 13 6842
3 9 14 3858
3 9 15 3078
3 10 0 6057
3 10 1 5546
3 10 2 8797
3 10 3 0
3 10 4 2521
3 10 5 5860
3 10 6 1916
3 10 7 4780
3 10 8 4884
3 10 9 5240
3 10 10 0
3 10 11 2048
3 10 12 2595
3 10 13 2532
3 10 14 5639
3 10 15 5396
3 11 0 5651
3 11 1 1219
3 11 2 3671
3 11 3 0
3 11 4 2346
3 11 5 5537
3 11 6 5841
3 11 7 3623
3 11 8 1782
3 11 9 3711
3 11 10 4733
3 11 11 0
3 11 12 3195
3 11 13 1922
3 11 14 5205
3 11 15 3779
3 12 0 5446
3 12 1 4768
3 12 2 5350
3 12 3 0
3 12 4 5878
3 12 5 5747
3 12 6 8875
3 12 7 4627
3 12 8 5510
3 12 9 8656
3 12 10 5003
3 12 11 7697
3 12 12 0
3 12 13 7142
3 12 14 7020
3 12 15 7702
3 13 0 6737
3 13 1 4128
3 13 2 6395
3 13 3 0
3 13 4 5975
3 13 5 8936
3 13 6 7578
3 13 7 4936
3 13 8 8611
3 13 9 8180
3 13 10 5955
3 13 11 6009
3 13 12 8692
3 13 13 0
3 13 14 5025
3 13 15 8113
3 14 0 5827
3 14 1 4934
3 14 2 5758
3 14 3 0
3 14 4 8536
3 14 5 6599
3 14 6 6989
3 14 7 6054
3 14 8 8116
3 14 9 5265
3 14 10 5237
3 14 11 4808
3 14 12 4674
3 14 13 5452
3 14 14 0
3 14 15 9309
3 15 0 5928
3 15 1 4261
3 15 2 6136
3 15 3 0
3 15 4 3093
3 15 5 1458
3 15 6 1558
3 15 7 4617
3 15 8 2209
3 15 9 131
3 15 10 2908
3 15 11 3037
3 15 12 3603
3 15 13 858
3 15 14 2594
3 15 15 0
4 0 0 0
4 0 1 6651
4 0 2 5994
4 0 3 8772
4 0 4 0
4 0 5 8281
4 0 6 7301
4 0 7 6037
4 0 8 5093
4 0 9 3735
4 0 10 4784
4 0 11 8430
4 0 12 5873
4 0 13 8400
4 0 14 8374
4 0 15 6166
4 1 0 7449
4 1 1 0
4 1 2 5252
4 1 3 5567
4 1 4 0
4 1 5 4038
4 1 6 6562
4 1 7 2705
4 1 8 3648
4 1 9 3839
4 1 10 2371
4 1 11 2096
4 1 12 3293
4 1 13 3889
4 1 14 5579
4 1 15 2597
4 2 0 6620
4 2 1 6523
4 2 2 0
4 2 3 6440
4 2 4 0
4 2 5 5305
4 2 6 5452
4 2 7 2871
4 2 8 5475
4 2 9 3564
4 2 10 5361
4 2 11 4287
4 2 12 3614
4 2 13 5895
4 2 14 6142
4 2 15 4211
4 3 0 9259
4 3 1 9160
4 3 2 5654
4 3 3 0
4 3 4 0
4 3 5 7692
4 3 6 6440
4 3 7 6795
4 3 8 5878
4 3 9 6287
4 3 10 5395
4 3 11 6127
4 3 12 8658
4 3 13 8655
4 3 14 8905
4 3 15 4459
4 4 0 0
4 4 1 0
4 4 2 0
4 4 3 0
4 4 4 0
4 4 5 0
4 4 6 0
4 4 7 0
4 4 8 0
4 4 9 0
4 4 10 0
4 4 11 0
4 4 12 0
4 4 13 0
4 4 14 0
4 4 15 0
4 5 0 7532
4 5 1 5191
4 5 2 6719
4 5 3 6135
4 5 4 0
4 5 5 0
4 5 6 8015
4 5 7 8757
4 5 8 9208
4 5 9 5826
4 5 10 6706
4 5 11 6159
4 5 12 8588
4 5 13 8008
4 5 14 7822
4 5 15 8029
4 6 0 8626
4 6 1 9789
4 6 2 8940
4 6 3 6957
4 6 4 0
4 6 5 4469
4 6 6 0
4 6 7 928
4 6 8 3355
4 6 9 4322
4 6 10 751
4 6 11 1573
4 6 12 2097
4 6 13 5452
4 6 14 3845
4 6 15 2929
4 7 0 3029
4 7 1 1599
4 7 2 2026
4 7 3 2979
4 7 4 0
4 7 5 4730
4 7 6 1417
4 7 7 0
4 7 8 3748
4 7 9 4168
4 7 10 4375
4 7 11 3949
4 7 12 2333
4 7 13 4954
4 7 14 5093
4 7 15 5053
4 8 0 3917
4 8 1 4374
4 8 2 6462
4 8 3 3894
4 8 4 0
4 8 5 4967
4 8 6 7657
4 8 7 5353
4 8 8 0
4 8 9 9031
4 8 10 8593
4 8 11 9298
4 8 12 9405
4 8 13 8292
4 8 14 5154
4 8 15 5960
4 9 0 4752
4 9 1 6758
4 9 2 6744
4 9 3 6496
4 9 4 0
4 9 5 5797
4 9 6 7648
4 9 7 5037
4 9 8 6268
4 9 9 0
4 9 10 7572
4 9 11 3446
4 9 12 5313
4 9 13 8342
4 9 14 5358
4 9 15 4578
4 10 0 2718
4 10 1 2207
4 10 2 5458
4 10 3 2521
4 10 4 0
4 10 5 6839
4 10 6 2895
4 10 7 5759
4 10 8 5863
4 10 9 6219
4 10 10 0
4 10 11 3027
4 10 12 3574
4 10 13 3511
4 10 14 6618
4 10 15 6375
4 11 0 5457
4 11 1 1025
4 11 2 3477
4 11 3 2346
4 11 4 0
4 11 5 8040
4 11 6 8344
4 11 7 6126
4 11 8 4285
4 11 9 6214
4 11 10 7236
4 11 11 0
4 11 12 5698
4 11 13 4425
4 11 14 7708
4 11 15 6282
4 12 0 3901
4 12 1 3223
4 12 2 3805
4 12 3 5878
4 12 4 0
4 12 5 2547
4 12 6 5675
4 12 7 1427
4 12 8 2310
4 12 9 5456
4 12 10 1803
4 12 11 4497
4 12 12 0
4 12 13 3942
4 12 14 3820
4 12 15 4502
4 13 0 6528
4 13 1 3919
4 13 2 6186
4 13 3 5975
4 13 4 0
4 13 5 6106
4 13 6 4748
4 13 7 2106
4 13 8 5781
4 13 9 5350
4 13 10 3125
4 13 11 3179
4 13 12 5862
4 13 13 0
4 13 14 2195
4 13 15 5283
4 14 0 8813
4 14 1 7920
4 14 2 8744
4 14 3 8536
4 14 4 0
4 14 5 5435
4 14 6 5825
4 14 7 4890
4 14 8 6952
4 14 9 4101
4 14 10 4073
4 14 11 3644
4 14 12 3510
4 14 13 4288
4 14 14 0
4 14 15 8145
4 15 0 5608
4 15 1 3941
4 15 2 5816
4 15 3 3093
4 15 4 0
4 15 5 3575
4 15 6 3675
4 15 7 6734
4 15 8 4326
4 15 9 2248
4 15 10 5025
4 15 11 5154
4 15 12 5720
4 15 13 2975
4 15 14 4711
4 15 15 0
5 0 0 0
5 0 1 6514
5 0 2 5857
5 0 3 8635
5 0 4 8281
5 0 5 0
5 0 6 8203
5 0 7 6939
5 0 8 5995
5 0 9 4637
5 0 10 5686
5 0 11 9332
5 0 12 6775
5 0 13 9302
5 0 14 9276
5 0 15 7068
5 1 0 5753
5 1 1 0
5 1 2 3556
5 1 3 3871
5 1 4 4038
5 1 5 0
5 1 6 9779
5 1 7 5922
5 1 8 6865
5 1 9 7056
5 1 10 5588
5 1 11 5313
5 1 12 6510
5 1 13 7106
5 1 14 8796
5 1 15 5814
5 2 0 6204
5 2 1 6107
5 2 2 0
5 2 3 6024
5 2 4 5305
5 2 5 0
5 2 6 7023
5 2 7 4442
5 2 8 7046
5 2 9 5135
5 2 10 6932
5 2 11 5858
5 2 12 5185
5 2 13 7466
5 2 14 7713
5 2 15 5782
5 3 0 7728
5 3 1 7629
5 3 2 4123
5 3 3 0
5 3 4 7692
5 3 5 0
5 3 6 3509
5 3 7 3864
5 3 8 2947
5 3 9 3356
5 3 10 2464
5 3 11 3196
5 3 12 5727
5 3 13 5724
5 3 14 5974
5 3 15 1528
5 4 0 9692
5 4 1 8910
5 4 2 9158
5 4 3 9689
5 4 4 0
5 4 5 0
5 4 6 3466
5 4 7 3700
5 4 8 7684
5 4 9 6230
5 4 10 4817
5 4 11 7073
5 4 12 3901
5 4 13 4268
5 4 14 6184
5 4 15 5019
5 5 0 0
5 5 1 0
5 5 2 0
5 5 3 0
5 5 4 0
5 5 5 0
5 5 6 0
5 5 7 0
5 5 8 0
5 5 9 0
5 5 10 0
5 5 11 0
5 5 12 0
5 5 13 0
5 5 14 0
5 5 15 0
5 6 0 7555
5 6 1 8718
5 6 2 7869
5 6 3 5886
5 6 4 4469
5 6 5 0
5 6 6 0
5 6 7 3454
5 6 8 5881
5 6 9 6848
5 6 10 3277
5 6 11 4099
5 6 12 4623
5 6 13 7978
5 6 14 6371
5 6 15 5455
5 7 0 6318
5 7 1 4888
5 7 2 5315
5 7 3 6268
5 7 4 4730
5 7 5 0
5 7 6 4451
5 7 7 0
5 7 8 6782
5 7 9 7202
5 7 10 7409
5 7 11 6983
5 7 12 5367
5 7 13 7988
5 7 14 8127
5 7 15 8087
5 8 0 1627
5 8 1 2084
5 8 2 4172
5 8 3 1604
5 8 4 4967
5 8 5 0
5 8 6 7158
5 8 7 4854
5 8 8 0
5 8 9 8532
5 8 10 8094
5 8 11 8799
5 8 12 8906
5 8 13 7793
5 8 14 4655
5 8 15 5461
5 9 0 2553
5 9 1 4559
5 9 2 4545
5 9 3 4297
5 9 4 5797
5 9 5 0
5 9 6 5221
5 9 7 2610
5 9 8 3841
5 9 9 0
5 9 10 5145
5 9 11 1019
5 9 12 2886
5 9 13 5915
5 9 14 2931
5 9 15 2151
5 10 0 6057
5 10 1 5546
5 10 2 8797
5 10 3 5860
5 10 4 6839
5 10 5 0
5 10 6 2761
5 10 7 5625
5 10 8 5729
5 10 9 6085
5 10 10 0
5 10 11 2893
5 10 12 3440
5 10 13 3377
5 10 14 6484
5 10 15 6241
5 11 0 8648
5 11 1 4216
5 11 2 6668
5 11 3 5537
5 11 4 8040
5 11 5 0
5 11 6 5407
5 11 7 3189
5 11 8 1348
5 11 9 3277
5 11 10 4299
5 11 11 0
5 11 12 2761
5 11 13 1488
5 11 14 4771
5 11 15 3345
5 12 0 3770
5 12 1 3092
5 12 2 3674
5 12 3 5747
5 12 4 2547
5 12 5 0
5 12 6 8339
5 12 7 4091
5 12 8 4974
5 12 9 8120
5 12 10 4467
5 12 11 7161
5 12 12 0
5 12 13 6606
5 12 14 6484
5 12 15 7166
5 13 0 9489
5 13 1 6880
5 13 2 9147
5 13 3 8936
5 13 4 6106
5 13 5 0
5 13 6 6465
5 13 7 3823
5 13 8 7498
5 13 9 7067
5 13 10 4842
5 13 11 4896
5 13 12 7579
5 13 13 0
5 13 14 3912
5 13 15 7000
5 14 0 6876
5 14 1 5983
5 14 2 6807
5 14 3 6599
5 14 4 5435
5 14 5 0
5 14 6 5440
5 14 7 4505
5 14 8 6567
5 14 9 3716
5 14 10 3688
5 14 11 3259
5 14 12 3125
5 14 13 3903
5 14 14 0
5 14 15 7760
5 15 0 3973
5 15 1 2306
5 15 2 4181
5 15 3 1458
5 15 4 3575
5 15 5 0
5 15 6 4662
5 15 7 7721
5 15 8 5313
5 15 9 3235
5 15 10 6012
5 15 11 6141
5 15 12 6707
5 15 13 3962
5 15 14 5698
5 15 15 0
6 0 0 0
6 0 1 5534
6 0 2 4877
6 0 3 7655
6 0 4 7301
6 0 5 8203
6 0 6 0
6 0 7 4059
6 0 8 3115
6 0 9 1757
6 0 10 2806
6 0 11 6452
6 0 12 3895
6 0 13 6422
6 0 14 6396
6 0 15 4188
6 1 0 8277
6 1 1 0
6 1 2 6080
6 1 3 6395
6 1 4 6562
6 1 5 9779
6 1 6 0
6 1 7 1132
6 1 8 2075
6 1 9 2266
6 1 10 798
6 1 11 523
6 1 12 1720
6 1 13 2316
6 1 14 4006
6 1 15 1024
6 2 0 6351
6 2 1 6254
6 2 2 0
6 2 3 6171
6 2 4 5452
6 2 5 7023
6 2 6 0
6 2 7 3896
6 2 8 6500
6 2 9 4589
6 2 10 6386
6 2 11 5312
6 2 12 4639
6 2 13 6920
6 2 14 7167
6 2 15 5236
6 3 0 6476
6 3 1 6377
6 3 2 2871
6 3 3 0
6 3 4 6440
6 3 5 3509
6 3 6 0
6 3 7 6158
6 3 8 5241
6 3 9 5650
6 3 10 4758
6 3 11 5490
6 3 12 8021
6 3 13 8018
6 3 14 8268
6 3 15 3822
6 4 0 5435
6 4 1 4653
6 4 2 4901
6 4 3 5432
6 4 4 0
6 4 5 3466
6 4 6 0
6 4 7 5774
6 4 8 9758
6 4 9 8304
6 4 10 6891
6 4 11 9147
6 4 12 5975
6 4 13 6342
6 4 14 8258
6 4 15 7093
6 5 0 7824
6 5 1 5483
6 5 2 7011
6 5 3 6427
6 5 4 8015
6 5 5 0
6 5 6 0
6 5 7 7737
6 5 8 8188
6 5 9 4806
6 5 10 5686
6 5 11 5139
6 5 12 7568
6 5 13 6988
6 5 14 6802
6 5 15 7009
6 6 0 0
6 6 1 0
6 6 2 0
6 6 3 0
6 6 4 0
6 6 5 0
6 6 6 0
6 6 7 0
6 6 8 0
6 6 9 0
6 6 10 0
6 6 11 0
6 6 12 0
6 6 13 0
6 6 14 0
6 6 15 0
6 7 0 3005
6 7 1 1575
6 7 2 2002
6 7 3 2955
6 7 4 1417
6 7 5 4451
6 7 6 0
6 7 7 0
6 7 8 3210
6 7 9 3630
6 7 10 3837
6 7 11 3411
6 7 12 1795
6 7 13 4416
6 7 14 4555
6 7 15 4515
6 8 0 4317
6 8 1 4774
6 8 2 6862
6 8 3 4294
6 8 4 7657
6 8 5 7158
6 8 6 0
6 8 7 3258
6 8 8 0
6 8 9 6936
6 8 10 6498
6 8 11 7203
6 8 12 7310
6 8 13 6197
6 8 14 3059
6 8 15 3865
6 9 0 4404
6 9 1 6410
6 9 2 6396
6 9 3 6148
6 9 4 7648
6 9 5 5221
6 9 6 0
6 9 7 5363
6 9 8 6594
6 9 9 0
6 9 10 7898
6 9 11 3772
6 9 12 5639
6 9 13 8668
6 9 14 5684
6 9 15 4904
6 10 0 2113
6 10 1 1602
6 10 2 4853
6 10 3 1916
6 10 4 2895
6 10 5 2761
6 10 6 0
6 10 7 3927
6 10 8 4031
6 10 9 4387
6 10 10 0
6 10 11 1195
6 10 12 1742
6 10 13 1679
6 10 14 4786
6 10 15 4543
6 11 0 8952
6 11 1 4520
6 11 2 6972
6 11 3 5841
6 11 4 8344
6 11 5 5407
6 11 6 0
6 11 7 2860
6 11 8 1019
6 11 9 2948
6 11 10 3970
6 11 11 0
6 11 12 2432
6 11 13 1159
6 11 14 4442
6 11 15 3016
6 12 0 6898
6 12 1 6220
6 12 2 6802
6 12 3 8875
6 12 4 5675
6 12 5 8339
6 12 6 0
6 12 7 1857
6 12 8 2740
6 12 9 5886
6 12 10 2233
6 12 11 4927
6 12 12 0
6 12 13 4372
6 12 14 4250
6 12 15 4932
6 13 0 8131
6 13 1 5522
6 13 2 7789
6 13 3 7578
6 13 4 4748
6 13 5 6465
6 13 6 0
6 13 7 5524
6 13 8 9199
6 13 9 8768
6 13 10 6543
6 13 11 6597
6 13 12 9280
6 13 13 0
6 13 14 5613
6 13 15 8701
6 14 0 7266
6 14 1 6373
6 14 2 7197
6 14 3 6989
6 14 4 5825
6 14 5 5440
6 14 6 0
6 14 7 4785
6 14 8 6847
6 14 9 3996
6 14 10 3968
6 14 11 3539
6 14 12 3405
6 14 13 4183
6 14 14 0
6 14 15 8040
6 15 0 4073
6 15 1 2406
6 15 2 4281
6 15 3 1558
6 15 4 3675
6 15 5 4662
6 15 6 0
6 15 7 6878
6 15 8 4470
6 15 9 2392
6 15 10 5169
6 15 11 5298
6 15 12 5864
6 15 13 3119
6 15 14 4855
6 15 15 0
7 0 0 0
7 0 1 4270
7 0 2 3613
7 0 3 6391
7 0 4 6037
7 0 5 6939
7 0 6 4059
7 0 7 0
7 0 8 3932
7 0 9 2574
7 0 10 3623
7 0 11 7269
7 0 12 4712
7 0 13 7239
7 0 14 7213
7 0 15 5005
7 1 0 4420
7 1 1 0
7 1 2 2223
7 1 3 2538
7 1 4 2705
7 1 5 5922
7 1 6 1132
7 1 7 0
7 1 8 5652
7 1 9 5843
7 1 10 4375
7 1 11 4100
7 1 12 5297
7 1 13 5893
7 1 14 7583
7 1 15 4601
7 2 0 3770
7 2 1 3673
7 2 2 0
7 2 3 3590
7 2 4 2871
7 2 5 4442
7 2 6 3896
7 2 7 0
7 2 8 5105
7 2 9 3194
7 2 10 4991
7 2 11 3917
7 2 12 3244
7 2 13 5525
7 2 14 5772
7 2 15 3841
7 3 0 6831
7 3 1 6732
7 3 2 3226
7 3 3 0
7 3 4 6795
7 3 5 3864
7 3 6 6158
7 3 7 0
7 3 8 3477
7 3 9 3886
7 3 10 2994
7 3 11 3726
7 3 12 6257
7 3 13 6254
7 3 14 6504
7 3 15 2058
7 4 0 5669
7 4 1 4887
7 4 2 5135
7 4 3 5666
7 4 4 0
7 4 5 3700
7 4 6 5774
7 4 7 0
7 4 8 5425
7 4 9 3971
7 4 10 2558
7 4 11 4814
7 4 12 1642
7 4 13 2009
7 4 14 3925
7 4 15 2760
7 5 0 8566
7 5 1 6225
7 5 2 7753
7 5 3 7169
7 5 4 8757
7 5 5 0
7 5 6 7737
7 5 7 0
7 5 8 8215
7 5 9 4833
7 5 10 5713
7 5 11 5166
7 5 12 7595
7 5 13 7015
7 5 14 6829
7 5 15 7036
7 6 0 4014
7 6 1 5177
7 6 2 4328
7 6 3 2345
7 6 4 928
7 6 5 3454
7 6 6 0
7 6 7 0
7 6 8 3306
7 6 9 4273
7 6 10 702
7 6 11 1524
7 6 12 2048
7 6 13 5403
7 6 14 3796
7 6 15 2880
7 7 0 0
7 7 1 0
7 7 2 0
7 7 3 0
7 7 4 0
7 7 5 0
7 7 6 0
7 7 7 0
7 7 8 0
7 7 9 0
7 7 10 0
7 7 11 0
7 7 12 0
7 7 13 0
7 7 14 0
7 7 15 0
7 8 0 2013
7 8 1 2470
7 8 2 4558
7 8 3 1990
7 8 4 5353
7 8 5 4854
7 8 6 3258
7 8 7 0
7 8 8 0
7 8 9 7095
7 8 10 6657
7 8 11 7362
7 8 12 7469
7 8 13 6356
7 8 14 3218
7 8 15 4024
7 9 0 1793
7 9 1 3799
7 9 2 3785
7 9 3 3537
7 9 4 5037
7 9 5 2610
7 9 6 5363
7 9 7 0
7 9 8 6206
7 9 9 0
7 9 10 7510
7 9 11 3384
7 9 12 5251
7 9 13 8280
7 9 14 5296
7 9 15 4516
7 10 0 4977
7 10 1 4466
7 10 2 7717
7 10 3 4780
7 10 4 5759
7 10 5 5625
7 10 6 3927
7 10 7 0
7 10 8 7421
7 10 9 7777
7 10 10 0
7 10 11 4585
7 10 12 5132
7 10 13 5069
7 10 14 8176
7 10 15 7933
7 11 0 6734
7 11 1 2302
7 11 2 4754
7 11 3 3623
7 11 4 6126
7 11 5 3189
7 11 6 2860
7 11 7 0
7 11 8 3161
7 11 9 5090
7 11 10 6112
7 11 11 0
7 11 12 4574
7 11 13 3301
7 11 14 6584
7 11 15 5158
7 12 0 2650
7 12 1 1972
7 12 2 2554
7 12 3 4627
7 12 4 1427
7 12 5 4091
7 12 6 1857
7 12 7 0
7 12 8 2742
7 12 9 5888
7 12 10 2235
7 12 11 4929
7 12 12 0
7 12 13 4374
7 12 14 4252
7 12 15 4934
7 13 0 5489
7 13 1 2880
7 13 2 5147
7 13 3 4936
7 13 4 2106
7 13 5 3823
7 13 6 5524
7 13 7 0
7 13 8 8467
7 13 9 8036
7 13 10 5811
7 13 11 5865
7 13 12 8548
7 13 13 0
7 13 14 4881
7 13 15 7969
7 14 0 6331
7 14 1 5438
7 14 2 6262
7 14 3 6054
7 14 4 4890
7 14 5 4505
7 14 6 4785
7 14 7 0
7 14 8 7861
7 14 9 5010
7 14 10 4982
7 14 11 4553
7 14 12 4419
7 14 13 5197
7 14 14 0
7 14 15 9054
7 15 0 7132
7 15 1 5465
7 15 2 7340
7 15 3 4617
7 15 4 6734
7 15 5 7721
7 15 6 6878
7 15 7 0
7 15 8 6360
7 15 9 4282
7 15 10 7059
7 15 11 7188
7 15 12 7754
7 15 13 5009
7 15 14 6745
7 15 15 0
8 0 0 0
8 0 1 3326
8 0 2 2669
8 0 3 5447
8 0 4 5093
8 0 5 5995
8 0 6 3115
8 0 7 3932
8 0 8 0
8 0 9 3418
8 0 10 4467
8 0 11 8113
8 0 12 5556
8 0 13 8083
8 0 14 8057
8 0 15 5849
8 1 0 5363
8 1 1 0
8 1 2 3166
8 1 3 3481
8 1 4 3648
8 1 5 6865
8 1 6 2075
8 1 7 5652
8 1 8 0
8 1 9 5232
8 1 10 3764
8 1 11 3489
8 1 12 4686
8 1 13 5282
8 1 14 6972
8 1 15 3990
8 2 0 6374
8 2 1 6277
8 2 2 0
8 2 3 6194
8 2 4 5475
8 2 5 7046
8 2 6 6500
8 2 7 5105
8 2 8 0
8 2 9 2768
8 2 10 4565
8 2 11 3491
8 2 12 2818
8 2 13 5099
8 2 14 5346
8 2 15 3415
8 3 0 5914
8 3 1 5815
8 3 2 2309
8 3 3 0
8 3 4 5878
8 3 5 2947
8 3 6 5241
8 3 7 3477
8 3 8 0
8 3 9 2561
8 3 10 1669
8 3 11 2401
8 3 12 4932
8 3 13 4929
8 3 14 5179
8 3 15 733
8 4 0 9653
8 4 1 8871
8 4 2 9119
8 4 3 9650
8 4 4 0
8 4 5 7684
8 4 6 9758
8 4 7 5425
8 4 8 0
8 4 9 5803
8 4 10 4390
8 4 11 6646
8 4 12 3474
8 4 13 3841
8 4 14 5757
8 4 15 4592
8 5 0 9017
8 5 1 6676
8 5 2 8204
8 5 3 7620
8 5 4 9208
8 5 5 0
8 5 6 8188
8 5 7 8215
8 5 8 0
8 5 9 1086
8 5 10 1966
8 5 11 1419
8 5 12 3848
8 5 13 3268
8 5 14 3082
8 5 15 3289
8 6 0 6441
8 6 1 7604
8 6 2 6755
8 6 3 4772
8 6 4 3355
8 6 5 5881
8 6 6 0
8 6 7 3306
8 6 8 0
8 6 9 6529
8 6 10 2958
8 6 11 3780
8 6 12 4304
8 6 13 7659
8 6 14 6052
8 6 15 5136
8 7 0 5336
8 7 1 3906
8 7 2 4333
8 7 3 5286
8 7 4 3748
8 7 5 6782
8 7 6 3210
8 7 7 0
8 7 8 0
8 7 9 3837
8 7 10 4044
8 7 11 3618
8 7 12 2002
8 7 13 4623
8 7 14 4762
8 7 15 4722
8 8 0 0
8 8 1 0
8 8 2 0
8 8 3 0
8 8 4 0
8 8 5 0
8 8 6 0
8 8 7 0
8 8 8 0
8 8 9 0
8 8 10 0
8 8 11 0
8 8 12 0
8 8 13 0
8 8 14 0
8 8 15 0
8 9 0 3024
8 9 1 5030
8 9 2 5016
8 9 3 4768
8 9 4 6268
8 9 5 3841
8 9 6 6594
8 9 7 6206
8 9 8 0
8 9 9 0
8 9 10 8389
8 9 11 4263
8 9 12 6130
8 9 13 9159
8 9 14 6175
8 9 15 5395
8 10 0 5081
8 10 1 4570
8 10 2 7821
8 10 3 4884
8 10 4 5863
8 10 5 5729
8 10 6 4031
8 10 7 7421
8 10 8 0
8 10 9 8011
8 10 10 0
8 10 11 4819
8 10 12 5366
8 10 13 5303
8 10 14 8410
8 10 15 8167
8 11 0 4893
8 11 1 461
8 11 2 2913
8 11 3 1782
8 11 4 4285
8 11 5 1348
8 11 6 1019
8 11 7 3161
8 11 8 0
8 11 9 6455
8 11 10 7477
8 11 11 0
8 11 12 5939
8 11 13 4666
8 11 14 7949
8 11 15 6523
8 12 0 3533
8 12 1 2855
8 12 2 3437
8 12 3 5510
8 12 4 2310
8 12 5 4974
8 12 6 2740
8 12 7 2742
8 12 8 0
8 12 9 8976
8 12 10 5323
8 12 11 8017
8 12 12 0
8 12 13 7462
8 12 14 7340
8 12 15 8022
8 13 0 9164
8 13 1 6555
8 13 2 8822
8 13 3 8611
8 13 4 5781
8 13 5 7498
8 13 6 9199
8 13 7 8467
8 13 8 0
8 13 9 7390
8 13 10 5165
8 13 11 5219
8 13 12 7902
8 13 13 0
8 13 14 4235
8 13 15 7323
8 14 0 8393
8 14 1 7500
8 14 2 8324
8 14 3 8116
8 14 4 6952
8 14 5 6567
8 14 6 6847
8 14 7 7861
8 14 8 0
8 14 9 1087
8 14 10 1059
8 14 11 630
8 14 12 496
8 14 13 1274
8 14 14 0
8 14 15 5131
8 15 0 4724
8 15 1 3057
8 15 2 4932
8 15 3 2209
8 15 4 4326
8 15 5 5313
8 15 6 4470
8 15 7 6360
8 15 8 0
8 15 9 1205
8 15 10 3982
8 15 11 4111
8 15 12 4677
8 15 13 1932
8 15 14 3668
8 15 15 0
9 0 0 0
9 0 1 1968
9 0 2 1311
9 0 3 4089
9 0 4 3735
9 0 5 4637
9 0 6 1757
9 0 7 2574
9 0 8 3418
9 0 9 0
9 0 10 3291
9 0 11 6937
9 0 12 4380
9 0 13 6907
9 0 14 6881
9 0 15 4673
9 1 0 5554
9 1 1 0
9 1 2 3357
9 1 3 3672
9 1 4 3839
9 1 5 7056
9 1 6 2266
9 1 7 5843
9 1 8 5232
9 1 9 0
9 1 10 1441
9 1 11 1166
9 1 12 2363
9 1 13 2959
9 1 14 4649
9 1 15 1667
9 2 0 4463
9 2 1 4366
9 2 2 0
9 2 3 4283
9 2 4 3564
9 2 5 5135
9 2 6 4589
9 2 7 3194
9 2 8 2768
9 2 9 0
9 2 10 8026
9 2 11 6952
9 2 12 6279
9 2 13 8560
9 2 14 8807
9 2 15 6876
9 3 0 6323
9 3 1 6224
9 3 2 2718
9 3 3 0
9 3 4 6287
9 3 5 3356
9 3 6 5650
9 3 7 3886
9 3 8 2561
9 3 9 0
9 3 10 2048
9 3 11 2780
9 3 12 5311
9 3 13 5308
9 3 14 5558
9 3 15 1112
9 4 0 8199
9 4 1 7417
9 4 2 7665
9 4 3 8196
9 4 4 0
9 4 5 6230
9 4 6 8304
9 4 7 3971
9 4 8 5803
9 4 9 0
9 4 10 6583
9 4 11 8839
9 4 12 5667
9 4 13 6034
9 4 14 7950
9 4 15 6785
9 5 0 5635
9 5 1 3294
9 5 2 4822
9 5 3 4238
9 5 4 5826
9 5 5 0
9 5 6 4806
9 5 7 4833
9 5 8 1086
9 5 9 0
9 5 10 4250
9 5 11 3703
9 5 12 6132
9 5 13 5552
9 5 14 5366
9 5 15 5573
9 6 0 7408
9 6 1 8571
9 6 2 7722
9 6 3 5739
9 6 4 4322
9 6 5 6848
9 6 6 0
9 6 7 4273
9 6 8 6529
9 6 9 0
9 6 10 4403
9 6 11 5225
9 6 12 5749
9 6 13 9104
9 6 14 7497
9 6 15 6581
9 7 0 5756
9 7 1 4326
9 7 2 4753
9 7 3 5706
9 7 4 4168
9 7 5 7202
9 7 6 3630
9 7 7 0
9 7 8 3837
9 7 9 0
9 7 10 5182
9 7 11 4756
9 7 12 3140
9 7 13 5761
9 7 14 5900
9 7 15 5860
9 8 0 5691
9 8 1 6148
9 8 2 8236
9 8 3 5668
9 8 4 9031
9 8 5 8532
9 8 6 6936
9 8 7 7095
9 8 8 0
9 8 9 0
9 8 10 6647
9 8 11 7352
9 8 12 7459
9 8 13 6346
9 8 14 3208
9 8 15 4014
9 9 0 0
9 9 1 0
9 9 2 0
9 9 3 0
9 9 4 0
9 9 5 0
9 9 6 0
9 9 7 0
9 9 8 0
9 9 9 0
9 9 10 0
9 9 11 0
9 9 12 0
9 9 13 0
9 9 14 0
9 9 15 0
9 10 0 5437
9 10 1 4926
9 10 2 8177
9 10 3 5240
9 10 4 6219
9 10 5 6085
9 10 6 4387
9 10 7 7777
9 10 8 8011
9 10 9 0
9 10 10 0
9 10 11 5252
9 10 12 5799
9 10 13 5736
9 10 14 8843
9 10 15 8600
9 11 0 6822
9 11 1 2390
9 11 2 4842
9 11 3 3711
9 11 4 6214
9 11 5 3277
9 11 6 2948
9 11 7 5090
9 11 8 6455
9 11 9 0
9 11 10 3079
9 11 11 0
9 11 12 1541
9 11 13 268
9 11 14 3551
9 11 15 2125
9 12 0 6679
9 12 1 6001
9 12 2 6583
9 12 3 8656
9 12 4 5456
9 12 5 8120
9 12 6 5886
9 12 7 5888
9 12 8 8976
9 12 9 0
9 12 10 2685
9 12 11 5379
9 12 12 0
9 12 13 4824
9 12 14 4702
9 12 15 5384
9 13 0 8733
9 13 1 6124
9 13 2 8391
9 13 3 8180
9 13 4 5350
9 13 5 7067
9 13 6 8768
9 13 7 8036
9 13 8 7390
9 13 9 0
9 13 10 6669
9 13 11 6723
9 13 12 9406
9 13 13 0
9 13 14 5739
9 13 15 8827
9 14 0 5542
9 14 1 4649
9 14 2 5473
9 14 3 5265
9 14 4 4101
9 14 5 3716
9 14 6 3996
9 14 7 5010
9 14 8 1087
9 14 9 0
9 14 10 2717
9 14 11 2288
9 14 12 2154
9 14 13 2932
9 14 14 0
9 14 15 6789
9 15 0 2646
9 15 1 979
9 15 2 2854
9 15 3 131
9 15 4 2248
9 15 5 3235
9 15 6 2392
9 15 7 4282
9 15 8 1205
9 15 9 0
9 15 10 4054
9 15 11 4183
9 15 12 4749
9 15 13 2004
9 15 14 3740
9 15 15 0
10 0 0 0
10 0 1 3017
10 0 2 2360
10 0 3 5138
10 0 4 4784
10 0 5 5686
10 0 6 2806
10 0 7 3623
10 0 8 4467
10 0 9 3291
10 0 10 0
10 0 11 6798
10 0 12 4241
10 0 13 6768
10 0 14 6742
10 0 15 4534
10 1 0 4086
10 1 1 0
10 1 2 1889
10 1 3 2204
10 1 4 2371
10 1 5 5588
10 1 6 798
10 1 7 4375
10 1 8 3764
10 1 9 1441
10 1 10 0
10 1 11 1937
10 1 12 3134
10 1 13 3730
10 1 14 5420
10 1 15 2438
10 2 0 6260
10 2 1 6163
10 2 2 0
10 2 3 6080
10 2 4 5361
10 2 5 6932
10 2 6 6386
10 2 7 4991
10 2 8 4565
10 2 9 8026
10 2 10 0
10 2 11 3714
10 2 12 3041
10 2 13 5322
10 2 14 5569
10 2 15 3638
10 3 0 5431
10 3 1 5332
10 3 2 1826
10 3 3 0
10 3 4 5395
10 3 5 2464
10 3 6 4758
10 3 7 2994
10 3 8 1669
10 3 9 2048
10 3 10 0
10 3 11 6592
10 3 12 9123
10 3 13 9120
10 3 14 9370
10 3 15 4924
10 4 0 6786
10 4 1 6004
10 4 2 6252
10 4 3 6783
10 4 4 0
10 4 5 4817
10 4 6 6891
10 4 7 2558
10 4 8 4390
10 4 9 6583
10 4 10 0
10 4 11 5756
10 4 12 2584
10 4 13 2951
10 4 14 4867
10 4 15 3702
10 5 0 6515
10 5 1 4174
10 5 2 5702
10 5 3 5118
10 5 4 6706
10 5 5 0
10 5 6 5686
10 5 7 5713
10 5 8 1966
10 5 9 4250
10 5 10 0
10 5 11 6158
10 5 12 8587
10 5 13 8007
10 5 14 7821
10 5 15 8028
10 6 0 3837
10 6 1 5000
10 6 2 4151
10 6 3 2168
10 6 4 751
10 6 5 3277
10 6 6 0
10 6 7 702
10 6 8 2958
10 6 9 4403
10 6 10 0
10 6 11 1885
10 6 12 2409
10 6 13 5764
10 6 14 4157
10 6 15 3241
10 7 0 5963
10 7 1 4533
10 7 2 4960
10 7 3 5913
10 7 4 4375
10 7 5 7409
10 7 6 3837
10 7 7 0
10 7 8 4044
10 7 9 5182
10 7 10 0
10 7 11 6891
10 7 12 5275
10 7 13 7896
10 7 14 8035
10 7 15 7995
10 8 0 5253
10 8 1 5710
10 8 2 7798
10 8 3 5230
10 8 4 8593
10 8 5 8094
10 8 6 6498
10 8 7 6657
10 8 8 0
10 8 9 6647
10 8 10 0
10 8 11 8360
10 8 12 8467
10 8 13 7354
10 8 14 4216
10 8 15 5022
10 9 0 4328
10 9 1 6334
10 9 2 6320
10 9 3 6072
10 9 4 7572
10 9 5 5145
10 9 6 7898
10 9 7 7510
10 9 8 8389
10 9 9 0
10 9 10 0
10 9 11 4318
10 9 12 6185
10 9 13 9214
10 9 14 6230
10 9 15 5450
10 10 0 0
10 10 1 0
10 10 2 0
10 10 3 0
10 10 4 0
10 10 5 0
10 10 6 0
10 10 7 0
10 10 8 0
10 10 9 0
10 10 10 0
10 10 11 0
10 10 12 0
10 10 13 0
10 10 14 0
10 10 15 0
10 11 0 7844
10 11 1 3412
10 11 2 5864
10 11 3 4733
10 11 4 7236
10 11 5 4299
10 11 6 3970
10 11 7 6112
10 11 8 7477
10 11 9 3079
10 11 10 0
10 11 11 0
10 11 12 2535
10 11 13 1262
10 11 14 4545
10 11 15 3119
10 12 0 3026
10 12 1 2348
10 12 2 2930
10 12 3 5003
10 12 4 1803
10 12 5 4467
10 12 6 2233
10 12 7 2235
10 12 8 5323
10 12 9 2685
10 12 10 0
10 12 11 5053
10 12 12 0
10 12 13 4498
10 12 14 4376
10 12 15 5058
10 13 0 6508
10 13 1 3899
10 13 2 6166
10 13 3 5955
10 13 4 3125
10 13 5 4842
10 13 6 6543
10 13 7 5811
10 13 8 5165
10 13 9 6669
10 13 10 0
10 13 11 3305
10 13 12 5988
10 13 13 0
10 13 14 2321
10 13 15 5409
10 14 0 5514
10 14 1 4621
10 14 2 5445
10 14 3 5237
10 14 4 4073
10 14 5 3688
10 14 6 3968
10 14 7 4982
10 14 8 1059
10 14 9 2717
10 14 10 0
10 14 11 4961
10 14 12 4827
10 14 13 5605
10 14 14 0
10 14 15 9462
10 15 0 5423
10 15 1 3756
10 15 2 5631
10 15 3 2908
10 15 4 5025
10 15 5 6012
10 15 6 5169
10 15 7 7059
10 15 8 3982
10 15 9 4054
10 15 10 0
10 15 11 7393
10 15 12 7959
10 15 13 5214
10 15 14 6950
10 15 15 0
11 0 0 0
11 0 1 6663
11 0 2 6006
11 0 3 8784
11 0 4 8430
11 0 5 9332
11 0 6 6452
11 0 7 7269
11 0 8 8113
11 0 9 6937
11 0 10 6798
11 0 11 0
11 0 12 2945
11 0 13 5472
11 0 14 5446
11 0 15 3238
11 1 0 3811
11 1 1 0
11 1 2 1614
11 1 3 1929
11 1 4 2096
11 1 5 5313
11 1 6 523
11 1 7 4100
11 1 8 3489
11 1 9 1166
11 1 10 1937
11 1 11 0
11 1 12 4556
11 1 13 5152
11 1 14 6842
11 1 15 3860
11 2 0 5186
11 2 1 5089
11 2 2 0
11 2 3 5006
11 2 4 4287
11 2 5 5858
11 2 6 5312
11 2 7 3917
11 2 8 3491
11 2 9 6952
11 2 10 3714
11 2 11 0
11 2 12 3332
11 2 13 5613
11 2 14 5860
11 2 15 3929
11 3 0 6163
11 3 1 6064
11 3 2 2558
11 3 3 0
11 3 4 6127
11 3 5 3196
11 3 6 5490
11 3 7 3726
11 3 8 2401
11 3 9 2780
11 3 10 6592
11 3 11 0
11 3 12 5071
11 3 13 5068
11 3 14 5318
11 3 15 872
11 4 0 9042
11 4 1 8260
11 4 2 8508
11 4 3 9039
11 4 4 0
11 4 5 7073
11 4 6 9147
11 4 7 4814
11 4 8 6646
11 4 9 8839
11 4 10 5756
11 4 11 0
11 4 12 1677
11 4 13 2044
11 4 14 3960
11 4 15 2795
11 5 0 5968
11 5 1 3627
11 5 2 5155
11 5 3 4571
11 5 4 6159
11 5 5 0
11 5 6 5139
11 5 7 5166
11 5 8 1419
11 5 9 3703
11 5 10 6158
11 5 11 0
11 5 12 7532
11 5 13 6952
11 5 14 6766
11 5 15 6973
11 6 0 4659
11 6 1 5822
11 6 2 4973
11 6 3 2990
11 6 4 1573
11 6 5 4099
11 6 6 0
11 6 7 1524
11 6 8 3780
11 6 9 5225
11 6 10 1885
11 6 11 0
11 6 12 5602
11 6 13 8957
11 6 14 7350
11 6 15 6434
11 7 0 5537
11 7 1 4107
11 7 2 4534
11 7 3 5487
11 7 4 3949
11 7 5 6983
11 7 6 3411
11 7 7 0
11 7 8 3618
11 7 9 4756
11 7 10 6891
11 7 11 0
11 7 12 3386
11 7 13 6007
11 7 14 6146
11 7 15 6106
11 8 0 5958
11 8 1 6415
11 8 2 8503
11 8 3 5935
11 8 4 9298
11 8 5 8799
11 8 6 7203
11 8 7 7362
11 8 8 0
11 8 9 7352
11 8 10 8360
11 8 11 0
11 8 12 4633
11 8 13 3520
11 8 14 382
11 8 15 1188
11 9 0 202
11 9 1 2208
11 9 2 2194
11 9 3 1946
11 9 4 3446
11 9 5 1019
11 9 6 3772
11 9 7 3384
11 9 8 4263
11 9 9 0
11 9 10 4318
11 9 11 0
11 9 12 3924
11 9 13 6953
11 9 14 3969
11 9 15 3189
11 10 0 2245
11 10 1 1734
11 10 2 4985
11 10 3 2048
11 10 4 3027
11 10 5 2893
11 10 6 1195
11 10 7 4585
11 10 8 4819
11 10 9 5252
11 10 10 0
11 10 11 0
11 10 12 4620
11 10 13 4557
11 10 14 7664
11 10 15 7421
11 11 0 0
11 11 1 0
11 11 2 0
11 11 3 0
11 11 4 0
11 11 5 0
11 11 6 0
11 11 7 0
11 11 8 0
11 11 9 0
11 11 10 0
11 11 11 0
11 11 12 0
11 11 13 0
11 11 14 0
11 11 15 0
11 12 0 5720
11 12 1 5042
11 12 2 5624
11 12 3 7697
11 12 4 4497
11 12 5 7161
11 12 6 4927
11 12 7 4929
11 12 8 8017
11 12 9 5379
11 12 10 5053
11 12 11 0
11 12 12 0
11 12 13 4366
11 12 14 4244
11 12 15 4926
11 13 0 6562
11 13 1 3953
11 13 2 6220
11 13 3 6009
11 13 4 3179
11 13 5 4896
11 13 6 6597
11 13 7 5865
11 13 8 5219
11 13 9 6723
11 13 10 3305
11 13 11 0
11 13 12 4646
11 13 13 0
11 13 14 979
11 13 15 4067
11 14 0 5085
11 14 1 4192
11 14 2 5016
11 14 3 4808
11 14 4 3644
11 14 5 3259
11 14 6 3539
11 14 7 4553
11 14 8 630
11 14 9 2288
11 14 10 4961
11 14 11 0
11 14 12 3661
11 14 13 4439
11 14 14 0
11 14 15 8296
11 15 0 5552
11 15 1 3885
11 15 2 5760
11 15 3 3037
11 15 4 5154
11 15 5 6141
11 15 6 5298
11 15 7 7188
11 15 8 4111
11 15 9 4183
11 15 10 7393
11 15 11 0
11 15 12 5610
11 15 13 2865
11 15 14 4601
11 15 15 0
12 0 0 0
12 0 1 4106
12 0 2 3449
12 0 3 6227
12 0 4 5873
12 0 5 6775
12 0 6 3895
12 0 7 4712
12 0 8 5556
12 0 9 4380
12 0 10 4241
12 0 11 2945
12 0 12 0
12 0 13 6727
12 0 14 6701
12 0 15 4493
12 1 0 5008
12 1 1 0
12 1 2 2811
12 1 3 3126
12 1 4 3293
12 1 5 6510
12 1 6 1720
12 1 7 5297
12 1 8 4686
12 1 9 2363
12 1 10 3134
12 1 11 4556
12 1 12 0
12 1 13 4201
12 1 14 5891
12 1 15 2909
12 2 0 4513
12 2 1 4416
12 2 2 0
12 2 3 4333
12 2 4 3614
12 2 5 5185
12 2 6 4639
12 2 7 3244
12 2 8 2818
12 2 9 6279
12 2 10 3041
12 2 11 3332
12 2 12 0
12 2 13 7149
12 2 14 7396
12 2 15 5465
12 3 0 8694
12 3 1 8595
12 3 2 5089
12 3 3 0
12 3 4 8658
12 3 5 5727
12 3 6 8021
12 3 7 6257
12 3 8 4932
12 3 9 5311
12 3 10 9123
12 3 11 5071
12 3 12 0
12 3 13 7420
12 3 14 7670
12 3 15 3224
12 4 0 5870
12 4 1 5088
12 4 2 5336
12 4 3 5867
12 4 4 0
12 4 5 3901
12 4 6 5975
12 4 7 1642
12 4 8 3474
12 4 9 5667
12 4 10 2584
12 4 11 1677
12 4 12 0
12 4 13 3045
12 4 14 4961
12 4 15 3796
12 5 0 8397
12 5 1 6056
12 5 2 7584
12 5 3 7000
12 5 4 8588
12 5 5 0
12 5 6 7568
12 5 7 7595
12 5 8 3848
12 5 9 6132
12 5 10 8587
12 5 11 7532
12 5 12 0
12 5 13 4631
12 5 14 4445
12 5 15 4652
12 6 0 5183
12 6 1 6346
12 6 2 5497
12 6 3 3514
12 6 4 2097
12 6 5 4623
12 6 6 0
12 6 7 2048
12 6 8 4304
12 6 9 5749
12 6 10 2409
12 6 11 5602
12 6 12 0
12 6 13 9460
12 6 14 7853
12 6 15 6937
12 7 0 3921
12 7 1 2491
12 7 2 2918
12 7 3 3871
12 7 4 2333
12 7 5 5367
12 7 6 1795
12 7 7 0
12 7 8 2002
12 7 9 3140
12 7 10 5275
12 7 11 3386
12 7 12 0
12 7 13 4480
12 7 14 4619
12 7 15 4579
12 8 0 6065
12 8 1 6522
12 8 2 8610
12 8 3 6042
12 8 4 9405
12 8 5 8906
12 8 6 7310
12 8 7 7469
12 8 8 0
12 8 9 7459
12 8 10 8467
12 8 11 4633
12 8 12 0
12 8 13 4717
12 8 14 1579
12 8 15 2385
12 9 0 2069
12 9 1 4075
12 9 2 4061
12 9 3 3813
12 9 4 5313
12 9 5 2886
12 9 6 5639
12 9 7 5251
12 9 8 6130
12 9 9 0
12 9 10 6185
12 9 11 3924
12 9 12 0
12 9 13 9367
12 9 14 6383
12 9 15 5603
12 10 0 2792
12 10 1 2281
12 10 2 5532
12 10 3 2595
12 10 4 3574
12 10 5 3440
12 10 6 1742
12 10 7 5132
12 10 8 5366
12 10 9 5799
12 10 10 0
12 10 11 4620
12 10 12 0
12 10 13 2296
12 10 14 5403
12 10 15 5160
12 11 0 6306
12 11 1 1874
12 11 2 4326
12 11 3 3195
12 11 4 5698
12 11 5 2761
12 11 6 2432
12 11 7 4574
12 11 8 5939
12 11 9 1541
12 11 10 2535
12 11 11 0
12 11 12 0
12 11 13 3648
12 11 14 6931
12 11 15 5505
12 12 0 0
12 12 1 0
12 12 2 0
12 12 3 0
12 12 4 0
12 12 5 0
12 12 6 0
12 12 7 0
12 12 8 0
12 12 9 0
12 12 10 0
12 12 11 0
12 12 12 0
12 12 13 0
12 12 14 0
12 12 15 0
12 13 0 9245
12 13 1 6636
12 13 2 8903
12 13 3 8692
12 13 4 5862
12 13 5 7579
12 13 6 9280
12 13 7 8548
12 13 8 7902
12 13 9 9406
12 13 10 5988
12 13 11 4646
12 13 12 0
12 13 13 0
12 13 14 3668
12 13 15 6756
12 14 0 4951
12 14 1 4058
12 14 2 4882
12 14 3 4674
12 14 4 3510
12 14 5 3125
12 14 6 3405
12 14 7 4419
12 14 8 496
12 14 9 2154
12 14 10 4827
12 14 11 3661
12 14 12 0
12 14 13 3723
12 14 14 0
12 14 15 7580
12 15 0 6118
12 15 1 4451
12 15 2 6326
12 15 3 3603
12 15 4 5720
12 15 5 6707
12 15 6 5864
12 15 7 7754
12 15 8 4677
12 15 9 4749
12 15 10 7959
12 15 11 5610
12 15 12 0
12 15 13 4257
12 15 14 5993
12 15 15 0
13 0 0 0
13 0 1 6633
13 0 2 5976
13 0 3 8754
13 0 4 8400
13 0 5 9302
13 0 6 6422
13 0 7 7239
13 0 8 8083
13 0 9 6907
13 0 10 6768
13 0 11 5472
13 0 12 6727
13 0 13 0
13 0 14 5596
13 0 15 3388
13 1 0 5604
13 1 1 0
13 1 2 3407
13 1 3 3722
13 1 4 3889
13 1 5 7106
13 1 6 2316
13 1 7 5893
13 1 8 5282
13 1 9 2959
13 1 10 3730
13 1 11 5152
13 1 12 4201
13 1 13 0
13 1 14 7071
13 1 15 4089
13 2 0 6794
13 2 1 6697
13 2 2 0
13 2 3 6614
13 2 4 5895
13 2 5 7466
13 2 6 6920
13 2 7 5525
13 2 8 5099
13 2 9 8560
13 2 10 5322
13 2 11 5613
13 2 12 7149
13 2 13 0
13 2 14 8200
13 2 15 6269
13 3 0 8691
13 3 1 8592
13 3 2 5086
13 3 3 0
13 3 4 8655
13 3 5 5724
13 3 6 8018
13 3 7 6254
13 3 8 4929
13 3 9 5308
13 3 10 9120
13 3 11 5068
13 3 12 7420
13 3 13 0
13 3 14 6434
13 3 15 1988
13 4 0 6237
13 4 1 5455
13 4 2 5703
13 4 3 6234
13 4 4 0
13 4 5 4268
13 4 6 6342
13 4 7 2009
13 4 8 3841
13 4 9 6034
13 4 10 2951
13 4 11 2044
13 4 12 3045
13 4 13 0
13 4 14 5061
13 4 15 3896
13 5 0 7817
13 5 1 5476
13 5 2 7004
13 5 3 6420
13 5 4 8008
13 5 5 0
13 5 6 6988
13 5 7 7015
13 5 8 3268
13 5 9 5552
13 5 10 8007
13 5 11 6952
13 5 12 4631
13 5 13 0
13 5 14 7637
13 5 15 7844
13 6 0 8538
13 6 1 9701
13 6 2 8852
13 6 3 6869
13 6 4 5452
13 6 5 7978
13 6 6 0
13 6 7 5403
13 6 8 7659
13 6 9 9104
13 6 10 5764
13 6 11 8957
13 6 12 9460
13 6 13 0
13 6 14 6559
13 6 15 5643
13 7 0 6542
13 7 1 5112
13 7 2 5539
13 7 3 6492
13 7 4 4954
13 7 5 7988
13 7 6 4416
13 7 7 0
13 7 8 4623
13 7 9 5761
13 7 10 7896
13 7 11 6007
13 7 12 4480
13 7 13 0
13 7 14 4931
13 7 15 4891
13 8 0 4952
13 8 1 5409
13 8 2 7497
13 8 3 4929
13 8 4 8292
13 8 5 7793
13 8 6 6197
13 8 7 6356
13 8 8 0
13 8 9 6346
13 8 10 7354
13 8 11 3520
13 8 12 4717
13 8 13 0
13 8 14 4683
13 8 15 5489
13 9 0 5098
13 9 1 7104
13 9 2 7090
13 9 3 6842
13 9 4 8342
13 9 5 5915
13 9 6 8668
13 9 7 8280
13 9 8 9159
13 9 9 0
13 9 10 9214
13 9 11 6953
13 9 12 9367
13 9 13 0
13 9 14 5910
13 9 15 5130
13 10 0 2729
13 10 1 2218
13 10 2 5469
13 10 3 2532
13 10 4 3511
13 10 5 3377
13 10 6 1679
13 10 7 5069
13 10 8 5303
13 10 9 5736
13 10 10 0
13 10 11 4557
13 10 12 2296
13 10 13 0
13 10 14 6358
13 10 15 6115
13 11 0 5033
13 11 1 601
13 11 2 3053
13 11 3 1922
13 11 4 4425
13 11 5 1488
13 11 6 1159
13 11 7 3301
13 11 8 4666
13 11 9 268
13 11 10 1262
13 11 11 0
13 11 12 3648
13 11 13 0
13 11 14 5246
13 11 15 3820
13 12 0 5165
13 12 1 4487
13 12 2 5069
13 12 3 7142
13 12 4 3942
13 12 5 6606
13 12 6 4372
13 12 7 4374
13 12 8 7462
13 12 9 4824
13 12 10 4498
13 12 11 4366
13 12 12 0
13 12 13 0
13 12 14 7213
13 12 15 7895
13 13 0 0
13 13 1 0
13 13 2 0
13 13 3 0
13 13 4 0
13 13 5 0
13 13 6 0
13 13 7 0
13 13 8 0
13 13 9 0
13 13 10 0
13 13 11 0
13 13 12 0
13 13 13 0
13 13 14 0
13 13 15 0
13 14 0 5729
13 14 1 4836
13 14 2 5660
13 14 3 5452
13 14 4 4288
13 14 5 3903
13 14 6 4183
13 14 7 5197
13 14 8 1274
13 14 9 2932
13 14 10 5605
13 14 11 4439
13 14 12 3723
13 14 13 0
13 14 14 0
13 14 15 5588
13 15 0 3373
13 15 1 1706
13 15 2 3581
13 15 3 858
13 15 4 2975
13 15 5 3962
13 15 6 3119
13 15 7 5009
13 15 8 1932
13 15 9 2004
13 15 10 5214
13 15 11 2865
13 15 12 4257
13 15 13 0
13 15 14 6407
13 15 15 0
14 0 0 0
14 0 1 6607
14 0 2 5950
14 0 3 8728
14 0 4 8374
14 0 5 9276
14 0 6 6396
14 0 7 7213
14 0 8 8057
14 0 9 6881
14 0 10 6742
14 0 11 5446
14 0 12 6701
14 0 13 5596
14 0 14 0
14 0 15 4631
14 1 0 7294
14 1 1 0
14 1 2 5097
14 1 3 5412
14 1 4 5579
14 1 5 8796
14 1 6 4006
14 1 7 7583
14 1 8 6972
14 1 9 4649
14 1 10 5420
14 1 11 6842
14 1 12 5891
14 1 13 7071
14 1 14 0
14 1 15 4398
14 2 0 7041
14 2 1 6944
14 2 2 0
14 2 3 6861
14 2 4 6142
14 2 5 7713
14 2 6 7167
14 2 7 5772
14 2 8 5346
14 2 9 8807
14 2 10 5569
14 2 11 5860
14 2 12 7396
14 2 13 8200
14 2 14 0
14 2 15 5121
14 3 0 8941
14 3 1 8842
14 3 2 5336
14 3 3 0
14 3 4 8905
14 3 5 5974
14 3 6 8268
14 3 7 6504
14 3 8 5179
14 3 9 5558
14 3 10 9370
14 3 11 5318
14 3 12 7670
14 3 13 6434
14 3 14 0
14 3 15 1104
14 4 0 8153
14 4 1 7371
14 4 2 7619
14 4 3 8150
14 4 4 0
14 4 5 6184
14 4 6 8258
14 4 7 3925
14 4 8 5757
14 4 9 7950
14 4 10 4867
14 4 11 3960
14 4 12 4961
14 4 13 5061
14 4 14 0
14 4 15 6207
14 5 0 7631
14 5 1 5290
14 5 2 6818
14 5 3 6234
14 5 4 7822
14 5 5 0
14 5 6 6802
14 5 7 6829
14 5 8 3082
14 5 9 5366
14 5 10 7821
14 5 11 6766
14 5 12 4445
14 5 13 7637
14 5 14 0
14 5 15 5257
14 6 0 6931
14 6 1 8094
14 6 2 7245
14 6 3 5262
14 6 4 3845
14 6 5 6371
14 6 6 0
14 6 7 3796
14 6 8 6052
14 6 9 7497
14 6 10 4157
14 6 11 7350
14 6 12 7853
14 6 13 6559
14 6 14 0
14 6 15 4804
14 7 0 6681
14 7 1 5251
14 7 2 5678
14 7 3 6631
14 7 4 5093
14 7 5 8127
14 7 6 4555
14 7 7 0
14 7 8 4762
14 7 9 5900
14 7 10 8035
14 7 11 6146
14 7 12 4619
14 7 13 4931
14 7 14 0
14 7 15 5759
14 8 0 1814
14 8 1 2271
14 8 2 4359
14 8 3 1791
14 8 4 5154
14 8 5 4655
14 8 6 3059
14 8 7 3218
14 8 8 0
14 8 9 3208
14 8 10 4216
14 8 11 382
14 8 12 1579
14 8 13 4683
14 8 14 0
14 8 15 4744
14 9 0 2114
14 9 1 4120
14 9 2 4106
14 9 3 3858
14 9 4 5358
14 9 5 2931
14 9 6 5684
14 9 7 5296
14 9 8 6175
14 9 9 0
14 9 10 6230
14 9 11 3969
14 9 12 6383
14 9 13 5910
14 9 14 0
14 9 15 1965
14 10 0 5836
14 10 1 5325
14 10 2 8576
14 10 3 5639
14 10 4 6618
14 10 5 6484
14 10 6 4786
14 10 7 8176
14 10 8 8410
14 10 9 8843
14 10 10 0
14 10 11 7664
14 10 12 5403
14 10 13 6358
14 10 14 0
14 10 15 5147
14 11 0 8316
14 11 1 3884
14 11 2 6336
14 11 3 5205
14 11 4 7708
14 11 5 4771
14 11 6 4442
14 11 7 6584
14 11 8 7949
14 11 9 3551
14 11 10 4545
14 11 11 0
14 11 12 6931
14 11 13 5246
14 11 14 0
14 11 15 2369
14 12 0 5043
14 12 1 4365
14 12 2 4947
14 12 3 7020
14 12 4 3820
14 12 5 6484
14 12 6 4250
14 12 7 4252
14 12 8 7340
14 12 9 4702
14 12 10 4376
14 12 11 4244
14 12 12 0
14 12 13 7213
14 12 14 0
14 12 15 3627
14 13 0 5578
14 13 1 2969
14 13 2 5236
14 13 3 5025
14 13 4 2195
14 13 5 3912
14 13 6 5613
14 13 7 4881
14 13 8 4235
14 13 9 5739
14 13 10 2321
14 13 11 979
14 13 12 3668
14 13 13 0
14 13 14 0
14 13 15 4819
14 14 0 0
14 14 1 0
14 14 2 0
14 14 3 0
14 14 4 0
14 14 5 0
14 14 6 0
14 14 7 0
14 14 8 0
14 14 9 0
14 14 10 0
14 14 11 0
14 14 12 0
14 14 13 0
14 14 14 0
14 14 15 0
14 15 0 5109
14 15 1 3442
14 15 2 5317
14 15 3 2594
14 15 4 4711
14 15 5 5698
14 15 6 4855
14 15 7 6745
14 15 8 3668
14 15 9 3740
14 15 10 6950
14 15 11 4601
14 15 12 5993
14 15 13 6407
14 15 14 0
14 15 15 0
15 0 0 0
15 0 1 4399
15 0 2 3742
15 0 3 6520
15 0 4 6166
15 0 5 7068
15 0 6 4188
15 0 7 5005
15 0 8 5849
15 0 9 4673
15 0 10 4534
15 0 11 3238
15 0 12 4493
15 0 13 3388
15 0 14 4631
15 0 15 0
15 1 0 4312
15 1 1 0
15 1 2 2115
15 1 3 2430
15 1 4 2597
15 1 5 5814
15 1 6 1024
15 1 7 4601
15 1 8 3990
15 1 9 1667
15 1 10 2438
15 1 11 3860
15 1 12 2909
15 1 13 4089
15 1 14 4398
15 1 15 0
15 2 0 5110
15 2 1 5013
15 2 2 0
15 2 3 4930
15 2 4 4211
15 2 5 5782
15 2 6 5236
15 2 7 3841
15 2 8 3415
15 2 9 6876
15 2 10 3638
15 2 11 3929
15 2 12 5465
15 2 13 6269
15 2 14 5121
15 2 15 0
15 3 0 4495
15 3 1 4396
15 3 2 890
15 3 3 0
15 3 4 4459
15 3 5 1528
15 3 6 3822
15 3 7 2058
15 3 8 733
15 3 9 1112
15 3 10 4924
15 3 11 872
15 3 12 3224
15 3 13 1988
15 3 14 1104
15 3 15 0
15 4 0 6988
15 4 1 6206
15 4 2 6454
15 4 3 6985
15 4 4 0
15 4 5 5019
15 4 6 7093
15 4 7 2760
15 4 8 4592
15 4 9 6785
15 4 10 3702
15 4 11 2795
15 4 12 3796
15 4 13 3896
15 4 14 6207
15 4 15 0
15 5 0 7838
15 5 1 5497
15 5 2 7025
15 5 3 6441
15 5 4 8029
15 5 5 0
15 5 6 7009
15 5 7 7036
15 5 8 3289
15 5 9 5573
15 5 10 8028
15 5 11 6973
15 5 12 4652
15 5 13 7844
15 5 14 5257
15 5 15 0
15 6 0 6015
15 6 1 7178
15 6 2 6329
15 6 3 4346
15 6 4 2929
15 6 5 5455
15 6 6 0
15 6 7 2880
15 6 8 5136
15 6 9 6581
15 6 10 3241
15 6 11 6434
15 6 12 6937
15 6 13 5643
15 6 14 4804
15 6 15 0
15 7 0 6641
15 7 1 5211
15 7 2 5638
15 7 3 6591
15 7 4 5053
15 7 5 8087
15 7 6 4515
15 7 7 0
15 7 8 4722
15 7 9 5860
15 7 10 7995
15 7 11 6106
15 7 12 4579
15 7 13 4891
15 7 14 5759
15 7 15 0
15 8 0 2620
15 8 1 3077
15 8 2 5165
15 8 3 2597
15 8 4 5960
15 8 5 5461
15 8 6 3865
15 8 7 4024
15 8 8 0
15 8 9 4014
15 8 10 5022
15 8 11 1188
15 8 12 2385
15 8 13 5489
15 8 14 4744
15 8 15 0
15 9 0 1334
15 9 1 3340
15 9 2 3326
15 9 3 3078
15 9 4 4578
15 9 5 2151
15 9 6 4904
15 9 7 4516
15 9 8 5395
15 9 9 0
15 9 10 5450
15 9 11 3189
15 9 12 5603
15 9 13 5130
15 9 14 1965
15 9 15 0
15 10 0 5593
15 10 1 5082
15 10 2 8333
15 10 3 5396
15 10 4 6375
15 10 5 6241
15 10 6 4543
15 10 7 7933
15 10 8 8167
15 10 9 8600
15 10 10 0
15 10 11 7421
15 10 12 5160
15 10 13 6115
15 10 14 5147
15 10 15 0
15 11 0 6890
15 11 1 2458
15 11 2 4910
15 11 3 3779
15 11 4 6282
15 11 5 3345
15 11 6 3016
15 11 7 5158
15 11 8 6523
15 11 9 2125
15 11 10 3119
15 11 11 0
15 11 12 5505
15 11 13 3820
15 11 14 2369
15 11 15 0
15 12 0 5725
15 12 1 5047
15 12 2 5629
15 12 3 7702
15 12 4 4502
15 12 5 7166
15 12 6 4932
15 12 7 4934
15 12 8 8022
15 12 9 5384
15 12 10 5058
15 12 11 4926
15 12 12 0
15 12 13 7895
15 12 14 3627
15 12 15 0
15 13 0 8666
15 13 1 6057
15 13 2 8324
15 13 3 8113
15 13 4 5283
15 13 5 7000
15 13 6 8701
15 13 7 7969
15 13 8 7323
15 13 9 8827
15 13 10 5409
15 13 11 4067
15 13 12 6756
15 13 13 0
15 13 14 4819
15 13 15 0
15 14 0 9586
15 14 1 8693
15 14 2 9517
15 14 3 9309
15 14 4 8145
15 14 5 7760
15 14 6 8040
15 14 7 9054
15 14 8 5131
15 14 9 6789
15 14 10 9462
15 14 11 8296
15 14 12 7580
15 14 13 5588
15 14 14 0
15 14 15 0
15 15 0 0
15 15 1 0
15 15 2 0
15 15 3 0
15 15 4 0
15 15 5 0
15 15 6 0
15 15 7 0
15 15 8 0
15 15 9 0
15 15 10 0
15 15 11 0
15 15 12 0
15 15 13 0
15 15 14 0
15 15 15 0
