12
0 0 0 0
0 0 1 0
0 0 2 0
0 0 3 0
0 0 4 0
0 0 5 0
0 0 6 0
0 0 7 0
0 0 8 0
0 0 9 0
0 0 10 0
0 0 11 0
0 1 0 0
0 1 1 0
0 1 2 5305
0 1 3 5474
0 1 4 9176
0 1 5 8178
0 1 6 7628
0 1 7 5187
0 1 8 9529
0 1 9 5264
0 1 10 9646
0 1 11 8686
0 2 0 0
0 2 1 6042
0 2 2 0
0 2 3 2417
0 2 4 6628
0 2 5 6579
0 2 6 5887
0 2 7 5856
0 2 8 2460
0 2 9 5825
0 2 10 7063
0 2 11 5986
0 3 0 0
0 3 1 5591
0 3 2 6129
0 3 3 0
0 3 4 3414
0 3 5 5872
0 3 6 4295
0 3 7 3293
0 3 8 5380
0 3 9 2887
0 3 10 5028
0 3 11 4826
0 4 0 0
0 4 1 4808
0 4 2 3892
0 4 3 4983
0 4 4 0
0 4 5 1758
0 4 6 6068
0 4 7 2218
0 4 8 1964
0 4 9 5001
0 4 10 1976
0 4 11 3466
0 5 0 0
0 5 1 6857
0 5 2 5974
0 5 3 7149
0 5 4 4269
0 5 5 0
0 5 6 3451
0 5 7 5157
0 5 8 5994
0 5 9 5595
0 5 10 7721
0 5 11 5511
0 6 0 0
0 6 1 4499
0 6 2 5263
0 6 3 5632
0 6 4 8051
0 6 5 6432
0 6 6 0
0 6 7 4638
0 6 8 7199
0 6 9 8307
0 6 10 4601
0 6 11 4683
0 7 0 0
0 7 1 5085
0 7 2 3655
0 7 3 2466
0 7 4 6103
0 7 5 3816
0 7 6 3842
0 7 7 0
0 7 8 2189
0 7 9 6767
0 7 10 4014
0 7 11 6160
0 8 0 0
0 8 1 6124
0 8 2 6189
0 8 3 6458
0 8 4 6497
0 8 5 6958
0 8 6 3732
0 8 7 5146
0 8 8 0
0 8 9 6012
0 8 10 6915
0 8 11 5093
0 9 0 0
0 9 1 5406
0 9 2 7204
0 9 3 4305
0 9 4 4658
0 9 5 4072
0 9 6 3836
0 9 7 6250
0 9 8 6023
0 9 9 0
0 9 10 7873
0 9 11 7030
0 10 0 0
0 10 1 7616
0 10 2 7427
0 10 3 3703
0 10 4 5635
0 10 5 5595
0 10 6 5233
0 10 7 3361
0 10 8 5462
0 10 9 4270
0 10 10 0
0 10 11 6499
0 11 0 0
0 11 1 5117
0 11 2 4312
0 11 3 5232
0 11 4 2476
0 11 5 6875
0 11 6 6911
0 11 7 4439
0 11 8 5382
0 11 9 4948
0 11 10 6924
0 11 11 0
1 0 0 0
1 0 1 0
1 0 2 5295
1 0 3 5962
1 0 4 4519
1 0 5 6238
1 0 6 6706
1 0 7 5292
1 0 8 6488
1 0 9 6331
1 0 10 6142
1 0 11 5410
1 1 0 0
1 1 1 0
1 1 2 0
1 1 3 0
1 1 4 0
1 1 5 0
1 1 6 0
1 1 7 0
1 1 8 0
1 1 9 0
1 1 10 0
1 1 11 0
1 2 0 6042
1 2 1 0
1 2 2 0
1 2 3 732
1 2 4 4943
1 2 5 4894
1 2 6 4202
1 2 7 4171
1 2 8 775
1 2 9 4140
1 2 10 5378
1 2 11 4301
1 3 0 5591
1 3 1 0
1 3 2 3946
1 3 3 0
1 3 4 1231
1 3 5 3689
1 3 6 2112
1 3 7 1110
1 3 8 3197
1 3 9 704
1 3 10 2845
1 3 11 2643
1 4 0 4808
1 4 1 0
1 4 2 6854
1 4 3 7945
1 4 4 0
1 4 5 4720
1 4 6 9030
1 4 7 5180
1 4 8 4926
1 4 9 7963
1 4 10 4938
1 4 11 6428
1 5 0 6857
1 5 1 0
1 5 2 6219
1 5 3 7394
1 5 4 4514
1 5 5 0
1 5 6 3696
1 5 7 5402
1 5 8 6239
1 5 9 5840
1 5 10 7966
1 5 11 5756
1 6 0 4499
1 6 1 0
1 6 2 4490
1 6 3 4859
1 6 4 7278
1 6 5 5659
1 6 6 0
1 6 7 3865
1 6 8 6426
1 6 9 7534
1 6 10 3828
1 6 11 3910
1 7 0 5085
1 7 1 0
1 7 2 1855
1 7 3 666
1 7 4 4303
1 7 5 2016
1 7 6 2042
1 7 7 0
1 7 8 389
1 7 9 4967
1 7 10 2214
1 7 11 4360
1 8 0 6124
1 8 1 0
1 8 2 7535
1 8 3 7804
1 8 4 7843
1 8 5 8304
1 8 6 5078
1 8 7 6492
1 8 8 0
1 8 9 7358
1 8 10 8261
1 8 11 6439
1 9 0 5406
1 9 1 0
1 9 2 4442
1 9 3 1543
1 9 4 1896
1 9 5 1310
1 9 6 1074
1 9 7 3488
1 9 8 3261
1 9 9 0
1 9 10 5111
1 9 11 4268
1 10 0 7616
1 10 1 0
1 10 2 9236
1 10 3 5512
1 10 4 7444
1 10 5 7404
1 10 6 7042
1 10 7 5170
1 10 8 7271
1 10 9 6079
1 10 10 0
1 10 11 8308
1 11 0 5117
1 11 1 0
1 11 2 5893
1 11 3 6813
1 11 4 4057
1 11 5 8456
1 11 6 8492
1 11 7 6020
1 11 8 6963
1 11 9 6529
1 11 10 8505
1 11 11 0
2 0 0 0
2 0 1 5295
2 0 2 0
2 0 3 3940
2 0 4 2497
2 0 5 4216
2 0 6 4684
2 0 7 3270
2 0 8 4466
2 0 9 4309
2 0 10 4120
2 0 11 3388
2 1 0 5305
2 1 1 0
2 1 2 0
2 1 3 4526
2 1 4 8228
2 1 5 7230
2 1 6 6680
2 1 7 4239
2 1 8 8581
2 1 9 4316
2 1 10 8698
2 1 11 7738
2 2 0 0
2 2 1 0
2 2 2 0
2 2 3 0
2 2 4 0
2 2 5 0
2 2 6 0
2 2 7 0
2 2 8 0
2 2 9 0
2 2 10 0
2 2 11 0
2 3 0 6129
2 3 1 3946
2 3 2 0
2 3 3 0
2 3 4 808
2 3 5 3266
2 3 6 1689
2 3 7 687
2 3 8 2774
2 3 9 281
2 3 10 2422
2 3 11 2220
2 4 0 3892
2 4 1 6854
2 4 2 0
2 4 3 8031
2 4 4 0
2 4 5 4806
2 4 6 9116
2 4 7 5266
2 4 8 5012
2 4 9 8049
2 4 10 5024
2 4 11 6514
2 5 0 5974
2 5 1 6219
2 5 2 0
2 5 3 8429
2 5 4 5549
2 5 5 0
2 5 6 4731
2 5 7 6437
2 5 8 7274
2 5 9 6875
2 5 10 9001
2 5 11 6791
2 6 0 5263
2 6 1 4490
2 6 2 0
2 6 3 5752
2 6 4 8171
2 6 5 6552
2 6 6 0
2 6 7 4758
2 6 8 7319
2 6 9 8427
2 6 10 4721
2 6 11 4803
2 7 0 3655
2 7 1 1855
2 7 2 0
2 7 3 3969
2 7 4 7606
2 7 5 5319
2 7 6 5345
2 7 7 0
2 7 8 3692
2 7 9 8270
2 7 10 5517
2 7 11 7663
2 8 0 6189
2 8 1 7535
2 8 2 0
2 8 3 3369
2 8 4 3408
2 8 5 3869
2 8 6 643
2 8 7 2057
2 8 8 0
2 8 9 2923
2 8 10 3826
2 8 11 2004
2 9 0 7204
2 9 1 4442
2 9 2 0
2 9 3 4738
2 9 4 5091
2 9 5 4505
2 9 6 4269
2 9 7 6683
2 9 8 6456
2 9 9 0
2 9 10 8306
2 9 11 7463
2 10 0 7427
2 10 1 9236
2 10 2 0
2 10 3 5563
2 10 4 7495
2 10 5 7455
2 10 6 7093
2 10 7 5221
2 10 8 7322
2 10 9 6130
2 10 10 0
2 10 11 8359
2 11 0 4312
2 11 1 5893
2 11 2 0
2 11 3 6747
2 11 4 3991
2 11 5 8390
2 11 6 8426
2 11 7 5954
2 11 8 6897
2 11 9 6463
2 11 10 8439
2 11 11 0
3 0 0 0
3 0 1 5962
3 0 2 3940
3 0 3 0
3 0 4 4969
3 0 5 6688
3 0 6 7156
3 0 7 5742
3 0 8 6938
3 0 9 6781
3 0 10 6592
3 0 11 5860
3 1 0 5474
3 1 1 0
3 1 2 4526
3 1 3 0
3 1 4 7110
3 1 5 6112
3 1 6 5562
3 1 7 3121
3 1 8 7463
3 1 9 3198
3 1 10 7580
3 1 11 6620
3 2 0 2417
3 2 1 732
3 2 2 0
3 2 3 0
3 2 4 7734
3 2 5 7685
3 2 6 6993
3 2 7 6962
3 2 8 3566
3 2 9 6931
3 2 10 8169
3 2 11 7092
3 3 0 0
3 3 1 0
3 3 2 0
3 3 3 0
3 3 4 0
3 3 5 0
3 3 6 0
3 3 7 0
3 3 8 0
3 3 9 0
3 3 10 0
3 3 11 0
3 4 0 4983
3 4 1 7945
3 4 2 8031
3 4 3 0
3 4 4 0
3 4 5 925
3 4 6 5235
3 4 7 1385
3 4 8 1131
3 4 9 4168
3 4 10 1143
3 4 11 2633
3 5 0 7149
3 5 1 7394
3 5 2 8429
3 5 3 0
3 5 4 4175
3 5 5 0
3 5 6 3357
3 5 7 5063
3 5 8 5900
3 5 9 5501
3 5 10 7627
3 5 11 5417
3 6 0 5632
3 6 1 4859
3 6 2 5752
3 6 3 0
3 6 4 5912
3 6 5 4293
3 6 6 0
3 6 7 2499
3 6 8 5060
3 6 9 6168
3 6 10 2462
3 6 11 2544
3 7 0 2466
3 7 1 666
3 7 2 3969
3 7 3 0
3 7 4 4376
3 7 5 2089
3 7 6 2115
3 7 7 0
3 7 8 462
3 7 9 5040
3 7 10 2287
3 7 11 4433
3 8 0 6458
3 8 1 7804
3 8 2 3369
3 8 3 0
3 8 4 5661
3 8 5 6122
3 8 6 2896
3 8 7 4310
3 8 8 0
3 8 9 5176
3 8 10 6079
3 8 11 4257
3 9 0 4305
3 9 1 1543
3 9 2 4738
3 9 3 0
3 9 4 1486
3 9 5 900
3 9 6 664
3 9 7 3078
3 9 8 2851
3 9 9 0
3 9 10 4701
3 9 11 3858
3 10 0 3703
3 10 1 5512
3 10 2 5563
3 10 3 0
3 10 4 4793
3 10 5 4753
3 10 6 4391
3 10 7 2519
3 10 8 4620
3 10 9 3428
3 10 10 0
3 10 11 5657
3 11 0 5232
3 11 1 6813
3 11 2 6747
3 11 3 0
3 11 4 2164
3 11 5 6563
3 11 6 6599
3 11 7 4127
3 11 8 5070
3 11 9 4636
3 11 10 6612
3 11 11 0
4 0 0 0
4 0 1 4519
4 0 2 2497
4 0 3 4969
4 0 4 0
4 0 5 5643
4 0 6 6111
4 0 7 4697
4 0 8 5893
4 0 9 5736
4 0 10 5547
4 0 11 4815
4 1 0 9176
4 1 1 0
4 1 2 8228
4 1 3 7110
4 1 4 0
4 1 5 6772
4 1 6 6222
4 1 7 3781
4 1 8 8123
4 1 9 3858
4 1 10 8240
4 1 11 7280
4 2 0 6628
4 2 1 4943
4 2 2 0
4 2 3 7734
4 2 4 0
4 2 5 6891
4 2 6 6199
4 2 7 6168
4 2 8 2772
4 2 9 6137
4 2 10 7375
4 2 11 6298
4 3 0 3414
4 3 1 1231
4 3 2 808
4 3 3 0
4 3 4 0
4 3 5 6608
4 3 6 5031
4 3 7 4029
4 3 8 6116
4 3 9 3623
4 3 10 5764
4 3 11 5562
4 4 0 0
4 4 1 0
4 4 2 0
4 4 3 0
4 4 4 0
4 4 5 0
4 4 6 0
4 4 7 0
4 4 8 0
4 4 9 0
4 4 10 0
4 4 11 0
4 5 0 4269
4 5 1 4514
4 5 2 5549
4 5 3 4175
4 5 4 0
4 5 5 0
4 5 6 686
4 5 7 2392
4 5 8 3229
4 5 9 2830
4 5 10 4956
4 5 11 2746
4 6 0 8051
4 6 1 7278
4 6 2 8171
4 6 3 5912
4 6 4 0
4 6 5 7509
4 6 6 0
4 6 7 5715
4 6 8 8276
4 6 9 9384
4 6 10 5678
4 6 11 5760
4 7 0 6103
4 7 1 4303
4 7 2 7606
4 7 3 4376
4 7 4 0
4 7 5 2457
4 7 6 2483
4 7 7 0
4 7 8 830
4 7 9 5408
4 7 10 2655
4 7 11 4801
4 8 0 6497
4 8 1 7843
4 8 2 3408
4 8 3 5661
4 8 4 0
4 8 5 4149
4 8 6 923
4 8 7 2337
4 8 8 0
4 8 9 3203
4 8 10 4106
4 8 11 2284
4 9 0 4658
4 9 1 1896
4 9 2 5091
4 9 3 1486
4 9 4 0
4 9 5 4457
4 9 6 4221
4 9 7 6635
4 9 8 6408
4 9 9 0
4 9 10 8258
4 9 11 7415
4 10 0 5635
4 10 1 7444
4 10 2 7495
4 10 3 4793
4 10 4 0
4 10 5 3144
4 10 6 2782
4 10 7 910
4 10 8 3011
4 10 9 1819
4 10 10 0
4 10 11 4048
4 11 0 2476
4 11 1 4057
4 11 2 3991
4 11 3 2164
4 11 4 0
4 11 5 6646
4 11 6 6682
4 11 7 4210
4 11 8 5153
4 11 9 4719
4 11 10 6695
4 11 11 0
5 0 0 0
5 0 1 6238
5 0 2 4216
5 0 3 6688
5 0 4 5643
5 0 5 0
5 0 6 8482
5 0 7 7068
5 0 8 8264
5 0 9 8107
5 0 10 7918
5 0 11 7186
5 1 0 8178
5 1 1 0
5 1 2 7230
5 1 3 6112
5 1 4 6772
5 1 5 0
5 1 6 6552
5 1 7 4111
5 1 8 8453
5 1 9 4188
5 1 10 8570
5 1 11 7610
5 2 0 6579
5 2 1 4894
5 2 2 0
5 2 3 7685
5 2 4 6891
5 2 5 0
5 2 6 6562
5 2 7 6531
5 2 8 3135
5 2 9 6500
5 2 10 7738
5 2 11 6661
5 3 0 5872
5 3 1 3689
5 3 2 3266
5 3 3 0
5 3 4 6608
5 3 5 0
5 3 6 5478
5 3 7 4476
5 3 8 6563
5 3 9 4070
5 3 10 6211
5 3 11 6009
5 4 0 1758
5 4 1 4720
5 4 2 4806
5 4 3 925
5 4 4 0
5 4 5 0
5 4 6 5814
5 4 7 1964
5 4 8 1710
5 4 9 4747
5 4 10 1722
5 4 11 3212
5 5 0 0
5 5 1 0
5 5 2 0
5 5 3 0
5 5 4 0
5 5 5 0
5 5 6 0
5 5 7 0
5 5 8 0
5 5 9 0
5 5 10 0
5 5 11 0
5 6 0 6432
5 6 1 5659
5 6 2 6552
5 6 3 4293
5 6 4 7509
5 6 5 0
5 6 6 0
5 6 7 1379
5 6 8 3940
5 6 9 5048
5 6 10 1342
5 6 11 1424
5 7 0 3816
5 7 1 2016
5 7 2 5319
5 7 3 2089
5 7 4 2457
5 7 5 0
5 7 6 3703
5 7 7 0
5 7 8 2050
5 7 9 6628
5 7 10 3875
5 7 11 6021
5 8 0 6958
5 8 1 8304
5 8 2 3869
5 8 3 6122
5 8 4 4149
5 8 5 0
5 8 6 3234
5 8 7 4648
5 8 8 0
5 8 9 5514
5 8 10 6417
5 8 11 4595
5 9 0 4072
5 9 1 1310
5 9 2 4505
5 9 3 900
5 9 4 4457
5 9 5 0
5 9 6 3096
5 9 7 5510
5 9 8 5283
5 9 9 0
5 9 10 7133
5 9 11 6290
5 10 0 5595
5 10 1 7404
5 10 2 7455
5 10 3 4753
5 10 4 3144
5 10 5 0
5 10 6 6808
5 10 7 4936
5 10 8 7037
5 10 9 5845
5 10 10 0
5 10 11 8074
5 11 0 6875
5 11 1 8456
5 11 2 8390
5 11 3 6563
5 11 4 6646
5 11 5 0
5 11 6 7008
5 11 7 4536
5 11 8 5479
5 11 9 5045
5 11 10 7021
5 11 11 0
6 0 0 0
6 0 1 6706
6 0 2 4684
6 0 3 7156
6 0 4 6111
6 0 5 8482
6 0 6 0
6 0 7 6567
6 0 8 7763
6 0 9 7606
6 0 10 7417
6 0 11 6685
6 1 0 7628
6 1 1 0
6 1 2 6680
6 1 3 5562
6 1 4 6222
6 1 5 6552
6 1 6 0
6 1 7 1285
6 1 8 5627
6 1 9 1362
6 1 10 5744
6 1 11 4784
6 2 0 5887
6 2 1 4202
6 2 2 0
6 2 3 6993
6 2 4 6199
6 2 5 6562
6 2 6 0
6 2 7 5352
6 2 8 1956
6 2 9 5321
6 2 10 6559
6 2 11 5482
6 3 0 4295
6 3 1 2112
6 3 2 1689
6 3 3 0
6 3 4 5031
6 3 5 5478
6 3 6 0
6 3 7 2491
6 3 8 4578
6 3 9 2085
6 3 10 4226
6 3 11 4024
6 4 0 6068
6 4 1 9030
6 4 2 9116
6 4 3 5235
6 4 4 0
6 4 5 5814
6 4 6 0
6 4 7 5278
6 4 8 5024
6 4 9 8061
6 4 10 5036
6 4 11 6526
6 5 0 3451
6 5 1 3696
6 5 2 4731
6 5 3 3357
6 5 4 686
6 5 5 0
6 5 6 0
6 5 7 4879
6 5 8 5716
6 5 9 5317
6 5 10 7443
6 5 11 5233
6 6 0 0
6 6 1 0
6 6 2 0
6 6 3 0
6 6 4 0
6 6 5 0
6 6 6 0
6 6 7 0
6 6 8 0
6 6 9 0
6 6 10 0
6 6 11 0
6 7 0 3842
6 7 1 2042
6 7 2 5345
6 7 3 2115
6 7 4 2483
6 7 5 3703
6 7 6 0
6 7 7 0
6 7 8 1063
6 7 9 5641
6 7 10 2888
6 7 11 5034
6 8 0 3732
6 8 1 5078
6 8 2 643
6 8 3 2896
6 8 4 923
6 8 5 3234
6 8 6 0
6 8 7 5385
6 8 8 0
6 8 9 6251
6 8 10 7154
6 8 11 5332
6 9 0 3836
6 9 1 1074
6 9 2 4269
6 9 3 664
6 9 4 4221
6 9 5 3096
6 9 6 0
6 9 7 7754
6 9 8 7527
6 9 9 0
6 9 10 9377
6 9 11 8534
6 10 0 5233
6 10 1 7042
6 10 2 7093
6 10 3 4391
6 10 4 2782
6 10 5 6808
6 10 6 0
6 10 7 1348
6 10 8 3449
6 10 9 2257
6 10 10 0
6 10 11 4486
6 11 0 6911
6 11 1 8492
6 11 2 8426
6 11 3 6599
6 11 4 6682
6 11 5 7008
6 11 6 0
6 11 7 3240
6 11 8 4183
6 11 9 3749
6 11 10 5725
6 11 11 0
7 0 0 0
7 0 1 5292
7 0 2 3270
7 0 3 5742
7 0 4 4697
7 0 5 7068
7 0 6 6567
7 0 7 0
7 0 8 7304
7 0 9 7147
7 0 10 6958
7 0 11 6226
7 1 0 5187
7 1 1 0
7 1 2 4239
7 1 3 3121
7 1 4 3781
7 1 5 4111
7 1 6 1285
7 1 7 0
7 1 8 7627
7 1 9 3362
7 1 10 7744
7 1 11 6784
7 2 0 5856
7 2 1 4171
7 2 2 0
7 2 3 6962
7 2 4 6168
7 2 5 6531
7 2 6 5352
7 2 7 0
7 2 8 1762
7 2 9 5127
7 2 10 6365
7 2 11 5288
7 3 0 3293
7 3 1 1110
7 3 2 687
7 3 3 0
7 3 4 4029
7 3 5 4476
7 3 6 2491
7 3 7 0
7 3 8 2826
7 3 9 333
7 3 10 2474
7 3 11 2272
7 4 0 2218
7 4 1 5180
7 4 2 5266
7 4 3 1385
7 4 4 0
7 4 5 1964
7 4 6 5278
7 4 7 0
7 4 8 4490
7 4 9 7527
7 4 10 4502
7 4 11 5992
7 5 0 5157
7 5 1 5402
7 5 2 6437
7 5 3 5063
7 5 4 2392
7 5 5 0
7 5 6 4879
7 5 7 0
7 5 8 4514
7 5 9 4115
7 5 10 6241
7 5 11 4031
7 6 0 4638
7 6 1 3865
7 6 2 4758
7 6 3 2499
7 6 4 5715
7 6 5 1379
7 6 6 0
7 6 7 0
7 6 8 5277
7 6 9 6385
7 6 10 2679
7 6 11 2761
7 7 0 0
7 7 1 0
7 7 2 0
7 7 3 0
7 7 4 0
7 7 5 0
7 7 6 0
7 7 7 0
7 7 8 0
7 7 9 0
7 7 10 0
7 7 11 0
7 8 0 5146
7 8 1 6492
7 8 2 2057
7 8 3 4310
7 8 4 2337
7 8 5 4648
7 8 6 5385
7 8 7 0
7 8 8 0
7 8 9 2655
7 8 10 3558
7 8 11 1736
7 9 0 6250
7 9 1 3488
7 9 2 6683
7 9 3 3078
7 9 4 6635
7 9 5 5510
7 9 6 7754
7 9 7 0
7 9 8 7401
7 9 9 0
7 9 10 9251
7 9 11 8408
7 10 0 3361
7 10 1 5170
7 10 2 5221
7 10 3 2519
7 10 4 910
7 10 5 4936
7 10 6 1348
7 10 7 0
7 10 8 4276
7 10 9 3084
7 10 10 0
7 10 11 5313
7 11 0 4439
7 11 1 6020
7 11 2 5954
7 11 3 4127
7 11 4 4210
7 11 5 4536
7 11 6 3240
7 11 7 0
7 11 8 7074
7 11 9 6640
7 11 10 8616
7 11 11 0
8 0 0 0
8 0 1 6488
8 0 2 4466
8 0 3 6938
8 0 4 5893
8 0 5 8264
8 0 6 7763
8 0 7 7304
8 0 8 0
8 0 9 4605
8 0 10 4416
8 0 11 3684
8 1 0 9529
8 1 1 0
8 1 2 8581
8 1 3 7463
8 1 4 8123
8 1 5 8453
8 1 6 5627
8 1 7 7627
8 1 8 0
8 1 9 3205
8 1 10 7587
8 1 11 6627
8 2 0 2460
8 2 1 775
8 2 2 0
8 2 3 3566
8 2 4 2772
8 2 5 3135
8 2 6 1956
8 2 7 1762
8 2 8 0
8 2 9 6465
8 2 10 7703
8 2 11 6626
8 3 0 5380
8 3 1 3197
8 3 2 2774
8 3 3 0
8 3 4 6116
8 3 5 6563
8 3 6 4578
8 3 7 2826
8 3 8 0
8 3 9 3129
8 3 10 5270
8 3 11 5068
8 4 0 1964
8 4 1 4926
8 4 2 5012
8 4 3 1131
8 4 4 0
8 4 5 1710
8 4 6 5024
8 4 7 4490
8 4 8 0
8 4 9 6725
8 4 10 3700
8 4 11 5190
8 5 0 5994
8 5 1 6239
8 5 2 7274
8 5 3 5900
8 5 4 3229
8 5 5 0
8 5 6 5716
8 5 7 4514
8 5 8 0
8 5 9 6061
8 5 10 8187
8 5 11 5977
8 6 0 7199
8 6 1 6426
8 6 2 7319
8 6 3 5060
8 6 4 8276
8 6 5 3940
8 6 6 0
8 6 7 5277
8 6 8 0
8 6 9 5079
8 6 10 1373
8 6 11 1455
8 7 0 2189
8 7 1 389
8 7 2 3692
8 7 3 462
8 7 4 830
8 7 5 2050
8 7 6 1063
8 7 7 0
8 7 8 0
8 7 9 6367
8 7 10 3614
8 7 11 5760
8 8 0 0
8 8 1 0
8 8 2 0
8 8 3 0
8 8 4 0
8 8 5 0
8 8 6 0
8 8 7 0
8 8 8 0
8 8 9 0
8 8 10 0
8 8 11 0
8 9 0 6023
8 9 1 3261
8 9 2 6456
8 9 3 2851
8 9 4 6408
8 9 5 5283
8 9 6 7527
8 9 7 7401
8 9 8 0
8 9 9 0
8 9 10 7300
8 9 11 6457
8 10 0 5462
8 10 1 7271
8 10 2 7322
8 10 3 4620
8 10 4 3011
8 10 5 7037
8 10 6 3449
8 10 7 4276
8 10 8 0
8 10 9 4789
8 10 10 0
8 10 11 7018
8 11 0 5382
8 11 1 6963
8 11 2 6897
8 11 3 5070
8 11 4 5153
8 11 5 5479
8 11 6 4183
8 11 7 7074
8 11 8 0
8 11 9 4377
8 11 10 6353
8 11 11 0
9 0 0 0
9 0 1 6331
9 0 2 4309
9 0 3 6781
9 0 4 5736
9 0 5 8107
9 0 6 7606
9 0 7 7147
9 0 8 4605
9 0 9 0
9 0 10 3463
9 0 11 2731
9 1 0 5264
9 1 1 0
9 1 2 4316
9 1 3 3198
9 1 4 3858
9 1 5 4188
9 1 6 1362
9 1 7 3362
9 1 8 3205
9 1 9 0
9 1 10 7026
9 1 11 6066
9 2 0 5825
9 2 1 4140
9 2 2 0
9 2 3 6931
9 2 4 6137
9 2 5 6500
9 2 6 5321
9 2 7 5127
9 2 8 6465
9 2 9 0
9 2 10 8875
9 2 11 7798
9 3 0 2887
9 3 1 704
9 3 2 281
9 3 3 0
9 3 4 3623
9 3 5 4070
9 3 6 2085
9 3 7 333
9 3 8 3129
9 3 9 0
9 3 10 3274
9 3 11 3072
9 4 0 5001
9 4 1 7963
9 4 2 8049
9 4 3 4168
9 4 4 0
9 4 5 4747
9 4 6 8061
9 4 7 7527
9 4 8 6725
9 4 9 0
9 4 10 2018
9 4 11 3508
9 5 0 5595
9 5 1 5840
9 5 2 6875
9 5 3 5501
9 5 4 2830
9 5 5 0
9 5 6 5317
9 5 7 4115
9 5 8 6061
9 5 9 0
9 5 10 5458
9 5 11 3248
9 6 0 8307
9 6 1 7534
9 6 2 8427
9 6 3 6168
9 6 4 9384
9 6 5 5048
9 6 6 0
9 6 7 6385
9 6 8 5079
9 6 9 0
9 6 10 1634
9 6 11 1716
9 7 0 6767
9 7 1 4967
9 7 2 8270
9 7 3 5040
9 7 4 5408
9 7 5 6628
9 7 6 5641
9 7 7 0
9 7 8 6367
9 7 9 0
9 7 10 4875
9 7 11 7021
9 8 0 6012
9 8 1 7358
9 8 2 2923
9 8 3 5176
9 8 4 3203
9 8 5 5514
9 8 6 6251
9 8 7 2655
9 8 8 0
9 8 9 0
9 8 10 6353
9 8 11 4531
9 9 0 0
9 9 1 0
9 9 2 0
9 9 3 0
9 9 4 0
9 9 5 0
9 9 6 0
9 9 7 0
9 9 8 0
9 9 9 0
9 9 10 0
9 9 11 0
9 10 0 4270
9 10 1 6079
9 10 2 6130
9 10 3 3428
9 10 4 1819
9 10 5 5845
9 10 6 2257
9 10 7 3084
9 10 8 4789
9 10 9 0
9 10 10 0
9 10 11 8133
9 11 0 4948
9 11 1 6529
9 11 2 6463
9 11 3 4636
9 11 4 4719
9 11 5 5045
9 11 6 3749
9 11 7 6640
9 11 8 4377
9 11 9 0
9 11 10 8447
9 11 11 0
10 0 0 0
10 0 1 6142
10 0 2 4120
10 0 3 6592
10 0 4 5547
10 0 5 7918
10 0 6 7417
10 0 7 6958
10 0 8 4416
10 0 9 3463
10 0 10 0
10 0 11 3002
10 1 0 9646
10 1 1 0
10 1 2 8698
10 1 3 7580
10 1 4 8240
10 1 5 8570
10 1 6 5744
10 1 7 7744
10 1 8 7587
10 1 9 7026
10 1 10 0
10 1 11 8465
10 2 0 7063
10 2 1 5378
10 2 2 0
10 2 3 8169
10 2 4 7375
10 2 5 7738
10 2 6 6559
10 2 7 6365
10 2 8 7703
10 2 9 8875
10 2 10 0
10 2 11 8210
10 3 0 5028
10 3 1 2845
10 3 2 2422
10 3 3 0
10 3 4 5764
10 3 5 6211
10 3 6 4226
10 3 7 2474
10 3 8 5270
10 3 9 3274
10 3 10 0
10 3 11 2659
10 4 0 1976
10 4 1 4938
10 4 2 5024
10 4 3 1143
10 4 4 0
10 4 5 1722
10 4 6 5036
10 4 7 4502
10 4 8 3700
10 4 9 2018
10 4 10 0
10 4 11 4674
10 5 0 7721
10 5 1 7966
10 5 2 9001
10 5 3 7627
10 5 4 4956
10 5 5 0
10 5 6 7443
10 5 7 6241
10 5 8 8187
10 5 9 5458
10 5 10 0
10 5 11 4960
10 6 0 4601
10 6 1 3828
10 6 2 4721
10 6 3 2462
10 6 4 5678
10 6 5 1342
10 6 6 0
10 6 7 2679
10 6 8 1373
10 6 9 1634
10 6 10 0
10 6 11 3302
10 7 0 4014
10 7 1 2214
10 7 2 5517
10 7 3 2287
10 7 4 2655
10 7 5 3875
10 7 6 2888
10 7 7 0
10 7 8 3614
10 7 9 4875
10 7 10 0
10 7 11 4321
10 8 0 6915
10 8 1 8261
10 8 2 3826
10 8 3 6079
10 8 4 4106
10 8 5 6417
10 8 6 7154
10 8 7 3558
10 8 8 0
10 8 9 6353
10 8 10 0
10 8 11 4159
10 9 0 7873
10 9 1 5111
10 9 2 8306
10 9 3 4701
10 9 4 8258
10 9 5 7133
10 9 6 9377
10 9 7 9251
10 9 8 7300
10 9 9 0
10 9 10 0
10 9 11 5061
10 10 0 0
10 10 1 0
10 10 2 0
10 10 3 0
10 10 4 0
10 10 5 0
10 10 6 0
10 10 7 0
10 10 8 0
10 10 9 0
10 10 10 0
10 10 11 0
10 11 0 6924
10 11 1 8505
10 11 2 8439
10 11 3 6612
10 11 4 6695
10 11 5 7021
10 11 6 5725
10 11 7 8616
10 11 8 6353
10 11 9 8447
10 11 10 0
10 11 11 0
11 0 0 0
11 0 1 5410
11 0 2 3388
11 0 3 5860
11 0 4 4815
11 0 5 7186
11 0 6 6685
11 0 7 6226
11 0 8 3684
11 0 9 2731
11 0 10 3002
11 0 11 0
11 1 0 8686
11 1 1 0
11 1 2 7738
11 1 3 6620
11 1 4 7280
11 1 5 7610
11 1 6 4784
11 1 7 6784
11 1 8 6627
11 1 9 6066
11 1 10 8465
11 1 11 0
11 2 0 5986
11 2 1 4301
11 2 2 0
11 2 3 7092
11 2 4 6298
11 2 5 6661
11 2 6 5482
11 2 7 5288
11 2 8 6626
11 2 9 7798
11 2 10 8210
11 2 11 0
11 3 0 4826
11 3 1 2643
11 3 2 2220
11 3 3 0
11 3 4 5562
11 3 5 6009
11 3 6 4024
11 3 7 2272
11 3 8 5068
11 3 9 3072
11 3 10 2659
11 3 11 0
11 4 0 3466
11 4 1 6428
11 4 2 6514
11 4 3 2633
11 4 4 0
11 4 5 3212
11 4 6 6526
11 4 7 5992
11 4 8 5190
11 4 9 3508
11 4 10 4674
11 4 11 0
11 5 0 5511
11 5 1 5756
11 5 2 6791
11 5 3 5417
11 5 4 2746
11 5 5 0
11 5 6 5233
11 5 7 4031
11 5 8 5977
11 5 9 3248
11 5 10 4960
11 5 11 0
11 6 0 4683
11 6 1 3910
11 6 2 4803
11 6 3 2544
11 6 4 5760
11 6 5 1424
11 6 6 0
11 6 7 2761
11 6 8 1455
11 6 9 1716
11 6 10 3302
11 6 11 0
11 7 0 6160
11 7 1 4360
11 7 2 7663
11 7 3 4433
11 7 4 4801
11 7 5 6021
11 7 6 5034
11 7 7 0
11 7 8 5760
11 7 9 7021
11 7 10 4321
11 7 11 0
11 8 0 5093
11 8 1 6439
11 8 2 2004
11 8 3 4257
11 8 4 2284
11 8 5 4595
11 8 6 5332
11 8 7 1736
11 8 8 0
11 8 9 4531
11 8 10 4159
11 8 11 0
11 9 0 7030
11 9 1 4268
11 9 2 7463
11 9 3 3858
11 9 4 7415
11 9 5 6290
11 9 6 8534
11 9 7 8408
11 9 8 6457
11 9 9 0
11 9 10 5061
11 9 11 0
11 10 0 6499
11 10 1 8308
11 10 2 8359
11 10 3 5657
11 10 4 4048
11 10 5 8074
11 10 6 4486
11 10 7 5313
11 10 8 7018
11 10 9 8133
11 10 10 0
11 10 11 0
11 11 0 0
11 11 1 0
11 11 2 0
11 11 3 0
11 11 4 0
11 11 5 0
11 11 6 0
11 11 7 0
11 11 8 0
11 11 9 0
11 11 10 0
11 11 11 0
