16
0 0 0 0
0 0 1 0
0 0 2 0
0 0 3 0
0 0 4 0
0 0 5 0
0 0 6 0
0 0 7 0
0 0 8 0
0 0 9 0
0 0 10 0
0 0 11 0
0 0 12 0
0 0 13 0
0 0 14 0
0 0 15 0
0 1 0 0
0 1 1 0
0 1 2 4933
0 1 3 5254
0 1 4 2569
0 1 5 2498
0 1 6 3739
0 1 7 4769
0 1 8 4066
0 1 9 5258
0 1 10 1910
0 1 11 5809
0 1 12 3637
0 1 13 1556
0 1 14 3986
0 1 15 4112
0 2 0 0
0 2 1 1208
0 2 2 0
0 2 3 2487
0 2 4 81
0 2 5 3613
0 2 6 4870
0 2 7 2211
0 2 8 2851
0 2 9 5015
0 2 10 4846
0 2 11 4514
0 2 12 3197
0 2 13 1213
0 2 14 3391
0 2 15 3972
0 3 0 0
0 3 1 3670
0 3 2 4065
0 3 3 0
0 3 4 5697
0 3 5 6759
0 3 6 4877
0 3 7 5862
0 3 8 4577
0 3 9 3585
0 3 10 4978
0 3 11 4969
0 3 12 2216
0 3 13 3911
0 3 14 4758
0 3 15 6730
0 4 0 0
0 4 1 5316
0 4 2 6506
0 4 3 3624
0 4 4 0
0 4 5 4274
0 4 6 5043
0 4 7 2135
0 4 8 4261
0 4 9 3811
0 4 10 2667
0 4 11 3639
0 4 12 3856
0 4 13 4439
0 4 14 2974
0 4 15 3486
0 5 0 0
0 5 1 5633
0 5 2 7630
0 5 3 4380
0 5 4 5796
0 5 5 0
0 5 6 7277
0 5 7 3170
0 5 8 3969
0 5 9 7524
0 5 10 4423
0 5 11 5860
0 5 12 5636
0 5 13 6778
0 5 14 4555
0 5 15 6269
0 6 0 0
0 6 1 7689
0 6 2 7770
0 6 3 6329
0 6 4 6956
0 6 5 8611
0 6 6 0
0 6 7 5075
0 6 8 6393
0 6 9 5046
0 6 10 7156
0 6 11 7712
0 6 12 6342
0 6 13 6734
0 6 14 7557
0 6 15 9689
0 7 0 0
0 7 1 6337
0 7 2 6701
0 7 3 4067
0 7 4 4532
0 7 5 5268
0 7 6 3813
0 7 7 0
0 7 8 4331
0 7 9 6613
0 7 10 6706
0 7 11 3712
0 7 12 5880
0 7 13 3362
0 7 14 5673
0 7 15 4640
0 8 0 0
0 8 1 824
0 8 2 603
0 8 3 4944
0 8 4 3607
0 8 5 1825
0 8 6 2492
0 8 7 921
0 8 8 0
0 8 9 1662
0 8 10 5350
0 8 11 1957
0 8 12 4414
0 8 13 3897
0 8 14 1435
0 8 15 3746
0 9 0 0
0 9 1 2794
0 9 2 1972
0 9 3 5175
0 9 4 4536
0 9 5 4959
0 9 6 1629
0 9 7 2151
0 9 8 971
0 9 9 0
0 9 10 1444
0 9 11 4507
0 9 12 1833
0 9 13 3843
0 9 14 3824
0 9 15 2816
0 10 0 0
0 10 1 3878
0 10 2 6903
0 10 3 6230
0 10 4 5307
0 10 5 4667
0 10 6 4894
0 10 7 5934
0 10 8 6955
0 10 9 3031
0 10 10 0
0 10 11 6799
0 10 12 6248
0 10 13 3758
0 10 14 2727
0 10 15 2814
0 11 0 0
0 11 1 6221
0 11 2 5377
0 11 3 3824
0 11 4 5802
0 11 5 2997
0 11 6 4908
0 11 7 4366
0 11 8 5997
0 11 9 5916
0 11 10 5001
0 11 11 0
0 11 12 4829
0 11 13 5973
0 11 14 6241
0 11 15 7756
0 12 0 0
0 12 1 7239
0 12 2 4731
0 12 3 5296
0 12 4 6584
0 12 5 6965
0 12 6 8024
0 12 7 8186
0 12 8 5985
0 12 9 6081
0 12 10 7450
0 12 11 4387
0 12 12 0
0 12 13 5314
0 12 14 5532
0 12 15 4891
0 13 0 0
0 13 1 7889
0 13 2 5260
0 13 3 6549
0 13 4 7130
0 13 5 4975
0 13 6 5561
0 13 7 6062
0 13 8 6709
0 13 9 6766
0 13 10 5016
0 13 11 5094
0 13 12 3865
0 13 13 0
0 13 14 7768
0 13 15 5758
0 14 0 0
0 14 1 2329
0 14 2 6558
0 14 3 4220
0 14 4 4595
0 14 5 1842
0 14 6 1876
0 14 7 4507
0 14 8 1716
0 14 9 3653
0 14 10 1866
0 14 11 4096
0 14 12 5756
0 14 13 6339
0 14 14 0
0 14 15 5057
0 15 0 0
0 15 1 6864
0 15 2 6165
0 15 3 7950
0 15 4 4798
0 15 5 7145
0 15 6 6314
0 15 7 7225
0 15 8 7612
0 15 9 5588
0 15 10 6629
0 15 11 4554
0 15 12 7587
0 15 13 8702
0 15 14 8719
0 15 15 0
1 0 0 0
1 0 1 0
1 0 2 3344
1 0 3 5465
1 0 4 5046
1 0 5 6062
1 0 6 8203
1 0 7 5192
1 0 8 3666
1 0 9 4203
1 0 10 5899
1 0 11 6141
1 0 12 6935
1 0 13 6972
1 0 14 4870
1 0 15 7442
1 1 0 0
1 1 1 0
1 1 2 0
1 1 3 0
1 1 4 0
1 1 5 0
1 1 6 0
1 1 7 0
1 1 8 0
1 1 9 0
1 1 10 0
1 1 11 0
1 1 12 0
1 1 13 0
1 1 14 0
1 1 15 0
1 2 0 1208
1 2 1 0
1 2 2 0
1 2 3 5814
1 2 4 3408
1 2 5 6940
1 2 6 8197
1 2 7 5538
1 2 8 6178
1 2 9 8342
1 2 10 8173
1 2 11 7841
1 2 12 6524
1 2 13 4540
1 2 14 6718
1 2 15 7299
1 3 0 3670
1 3 1 0
1 3 2 5592
1 3 3 0
1 3 4 7224
1 3 5 8286
1 3 6 6404
1 3 7 7389
1 3 8 6104
1 3 9 5112
1 3 10 6505
1 3 11 6496
1 3 12 3743
1 3 13 5438
1 3 14 6285
1 3 15 8257
1 4 0 5316
1 4 1 0
1 4 2 5767
1 4 3 2885
1 4 4 0
1 4 5 3535
1 4 6 4304
1 4 7 1396
1 4 8 3522
1 4 9 3072
1 4 10 1928
1 4 11 2900
1 4 12 3117
1 4 13 3700
1 4 14 2235
1 4 15 2747
1 5 0 5633
1 5 1 0
1 5 2 5804
1 5 3 2554
1 5 4 3970
1 5 5 0
1 5 6 5451
1 5 7 1344
1 5 8 2143
1 5 9 5698
1 5 10 2597
1 5 11 4034
1 5 12 3810
1 5 13 4952
1 5 14 2729
1 5 15 4443
1 6 0 7689
1 6 1 0
1 6 2 5044
1 6 3 3603
1 6 4 4230
1 6 5 5885
1 6 6 0
1 6 7 2349
1 6 8 3667
1 6 9 2320
1 6 10 4430
1 6 11 4986
1 6 12 3616
1 6 13 4008
1 6 14 4831
1 6 15 6963
1 7 0 6337
1 7 1 0
1 7 2 8016
1 7 3 5382
1 7 4 5847
1 7 5 6583
1 7 6 5128
1 7 7 0
1 7 8 5646
1 7 9 7928
1 7 10 8021
1 7 11 5027
1 7 12 7195
1 7 13 4677
1 7 14 6988
1 7 15 5955
1 8 0 824
1 8 1 0
1 8 2 2741
1 8 3 7082
1 8 4 5745
1 8 5 3963
1 8 6 4630
1 8 7 3059
1 8 8 0
1 8 9 3800
1 8 10 7488
1 8 11 4095
1 8 12 6552
1 8 13 6035
1 8 14 3573
1 8 15 5884
1 9 0 2794
1 9 1 0
1 9 2 4765
1 9 3 7968
1 9 4 7329
1 9 5 7752
1 9 6 4422
1 9 7 4944
1 9 8 3764
1 9 9 0
1 9 10 4237
1 9 11 7300
1 9 12 4626
1 9 13 6636
1 9 14 6617
1 9 15 5609
1 10 0 3878
1 10 1 0
1 10 2 4652
1 10 3 3979
1 10 4 3056
1 10 5 2416
1 10 6 2643
1 10 7 3683
1 10 8 4704
1 10 9 780
1 10 10 0
1 10 11 4548
1 10 12 3997
1 10 13 1507
1 10 14 476
1 10 15 563
1 11 0 6221
1 11 1 0
1 11 2 6783
1 11 3 5230
1 11 4 7208
1 11 5 4403
1 11 6 6314
1 11 7 5772
1 11 8 7403
1 11 9 7322
1 11 10 6407
1 11 11 0
1 11 12 6235
1 11 13 7379
1 11 14 7647
1 11 15 9162
1 12 0 7239
1 12 1 0
1 12 2 3171
1 12 3 3736
1 12 4 5024
1 12 5 5405
1 12 6 6464
1 12 7 6626
1 12 8 4425
1 12 9 4521
1 12 10 5890
1 12 11 2827
1 12 12 0
1 12 13 3754
1 12 14 3972
1 12 15 3331
1 13 0 7889
1 13 1 0
1 13 2 1582
1 13 3 2871
1 13 4 3452
1 13 5 1297
1 13 6 1883
1 13 7 2384
1 13 8 3031
1 13 9 3088
1 13 10 1338
1 13 11 1416
1 13 12 187
1 13 13 0
1 13 14 4090
1 13 15 2080
1 14 0 2329
1 14 1 0
1 14 2 7412
1 14 3 5074
1 14 4 5449
1 14 5 2696
1 14 6 2730
1 14 7 5361
1 14 8 2570
1 14 9 4507
1 14 10 2720
1 14 11 4950
1 14 12 6610
1 14 13 7193
1 14 14 0
1 14 15 5911
1 15 0 6864
1 15 1 0
1 15 2 4573
1 15 3 6358
1 15 4 3206
1 15 5 5553
1 15 6 4722
1 15 7 5633
1 15 8 6020
1 15 9 3996
1 15 10 5037
1 15 11 2962
1 15 12 5995
1 15 13 7110
1 15 14 7127
1 15 15 0
2 0 0 0
2 0 1 3344
2 0 2 0
2 0 3 5300
2 0 4 4881
2 0 5 5897
2 0 6 8038
2 0 7 5027
2 0 8 3501
2 0 9 4038
2 0 10 5734
2 0 11 5976
2 0 12 6770
2 0 13 6807
2 0 14 4705
2 0 15 7277
2 1 0 4933
2 1 1 0
2 1 2 0
2 1 3 4856
2 1 4 2171
2 1 5 2100
2 1 6 3341
2 1 7 4371
2 1 8 3668
2 1 9 4860
2 1 10 1512
2 1 11 5411
2 1 12 3239
2 1 13 1158
2 1 14 3588
2 1 15 3714
2 2 0 0
2 2 1 0
2 2 2 0
2 2 3 0
2 2 4 0
2 2 5 0
2 2 6 0
2 2 7 0
2 2 8 0
2 2 9 0
2 2 10 0
2 2 11 0
2 2 12 0
2 2 13 0
2 2 14 0
2 2 15 0
2 3 0 4065
2 3 1 5592
2 3 2 0
2 3 3 0
2 3 4 5937
2 3 5 6999
2 3 6 5117
2 3 7 6102
2 3 8 4817
2 3 9 3825
2 3 10 5218
2 3 11 5209
2 3 12 2456
2 3 13 4151
2 3 14 4998
2 3 15 6970
2 4 0 6506
2 4 1 5767
2 4 2 0
2 4 3 1877
2 4 4 0
2 4 5 2527
2 4 6 3296
2 4 7 388
2 4 8 2514
2 4 9 2064
2 4 10 920
2 4 11 1892
2 4 12 2109
2 4 13 2692
2 4 14 1227
2 4 15 1739
2 5 0 7630
2 5 1 5804
2 5 2 0
2 5 3 5149
2 5 4 6565
2 5 5 0
2 5 6 8046
2 5 7 3939
2 5 8 4738
2 5 9 8293
2 5 10 5192
2 5 11 6629
2 5 12 6405
2 5 13 7547
2 5 14 5324
2 5 15 7038
2 6 0 7770
2 6 1 5044
2 6 2 0
2 6 3 6214
2 6 4 6841
2 6 5 8496
2 6 6 0
2 6 7 4960
2 6 8 6278
2 6 9 4931
2 6 10 7041
2 6 11 7597
2 6 12 6227
2 6 13 6619
2 6 14 7442
2 6 15 9574
2 7 0 6701
2 7 1 8016
2 7 2 0
2 7 3 4304
2 7 4 4769
2 7 5 5505
2 7 6 4050
2 7 7 0
2 7 8 4568
2 7 9 6850
2 7 10 6943
2 7 11 3949
2 7 12 6117
2 7 13 3599
2 7 14 5910
2 7 15 4877
2 8 0 603
2 8 1 2741
2 8 2 0
2 8 3 7347
2 8 4 6010
2 8 5 4228
2 8 6 4895
2 8 7 3324
2 8 8 0
2 8 9 4065
2 8 10 7753
2 8 11 4360
2 8 12 6817
2 8 13 6300
2 8 14 3838
2 8 15 6149
2 9 0 1972
2 9 1 4765
2 9 2 0
2 9 3 9205
2 9 4 8566
2 9 5 8989
2 9 6 5659
2 9 7 6181
2 9 8 5001
2 9 9 0
2 9 10 5474
2 9 11 8537
2 9 12 5863
2 9 13 7873
2 9 14 7854
2 9 15 6846
2 10 0 6903
2 10 1 4652
2 10 2 0
2 10 3 8395
2 10 4 7472
2 10 5 6832
2 10 6 7059
2 10 7 8099
2 10 8 9120
2 10 9 5196
2 10 10 0
2 10 11 8964
2 10 12 8413
2 10 13 5923
2 10 14 4892
2 10 15 4979
2 11 0 5377
2 11 1 6783
2 11 2 0
2 11 3 5415
2 11 4 7393
2 11 5 4588
2 11 6 6499
2 11 7 5957
2 11 8 7588
2 11 9 7507
2 11 10 6592
2 11 11 0
2 11 12 6420
2 11 13 7564
2 11 14 7832
2 11 15 9347
2 12 0 4731
2 12 1 3171
2 12 2 0
2 12 3 4776
2 12 4 6064
2 12 5 6445
2 12 6 7504
2 12 7 7666
2 12 8 5465
2 12 9 5561
2 12 10 6930
2 12 11 3867
2 12 12 0
2 12 13 4794
2 12 14 5012
2 12 15 4371
2 13 0 5260
2 13 1 1582
2 13 2 0
2 13 3 4008
2 13 4 4589
2 13 5 2434
2 13 6 3020
2 13 7 3521
2 13 8 4168
2 13 9 4225
2 13 10 2475
2 13 11 2553
2 13 12 1324
2 13 13 0
2 13 14 5227
2 13 15 3217
2 14 0 6558
2 14 1 7412
2 14 2 0
2 14 3 5959
2 14 4 6334
2 14 5 3581
2 14 6 3615
2 14 7 6246
2 14 8 3455
2 14 9 5392
2 14 10 3605
2 14 11 5835
2 14 12 7495
2 14 13 8078
2 14 14 0
2 14 15 6796
2 15 0 6165
2 15 1 4573
2 15 2 0
2 15 3 7698
2 15 4 4546
2 15 5 6893
2 15 6 6062
2 15 7 6973
2 15 8 7360
2 15 9 5336
2 15 10 6377
2 15 11 4302
2 15 12 7335
2 15 13 8450
2 15 14 8467
2 15 15 0
3 0 0 0
3 0 1 5465
3 0 2 5300
3 0 3 0
3 0 4 6585
3 0 5 7601
3 0 6 9742
3 0 7 6731
3 0 8 5205
3 0 9 5742
3 0 10 7438
3 0 11 7680
3 0 12 8474
3 0 13 8511
3 0 14 6409
3 0 15 8981
3 1 0 5254
3 1 1 0
3 1 2 4856
3 1 3 0
3 1 4 2512
3 1 5 2441
3 1 6 3682
3 1 7 4712
3 1 8 4009
3 1 9 5201
3 1 10 1853
3 1 11 5752
3 1 12 3580
3 1 13 1499
3 1 14 3929
3 1 15 4055
3 2 0 2487
3 2 1 5814
3 2 2 0
3 2 3 0
3 2 4 1899
3 2 5 5431
3 2 6 6688
3 2 7 4029
3 2 8 4669
3 2 9 6833
3 2 10 6664
3 2 11 6332
3 2 12 5015
3 2 13 3031
3 2 14 5209
3 2 15 5790
3 3 0 0
3 3 1 0
3 3 2 0
3 3 3 0
3 3 4 0
3 3 5 0
3 3 6 0
3 3 7 0
3 3 8 0
3 3 9 0
3 3 10 0
3 3 11 0
3 3 12 0
3 3 13 0
3 3 14 0
3 3 15 0
3 4 0 3624
3 4 1 2885
3 4 2 1877
3 4 3 0
3 4 4 0
3 4 5 6022
3 4 6 6791
3 4 7 3883
3 4 8 6009
3 4 9 5559
3 4 10 4415
3 4 11 5387
3 4 12 5604
3 4 13 6187
3 4 14 4722
3 4 15 5234
3 5 0 4380
3 5 1 2554
3 5 2 5149
3 5 3 0
3 5 4 7590
3 5 5 0
3 5 6 9071
3 5 7 4964
3 5 8 5763
3 5 9 9318
3 5 10 6217
3 5 11 7654
3 5 12 7430
3 5 13 8572
3 5 14 6349
3 5 15 8063
3 6 0 6329
3 6 1 3603
3 6 2 6214
3 6 3 0
3 6 4 4727
3 6 5 6382
3 6 6 0
3 6 7 2846
3 6 8 4164
3 6 9 2817
3 6 10 4927
3 6 11 5483
3 6 12 4113
3 6 13 4505
3 6 14 5328
3 6 15 7460
3 7 0 4067
3 7 1 5382
3 7 2 4304
3 7 3 0
3 7 4 6299
3 7 5 7035
3 7 6 5580
3 7 7 0
3 7 8 6098
3 7 9 8380
3 7 10 8473
3 7 11 5479
3 7 12 7647
3 7 13 5129
3 7 14 7440
3 7 15 6407
3 8 0 4944
3 8 1 7082
3 8 2 7347
3 8 3 0
3 8 4 5615
3 8 5 3833
3 8 6 4500
3 8 7 2929
3 8 8 0
3 8 9 3670
3 8 10 7358
3 8 11 3965
3 8 12 6422
3 8 13 5905
3 8 14 3443
3 8 15 5754
3 9 0 5175
3 9 1 7968
3 9 2 9205
3 9 3 0
3 9 4 5015
3 9 5 5438
3 9 6 2108
3 9 7 2630
3 9 8 1450
3 9 9 0
3 9 10 1923
3 9 11 4986
3 9 12 2312
3 9 13 4322
3 9 14 4303
3 9 15 3295
3 10 0 6230
3 10 1 3979
3 10 2 8395
3 10 3 0
3 10 4 5483
3 10 5 4843
3 10 6 5070
3 10 7 6110
3 10 8 7131
3 10 9 3207
3 10 10 0
3 10 11 6975
3 10 12 6424
3 10 13 3934
3 10 14 2903
3 10 15 2990
3 11 0 3824
3 11 1 5230
3 11 2 5415
3 11 3 0
3 11 4 5727
3 11 5 2922
3 11 6 4833
3 11 7 4291
3 11 8 5922
3 11 9 5841
3 11 10 4926
3 11 11 0
3 11 12 4754
3 11 13 5898
3 11 14 6166
3 11 15 7681
3 12 0 5296
3 12 1 3736
3 12 2 4776
3 12 3 0
3 12 4 2962
3 12 5 3343
3 12 6 4402
3 12 7 4564
3 12 8 2363
3 12 9 2459
3 12 10 3828
3 12 11 765
3 12 12 0
3 12 13 1692
3 12 14 1910
3 12 15 1269
3 13 0 6549
3 13 1 2871
3 13 2 4008
3 13 3 0
3 13 4 5166
3 13 5 3011
3 13 6 3597
3 13 7 4098
3 13 8 4745
3 13 9 4802
3 13 10 3052
3 13 11 3130
3 13 12 1901
3 13 13 0
3 13 14 5804
3 13 15 3794
3 14 0 4220
3 14 1 5074
3 14 2 5959
3 14 3 0
3 14 4 5580
3 14 5 2827
3 14 6 2861
3 14 7 5492
3 14 8 2701
3 14 9 4638
3 14 10 2851
3 14 11 5081
3 14 12 6741
3 14 13 7324
3 14 14 0
3 14 15 6042
3 15 0 7950
3 15 1 6358
3 15 2 7698
3 15 3 0
3 15 4 5183
3 15 5 7530
3 15 6 6699
3 15 7 7610
3 15 8 7997
3 15 9 5973
3 15 10 7014
3 15 11 4939
3 15 12 7972
3 15 13 9087
3 15 14 9104
3 15 15 0
4 0 0 0
4 0 1 5046
4 0 2 4881
4 0 3 6585
4 0 4 0
4 0 5 4914
4 0 6 7055
4 0 7 4044
4 0 8 2518
4 0 9 3055
4 0 10 4751
4 0 11 4993
4 0 12 5787
4 0 13 5824
4 0 14 3722
4 0 15 6294
4 1 0 2569
4 1 1 0
4 1 2 2171
4 1 3 2512
4 1 4 0
4 1 5 4506
4 1 6 5747
4 1 7 6777
4 1 8 6074
4 1 9 7266
4 1 10 3918
4 1 11 7817
4 1 12 5645
4 1 13 3564
4 1 14 5994
4 1 15 6120
4 2 0 81
4 2 1 3408
4 2 2 0
4 2 3 1899
4 2 4 0
4 2 5 8291
4 2 6 9548
4 2 7 6889
4 2 8 7529
4 2 9 9693
4 2 10 9524
4 2 11 9192
4 2 12 7875
4 2 13 5891
4 2 14 8069
4 2 15 8650
4 3 0 5697
4 3 1 7224
4 3 2 5937
4 3 3 0
4 3 4 0
4 3 5 6434
4 3 6 4552
4 3 7 5537
4 3 8 4252
4 3 9 3260
4 3 10 4653
4 3 11 4644
4 3 12 1891
4 3 13 3586
4 3 14 4433
4 3 15 6405
4 4 0 0
4 4 1 0
4 4 2 0
4 4 3 0
4 4 4 0
4 4 5 0
4 4 6 0
4 4 7 0
4 4 8 0
4 4 9 0
4 4 10 0
4 4 11 0
4 4 12 0
4 4 13 0
4 4 14 0
4 4 15 0
4 5 0 5796
4 5 1 3970
4 5 2 6565
4 5 3 7590
4 5 4 0
4 5 5 0
4 5 6 7005
4 5 7 2898
4 5 8 3697
4 5 9 7252
4 5 10 4151
4 5 11 5588
4 5 12 5364
4 5 13 6506
4 5 14 4283
4 5 15 5997
4 6 0 6956
4 6 1 4230
4 6 2 6841
4 6 3 4727
4 6 4 0
4 6 5 6967
4 6 6 0
4 6 7 3431
4 6 8 4749
4 6 9 3402
4 6 10 5512
4 6 11 6068
4 6 12 4698
4 6 13 5090
4 6 14 5913
4 6 15 8045
4 7 0 4532
4 7 1 5847
4 7 2 4769
4 7 3 6299
4 7 4 0
4 7 5 3727
4 7 6 2272
4 7 7 0
4 7 8 2790
4 7 9 5072
4 7 10 5165
4 7 11 2171
4 7 12 4339
4 7 13 1821
4 7 14 4132
4 7 15 3099
4 8 0 3607
4 8 1 5745
4 8 2 6010
4 8 3 5615
4 8 4 0
4 8 5 3936
4 8 6 4603
4 8 7 3032
4 8 8 0
4 8 9 3773
4 8 10 7461
4 8 11 4068
4 8 12 6525
4 8 13 6008
4 8 14 3546
4 8 15 5857
4 9 0 4536
4 9 1 7329
4 9 2 8566
4 9 3 5015
4 9 4 0
4 9 5 6083
4 9 6 2753
4 9 7 3275
4 9 8 2095
4 9 9 0
4 9 10 2568
4 9 11 5631
4 9 12 2957
4 9 13 4967
4 9 14 4948
4 9 15 3940
4 10 0 5307
4 10 1 3056
4 10 2 7472
4 10 3 5483
4 10 4 0
4 10 5 2951
4 10 6 3178
4 10 7 4218
4 10 8 5239
4 10 9 1315
4 10 10 0
4 10 11 5083
4 10 12 4532
4 10 13 2042
4 10 14 1011
4 10 15 1098
4 11 0 5802
4 11 1 7208
4 11 2 7393
4 11 3 5727
4 11 4 0
4 11 5 2011
4 11 6 3922
4 11 7 3380
4 11 8 5011
4 11 9 4930
4 11 10 4015
4 11 11 0
4 11 12 3843
4 11 13 4987
4 11 14 5255
4 11 15 6770
4 12 0 6584
4 12 1 5024
4 12 2 6064
4 12 3 2962
4 12 4 0
4 12 5 5402
4 12 6 6461
4 12 7 6623
4 12 8 4422
4 12 9 4518
4 12 10 5887
4 12 11 2824
4 12 12 0
4 12 13 3751
4 12 14 3969
4 12 15 3328
4 13 0 7130
4 13 1 3452
4 13 2 4589
4 13 3 5166
4 13 4 0
4 13 5 3958
4 13 6 4544
4 13 7 5045
4 13 8 5692
4 13 9 5749
4 13 10 3999
4 13 11 4077
4 13 12 2848
4 13 13 0
4 13 14 6751
4 13 15 4741
4 14 0 4595
4 14 1 5449
4 14 2 6334
4 14 3 5580
4 14 4 0
4 14 5 1462
4 14 6 1496
4 14 7 4127
4 14 8 1336
4 14 9 3273
4 14 10 1486
4 14 11 3716
4 14 12 5376
4 14 13 5959
4 14 14 0
4 14 15 4677
4 15 0 4798
4 15 1 3206
4 15 2 4546
4 15 3 5183
4 15 4 0
4 15 5 4705
4 15 6 3874
4 15 7 4785
4 15 8 5172
4 15 9 3148
4 15 10 4189
4 15 11 2114
4 15 12 5147
4 15 13 6262
4 15 14 6279
4 15 15 0
5 0 0 0
5 0 1 6062
5 0 2 5897
5 0 3 7601
5 0 4 4914
5 0 5 0
5 0 6 6597
5 0 7 3586
5 0 8 2060
5 0 9 2597
5 0 10 4293
5 0 11 4535
5 0 12 5329
5 0 13 5366
5 0 14 3264
5 0 15 5836
5 1 0 2498
5 1 1 0
5 1 2 2100
5 1 3 2441
5 1 4 4506
5 1 5 0
5 1 6 5048
5 1 7 6078
5 1 8 5375
5 1 9 6567
5 1 10 3219
5 1 11 7118
5 1 12 4946
5 1 13 2865
5 1 14 5295
5 1 15 5421
5 2 0 3613
5 2 1 6940
5 2 2 0
5 2 3 5431
5 2 4 8291
5 2 5 0
5 2 6 9656
5 2 7 6997
5 2 8 7637
5 2 9 9801
5 2 10 9632
5 2 11 9300
5 2 12 7983
5 2 13 5999
5 2 14 8177
5 2 15 8758
5 3 0 6759
5 3 1 8286
5 3 2 6999
5 3 3 0
5 3 4 6434
5 3 5 0
5 3 6 4292
5 3 7 5277
5 3 8 3992
5 3 9 3000
5 3 10 4393
5 3 11 4384
5 3 12 1631
5 3 13 3326
5 3 14 4173
5 3 15 6145
5 4 0 4274
5 4 1 3535
5 4 2 2527
5 4 3 6022
5 4 4 0
5 4 5 0
5 4 6 6293
5 4 7 3385
5 4 8 5511
5 4 9 5061
5 4 10 3917
5 4 11 4889
5 4 12 5106
5 4 13 5689
5 4 14 4224
5 4 15 4736
5 5 0 0
5 5 1 0
5 5 2 0
5 5 3 0
5 5 4 0
5 5 5 0
5 5 6 0
5 5 7 0
5 5 8 0
5 5 9 0
5 5 10 0
5 5 11 0
5 5 12 0
5 5 13 0
5 5 14 0
5 5 15 0
5 6 0 8611
5 6 1 5885
5 6 2 8496
5 6 3 6382
5 6 4 6967
5 6 5 0
5 6 6 0
5 6 7 4649
5 6 8 5967
5 6 9 4620
5 6 10 6730
5 6 11 7286
5 6 12 5916
5 6 13 6308
5 6 14 7131
5 6 15 9263
5 7 0 5268
5 7 1 6583
5 7 2 5505
5 7 3 7035
5 7 4 3727
5 7 5 0
5 7 6 2291
5 7 7 0
5 7 8 2809
5 7 9 5091
5 7 10 5184
5 7 11 2190
5 7 12 4358
5 7 13 1840
5 7 14 4151
5 7 15 3118
5 8 0 1825
5 8 1 3963
5 8 2 4228
5 8 3 3833
5 8 4 3936
5 8 5 0
5 8 6 3295
5 8 7 1724
5 8 8 0
5 8 9 2465
5 8 10 6153
5 8 11 2760
5 8 12 5217
5 8 13 4700
5 8 14 2238
5 8 15 4549
5 9 0 4959
5 9 1 7752
5 9 2 8989
5 9 3 5438
5 9 4 6083
5 9 5 0
5 9 6 5450
5 9 7 5972
5 9 8 4792
5 9 9 0
5 9 10 5265
5 9 11 8328
5 9 12 5654
5 9 13 7664
5 9 14 7645
5 9 15 6637
5 10 0 4667
5 10 1 2416
5 10 2 6832
5 10 3 4843
5 10 4 2951
5 10 5 0
5 10 6 3918
5 10 7 4958
5 10 8 5979
5 10 9 2055
5 10 10 0
5 10 11 5823
5 10 12 5272
5 10 13 2782
5 10 14 1751
5 10 15 1838
5 11 0 2997
5 11 1 4403
5 11 2 4588
5 11 3 2922
5 11 4 2011
5 11 5 0
5 11 6 5127
5 11 7 4585
5 11 8 6216
5 11 9 6135
5 11 10 5220
5 11 11 0
5 11 12 5048
5 11 13 6192
5 11 14 6460
5 11 15 7975
5 12 0 6965
5 12 1 5405
5 12 2 6445
5 12 3 3343
5 12 4 5402
5 12 5 0
5 12 6 7225
5 12 7 7387
5 12 8 5186
5 12 9 5282
5 12 10 6651
5 12 11 3588
5 12 12 0
5 12 13 4515
5 12 14 4733
5 12 15 4092
5 13 0 4975
5 13 1 1297
5 13 2 2434
5 13 3 3011
5 13 4 3958
5 13 5 0
5 13 6 5867
5 13 7 6368
5 13 8 7015
5 13 9 7072
5 13 10 5322
5 13 11 5400
5 13 12 4171
5 13 13 0
5 13 14 8074
5 13 15 6064
5 14 0 1842
5 14 1 2696
5 14 2 3581
5 14 3 2827
5 14 4 1462
5 14 5 0
5 14 6 2061
5 14 7 4692
5 14 8 1901
5 14 9 3838
5 14 10 2051
5 14 11 4281
5 14 12 5941
5 14 13 6524
5 14 14 0
5 14 15 5242
5 15 0 7145
5 15 1 5553
5 15 2 6893
5 15 3 7530
5 15 4 4705
5 15 5 0
5 15 6 5641
5 15 7 6552
5 15 8 6939
5 15 9 4915
5 15 10 5956
5 15 11 3881
5 15 12 6914
5 15 13 8029
5 15 14 8046
5 15 15 0
6 0 0 0
6 0 1 8203
6 0 2 8038
6 0 3 9742
6 0 4 7055
6 0 5 6597
6 0 6 0
6 0 7 2377
6 0 8 851
6 0 9 1388
6 0 10 3084
6 0 11 3326
6 0 12 4120
6 0 13 4157
6 0 14 2055
6 0 15 4627
6 1 0 3739
6 1 1 0
6 1 2 3341
6 1 3 3682
6 1 4 5747
6 1 5 5048
6 1 6 0
6 1 7 5993
6 1 8 5290
6 1 9 6482
6 1 10 3134
6 1 11 7033
6 1 12 4861
6 1 13 2780
6 1 14 5210
6 1 15 5336
6 2 0 4870
6 2 1 8197
6 2 2 0
6 2 3 6688
6 2 4 9548
6 2 5 9656
6 2 6 0
6 2 7 4996
6 2 8 5636
6 2 9 7800
6 2 10 7631
6 2 11 7299
6 2 12 5982
6 2 13 3998
6 2 14 6176
6 2 15 6757
6 3 0 4877
6 3 1 6404
6 3 2 5117
6 3 3 0
6 3 4 4552
6 3 5 4292
6 3 6 0
6 3 7 5085
6 3 8 3800
6 3 9 2808
6 3 10 4201
6 3 11 4192
6 3 12 1439
6 3 13 3134
6 3 14 3981
6 3 15 5953
6 4 0 5043
6 4 1 4304
6 4 2 3296
6 4 3 6791
6 4 4 0
6 4 5 6293
6 4 6 0
6 4 7 2404
6 4 8 4530
6 4 9 4080
6 4 10 2936
6 4 11 3908
6 4 12 4125
6 4 13 4708
6 4 14 3243
6 4 15 3755
6 5 0 7277
6 5 1 5451
6 5 2 8046
6 5 3 9071
6 5 4 7005
6 5 5 0
6 5 6 0
6 5 7 4078
6 5 8 4877
6 5 9 8432
6 5 10 5331
6 5 11 6768
6 5 12 6544
6 5 13 7686
6 5 14 5463
6 5 15 7177
6 6 0 0
6 6 1 0
6 6 2 0
6 6 3 0
6 6 4 0
6 6 5 0
6 6 6 0
6 6 7 0
6 6 8 0
6 6 9 0
6 6 10 0
6 6 11 0
6 6 12 0
6 6 13 0
6 6 14 0
6 6 15 0
6 7 0 3813
6 7 1 5128
6 7 2 4050
6 7 3 5580
6 7 4 2272
6 7 5 2291
6 7 6 0
6 7 7 0
6 7 8 2573
6 7 9 4855
6 7 10 4948
6 7 11 1954
6 7 12 4122
6 7 13 1604
6 7 14 3915
6 7 15 2882
6 8 0 2492
6 8 1 4630
6 8 2 4895
6 8 3 4500
6 8 4 4603
6 8 5 3295
6 8 6 0
6 8 7 2007
6 8 8 0
6 8 9 2748
6 8 10 6436
6 8 11 3043
6 8 12 5500
6 8 13 4983
6 8 14 2521
6 8 15 4832
6 9 0 1629
6 9 1 4422
6 9 2 5659
6 9 3 2108
6 9 4 2753
6 9 5 5450
6 9 6 0
6 9 7 1353
6 9 8 173
6 9 9 0
6 9 10 646
6 9 11 3709
6 9 12 1035
6 9 13 3045
6 9 14 3026
6 9 15 2018
6 10 0 4894
6 10 1 2643
6 10 2 7059
6 10 3 5070
6 10 4 3178
6 10 5 3918
6 10 6 0
6 10 7 5550
6 10 8 6571
6 10 9 2647
6 10 10 0
6 10 11 6415
6 10 12 5864
6 10 13 3374
6 10 14 2343
6 10 15 2430
6 11 0 4908
6 11 1 6314
6 11 2 6499
6 11 3 4833
6 11 4 3922
6 11 5 5127
6 11 6 0
6 11 7 4296
6 11 8 5927
6 11 9 5846
6 11 10 4931
6 11 11 0
6 11 12 4759
6 11 13 5903
6 11 14 6171
6 11 15 7686
6 12 0 8024
6 12 1 6464
6 12 2 7504
6 12 3 4402
6 12 4 6461
6 12 5 7225
6 12 6 0
6 12 7 5952
6 12 8 3751
6 12 9 3847
6 12 10 5216
6 12 11 2153
6 12 12 0
6 12 13 3080
6 12 14 3298
6 12 15 2657
6 13 0 5561
6 13 1 1883
6 13 2 3020
6 13 3 3597
6 13 4 4544
6 13 5 5867
6 13 6 0
6 13 7 4183
6 13 8 4830
6 13 9 4887
6 13 10 3137
6 13 11 3215
6 13 12 1986
6 13 13 0
6 13 14 5889
6 13 15 3879
6 14 0 1876
6 14 1 2730
6 14 2 3615
6 14 3 2861
6 14 4 1496
6 14 5 2061
6 14 6 0
6 14 7 5553
6 14 8 2762
6 14 9 4699
6 14 10 2912
6 14 11 5142
6 14 12 6802
6 14 13 7385
6 14 14 0
6 14 15 6103
6 15 0 6314
6 15 1 4722
6 15 2 6062
6 15 3 6699
6 15 4 3874
6 15 5 5641
6 15 6 0
6 15 7 7831
6 15 8 8218
6 15 9 6194
6 15 10 7235
6 15 11 5160
6 15 12 8193
6 15 13 9308
6 15 14 9325
6 15 15 0
7 0 0 0
7 0 1 5192
7 0 2 5027
7 0 3 6731
7 0 4 4044
7 0 5 3586
7 0 6 2377
7 0 7 0
7 0 8 3943
7 0 9 4480
7 0 10 6176
7 0 11 6418
7 0 12 7212
7 0 13 7249
7 0 14 5147
7 0 15 7719
7 1 0 4769
7 1 1 0
7 1 2 4371
7 1 3 4712
7 1 4 6777
7 1 5 6078
7 1 6 5993
7 1 7 0
7 1 8 6949
7 1 9 8141
7 1 10 4793
7 1 11 8692
7 1 12 6520
7 1 13 4439
7 1 14 6869
7 1 15 6995
7 2 0 2211
7 2 1 5538
7 2 2 0
7 2 3 4029
7 2 4 6889
7 2 5 6997
7 2 6 4996
7 2 7 0
7 2 8 7578
7 2 9 9742
7 2 10 9573
7 2 11 9241
7 2 12 7924
7 2 13 5940
7 2 14 8118
7 2 15 8699
7 3 0 5862
7 3 1 7389
7 3 2 6102
7 3 3 0
7 3 4 5537
7 3 5 5277
7 3 6 5085
7 3 7 0
7 3 8 4549
7 3 9 3557
7 3 10 4950
7 3 11 4941
7 3 12 2188
7 3 13 3883
7 3 14 4730
7 3 15 6702
7 4 0 2135
7 4 1 1396
7 4 2 388
7 4 3 3883
7 4 4 0
7 4 5 3385
7 4 6 2404
7 4 7 0
7 4 8 5117
7 4 9 4667
7 4 10 3523
7 4 11 4495
7 4 12 4712
7 4 13 5295
7 4 14 3830
7 4 15 4342
7 5 0 3170
7 5 1 1344
7 5 2 3939
7 5 3 4964
7 5 4 2898
7 5 5 0
7 5 6 4078
7 5 7 0
7 5 8 4545
7 5 9 8100
7 5 10 4999
7 5 11 6436
7 5 12 6212
7 5 13 7354
7 5 14 5131
7 5 15 6845
7 6 0 5075
7 6 1 2349
7 6 2 4960
7 6 3 2846
7 6 4 3431
7 6 5 4649
7 6 6 0
7 6 7 0
7 6 8 3373
7 6 9 2026
7 6 10 4136
7 6 11 4692
7 6 12 3322
7 6 13 3714
7 6 14 4537
7 6 15 6669
7 7 0 0
7 7 1 0
7 7 2 0
7 7 3 0
7 7 4 0
7 7 5 0
7 7 6 0
7 7 7 0
7 7 8 0
7 7 9 0
7 7 10 0
7 7 11 0
7 7 12 0
7 7 13 0
7 7 14 0
7 7 15 0
7 8 0 921
7 8 1 3059
7 8 2 3324
7 8 3 2929
7 8 4 3032
7 8 5 1724
7 8 6 2007
7 8 7 0
7 8 8 0
7 8 9 3697
7 8 10 7385
7 8 11 3992
7 8 12 6449
7 8 13 5932
7 8 14 3470
7 8 15 5781
7 9 0 2151
7 9 1 4944
7 9 2 6181
7 9 3 2630
7 9 4 3275
7 9 5 5972
7 9 6 1353
7 9 7 0
7 9 8 4751
7 9 9 0
7 9 10 5224
7 9 11 8287
7 9 12 5613
7 9 13 7623
7 9 14 7604
7 9 15 6596
7 10 0 5934
7 10 1 3683
7 10 2 8099
7 10 3 6110
7 10 4 4218
7 10 5 4958
7 10 6 5550
7 10 7 0
7 10 8 9132
7 10 9 5208
7 10 10 0
7 10 11 8976
7 10 12 8425
7 10 13 5935
7 10 14 4904
7 10 15 4991
7 11 0 4366
7 11 1 5772
7 11 2 5957
7 11 3 4291
7 11 4 3380
7 11 5 4585
7 11 6 4296
7 11 7 0
7 11 8 4938
7 11 9 4857
7 11 10 3942
7 11 11 0
7 11 12 3770
7 11 13 4914
7 11 14 5182
7 11 15 6697
7 12 0 8186
7 12 1 6626
7 12 2 7666
7 12 3 4564
7 12 4 6623
7 12 5 7387
7 12 6 5952
7 12 7 0
7 12 8 6300
7 12 9 6396
7 12 10 7765
7 12 11 4702
7 12 12 0
7 12 13 5629
7 12 14 5847
7 12 15 5206
7 13 0 6062
7 13 1 2384
7 13 2 3521
7 13 3 4098
7 13 4 5045
7 13 5 6368
7 13 6 4183
7 13 7 0
7 13 8 4469
7 13 9 4526
7 13 10 2776
7 13 11 2854
7 13 12 1625
7 13 13 0
7 13 14 5528
7 13 15 3518
7 14 0 4507
7 14 1 5361
7 14 2 6246
7 14 3 5492
7 14 4 4127
7 14 5 4692
7 14 6 5553
7 14 7 0
7 14 8 3889
7 14 9 5826
7 14 10 4039
7 14 11 6269
7 14 12 7929
7 14 13 8512
7 14 14 0
7 14 15 7230
7 15 0 7225
7 15 1 5633
7 15 2 6973
7 15 3 7610
7 15 4 4785
7 15 5 6552
7 15 6 7831
7 15 7 0
7 15 8 6180
7 15 9 4156
7 15 10 5197
7 15 11 3122
7 15 12 6155
7 15 13 7270
7 15 14 7287
7 15 15 0
8 0 0 0
8 0 1 3666
8 0 2 3501
8 0 3 5205
8 0 4 2518
8 0 5 2060
8 0 6 851
8 0 7 3943
8 0 8 0
8 0 9 5768
8 0 10 7464
8 0 11 7706
8 0 12 8500
8 0 13 8537
8 0 14 6435
8 0 15 9007
8 1 0 4066
8 1 1 0
8 1 2 3668
8 1 3 4009
8 1 4 6074
8 1 5 5375
8 1 6 5290
8 1 7 6949
8 1 8 0
8 1 9 4154
8 1 10 806
8 1 11 4705
8 1 12 2533
8 1 13 452
8 1 14 2882
8 1 15 3008
8 2 0 2851
8 2 1 6178
8 2 2 0
8 2 3 4669
8 2 4 7529
8 2 5 7637
8 2 6 5636
8 2 7 7578
8 2 8 0
8 2 9 5170
8 2 10 5001
8 2 11 4669
8 2 12 3352
8 2 13 1368
8 2 14 3546
8 2 15 4127
8 3 0 4577
8 3 1 6104
8 3 2 4817
8 3 3 0
8 3 4 4252
8 3 5 3992
8 3 6 3800
8 3 7 4549
8 3 8 0
8 3 9 5960
8 3 10 7353
8 3 11 7344
8 3 12 4591
8 3 13 6286
8 3 14 7133
8 3 15 9105
8 4 0 4261
8 4 1 3522
8 4 2 2514
8 4 3 6009
8 4 4 0
8 4 5 5511
8 4 6 4530
8 4 7 5117
8 4 8 0
8 4 9 5268
8 4 10 4124
8 4 11 5096
8 4 12 5313
8 4 13 5896
8 4 14 4431
8 4 15 4943
8 5 0 3969
8 5 1 2143
8 5 2 4738
8 5 3 5763
8 5 4 3697
8 5 5 0
8 5 6 4877
8 5 7 4545
8 5 8 0
8 5 9 6183
8 5 10 3082
8 5 11 4519
8 5 12 4295
8 5 13 5437
8 5 14 3214
8 5 15 4928
8 6 0 6393
8 6 1 3667
8 6 2 6278
8 6 3 4164
8 6 4 4749
8 6 5 5967
8 6 6 0
8 6 7 3373
8 6 8 0
8 6 9 2231
8 6 10 4341
8 6 11 4897
8 6 12 3527
8 6 13 3919
8 6 14 4742
8 6 15 6874
8 7 0 4331
8 7 1 5646
8 7 2 4568
8 7 3 6098
8 7 4 2790
8 7 5 2809
8 7 6 2573
8 7 7 0
8 7 8 0
8 7 9 5238
8 7 10 5331
8 7 11 2337
8 7 12 4505
8 7 13 1987
8 7 14 4298
8 7 15 3265
8 8 0 0
8 8 1 0
8 8 2 0
8 8 3 0
8 8 4 0
8 8 5 0
8 8 6 0
8 8 7 0
8 8 8 0
8 8 9 0
8 8 10 0
8 8 11 0
8 8 12 0
8 8 13 0
8 8 14 0
8 8 15 0
8 9 0 971
8 9 1 3764
8 9 2 5001
8 9 3 1450
8 9 4 2095
8 9 5 4792
8 9 6 173
8 9 7 4751
8 9 8 0
8 9 9 0
8 9 10 1799
8 9 11 4862
8 9 12 2188
8 9 13 4198
8 9 14 4179
8 9 15 3171
8 10 0 6955
8 10 1 4704
8 10 2 9120
8 10 3 7131
8 10 4 5239
8 10 5 5979
8 10 6 6571
8 10 7 9132
8 10 8 0
8 10 9 5378
8 10 10 0
8 10 11 9146
8 10 12 8595
8 10 13 6105
8 10 14 5074
8 10 15 5161
8 11 0 5997
8 11 1 7403
8 11 2 7588
8 11 3 5922
8 11 4 5011
8 11 5 6216
8 11 6 5927
8 11 7 4938
8 11 8 0
8 11 9 4628
8 11 10 3713
8 11 11 0
8 11 12 3541
8 11 13 4685
8 11 14 4953
8 11 15 6468
8 12 0 5985
8 12 1 4425
8 12 2 5465
8 12 3 2363
8 12 4 4422
8 12 5 5186
8 12 6 3751
8 12 7 6300
8 12 8 0
8 12 9 6456
8 12 10 7825
8 12 11 4762
8 12 12 0
8 12 13 5689
8 12 14 5907
8 12 15 5266
8 13 0 6709
8 13 1 3031
8 13 2 4168
8 13 3 4745
8 13 4 5692
8 13 5 7015
8 13 6 4830
8 13 7 4469
8 13 8 0
8 13 9 6587
8 13 10 4837
8 13 11 4915
8 13 12 3686
8 13 13 0
8 13 14 7589
8 13 15 5579
8 14 0 1716
8 14 1 2570
8 14 2 3455
8 14 3 2701
8 14 4 1336
8 14 5 1901
8 14 6 2762
8 14 7 3889
8 14 8 0
8 14 9 3114
8 14 10 1327
8 14 11 3557
8 14 12 5217
8 14 13 5800
8 14 14 0
8 14 15 4518
8 15 0 7612
8 15 1 6020
8 15 2 7360
8 15 3 7997
8 15 4 5172
8 15 5 6939
8 15 6 8218
8 15 7 6180
8 15 8 0
8 15 9 4788
8 15 10 5829
8 15 11 3754
8 15 12 6787
8 15 13 7902
8 15 14 7919
8 15 15 0
9 0 0 0
9 0 1 4203
9 0 2 4038
9 0 3 5742
9 0 4 3055
9 0 5 2597
9 0 6 1388
9 0 7 4480
9 0 8 5768
9 0 9 0
9 0 10 6623
9 0 11 6865
9 0 12 7659
9 0 13 7696
9 0 14 5594
9 0 15 8166
9 1 0 5258
9 1 1 0
9 1 2 4860
9 1 3 5201
9 1 4 7266
9 1 5 6567
9 1 6 6482
9 1 7 8141
9 1 8 4154
9 1 9 0
9 1 10 2239
9 1 11 6138
9 1 12 3966
9 1 13 1885
9 1 14 4315
9 1 15 4441
9 2 0 5015
9 2 1 8342
9 2 2 0
9 2 3 6833
9 2 4 9693
9 2 5 9801
9 2 6 7800
9 2 7 9742
9 2 8 5170
9 2 9 0
9 2 10 5833
9 2 11 5501
9 2 12 4184
9 2 13 2200
9 2 14 4378
9 2 15 4959
9 3 0 3585
9 3 1 5112
9 3 2 3825
9 3 3 0
9 3 4 3260
9 3 5 3000
9 3 6 2808
9 3 7 3557
9 3 8 5960
9 3 9 0
9 3 10 7047
9 3 11 7038
9 3 12 4285
9 3 13 5980
9 3 14 6827
9 3 15 8799
9 4 0 3811
9 4 1 3072
9 4 2 2064
9 4 3 5559
9 4 4 0
9 4 5 5061
9 4 6 4080
9 4 7 4667
9 4 8 5268
9 4 9 0
9 4 10 4516
9 4 11 5488
9 4 12 5705
9 4 13 6288
9 4 14 4823
9 4 15 5335
9 5 0 7524
9 5 1 5698
9 5 2 8293
9 5 3 9318
9 5 4 7252
9 5 5 0
9 5 6 8432
9 5 7 8100
9 5 8 6183
9 5 9 0
9 5 10 5679
9 5 11 7116
9 5 12 6892
9 5 13 8034
9 5 14 5811
9 5 15 7525
9 6 0 5046
9 6 1 2320
9 6 2 4931
9 6 3 2817
9 6 4 3402
9 6 5 4620
9 6 6 0
9 6 7 2026
9 6 8 2231
9 6 9 0
9 6 10 2941
9 6 11 3497
9 6 12 2127
9 6 13 2519
9 6 14 3342
9 6 15 5474
9 7 0 6613
9 7 1 7928
9 7 2 6850
9 7 3 8380
9 7 4 5072
9 7 5 5091
9 7 6 4855
9 7 7 0
9 7 8 5238
9 7 9 0
9 7 10 6024
9 7 11 3030
9 7 12 5198
9 7 13 2680
9 7 14 4991
9 7 15 3958
9 8 0 1662
9 8 1 3800
9 8 2 4065
9 8 3 3670
9 8 4 3773
9 8 5 2465
9 8 6 2748
9 8 7 3697
9 8 8 0
9 8 9 0
9 8 10 5014
9 8 11 1621
9 8 12 4078
9 8 13 3561
9 8 14 1099
9 8 15 3410
9 9 0 0
9 9 1 0
9 9 2 0
9 9 3 0
9 9 4 0
9 9 5 0
9 9 6 0
9 9 7 0
9 9 8 0
9 9 9 0
9 9 10 0
9 9 11 0
9 9 12 0
9 9 13 0
9 9 14 0
9 9 15 0
9 10 0 3031
9 10 1 780
9 10 2 5196
9 10 3 3207
9 10 4 1315
9 10 5 2055
9 10 6 2647
9 10 7 5208
9 10 8 5378
9 10 9 0
9 10 10 0
9 10 11 4703
9 10 12 4152
9 10 13 1662
9 10 14 631
9 10 15 718
9 11 0 5916
9 11 1 7322
9 11 2 7507
9 11 3 5841
9 11 4 4930
9 11 5 6135
9 11 6 5846
9 11 7 4857
9 11 8 4628
9 11 9 0
9 11 10 5726
9 11 11 0
9 11 12 5554
9 11 13 6698
9 11 14 6966
9 11 15 8481
9 12 0 6081
9 12 1 4521
9 12 2 5561
9 12 3 2459
9 12 4 4518
9 12 5 5282
9 12 6 3847
9 12 7 6396
9 12 8 6456
9 12 9 0
9 12 10 4707
9 12 11 1644
9 12 12 0
9 12 13 2571
9 12 14 2789
9 12 15 2148
9 13 0 6766
9 13 1 3088
9 13 2 4225
9 13 3 4802
9 13 4 5749
9 13 5 7072
9 13 6 4887
9 13 7 4526
9 13 8 6587
9 13 9 0
9 13 10 4246
9 13 11 4324
9 13 12 3095
9 13 13 0
9 13 14 6998
9 13 15 4988
9 14 0 3653
9 14 1 4507
9 14 2 5392
9 14 3 4638
9 14 4 3273
9 14 5 3838
9 14 6 4699
9 14 7 5826
9 14 8 3114
9 14 9 0
9 14 10 3179
9 14 11 5409
9 14 12 7069
9 14 13 7652
9 14 14 0
9 14 15 6370
9 15 0 5588
9 15 1 3996
9 15 2 5336
9 15 3 5973
9 15 4 3148
9 15 5 4915
9 15 6 6194
9 15 7 4156
9 15 8 4788
9 15 9 0
9 15 10 4362
9 15 11 2287
9 15 12 5320
9 15 13 6435
9 15 14 6452
9 15 15 0
10 0 0 0
10 0 1 5899
10 0 2 5734
10 0 3 7438
10 0 4 4751
10 0 5 4293
10 0 6 3084
10 0 7 6176
10 0 8 7464
10 0 9 6623
10 0 10 0
10 0 11 4278
10 0 12 5072
10 0 13 5109
10 0 14 3007
10 0 15 5579
10 1 0 1910
10 1 1 0
10 1 2 1512
10 1 3 1853
10 1 4 3918
10 1 5 3219
10 1 6 3134
10 1 7 4793
10 1 8 806
10 1 9 2239
10 1 10 0
10 1 11 5526
10 1 12 3354
10 1 13 1273
10 1 14 3703
10 1 15 3829
10 2 0 4846
10 2 1 8173
10 2 2 0
10 2 3 6664
10 2 4 9524
10 2 5 9632
10 2 6 7631
10 2 7 9573
10 2 8 5001
10 2 9 5833
10 2 10 0
10 2 11 8736
10 2 12 7419
10 2 13 5435
10 2 14 7613
10 2 15 8194
10 3 0 4978
10 3 1 6505
10 3 2 5218
10 3 3 0
10 3 4 4653
10 3 5 4393
10 3 6 4201
10 3 7 4950
10 3 8 7353
10 3 9 7047
10 3 10 0
10 3 11 6397
10 3 12 3644
10 3 13 5339
10 3 14 6186
10 3 15 8158
10 4 0 2667
10 4 1 1928
10 4 2 920
10 4 3 4415
10 4 4 0
10 4 5 3917
10 4 6 2936
10 4 7 3523
10 4 8 4124
10 4 9 4516
10 4 10 0
10 4 11 4563
10 4 12 4780
10 4 13 5363
10 4 14 3898
10 4 15 4410
10 5 0 4423
10 5 1 2597
10 5 2 5192
10 5 3 6217
10 5 4 4151
10 5 5 0
10 5 6 5331
10 5 7 4999
10 5 8 3082
10 5 9 5679
10 5 10 0
10 5 11 5128
10 5 12 4904
10 5 13 6046
10 5 14 3823
10 5 15 5537
10 6 0 7156
10 6 1 4430
10 6 2 7041
10 6 3 4927
10 6 4 5512
10 6 5 6730
10 6 6 0
10 6 7 4136
10 6 8 4341
10 6 9 2941
10 6 10 0
10 6 11 5066
10 6 12 3696
10 6 13 4088
10 6 14 4911
10 6 15 7043
10 7 0 6706
10 7 1 8021
10 7 2 6943
10 7 3 8473
10 7 4 5165
10 7 5 5184
10 7 6 4948
10 7 7 0
10 7 8 5331
10 7 9 6024
10 7 10 0
10 7 11 5117
10 7 12 7285
10 7 13 4767
10 7 14 7078
10 7 15 6045
10 8 0 5350
10 8 1 7488
10 8 2 7753
10 8 3 7358
10 8 4 7461
10 8 5 6153
10 8 6 6436
10 8 7 7385
10 8 8 0
10 8 9 5014
10 8 10 0
10 8 11 5909
10 8 12 8366
10 8 13 7849
10 8 14 5387
10 8 15 7698
10 9 0 1444
10 9 1 4237
10 9 2 5474
10 9 3 1923
10 9 4 2568
10 9 5 5265
10 9 6 646
10 9 7 5224
10 9 8 1799
10 9 9 0
10 9 10 0
10 9 11 3998
10 9 12 1324
10 9 13 3334
10 9 14 3315
10 9 15 2307
10 10 0 0
10 10 1 0
10 10 2 0
10 10 3 0
10 10 4 0
10 10 5 0
10 10 6 0
10 10 7 0
10 10 8 0
10 10 9 0
10 10 10 0
10 10 11 0
10 10 12 0
10 10 13 0
10 10 14 0
10 10 15 0
10 11 0 5001
10 11 1 6407
10 11 2 6592
10 11 3 4926
10 11 4 4015
10 11 5 5220
10 11 6 4931
10 11 7 3942
10 11 8 3713
10 11 9 5726
10 11 10 0
10 11 11 0
10 11 12 6150
10 11 13 7294
10 11 14 7562
10 11 15 9077
10 12 0 7450
10 12 1 5890
10 12 2 6930
10 12 3 3828
10 12 4 5887
10 12 5 6651
10 12 6 5216
10 12 7 7765
10 12 8 7825
10 12 9 4707
10 12 10 0
10 12 11 4363
10 12 12 0
10 12 13 5290
10 12 14 5508
10 12 15 4867
10 13 0 5016
10 13 1 1338
10 13 2 2475
10 13 3 3052
10 13 4 3999
10 13 5 5322
10 13 6 3137
10 13 7 2776
10 13 8 4837
10 13 9 4246
10 13 10 0
10 13 11 2543
10 13 12 1314
10 13 13 0
10 13 14 5217
10 13 15 3207
10 14 0 1866
10 14 1 2720
10 14 2 3605
10 14 3 2851
10 14 4 1486
10 14 5 2051
10 14 6 2912
10 14 7 4039
10 14 8 1327
10 14 9 3179
10 14 10 0
10 14 11 2616
10 14 12 4276
10 14 13 4859
10 14 14 0
10 14 15 3577
10 15 0 6629
10 15 1 5037
10 15 2 6377
10 15 3 7014
10 15 4 4189
10 15 5 5956
10 15 6 7235
10 15 7 5197
10 15 8 5829
10 15 9 4362
10 15 10 0
10 15 11 589
10 15 12 3622
10 15 13 4737
10 15 14 4754
10 15 15 0
11 0 0 0
11 0 1 6141
11 0 2 5976
11 0 3 7680
11 0 4 4993
11 0 5 4535
11 0 6 3326
11 0 7 6418
11 0 8 7706
11 0 9 6865
11 0 10 4278
11 0 11 0
11 0 12 7827
11 0 13 7864
11 0 14 5762
11 0 15 8334
11 1 0 5809
11 1 1 0
11 1 2 5411
11 1 3 5752
11 1 4 7817
11 1 5 7118
11 1 6 7033
11 1 7 8692
11 1 8 4705
11 1 9 6138
11 1 10 5526
11 1 11 0
11 1 12 5455
11 1 13 3374
11 1 14 5804
11 1 15 5930
11 2 0 4514
11 2 1 7841
11 2 2 0
11 2 3 6332
11 2 4 9192
11 2 5 9300
11 2 6 7299
11 2 7 9241
11 2 8 4669
11 2 9 5501
11 2 10 8736
11 2 11 0
11 2 12 5651
11 2 13 3667
11 2 14 5845
11 2 15 6426
11 3 0 4969
11 3 1 6496
11 3 2 5209
11 3 3 0
11 3 4 4644
11 3 5 4384
11 3 6 4192
11 3 7 4941
11 3 8 7344
11 3 9 7038
11 3 10 6397
11 3 11 0
11 3 12 996
11 3 13 2691
11 3 14 3538
11 3 15 5510
11 4 0 3639
11 4 1 2900
11 4 2 1892
11 4 3 5387
11 4 4 0
11 4 5 4889
11 4 6 3908
11 4 7 4495
11 4 8 5096
11 4 9 5488
11 4 10 4563
11 4 11 0
11 4 12 5033
11 4 13 5616
11 4 14 4151
11 4 15 4663
11 5 0 5860
11 5 1 4034
11 5 2 6629
11 5 3 7654
11 5 4 5588
11 5 5 0
11 5 6 6768
11 5 7 6436
11 5 8 4519
11 5 9 7116
11 5 10 5128
11 5 11 0
11 5 12 2992
11 5 13 4134
11 5 14 1911
11 5 15 3625
11 6 0 7712
11 6 1 4986
11 6 2 7597
11 6 3 5483
11 6 4 6068
11 6 5 7286
11 6 6 0
11 6 7 4692
11 6 8 4897
11 6 9 3497
11 6 10 5066
11 6 11 0
11 6 12 3468
11 6 13 3860
11 6 14 4683
11 6 15 6815
11 7 0 3712
11 7 1 5027
11 7 2 3949
11 7 3 5479
11 7 4 2171
11 7 5 2190
11 7 6 1954
11 7 7 0
11 7 8 2337
11 7 9 3030
11 7 10 5117
11 7 11 0
11 7 12 5475
11 7 13 2957
11 7 14 5268
11 7 15 4235
11 8 0 1957
11 8 1 4095
11 8 2 4360
11 8 3 3965
11 8 4 4068
11 8 5 2760
11 8 6 3043
11 8 7 3992
11 8 8 0
11 8 9 1621
11 8 10 5909
11 8 11 0
11 8 12 7166
11 8 13 6649
11 8 14 4187
11 8 15 6498
11 9 0 4507
11 9 1 7300
11 9 2 8537
11 9 3 4986
11 9 4 5631
11 9 5 8328
11 9 6 3709
11 9 7 8287
11 9 8 4862
11 9 9 0
11 9 10 3998
11 9 11 0
11 9 12 3967
11 9 13 5977
11 9 14 5958
11 9 15 4950
11 10 0 6799
11 10 1 4548
11 10 2 8964
11 10 3 6975
11 10 4 5083
11 10 5 5823
11 10 6 6415
11 10 7 8976
11 10 8 9146
11 10 9 4703
11 10 10 0
11 10 11 0
11 10 12 5771
11 10 13 3281
11 10 14 2250
11 10 15 2337
11 11 0 0
11 11 1 0
11 11 2 0
11 11 3 0
11 11 4 0
11 11 5 0
11 11 6 0
11 11 7 0
11 11 8 0
11 11 9 0
11 11 10 0
11 11 11 0
11 11 12 0
11 11 13 0
11 11 14 0
11 11 15 0
11 12 0 4387
11 12 1 2827
11 12 2 3867
11 12 3 765
11 12 4 2824
11 12 5 3588
11 12 6 2153
11 12 7 4702
11 12 8 4762
11 12 9 1644
11 12 10 4363
11 12 11 0
11 12 12 0
11 12 13 3629
11 12 14 3847
11 12 15 3206
11 13 0 5094
11 13 1 1416
11 13 2 2553
11 13 3 3130
11 13 4 4077
11 13 5 5400
11 13 6 3215
11 13 7 2854
11 13 8 4915
11 13 9 4324
11 13 10 2543
11 13 11 0
11 13 12 3287
11 13 13 0
11 13 14 7190
11 13 15 5180
11 14 0 4096
11 14 1 4950
11 14 2 5835
11 14 3 5081
11 14 4 3716
11 14 5 4281
11 14 6 5142
11 14 7 6269
11 14 8 3557
11 14 9 5409
11 14 10 2616
11 14 11 0
11 14 12 7548
11 14 13 8131
11 14 14 0
11 14 15 6849
11 15 0 4554
11 15 1 2962
11 15 2 4302
11 15 3 4939
11 15 4 2114
11 15 5 3881
11 15 6 5160
11 15 7 3122
11 15 8 3754
11 15 9 2287
11 15 10 589
11 15 11 0
11 15 12 8322
11 15 13 9437
11 15 14 9454
11 15 15 0
12 0 0 0
12 0 1 6935
12 0 2 6770
12 0 3 8474
12 0 4 5787
12 0 5 5329
12 0 6 4120
12 0 7 7212
12 0 8 8500
12 0 9 7659
12 0 10 5072
12 0 11 7827
12 0 12 0
12 0 13 7064
12 0 14 4962
12 0 15 7534
12 1 0 3637
12 1 1 0
12 1 2 3239
12 1 3 3580
12 1 4 5645
12 1 5 4946
12 1 6 4861
12 1 7 6520
12 1 8 2533
12 1 9 3966
12 1 10 3354
12 1 11 5455
12 1 12 0
12 1 13 3598
12 1 14 6028
12 1 15 6154
12 2 0 3197
12 2 1 6524
12 2 2 0
12 2 3 5015
12 2 4 7875
12 2 5 7983
12 2 6 5982
12 2 7 7924
12 2 8 3352
12 2 9 4184
12 2 10 7419
12 2 11 5651
12 2 12 0
12 2 13 2227
12 2 14 4405
12 2 15 4986
12 3 0 2216
12 3 1 3743
12 3 2 2456
12 3 3 0
12 3 4 1891
12 3 5 1631
12 3 6 1439
12 3 7 2188
12 3 8 4591
12 3 9 4285
12 3 10 3644
12 3 11 996
12 3 12 0
12 3 13 3369
12 3 14 4216
12 3 15 6188
12 4 0 3856
12 4 1 3117
12 4 2 2109
12 4 3 5604
12 4 4 0
12 4 5 5106
12 4 6 4125
12 4 7 4712
12 4 8 5313
12 4 9 5705
12 4 10 4780
12 4 11 5033
12 4 12 0
12 4 13 5604
12 4 14 4139
12 4 15 4651
12 5 0 5636
12 5 1 3810
12 5 2 6405
12 5 3 7430
12 5 4 5364
12 5 5 0
12 5 6 6544
12 5 7 6212
12 5 8 4295
12 5 9 6892
12 5 10 4904
12 5 11 2992
12 5 12 0
12 5 13 7308
12 5 14 5085
12 5 15 6799
12 6 0 6342
12 6 1 3616
12 6 2 6227
12 6 3 4113
12 6 4 4698
12 6 5 5916
12 6 6 0
12 6 7 3322
12 6 8 3527
12 6 9 2127
12 6 10 3696
12 6 11 3468
12 6 12 0
12 6 13 6182
12 6 14 7005
12 6 15 9137
12 7 0 5880
12 7 1 7195
12 7 2 6117
12 7 3 7647
12 7 4 4339
12 7 5 4358
12 7 6 4122
12 7 7 0
12 7 8 4505
12 7 9 5198
12 7 10 7285
12 7 11 5475
12 7 12 0
12 7 13 5983
12 7 14 8294
12 7 15 7261
12 8 0 4414
12 8 1 6552
12 8 2 6817
12 8 3 6422
12 8 4 6525
12 8 5 5217
12 8 6 5500
12 8 7 6449
12 8 8 0
12 8 9 4078
12 8 10 8366
12 8 11 7166
12 8 12 0
12 8 13 5843
12 8 14 3381
12 8 15 5692
12 9 0 1833
12 9 1 4626
12 9 2 5863
12 9 3 2312
12 9 4 2957
12 9 5 5654
12 9 6 1035
12 9 7 5613
12 9 8 2188
12 9 9 0
12 9 10 1324
12 9 11 3967
12 9 12 0
12 9 13 5348
12 9 14 5329
12 9 15 4321
12 10 0 6248
12 10 1 3997
12 10 2 8413
12 10 3 6424
12 10 4 4532
12 10 5 5272
12 10 6 5864
12 10 7 8425
12 10 8 8595
12 10 9 4152
12 10 10 0
12 10 11 5771
12 10 12 0
12 10 13 4936
12 10 14 3905
12 10 15 3992
12 11 0 4829
12 11 1 6235
12 11 2 6420
12 11 3 4754
12 11 4 3843
12 11 5 5048
12 11 6 4759
12 11 7 3770
12 11 8 3541
12 11 9 5554
12 11 10 6150
12 11 11 0
12 11 12 0
12 11 13 3846
12 11 14 4114
12 11 15 5629
12 12 0 0
12 12 1 0
12 12 2 0
12 12 3 0
12 12 4 0
12 12 5 0
12 12 6 0
12 12 7 0
12 12 8 0
12 12 9 0
12 12 10 0
12 12 11 0
12 12 12 0
12 12 13 0
12 12 14 0
12 12 15 0
12 13 0 3865
12 13 1 187
12 13 2 1324
12 13 3 1901
12 13 4 2848
12 13 5 4171
12 13 6 1986
12 13 7 1625
12 13 8 3686
12 13 9 3095
12 13 10 1314
12 13 11 3287
12 13 12 0
12 13 13 0
12 13 14 5737
12 13 15 3727
12 14 0 5756
12 14 1 6610
12 14 2 7495
12 14 3 6741
12 14 4 5376
12 14 5 5941
12 14 6 6802
12 14 7 7929
12 14 8 5217
12 14 9 7069
12 14 10 4276
12 14 11 7548
12 14 12 0
12 14 13 6628
12 14 14 0
12 14 15 5346
12 15 0 7587
12 15 1 5995
12 15 2 7335
12 15 3 7972
12 15 4 5147
12 15 5 6914
12 15 6 8193
12 15 7 6155
12 15 8 6787
12 15 9 5320
12 15 10 3622
12 15 11 8322
12 15 12 0
12 15 13 5778
12 15 14 5795
12 15 15 0
13 0 0 0
13 0 1 6972
13 0 2 6807
13 0 3 8511
13 0 4 5824
13 0 5 5366
13 0 6 4157
13 0 7 7249
13 0 8 8537
13 0 9 7696
13 0 10 5109
13 0 11 7864
13 0 12 7064
13 0 13 0
13 0 14 6449
13 0 15 9021
13 1 0 1556
13 1 1 0
13 1 2 1158
13 1 3 1499
13 1 4 3564
13 1 5 2865
13 1 6 2780
13 1 7 4439
13 1 8 452
13 1 9 1885
13 1 10 1273
13 1 11 3374
13 1 12 3598
13 1 13 0
13 1 14 6641
13 1 15 6767
13 2 0 1213
13 2 1 4540
13 2 2 0
13 2 3 3031
13 2 4 5891
13 2 5 5999
13 2 6 3998
13 2 7 5940
13 2 8 1368
13 2 9 2200
13 2 10 5435
13 2 11 3667
13 2 12 2227
13 2 13 0
13 2 14 4897
13 2 15 5478
13 3 0 3911
13 3 1 5438
13 3 2 4151
13 3 3 0
13 3 4 3586
13 3 5 3326
13 3 6 3134
13 3 7 3883
13 3 8 6286
13 3 9 5980
13 3 10 5339
13 3 11 2691
13 3 12 3369
13 3 13 0
13 3 14 5432
13 3 15 7404
13 4 0 4439
13 4 1 3700
13 4 2 2692
13 4 3 6187
13 4 4 0
13 4 5 5689
13 4 6 4708
13 4 7 5295
13 4 8 5896
13 4 9 6288
13 4 10 5363
13 4 11 5616
13 4 12 5604
13 4 13 0
13 4 14 4648
13 4 15 5160
13 5 0 6778
13 5 1 4952
13 5 2 7547
13 5 3 8572
13 5 4 6506
13 5 5 0
13 5 6 7686
13 5 7 7354
13 5 8 5437
13 5 9 8034
13 5 10 6046
13 5 11 4134
13 5 12 7308
13 5 13 0
13 5 14 3058
13 5 15 4772
13 6 0 6734
13 6 1 4008
13 6 2 6619
13 6 3 4505
13 6 4 5090
13 6 5 6308
13 6 6 0
13 6 7 3714
13 6 8 3919
13 6 9 2519
13 6 10 4088
13 6 11 3860
13 6 12 6182
13 6 13 0
13 6 14 4505
13 6 15 6637
13 7 0 3362
13 7 1 4677
13 7 2 3599
13 7 3 5129
13 7 4 1821
13 7 5 1840
13 7 6 1604
13 7 7 0
13 7 8 1987
13 7 9 2680
13 7 10 4767
13 7 11 2957
13 7 12 5983
13 7 13 0
13 7 14 6133
13 7 15 5100
13 8 0 3897
13 8 1 6035
13 8 2 6300
13 8 3 5905
13 8 4 6008
13 8 5 4700
13 8 6 4983
13 8 7 5932
13 8 8 0
13 8 9 3561
13 8 10 7849
13 8 11 6649
13 8 12 5843
13 8 13 0
13 8 14 4068
13 8 15 6379
13 9 0 3843
13 9 1 6636
13 9 2 7873
13 9 3 4322
13 9 4 4967
13 9 5 7664
13 9 6 3045
13 9 7 7623
13 9 8 4198
13 9 9 0
13 9 10 3334
13 9 11 5977
13 9 12 5348
13 9 13 0
13 9 14 5977
13 9 15 4969
13 10 0 3758
13 10 1 1507
13 10 2 5923
13 10 3 3934
13 10 4 2042
13 10 5 2782
13 10 6 3374
13 10 7 5935
13 10 8 6105
13 10 9 1662
13 10 10 0
13 10 11 3281
13 10 12 4936
13 10 13 0
13 10 14 1434
13 10 15 1521
13 11 0 5973
13 11 1 7379
13 11 2 7564
13 11 3 5898
13 11 4 4987
13 11 5 6192
13 11 6 5903
13 11 7 4914
13 11 8 4685
13 11 9 6698
13 11 10 7294
13 11 11 0
13 11 12 3846
13 11 13 0
13 11 14 4784
13 11 15 6299
13 12 0 5314
13 12 1 3754
13 12 2 4794
13 12 3 1692
13 12 4 3751
13 12 5 4515
13 12 6 3080
13 12 7 5629
13 12 8 5689
13 12 9 2571
13 12 10 5290
13 12 11 3629
13 12 12 0
13 12 13 0
13 12 14 2052
13 12 15 1411
13 13 0 0
13 13 1 0
13 13 2 0
13 13 3 0
13 13 4 0
13 13 5 0
13 13 6 0
13 13 7 0
13 13 8 0
13 13 9 0
13 13 10 0
13 13 11 0
13 13 12 0
13 13 13 0
13 13 14 0
13 13 15 0
13 14 0 6339
13 14 1 7193
13 14 2 8078
13 14 3 7324
13 14 4 5959
13 14 5 6524
13 14 6 7385
13 14 7 8512
13 14 8 5800
13 14 9 7652
13 14 10 4859
13 14 11 8131
13 14 12 6628
13 14 13 0
13 14 14 0
13 14 15 7545
13 15 0 8702
13 15 1 7110
13 15 2 8450
13 15 3 9087
13 15 4 6262
13 15 5 8029
13 15 6 9308
13 15 7 7270
13 15 8 7902
13 15 9 6435
13 15 10 4737
13 15 11 9437
13 15 12 5778
13 15 13 0
13 15 14 6625
13 15 15 0
14 0 0 0
14 0 1 4870
14 0 2 4705
14 0 3 6409
14 0 4 3722
14 0 5 3264
14 0 6 2055
14 0 7 5147
14 0 8 6435
14 0 9 5594
14 0 10 3007
14 0 11 5762
14 0 12 4962
14 0 13 6449
14 0 14 0
14 0 15 6702
14 1 0 3986
14 1 1 0
14 1 2 3588
14 1 3 3929
14 1 4 5994
14 1 5 5295
14 1 6 5210
14 1 7 6869
14 1 8 2882
14 1 9 4315
14 1 10 3703
14 1 11 5804
14 1 12 6028
14 1 13 6641
14 1 14 0
14 1 15 3309
14 2 0 3391
14 2 1 6718
14 2 2 0
14 2 3 5209
14 2 4 8069
14 2 5 8177
14 2 6 6176
14 2 7 8118
14 2 8 3546
14 2 9 4378
14 2 10 7613
14 2 11 5845
14 2 12 4405
14 2 13 4897
14 2 14 0
14 2 15 8878
14 3 0 4758
14 3 1 6285
14 3 2 4998
14 3 3 0
14 3 4 4433
14 3 5 4173
14 3 6 3981
14 3 7 4730
14 3 8 7133
14 3 9 6827
14 3 10 6186
14 3 11 3538
14 3 12 4216
14 3 13 5432
14 3 14 0
14 3 15 7177
14 4 0 2974
14 4 1 2235
14 4 2 1227
14 4 3 4722
14 4 4 0
14 4 5 4224
14 4 6 3243
14 4 7 3830
14 4 8 4431
14 4 9 4823
14 4 10 3898
14 4 11 4151
14 4 12 4139
14 4 13 4648
14 4 14 0
14 4 15 4727
14 5 0 4555
14 5 1 2729
14 5 2 5324
14 5 3 6349
14 5 4 4283
14 5 5 0
14 5 6 5463
14 5 7 5131
14 5 8 3214
14 5 9 5811
14 5 10 3823
14 5 11 1911
14 5 12 5085
14 5 13 3058
14 5 14 0
14 5 15 3741
14 6 0 7557
14 6 1 4831
14 6 2 7442
14 6 3 5328
14 6 4 5913
14 6 5 7131
14 6 6 0
14 6 7 4537
14 6 8 4742
14 6 9 3342
14 6 10 4911
14 6 11 4683
14 6 12 7005
14 6 13 4505
14 6 14 0
14 6 15 5054
14 7 0 5673
14 7 1 6988
14 7 2 5910
14 7 3 7440
14 7 4 4132
14 7 5 4151
14 7 6 3915
14 7 7 0
14 7 8 4298
14 7 9 4991
14 7 10 7078
14 7 11 5268
14 7 12 8294
14 7 13 6133
14 7 14 0
14 7 15 5647
14 8 0 1435
14 8 1 3573
14 8 2 3838
14 8 3 3443
14 8 4 3546
14 8 5 2238
14 8 6 2521
14 8 7 3470
14 8 8 0
14 8 9 1099
14 8 10 5387
14 8 11 4187
14 8 12 3381
14 8 13 4068
14 8 14 0
14 8 15 3488
14 9 0 3824
14 9 1 6617
14 9 2 7854
14 9 3 4303
14 9 4 4948
14 9 5 7645
14 9 6 3026
14 9 7 7604
14 9 8 4179
14 9 9 0
14 9 10 3315
14 9 11 5958
14 9 12 5329
14 9 13 5977
14 9 14 0
14 9 15 3958
14 10 0 2727
14 10 1 476
14 10 2 4892
14 10 3 2903
14 10 4 1011
14 10 5 1751
14 10 6 2343
14 10 7 4904
14 10 8 5074
14 10 9 631
14 10 10 0
14 10 11 2250
14 10 12 3905
14 10 13 1434
14 10 14 0
14 10 15 473
14 11 0 6241
14 11 1 7647
14 11 2 7832
14 11 3 6166
14 11 4 5255
14 11 5 6460
14 11 6 6171
14 11 7 5182
14 11 8 4953
14 11 9 6966
14 11 10 7562
14 11 11 0
14 11 12 4114
14 11 13 4784
14 11 14 0
14 11 15 7403
14 12 0 5532
14 12 1 3972
14 12 2 5012
14 12 3 1910
14 12 4 3969
14 12 5 4733
14 12 6 3298
14 12 7 5847
14 12 8 5907
14 12 9 2789
14 12 10 5508
14 12 11 3847
14 12 12 0
14 12 13 2052
14 12 14 0
14 12 15 5404
14 13 0 7768
14 13 1 4090
14 13 2 5227
14 13 3 5804
14 13 4 6751
14 13 5 8074
14 13 6 5889
14 13 7 5528
14 13 8 7589
14 13 9 6998
14 13 10 5217
14 13 11 7190
14 13 12 5737
14 13 13 0
14 13 14 0
14 13 15 6817
14 14 0 0
14 14 1 0
14 14 2 0
14 14 3 0
14 14 4 0
14 14 5 0
14 14 6 0
14 14 7 0
14 14 8 0
14 14 9 0
14 14 10 0
14 14 11 0
14 14 12 0
14 14 13 0
14 14 14 0
14 14 15 0
14 15 0 8719
14 15 1 7127
14 15 2 8467
14 15 3 9104
14 15 4 6279
14 15 5 8046
14 15 6 9325
14 15 7 7287
14 15 8 7919
14 15 9 6452
14 15 10 4754
14 15 11 9454
14 15 12 5795
14 15 13 6625
14 15 14 0
14 15 15 0
15 0 0 0
15 0 1 7442
15 0 2 7277
15 0 3 8981
15 0 4 6294
15 0 5 5836
15 0 6 4627
15 0 7 7719
15 0 8 9007
15 0 9 8166
15 0 10 5579
15 0 11 8334
15 0 12 7534
15 0 13 9021
15 0 14 6702
15 0 15 0
15 1 0 4112
15 1 1 0
15 1 2 3714
15 1 3 4055
15 1 4 6120
15 1 5 5421
15 1 6 5336
15 1 7 6995
15 1 8 3008
15 1 9 4441
15 1 10 3829
15 1 11 5930
15 1 12 6154
15 1 13 6767
15 1 14 3309
15 1 15 0
15 2 0 3972
15 2 1 7299
15 2 2 0
15 2 3 5790
15 2 4 8650
15 2 5 8758
15 2 6 6757
15 2 7 8699
15 2 8 4127
15 2 9 4959
15 2 10 8194
15 2 11 6426
15 2 12 4986
15 2 13 5478
15 2 14 8878
15 2 15 0
15 3 0 6730
15 3 1 8257
15 3 2 6970
15 3 3 0
15 3 4 6405
15 3 5 6145
15 3 6 5953
15 3 7 6702
15 3 8 9105
15 3 9 8799
15 3 10 8158
15 3 11 5510
15 3 12 6188
15 3 13 7404
15 3 14 7177
15 3 15 0
15 4 0 3486
15 4 1 2747
15 4 2 1739
15 4 3 5234
15 4 4 0
15 4 5 4736
15 4 6 3755
15 4 7 4342
15 4 8 4943
15 4 9 5335
15 4 10 4410
15 4 11 4663
15 4 12 4651
15 4 13 5160
15 4 14 4727
15 4 15 0
15 5 0 6269
15 5 1 4443
15 5 2 7038
15 5 3 8063
15 5 4 5997
15 5 5 0
15 5 6 7177
15 5 7 6845
15 5 8 4928
15 5 9 7525
15 5 10 5537
15 5 11 3625
15 5 12 6799
15 5 13 4772
15 5 14 3741
15 5 15 0
15 6 0 9689
15 6 1 6963
15 6 2 9574
15 6 3 7460
15 6 4 8045
15 6 5 9263
15 6 6 0
15 6 7 6669
15 6 8 6874
15 6 9 5474
15 6 10 7043
15 6 11 6815
15 6 12 9137
15 6 13 6637
15 6 14 5054
15 6 15 0
15 7 0 4640
15 7 1 5955
15 7 2 4877
15 7 3 6407
15 7 4 3099
15 7 5 3118
15 7 6 2882
15 7 7 0
15 7 8 3265
15 7 9 3958
15 7 10 6045
15 7 11 4235
15 7 12 7261
15 7 13 5100
15 7 14 5647
15 7 15 0
15 8 0 3746
15 8 1 5884
15 8 2 6149
15 8 3 5754
15 8 4 5857
15 8 5 4549
15 8 6 4832
15 8 7 5781
15 8 8 0
15 8 9 3410
15 8 10 7698
15 8 11 6498
15 8 12 5692
15 8 13 6379
15 8 14 3488
15 8 15 0
15 9 0 2816
15 9 1 5609
15 9 2 6846
15 9 3 3295
15 9 4 3940
15 9 5 6637
15 9 6 2018
15 9 7 6596
15 9 8 3171
15 9 9 0
15 9 10 2307
15 9 11 4950
15 9 12 4321
15 9 13 4969
15 9 14 3958
15 9 15 0
15 10 0 2814
15 10 1 563
15 10 2 4979
15 10 3 2990
15 10 4 1098
15 10 5 1838
15 10 6 2430
15 10 7 4991
15 10 8 5161
15 10 9 718
15 10 10 0
15 10 11 2337
15 10 12 3992
15 10 13 1521
15 10 14 473
15 10 15 0
15 11 0 7756
15 11 1 9162
15 11 2 9347
15 11 3 7681
15 11 4 6770
15 11 5 7975
15 11 6 7686
15 11 7 6697
15 11 8 6468
15 11 9 8481
15 11 10 9077
15 11 11 0
15 11 12 5629
15 11 13 6299
15 11 14 7403
15 11 15 0
15 12 0 4891
15 12 1 3331
15 12 2 4371
15 12 3 1269
15 12 4 3328
15 12 5 4092
15 12 6 2657
15 12 7 5206
15 12 8 5266
15 12 9 2148
15 12 10 4867
15 12 11 3206
15 12 12 0
15 12 13 1411
15 12 14 5404
15 12 15 0
15 13 0 5758
15 13 1 2080
15 13 2 3217
15 13 3 3794
15 13 4 4741
15 13 5 6064
15 13 6 3879
15 13 7 3518
15 13 8 5579
15 13 9 4988
15 13 10 3207
15 13 11 5180
15 13 12 3727
15 13 13 0
15 13 14 6817
15 13 15 0
15 14 0 5057
15 14 1 5911
15 14 2 6796
15 14 3 6042
15 14 4 4677
15 14 5 5242
15 14 6 6103
15 14 7 7230
15 14 8 4518
15 14 9 6370
15 14 10 3577
15 14 11 6849
15 14 12 5346
15 14 13 7545
15 14 14 0
15 14 15 0
15 15 0 0
15 15 1 0
15 15 2 0
15 15 3 0
15 15 4 0
15 15 5 0
15 15 6 0
15 15 7 0
15 15 8 0
15 15 9 0
15 15 10 0
15 15 11 0
15 15 12 0
15 15 13 0
15 15 14 0
15 15 15 0
