18
0 0 0 0
0 0 1 0
0 0 2 0
0 0 3 0
0 0 4 0
0 0 5 0
0 0 6 0
0 0 7 0
0 0 8 0
0 0 9 0
0 0 10 0
0 0 11 0
0 0 12 0
0 0 13 0
0 0 14 0
0 0 15 0
0 0 16 0
0 0 17 0
0 1 0 0
0 1 1 0
0 1 2 8776
0 1 3 8890
0 1 4 6211
0 1 5 6836
0 1 6 5836
0 1 7 8061
0 1 8 8924
0 1 9 5904
0 1 10 8276
0 1 11 5613
0 1 12 4591
0 1 13 8185
0 1 14 6330
0 1 15 5168
0 1 16 6833
0 1 17 6743
0 2 0 0
0 2 1 6312
0 2 2 0
0 2 3 6722
0 2 4 3795
0 2 5 7691
0 2 6 8323
0 2 7 7779
0 2 8 6670
0 2 9 5447
0 2 10 5730
0 2 11 6046
0 2 12 4598
0 2 13 5863
0 2 14 6000
0 2 15 6647
0 2 16 7176
0 2 17 4322
0 3 0 0
0 3 1 6894
0 3 2 6910
0 3 3 0
0 3 4 6809
0 3 5 5891
0 3 6 6515
0 3 7 4884
0 3 8 7163
0 3 9 4530
0 3 10 4778
0 3 11 3951
0 3 12 6232
0 3 13 6030
0 3 14 6589
0 3 15 7711
0 3 16 5860
0 3 17 3532
0 4 0 0
0 4 1 2335
0 4 2 4554
0 4 3 6467
0 4 4 0
0 4 5 4629
0 4 6 2415
0 4 7 1636
0 4 8 4521
0 4 9 5981
0 4 10 5104
0 4 11 3590
0 4 12 5098
0 4 13 5563
0 4 14 2938
0 4 15 5917
0 4 16 5292
0 4 17 6568
0 5 0 0
0 5 1 6447
0 5 2 6568
0 5 3 6691
0 5 4 2707
0 5 5 0
0 5 6 2744
0 5 7 3085
0 5 8 3569
0 5 9 1985
0 5 10 6201
0 5 11 2912
0 5 12 4579
0 5 13 4295
0 5 14 6113
0 5 15 3831
0 5 16 5828
0 5 17 4409
0 6 0 0
0 6 1 3625
0 6 2 3214
0 6 3 1512
0 6 4 3418
0 6 5 1434
0 6 6 0
0 6 7 3208
0 6 8 3821
0 6 9 3738
0 6 10 3930
0 6 11 945
0 6 12 5367
0 6 13 1490
0 6 14 4887
0 6 15 884
0 6 16 4835
0 6 17 5127
0 7 0 0
0 7 1 2433
0 7 2 4974
0 7 3 4713
0 7 4 2037
0 7 5 3039
0 7 6 3598
0 7 7 0
0 7 8 3042
0 7 9 4594
0 7 10 1336
0 7 11 4045
0 7 12 1713
0 7 13 1973
0 7 14 3753
0 7 15 4692
0 7 16 55
0 7 17 3954
0 8 0 0
0 8 1 6204
0 8 2 4433
0 8 3 4737
0 8 4 4655
0 8 5 5544
0 8 6 7786
0 8 7 5463
0 8 8 0
0 8 9 5962
0 8 10 5789
0 8 11 4692
0 8 12 7251
0 8 13 8078
0 8 14 5944
0 8 15 4338
0 8 16 8631
0 8 17 5061
0 9 0 0
0 9 1 3081
0 9 2 2362
0 9 3 4018
0 9 4 5906
0 9 5 4632
0 9 6 2722
0 9 7 1506
0 9 8 1476
0 9 9 0
0 9 10 1531
0 9 11 3494
0 9 12 3972
0 9 13 5133
0 9 14 2436
0 9 15 4497
0 9 16 5715
0 9 17 1807
0 10 0 0
0 10 1 7997
0 10 2 5386
0 10 3 5049
0 10 4 6313
0 10 5 4889
0 10 6 5006
0 10 7 3707
0 10 8 3998
0 10 9 5841
0 10 10 0
0 10 11 4405
0 10 12 5177
0 10 13 3487
0 10 14 3731
0 10 15 3353
0 10 16 3439
0 10 17 3791
0 11 0 0
0 11 1 6614
0 11 2 7967
0 11 3 7511
0 11 4 4970
0 11 5 5666
0 11 6 6974
0 11 7 7383
0 11 8 9012
0 11 9 9219
0 11 10 9944
0 11 11 0
0 11 12 6586
0 11 13 6509
0 11 14 8960
0 11 15 6209
0 11 16 8473
0 11 17 8062
0 12 0 0
0 12 1 4389
0 12 2 5808
0 12 3 6078
0 12 4 5684
0 12 5 6907
0 12 6 4618
0 12 7 2717
0 12 8 5283
0 12 9 6858
0 12 10 4651
0 12 11 6111
0 12 12 0
0 12 13 3722
0 12 14 6246
0 12 15 2570
0 12 16 3863
0 12 17 3341
0 13 0 0
0 13 1 4353
0 13 2 2178
0 13 3 1004
0 13 4 468
0 13 5 856
0 13 6 4750
0 13 7 2618
0 13 8 4897
0 13 9 1052
0 13 10 1043
0 13 11 3989
0 13 12 381
0 13 13 0
0 13 14 1019
0 13 15 5154
0 13 16 4480
0 13 17 1520
0 14 0 0
0 14 1 4668
0 14 2 1633
0 14 3 3260
0 14 4 3292
0 14 5 3925
0 14 6 3861
0 14 7 1745
0 14 8 2312
0 14 9 6134
0 14 10 4312
0 14 11 2438
0 14 12 4593
0 14 13 2595
0 14 14 0
0 14 15 5542
0 14 16 3914
0 14 17 3451
0 15 0 0
0 15 1 8352
0 15 2 5104
0 15 3 4267
0 15 4 7465
0 15 5 4757
0 15 6 7086
0 15 7 4254
0 15 8 5971
0 15 9 4326
0 15 10 6970
0 15 11 5936
0 15 12 7237
0 15 13 7448
0 15 14 5915
0 15 15 0
0 15 16 7448
0 15 17 5021
0 16 0 0
0 16 1 4643
0 16 2 8123
0 16 3 5479
0 16 4 6062
0 16 5 7158
0 16 6 5534
0 16 7 4632
0 16 8 5314
0 16 9 7319
0 16 10 5693
0 16 11 7142
0 16 12 5165
0 16 13 5512
0 16 14 7776
0 16 15 4900
0 16 16 0
0 16 17 6778
0 17 0 0
0 17 1 1995
0 17 2 1160
0 17 3 632
0 17 4 3611
0 17 5 4145
0 17 6 1243
0 17 7 3897
0 17 8 4449
0 17 9 863
0 17 10 5170
0 17 11 3965
0 17 12 2185
0 17 13 727
0 17 14 942
0 17 15 3267
0 17 16 2757
0 17 17 0
1 0 0 0
1 0 1 0
1 0 2 4275
1 0 3 3344
1 0 4 2116
1 0 5 2417
1 0 6 889
1 0 7 500
1 0 8 4161
1 0 9 1802
1 0 10 3643
1 0 11 5436
1 0 12 2612
1 0 13 721
1 0 14 1703
1 0 15 3934
1 0 16 3915
1 0 17 682
1 1 0 0
1 1 1 0
1 1 2 0
1 1 3 0
1 1 4 0
1 1 5 0
1 1 6 0
1 1 7 0
1 1 8 0
1 1 9 0
1 1 10 0
1 1 11 0
1 1 12 0
1 1 13 0
1 1 14 0
1 1 15 0
1 1 16 0
1 1 17 0
1 2 0 6312
1 2 1 0
1 2 2 0
1 2 3 7639
1 2 4 4712
1 2 5 8608
1 2 6 9240
1 2 7 8696
1 2 8 7587
1 2 9 6364
1 2 10 6647
1 2 11 6963
1 2 12 5515
1 2 13 6780
1 2 14 6917
1 2 15 7564
1 2 16 8093
1 2 17 5239
1 3 0 6894
1 3 1 0
1 3 2 8872
1 3 3 0
1 3 4 8771
1 3 5 7853
1 3 6 8477
1 3 7 6846
1 3 8 9125
1 3 9 6492
1 3 10 6740
1 3 11 5913
1 3 12 8194
1 3 13 7992
1 3 14 8551
1 3 15 9673
1 3 16 7822
1 3 17 5494
1 4 0 2335
1 4 1 0
1 4 2 5065
1 4 3 6978
1 4 4 0
1 4 5 5140
1 4 6 2926
1 4 7 2147
1 4 8 5032
1 4 9 6492
1 4 10 5615
1 4 11 4101
1 4 12 5609
1 4 13 6074
1 4 14 3449
1 4 15 6428
1 4 16 5803
1 4 17 7079
1 5 0 6447
1 5 1 0
1 5 2 7403
1 5 3 7526
1 5 4 3542
1 5 5 0
1 5 6 3579
1 5 7 3920
1 5 8 4404
1 5 9 2820
1 5 10 7036
1 5 11 3747
1 5 12 5414
1 5 13 5130
1 5 14 6948
1 5 15 4666
1 5 16 6663
1 5 17 5244
1 6 0 3625
1 6 1 0
1 6 2 4577
1 6 3 2875
1 6 4 4781
1 6 5 2797
1 6 6 0
1 6 7 4571
1 6 8 5184
1 6 9 5101
1 6 10 5293
1 6 11 2308
1 6 12 6730
1 6 13 2853
1 6 14 6250
1 6 15 2247
1 6 16 6198
1 6 17 6490
1 7 0 2433
1 7 1 0
1 7 2 8951
1 7 3 8690
1 7 4 6014
1 7 5 7016
1 7 6 7575
1 7 7 0
1 7 8 7019
1 7 9 8571
1 7 10 5313
1 7 11 8022
1 7 12 5690
1 7 13 5950
1 7 14 7730
1 7 15 8669
1 7 16 4032
1 7 17 7931
1 8 0 6204
1 8 1 0
1 8 2 5612
1 8 3 5916
1 8 4 5834
1 8 5 6723
1 8 6 8965
1 8 7 6642
1 8 8 0
1 8 9 7141
1 8 10 6968
1 8 11 5871
1 8 12 8430
1 8 13 9257
1 8 14 7123
1 8 15 5517
1 8 16 9810
1 8 17 6240
1 9 0 3081
1 9 1 0
1 9 2 2880
1 9 3 4536
1 9 4 6424
1 9 5 5150
1 9 6 3240
1 9 7 2024
1 9 8 1994
1 9 9 0
1 9 10 2049
1 9 11 4012
1 9 12 4490
1 9 13 5651
1 9 14 2954
1 9 15 5015
1 9 16 6233
1 9 17 2325
1 10 0 7997
1 10 1 0
1 10 2 6435
1 10 3 6098
1 10 4 7362
1 10 5 5938
1 10 6 6055
1 10 7 4756
1 10 8 5047
1 10 9 6890
1 10 10 0
1 10 11 5454
1 10 12 6226
1 10 13 4536
1 10 14 4780
1 10 15 4402
1 10 16 4488
1 10 17 4840
1 11 0 6614
1 11 1 0
1 11 2 4560
1 11 3 4104
1 11 4 1563
1 11 5 2259
1 11 6 3567
1 11 7 3976
1 11 8 5605
1 11 9 5812
1 11 10 6537
1 11 11 0
1 11 12 3179
1 11 13 3102
1 11 14 5553
1 11 15 2802
1 11 16 5066
1 11 17 4655
1 12 0 4389
1 12 1 0
1 12 2 4203
1 12 3 4473
1 12 4 4079
1 12 5 5302
1 12 6 3013
1 12 7 1112
1 12 8 3678
1 12 9 5253
1 12 10 3046
1 12 11 4506
1 12 12 0
1 12 13 2117
1 12 14 4641
1 12 15 965
1 12 16 2258
1 12 17 1736
1 13 0 4353
1 13 1 0
1 13 2 6058
1 13 3 4884
1 13 4 4348
1 13 5 4736
1 13 6 8630
1 13 7 6498
1 13 8 8777
1 13 9 4932
1 13 10 4923
1 13 11 7869
1 13 12 4261
1 13 13 0
1 13 14 4899
1 13 15 9034
1 13 16 8360
1 13 17 5400
1 14 0 4668
1 14 1 0
1 14 2 2676
1 14 3 4303
1 14 4 4335
1 14 5 4968
1 14 6 4904
1 14 7 2788
1 14 8 3355
1 14 9 7177
1 14 10 5355
1 14 11 3481
1 14 12 5636
1 14 13 3638
1 14 14 0
1 14 15 6585
1 14 16 4957
1 14 17 4494
1 15 0 8352
1 15 1 0
1 15 2 2754
1 15 3 1917
1 15 4 5115
1 15 5 2407
1 15 6 4736
1 15 7 1904
1 15 8 3621
1 15 9 1976
1 15 10 4620
1 15 11 3586
1 15 12 4887
1 15 13 5098
1 15 14 3565
1 15 15 0
1 15 16 5098
1 15 17 2671
1 16 0 4643
1 16 1 0
1 16 2 7457
1 16 3 4813
1 16 4 5396
1 16 5 6492
1 16 6 4868
1 16 7 3966
1 16 8 4648
1 16 9 6653
1 16 10 5027
1 16 11 6476
1 16 12 4499
1 16 13 4846
1 16 14 7110
1 16 15 4234
1 16 16 0
1 16 17 6112
1 17 0 1995
1 17 1 0
1 17 2 3637
1 17 3 3109
1 17 4 6088
1 17 5 6622
1 17 6 3720
1 17 7 6374
1 17 8 6926
1 17 9 3340
1 17 10 7647
1 17 11 6442
1 17 12 4662
1 17 13 3204
1 17 14 3419
1 17 15 5744
1 17 16 5234
1 17 17 0
2 0 0 0
2 0 1 4275
2 0 2 0
2 0 3 6826
2 0 4 5598
2 0 5 5899
2 0 6 4371
2 0 7 3982
2 0 8 7643
2 0 9 5284
2 0 10 7125
2 0 11 8918
2 0 12 6094
2 0 13 4203
2 0 14 5185
2 0 15 7416
2 0 16 7397
2 0 17 4164
2 1 0 8776
2 1 1 0
2 1 2 0
2 1 3 7343
2 1 4 4664
2 1 5 5289
2 1 6 4289
2 1 7 6514
2 1 8 7377
2 1 9 4357
2 1 10 6729
2 1 11 4066
2 1 12 3044
2 1 13 6638
2 1 14 4783
2 1 15 3621
2 1 16 5286
2 1 17 5196
2 2 0 0
2 2 1 0
2 2 2 0
2 2 3 0
2 2 4 0
2 2 5 0
2 2 6 0
2 2 7 0
2 2 8 0
2 2 9 0
2 2 10 0
2 2 11 0
2 2 12 0
2 2 13 0
2 2 14 0
2 2 15 0
2 2 16 0
2 2 17 0
2 3 0 6910
2 3 1 8872
2 3 2 0
2 3 3 0
2 3 4 6892
2 3 5 5974
2 3 6 6598
2 3 7 4967
2 3 8 7246
2 3 9 4613
2 3 10 4861
2 3 11 4034
2 3 12 6315
2 3 13 6113
2 3 14 6672
2 3 15 7794
2 3 16 5943
2 3 17 3615
2 4 0 4554
2 4 1 5065
2 4 2 0
2 4 3 4851
2 4 4 0
2 4 5 3013
2 4 6 799
2 4 7 20
2 4 8 2905
2 4 9 4365
2 4 10 3488
2 4 11 1974
2 4 12 3482
2 4 13 3947
2 4 14 1322
2 4 15 4301
2 4 16 3676
2 4 17 4952
2 5 0 6568
2 5 1 7403
2 5 2 0
2 5 3 8670
2 5 4 4686
2 5 5 0
2 5 6 4723
2 5 7 5064
2 5 8 5548
2 5 9 3964
2 5 10 8180
2 5 11 4891
2 5 12 6558
2 5 13 6274
2 5 14 8092
2 5 15 5810
2 5 16 7807
2 5 17 6388
2 6 0 3214
2 6 1 4577
2 6 2 0
2 6 3 5651
2 6 4 7557
2 6 5 5573
2 6 6 0
2 6 7 7347
2 6 8 7960
2 6 9 7877
2 6 10 8069
2 6 11 5084
2 6 12 9506
2 6 13 5629
2 6 14 9026
2 6 15 5023
2 6 16 8974
2 6 17 9266
2 7 0 4974
2 7 1 8951
2 7 2 0
2 7 3 8697
2 7 4 6021
2 7 5 7023
2 7 6 7582
2 7 7 0
2 7 8 7026
2 7 9 8578
2 7 10 5320
2 7 11 8029
2 7 12 5697
2 7 13 5957
2 7 14 7737
2 7 15 8676
2 7 16 4039
2 7 17 7938
2 8 0 4433
2 8 1 5612
2 8 2 0
2 8 3 3951
2 8 4 3869
2 8 5 4758
2 8 6 7000
2 8 7 4677
2 8 8 0
2 8 9 5176
2 8 10 5003
2 8 11 3906
2 8 12 6465
2 8 13 7292
2 8 14 5158
2 8 15 3552
2 8 16 7845
2 8 17 4275
2 9 0 2362
2 9 1 2880
2 9 2 0
2 9 3 4368
2 9 4 6256
2 9 5 4982
2 9 6 3072
2 9 7 1856
2 9 8 1826
2 9 9 0
2 9 10 1881
2 9 11 3844
2 9 12 4322
2 9 13 5483
2 9 14 2786
2 9 15 4847
2 9 16 6065
2 9 17 2157
2 10 0 5386
2 10 1 6435
2 10 2 0
2 10 3 3841
2 10 4 5105
2 10 5 3681
2 10 6 3798
2 10 7 2499
2 10 8 2790
2 10 9 4633
2 10 10 0
2 10 11 3197
2 10 12 3969
2 10 13 2279
2 10 14 2523
2 10 15 2145
2 10 16 2231
2 10 17 2583
2 11 0 7967
2 11 1 4560
2 11 2 0
2 11 3 4826
2 11 4 2285
2 11 5 2981
2 11 6 4289
2 11 7 4698
2 11 8 6327
2 11 9 6534
2 11 10 7259
2 11 11 0
2 11 12 3901
2 11 13 3824
2 11 14 6275
2 11 15 3524
2 11 16 5788
2 11 17 5377
2 12 0 5808
2 12 1 4203
2 12 2 0
2 12 3 4769
2 12 4 4375
2 12 5 5598
2 12 6 3309
2 12 7 1408
2 12 8 3974
2 12 9 5549
2 12 10 3342
2 12 11 4802
2 12 12 0
2 12 13 2413
2 12 14 4937
2 12 15 1261
2 12 16 2554
2 12 17 2032
2 13 0 2178
2 13 1 6058
2 13 2 0
2 13 3 2851
2 13 4 2315
2 13 5 2703
2 13 6 6597
2 13 7 4465
2 13 8 6744
2 13 9 2899
2 13 10 2890
2 13 11 5836
2 13 12 2228
2 13 13 0
2 13 14 2866
2 13 15 7001
2 13 16 6327
2 13 17 3367
2 14 0 1633
2 14 1 2676
2 14 2 0
2 14 3 4262
2 14 4 4294
2 14 5 4927
2 14 6 4863
2 14 7 2747
2 14 8 3314
2 14 9 7136
2 14 10 5314
2 14 11 3440
2 14 12 5595
2 14 13 3597
2 14 14 0
2 14 15 6544
2 14 16 4916
2 14 17 4453
2 15 0 5104
2 15 1 2754
2 15 2 0
2 15 3 3685
2 15 4 6883
2 15 5 4175
2 15 6 6504
2 15 7 3672
2 15 8 5389
2 15 9 3744
2 15 10 6388
2 15 11 5354
2 15 12 6655
2 15 13 6866
2 15 14 5333
2 15 15 0
2 15 16 6866
2 15 17 4439
2 16 0 8123
2 16 1 7457
2 16 2 0
2 16 3 5445
2 16 4 6028
2 16 5 7124
2 16 6 5500
2 16 7 4598
2 16 8 5280
2 16 9 7285
2 16 10 5659
2 16 11 7108
2 16 12 5131
2 16 13 5478
2 16 14 7742
2 16 15 4866
2 16 16 0
2 16 17 6744
2 17 0 1160
2 17 1 3637
2 17 2 0
2 17 3 977
2 17 4 3956
2 17 5 4490
2 17 6 1588
2 17 7 4242
2 17 8 4794
2 17 9 1208
2 17 10 5515
2 17 11 4310
2 17 12 2530
2 17 13 1072
2 17 14 1287
2 17 15 3612
2 17 16 3102
2 17 17 0
3 0 0 0
3 0 1 3344
3 0 2 6826
3 0 3 0
3 0 4 3422
3 0 5 3723
3 0 6 2195
3 0 7 1806
3 0 8 5467
3 0 9 3108
3 0 10 4949
3 0 11 6742
3 0 12 3918
3 0 13 2027
3 0 14 3009
3 0 15 5240
3 0 16 5221
3 0 17 1988
3 1 0 8890
3 1 1 0
3 1 2 7343
3 1 3 0
3 1 4 6177
3 1 5 6802
3 1 6 5802
3 1 7 8027
3 1 8 8890
3 1 9 5870
3 1 10 8242
3 1 11 5579
3 1 12 4557
3 1 13 8151
3 1 14 6296
3 1 15 5134
3 1 16 6799
3 1 17 6709
3 2 0 6722
3 2 1 7639
3 2 2 0
3 2 3 0
3 2 4 4066
3 2 5 7962
3 2 6 8594
3 2 7 8050
3 2 8 6941
3 2 9 5718
3 2 10 6001
3 2 11 6317
3 2 12 4869
3 2 13 6134
3 2 14 6271
3 2 15 6918
3 2 16 7447
3 2 17 4593
3 3 0 0
3 3 1 0
3 3 2 0
3 3 3 0
3 3 4 0
3 3 5 0
3 3 6 0
3 3 7 0
3 3 8 0
3 3 9 0
3 3 10 0
3 3 11 0
3 3 12 0
3 3 13 0
3 3 14 0
3 3 15 0
3 3 16 0
3 3 17 0
3 4 0 6467
3 4 1 6978
3 4 2 4851
3 4 3 0
3 4 4 0
3 4 5 6958
3 4 6 4744
3 4 7 3965
3 4 8 6850
3 4 9 8310
3 4 10 7433
3 4 11 5919
3 4 12 7427
3 4 13 7892
3 4 14 5267
3 4 15 8246
3 4 16 7621
3 4 17 8897
3 5 0 6691
3 5 1 7526
3 5 2 8670
3 5 3 0
3 5 4 3817
3 5 5 0
3 5 6 3854
3 5 7 4195
3 5 8 4679
3 5 9 3095
3 5 10 7311
3 5 11 4022
3 5 12 5689
3 5 13 5405
3 5 14 7223
3 5 15 4941
3 5 16 6938
3 5 17 5519
3 6 0 1512
3 6 1 2875
3 6 2 5651
3 6 3 0
3 6 4 6680
3 6 5 4696
3 6 6 0
3 6 7 6470
3 6 8 7083
3 6 9 7000
3 6 10 7192
3 6 11 4207
3 6 12 8629
3 6 13 4752
3 6 14 8149
3 6 15 4146
3 6 16 8097
3 6 17 8389
3 7 0 4713
3 7 1 8690
3 7 2 8697
3 7 3 0
3 7 4 4057
3 7 5 5059
3 7 6 5618
3 7 7 0
3 7 8 5062
3 7 9 6614
3 7 10 3356
3 7 11 6065
3 7 12 3733
3 7 13 3993
3 7 14 5773
3 7 15 6712
3 7 16 2075
3 7 17 5974
3 8 0 4737
3 8 1 5916
3 8 2 3951
3 8 3 0
3 8 4 5293
3 8 5 6182
3 8 6 8424
3 8 7 6101
3 8 8 0
3 8 9 6600
3 8 10 6427
3 8 11 5330
3 8 12 7889
3 8 13 8716
3 8 14 6582
3 8 15 4976
3 8 16 9269
3 8 17 5699
3 9 0 4018
3 9 1 4536
3 9 2 4368
3 9 3 0
3 9 4 6270
3 9 5 4996
3 9 6 3086
3 9 7 1870
3 9 8 1840
3 9 9 0
3 9 10 1895
3 9 11 3858
3 9 12 4336
3 9 13 5497
3 9 14 2800
3 9 15 4861
3 9 16 6079
3 9 17 2171
3 10 0 5049
3 10 1 6098
3 10 2 3841
3 10 3 0
3 10 4 5084
3 10 5 3660
3 10 6 3777
3 10 7 2478
3 10 8 2769
3 10 9 4612
3 10 10 0
3 10 11 3176
3 10 12 3948
3 10 13 2258
3 10 14 2502
3 10 15 2124
3 10 16 2210
3 10 17 2562
3 11 0 7511
3 11 1 4104
3 11 2 4826
3 11 3 0
3 11 4 1121
3 11 5 1817
3 11 6 3125
3 11 7 3534
3 11 8 5163
3 11 9 5370
3 11 10 6095
3 11 11 0
3 11 12 2737
3 11 13 2660
3 11 14 5111
3 11 15 2360
3 11 16 4624
3 11 17 4213
3 12 0 6078
3 12 1 4473
3 12 2 4769
3 12 3 0
3 12 4 6940
3 12 5 8163
3 12 6 5874
3 12 7 3973
3 12 8 6539
3 12 9 8114
3 12 10 5907
3 12 11 7367
3 12 12 0
3 12 13 4978
3 12 14 7502
3 12 15 3826
3 12 16 5119
3 12 17 4597
3 13 0 1004
3 13 1 4884
3 13 2 2851
3 13 3 0
3 13 4 3413
3 13 5 3801
3 13 6 7695
3 13 7 5563
3 13 8 7842
3 13 9 3997
3 13 10 3988
3 13 11 6934
3 13 12 3326
3 13 13 0
3 13 14 3964
3 13 15 8099
3 13 16 7425
3 13 17 4465
3 14 0 3260
3 14 1 4303
3 14 2 4262
3 14 3 0
3 14 4 5814
3 14 5 6447
3 14 6 6383
3 14 7 4267
3 14 8 4834
3 14 9 8656
3 14 10 6834
3 14 11 4960
3 14 12 7115
3 14 13 5117
3 14 14 0
3 14 15 8064
3 14 16 6436
3 14 17 5973
3 15 0 4267
3 15 1 1917
3 15 2 3685
3 15 3 0
3 15 4 8878
3 15 5 6170
3 15 6 8499
3 15 7 5667
3 15 8 7384
3 15 9 5739
3 15 10 8383
3 15 11 7349
3 15 12 8650
3 15 13 8861
3 15 14 7328
3 15 15 0
3 15 16 8861
3 15 17 6434
3 16 0 5479
3 16 1 4813
3 16 2 5445
3 16 3 0
3 16 4 5643
3 16 5 6739
3 16 6 5115
3 16 7 4213
3 16 8 4895
3 16 9 6900
3 16 10 5274
3 16 11 6723
3 16 12 4746
3 16 13 5093
3 16 14 7357
3 16 15 4481
3 16 16 0
3 16 17 6359
3 17 0 632
3 17 1 3109
3 17 2 977
3 17 3 0
3 17 4 4097
3 17 5 4631
3 17 6 1729
3 17 7 4383
3 17 8 4935
3 17 9 1349
3 17 10 5656
3 17 11 4451
3 17 12 2671
3 17 13 1213
3 17 14 1428
3 17 15 3753
3 17 16 3243
3 17 17 0
4 0 0 0
4 0 1 2116
4 0 2 5598
4 0 3 3422
4 0 4 0
4 0 5 5558
4 0 6 4030
4 0 7 3641
4 0 8 7302
4 0 9 4943
4 0 10 6784
4 0 11 8577
4 0 12 5753
4 0 13 3862
4 0 14 4844
4 0 15 7075
4 0 16 7056
4 0 17 3823
4 1 0 6211
4 1 1 0
4 1 2 4664
4 1 3 6177
4 1 4 0
4 1 5 3471
4 1 6 2471
4 1 7 4696
4 1 8 5559
4 1 9 2539
4 1 10 4911
4 1 11 2248
4 1 12 1226
4 1 13 4820
4 1 14 2965
4 1 15 1803
4 1 16 3468
4 1 17 3378
4 2 0 3795
4 2 1 4712
4 2 2 0
4 2 3 4066
4 2 4 0
4 2 5 6834
4 2 6 7466
4 2 7 6922
4 2 8 5813
4 2 9 4590
4 2 10 4873
4 2 11 5189
4 2 12 3741
4 2 13 5006
4 2 14 5143
4 2 15 5790
4 2 16 6319
4 2 17 3465
4 3 0 6809
4 3 1 8771
4 3 2 6892
4 3 3 0
4 3 4 0
4 3 5 7878
4 3 6 8502
4 3 7 6871
4 3 8 9150
4 3 9 6517
4 3 10 6765
4 3 11 5938
4 3 12 8219
4 3 13 8017
4 3 14 8576
4 3 15 9698
4 3 16 7847
4 3 17 5519
4 4 0 0
4 4 1 0
4 4 2 0
4 4 3 0
4 4 4 0
4 4 5 0
4 4 6 0
4 4 7 0
4 4 8 0
4 4 9 0
4 4 10 0
4 4 11 0
4 4 12 0
4 4 13 0
4 4 14 0
4 4 15 0
4 4 16 0
4 4 17 0
4 5 0 2707
4 5 1 3542
4 5 2 4686
4 5 3 3817
4 5 4 0
4 5 5 0
4 5 6 3820
4 5 7 4161
4 5 8 4645
4 5 9 3061
4 5 10 7277
4 5 11 3988
4 5 12 5655
4 5 13 5371
4 5 14 7189
4 5 15 4907
4 5 16 6904
4 5 17 5485
4 6 0 3418
4 6 1 4781
4 6 2 7557
4 6 3 6680
4 6 4 0
4 6 5 1824
4 6 6 0
4 6 7 3598
4 6 8 4211
4 6 9 4128
4 6 10 4320
4 6 11 1335
4 6 12 5757
4 6 13 1880
4 6 14 5277
4 6 15 1274
4 6 16 5225
4 6 17 5517
4 7 0 2037
4 7 1 6014
4 7 2 6021
4 7 3 4057
4 7 4 0
4 7 5 3039
4 7 6 3598
4 7 7 0
4 7 8 3042
4 7 9 4594
4 7 10 1336
4 7 11 4045
4 7 12 1713
4 7 13 1973
4 7 14 3753
4 7 15 4692
4 7 16 55
4 7 17 3954
4 8 0 4655
4 8 1 5834
4 8 2 3869
4 8 3 5293
4 8 4 0
4 8 5 4768
4 8 6 7010
4 8 7 4687
4 8 8 0
4 8 9 5186
4 8 10 5013
4 8 11 3916
4 8 12 6475
4 8 13 7302
4 8 14 5168
4 8 15 3562
4 8 16 7855
4 8 17 4285
4 9 0 5906
4 9 1 6424
4 9 2 6256
4 9 3 6270
4 9 4 0
4 9 5 7675
4 9 6 5765
4 9 7 4549
4 9 8 4519
4 9 9 0
4 9 10 4574
4 9 11 6537
4 9 12 7015
4 9 13 8176
4 9 14 5479
4 9 15 7540
4 9 16 8758
4 9 17 4850
4 10 0 6313
4 10 1 7362
4 10 2 5105
4 10 3 5084
4 10 4 0
4 10 5 5214
4 10 6 5331
4 10 7 4032
4 10 8 4323
4 10 9 6166
4 10 10 0
4 10 11 4730
4 10 12 5502
4 10 13 3812
4 10 14 4056
4 10 15 3678
4 10 16 3764
4 10 17 4116
4 11 0 4970
4 11 1 1563
4 11 2 2285
4 11 3 1121
4 11 4 0
4 11 5 2684
4 11 6 3992
4 11 7 4401
4 11 8 6030
4 11 9 6237
4 11 10 6962
4 11 11 0
4 11 12 3604
4 11 13 3527
4 11 14 5978
4 11 15 3227
4 11 16 5491
4 11 17 5080
4 12 0 5684
4 12 1 4079
4 12 2 4375
4 12 3 6940
4 12 4 0
4 12 5 8257
4 12 6 5968
4 12 7 4067
4 12 8 6633
4 12 9 8208
4 12 10 6001
4 12 11 7461
4 12 12 0
4 12 13 5072
4 12 14 7596
4 12 15 3920
4 12 16 5213
4 12 17 4691
4 13 0 468
4 13 1 4348
4 13 2 2315
4 13 3 3413
4 13 4 0
4 13 5 4562
4 13 6 8456
4 13 7 6324
4 13 8 8603
4 13 9 4758
4 13 10 4749
4 13 11 7695
4 13 12 4087
4 13 13 0
4 13 14 4725
4 13 15 8860
4 13 16 8186
4 13 17 5226
4 14 0 3292
4 14 1 4335
4 14 2 4294
4 14 3 5814
4 14 4 0
4 14 5 4024
4 14 6 3960
4 14 7 1844
4 14 8 2411
4 14 9 6233
4 14 10 4411
4 14 11 2537
4 14 12 4692
4 14 13 2694
4 14 14 0
4 14 15 5641
4 14 16 4013
4 14 17 3550
4 15 0 7465
4 15 1 5115
4 15 2 6883
4 15 3 8878
4 15 4 0
4 15 5 5604
4 15 6 7933
4 15 7 5101
4 15 8 6818
4 15 9 5173
4 15 10 7817
4 15 11 6783
4 15 12 8084
4 15 13 8295
4 15 14 6762
4 15 15 0
4 15 16 8295
4 15 17 5868
4 16 0 6062
4 16 1 5396
4 16 2 6028
4 16 3 5643
4 16 4 0
4 16 5 7399
4 16 6 5775
4 16 7 4873
4 16 8 5555
4 16 9 7560
4 16 10 5934
4 16 11 7383
4 16 12 5406
4 16 13 5753
4 16 14 8017
4 16 15 5141
4 16 16 0
4 16 17 7019
4 17 0 3611
4 17 1 6088
4 17 2 3956
4 17 3 4097
4 17 4 0
4 17 5 8895
4 17 6 5993
4 17 7 8647
4 17 8 9199
4 17 9 5613
4 17 10 9920
4 17 11 8715
4 17 12 6935
4 17 13 5477
4 17 14 5692
4 17 15 8017
4 17 16 7507
4 17 17 0
5 0 0 0
5 0 1 2417
5 0 2 5899
5 0 3 3723
5 0 4 5558
5 0 5 0
5 0 6 949
5 0 7 560
5 0 8 4221
5 0 9 1862
5 0 10 3703
5 0 11 5496
5 0 12 2672
5 0 13 781
5 0 14 1763
5 0 15 3994
5 0 16 3975
5 0 17 742
5 1 0 6836
5 1 1 0
5 1 2 5289
5 1 3 6802
5 1 4 3471
5 1 5 0
5 1 6 6282
5 1 7 8507
5 1 8 9370
5 1 9 6350
5 1 10 8722
5 1 11 6059
5 1 12 5037
5 1 13 8631
5 1 14 6776
5 1 15 5614
5 1 16 7279
5 1 17 7189
5 2 0 7691
5 2 1 8608
5 2 2 0
5 2 3 7962
5 2 4 6834
5 2 5 0
5 2 6 9179
5 2 7 8635
5 2 8 7526
5 2 9 6303
5 2 10 6586
5 2 11 6902
5 2 12 5454
5 2 13 6719
5 2 14 6856
5 2 15 7503
5 2 16 8032
5 2 17 5178
5 3 0 5891
5 3 1 7853
5 3 2 5974
5 3 3 0
5 3 4 7878
5 3 5 0
5 3 6 8425
5 3 7 6794
5 3 8 9073
5 3 9 6440
5 3 10 6688
5 3 11 5861
5 3 12 8142
5 3 13 7940
5 3 14 8499
5 3 15 9621
5 3 16 7770
5 3 17 5442
5 4 0 4629
5 4 1 5140
5 4 2 3013
5 4 3 6958
5 4 4 0
5 4 5 0
5 4 6 1569
5 4 7 790
5 4 8 3675
5 4 9 5135
5 4 10 4258
5 4 11 2744
5 4 12 4252
5 4 13 4717
5 4 14 2092
5 4 15 5071
5 4 16 4446
5 4 17 5722
5 5 0 0
5 5 1 0
5 5 2 0
5 5 3 0
5 5 4 0
5 5 5 0
5 5 6 0
5 5 7 0
5 5 8 0
5 5 9 0
5 5 10 0
5 5 11 0
5 5 12 0
5 5 13 0
5 5 14 0
5 5 15 0
5 5 16 0
5 5 17 0
5 6 0 1434
5 6 1 2797
5 6 2 5573
5 6 3 4696
5 6 4 1824
5 6 5 0
5 6 6 0
5 6 7 3626
5 6 8 4239
5 6 9 4156
5 6 10 4348
5 6 11 1363
5 6 12 5785
5 6 13 1908
5 6 14 5305
5 6 15 1302
5 6 16 5253
5 6 17 5545
5 7 0 3039
5 7 1 7016
5 7 2 7023
5 7 3 5059
5 7 4 3039
5 7 5 0
5 7 6 4746
5 7 7 0
5 7 8 4190
5 7 9 5742
5 7 10 2484
5 7 11 5193
5 7 12 2861
5 7 13 3121
5 7 14 4901
5 7 15 5840
5 7 16 1203
5 7 17 5102
5 8 0 5544
5 8 1 6723
5 8 2 4758
5 8 3 6182
5 8 4 4768
5 8 5 0
5 8 6 5757
5 8 7 3434
5 8 8 0
5 8 9 3933
5 8 10 3760
5 8 11 2663
5 8 12 5222
5 8 13 6049
5 8 14 3915
5 8 15 2309
5 8 16 6602
5 8 17 3032
5 9 0 4632
5 9 1 5150
5 9 2 4982
5 9 3 4996
5 9 4 7675
5 9 5 0
5 9 6 1468
5 9 7 252
5 9 8 222
5 9 9 0
5 9 10 277
5 9 11 2240
5 9 12 2718
5 9 13 3879
5 9 14 1182
5 9 15 3243
5 9 16 4461
5 9 17 553
5 10 0 4889
5 10 1 5938
5 10 2 3681
5 10 3 3660
5 10 4 5214
5 10 5 0
5 10 6 6127
5 10 7 4828
5 10 8 5119
5 10 9 6962
5 10 10 0
5 10 11 5526
5 10 12 6298
5 10 13 4608
5 10 14 4852
5 10 15 4474
5 10 16 4560
5 10 17 4912
5 11 0 5666
5 11 1 2259
5 11 2 2981
5 11 3 1817
5 11 4 2684
5 11 5 0
5 11 6 3013
5 11 7 3422
5 11 8 5051
5 11 9 5258
5 11 10 5983
5 11 11 0
5 11 12 2625
5 11 13 2548
5 11 14 4999
5 11 15 2248
5 11 16 4512
5 11 17 4101
5 12 0 6907
5 12 1 5302
5 12 2 5598
5 12 3 8163
5 12 4 8257
5 12 5 0
5 12 6 5148
5 12 7 3247
5 12 8 5813
5 12 9 7388
5 12 10 5181
5 12 11 6641
5 12 12 0
5 12 13 4252
5 12 14 6776
5 12 15 3100
5 12 16 4393
5 12 17 3871
5 13 0 856
5 13 1 4736
5 13 2 2703
5 13 3 3801
5 13 4 4562
5 13 5 0
5 13 6 6887
5 13 7 4755
5 13 8 7034
5 13 9 3189
5 13 10 3180
5 13 11 6126
5 13 12 2518
5 13 13 0
5 13 14 3156
5 13 15 7291
5 13 16 6617
5 13 17 3657
5 14 0 3925
5 14 1 4968
5 14 2 4927
5 14 3 6447
5 14 4 4024
5 14 5 0
5 14 6 6834
5 14 7 4718
5 14 8 5285
5 14 9 9107
5 14 10 7285
5 14 11 5411
5 14 12 7566
5 14 13 5568
5 14 14 0
5 14 15 8515
5 14 16 6887
5 14 17 6424
5 15 0 4757
5 15 1 2407
5 15 2 4175
5 15 3 6170
5 15 4 5604
5 15 5 0
5 15 6 5546
5 15 7 2714
5 15 8 4431
5 15 9 2786
5 15 10 5430
5 15 11 4396
5 15 12 5697
5 15 13 5908
5 15 14 4375
5 15 15 0
5 15 16 5908
5 15 17 3481
5 16 0 7158
5 16 1 6492
5 16 2 7124
5 16 3 6739
5 16 4 7399
5 16 5 0
5 16 6 6010
5 16 7 5108
5 16 8 5790
5 16 9 7795
5 16 10 6169
5 16 11 7618
5 16 12 5641
5 16 13 5988
5 16 14 8252
5 16 15 5376
5 16 16 0
5 16 17 7254
5 17 0 4145
5 17 1 6622
5 17 2 4490
5 17 3 4631
5 17 4 8895
5 17 5 0
5 17 6 3533
5 17 7 6187
5 17 8 6739
5 17 9 3153
5 17 10 7460
5 17 11 6255
5 17 12 4475
5 17 13 3017
5 17 14 3232
5 17 15 5557
5 17 16 5047
5 17 17 0
6 0 0 0
6 0 1 889
6 0 2 4371
6 0 3 2195
6 0 4 4030
6 0 5 949
6 0 6 0
6 0 7 3663
6 0 8 7324
6 0 9 4965
6 0 10 6806
6 0 11 8599
6 0 12 5775
6 0 13 3884
6 0 14 4866
6 0 15 7097
6 0 16 7078
6 0 17 3845
6 1 0 5836
6 1 1 0
6 1 2 4289
6 1 3 5802
6 1 4 2471
6 1 5 6282
6 1 6 0
6 1 7 7213
6 1 8 8076
6 1 9 5056
6 1 10 7428
6 1 11 4765
6 1 12 3743
6 1 13 7337
6 1 14 5482
6 1 15 4320
6 1 16 5985
6 1 17 5895
6 2 0 8323
6 2 1 9240
6 2 2 0
6 2 3 8594
6 2 4 7466
6 2 5 9179
6 2 6 0
6 2 7 6809
6 2 8 5700
6 2 9 4477
6 2 10 4760
6 2 11 5076
6 2 12 3628
6 2 13 4893
6 2 14 5030
6 2 15 5677
6 2 16 6206
6 2 17 3352
6 3 0 6515
6 3 1 8477
6 3 2 6598
6 3 3 0
6 3 4 8502
6 3 5 8425
6 3 6 0
6 3 7 3143
6 3 8 5422
6 3 9 2789
6 3 10 3037
6 3 11 2210
6 3 12 4491
6 3 13 4289
6 3 14 4848
6 3 15 5970
6 3 16 4119
6 3 17 1791
6 4 0 2415
6 4 1 2926
6 4 2 799
6 4 3 4744
6 4 4 0
6 4 5 1569
6 4 6 0
6 4 7 3029
6 4 8 5914
6 4 9 7374
6 4 10 6497
6 4 11 4983
6 4 12 6491
6 4 13 6956
6 4 14 4331
6 4 15 7310
6 4 16 6685
6 4 17 7961
6 5 0 2744
6 5 1 3579
6 5 2 4723
6 5 3 3854
6 5 4 3820
6 5 5 0
6 5 6 0
6 5 7 2193
6 5 8 2677
6 5 9 1093
6 5 10 5309
6 5 11 2020
6 5 12 3687
6 5 13 3403
6 5 14 5221
6 5 15 2939
6 5 16 4936
6 5 17 3517
6 6 0 0
6 6 1 0
6 6 2 0
6 6 3 0
6 6 4 0
6 6 5 0
6 6 6 0
6 6 7 0
6 6 8 0
6 6 9 0
6 6 10 0
6 6 11 0
6 6 12 0
6 6 13 0
6 6 14 0
6 6 15 0
6 6 16 0
6 6 17 0
6 7 0 3598
6 7 1 7575
6 7 2 7582
6 7 3 5618
6 7 4 3598
6 7 5 4746
6 7 6 0
6 7 7 0
6 7 8 5841
6 7 9 7393
6 7 10 4135
6 7 11 6844
6 7 12 4512
6 7 13 4772
6 7 14 6552
6 7 15 7491
6 7 16 2854
6 7 17 6753
6 8 0 7786
6 8 1 8965
6 8 2 7000
6 8 3 8424
6 8 4 7010
6 8 5 5757
6 8 6 0
6 8 7 5214
6 8 8 0
6 8 9 5713
6 8 10 5540
6 8 11 4443
6 8 12 7002
6 8 13 7829
6 8 14 5695
6 8 15 4089
6 8 16 8382
6 8 17 4812
6 9 0 2722
6 9 1 3240
6 9 2 3072
6 9 3 3086
6 9 4 5765
6 9 5 1468
6 9 6 0
6 9 7 3533
6 9 8 3503
6 9 9 0
6 9 10 3558
6 9 11 5521
6 9 12 5999
6 9 13 7160
6 9 14 4463
6 9 15 6524
6 9 16 7742
6 9 17 3834
6 10 0 5006
6 10 1 6055
6 10 2 3798
6 10 3 3777
6 10 4 5331
6 10 5 6127
6 10 6 0
6 10 7 4085
6 10 8 4376
6 10 9 6219
6 10 10 0
6 10 11 4783
6 10 12 5555
6 10 13 3865
6 10 14 4109
6 10 15 3731
6 10 16 3817
6 10 17 4169
6 11 0 6974
6 11 1 3567
6 11 2 4289
6 11 3 3125
6 11 4 3992
6 11 5 3013
6 11 6 0
6 11 7 2983
6 11 8 4612
6 11 9 4819
6 11 10 5544
6 11 11 0
6 11 12 2186
6 11 13 2109
6 11 14 4560
6 11 15 1809
6 11 16 4073
6 11 17 3662
6 12 0 4618
6 12 1 3013
6 12 2 3309
6 12 3 5874
6 12 4 5968
6 12 5 5148
6 12 6 0
6 12 7 5563
6 12 8 8129
6 12 9 9704
6 12 10 7497
6 12 11 8957
6 12 12 0
6 12 13 6568
6 12 14 9092
6 12 15 5416
6 12 16 6709
6 12 17 6187
6 13 0 4750
6 13 1 8630
6 13 2 6597
6 13 3 7695
6 13 4 8456
6 13 5 6887
6 13 6 0
6 13 7 3478
6 13 8 5757
6 13 9 1912
6 13 10 1903
6 13 11 4849
6 13 12 1241
6 13 13 0
6 13 14 1879
6 13 15 6014
6 13 16 5340
6 13 17 2380
6 14 0 3861
6 14 1 4904
6 14 2 4863
6 14 3 6383
6 14 4 3960
6 14 5 6834
6 14 6 0
6 14 7 5020
6 14 8 5587
6 14 9 9409
6 14 10 7587
6 14 11 5713
6 14 12 7868
6 14 13 5870
6 14 14 0
6 14 15 8817
6 14 16 7189
6 14 17 6726
6 15 0 7086
6 15 1 4736
6 15 2 6504
6 15 3 8499
6 15 4 7933
6 15 5 5546
6 15 6 0
6 15 7 1295
6 15 8 3012
6 15 9 1367
6 15 10 4011
6 15 11 2977
6 15 12 4278
6 15 13 4489
6 15 14 2956
6 15 15 0
6 15 16 4489
6 15 17 2062
6 16 0 5534
6 16 1 4868
6 16 2 5500
6 16 3 5115
6 16 4 5775
6 16 5 6010
6 16 6 0
6 16 7 5643
6 16 8 6325
6 16 9 8330
6 16 10 6704
6 16 11 8153
6 16 12 6176
6 16 13 6523
6 16 14 8787
6 16 15 5911
6 16 16 0
6 16 17 7789
6 17 0 1243
6 17 1 3720
6 17 2 1588
6 17 3 1729
6 17 4 5993
6 17 5 3533
6 17 6 0
6 17 7 8433
6 17 8 8985
6 17 9 5399
6 17 10 9706
6 17 11 8501
6 17 12 6721
6 17 13 5263
6 17 14 5478
6 17 15 7803
6 17 16 7293
6 17 17 0
7 0 0 0
7 0 1 500
7 0 2 3982
7 0 3 1806
7 0 4 3641
7 0 5 560
7 0 6 3663
7 0 7 0
7 0 8 7466
7 0 9 5107
7 0 10 6948
7 0 11 8741
7 0 12 5917
7 0 13 4026
7 0 14 5008
7 0 15 7239
7 0 16 7220
7 0 17 3987
7 1 0 8061
7 1 1 0
7 1 2 6514
7 1 3 8027
7 1 4 4696
7 1 5 8507
7 1 6 7213
7 1 7 0
7 1 8 7273
7 1 9 4253
7 1 10 6625
7 1 11 3962
7 1 12 2940
7 1 13 6534
7 1 14 4679
7 1 15 3517
7 1 16 5182
7 1 17 5092
7 2 0 7779
7 2 1 8696
7 2 2 0
7 2 3 8050
7 2 4 6922
7 2 5 8635
7 2 6 6809
7 2 7 0
7 2 8 7849
7 2 9 6626
7 2 10 6909
7 2 11 7225
7 2 12 5777
7 2 13 7042
7 2 14 7179
7 2 15 7826
7 2 16 8355
7 2 17 5501
7 3 0 4884
7 3 1 6846
7 3 2 4967
7 3 3 0
7 3 4 6871
7 3 5 6794
7 3 6 3143
7 3 7 0
7 3 8 9012
7 3 9 6379
7 3 10 6627
7 3 11 5800
7 3 12 8081
7 3 13 7879
7 3 14 8438
7 3 15 9560
7 3 16 7709
7 3 17 5381
7 4 0 1636
7 4 1 2147
7 4 2 20
7 4 3 3965
7 4 4 0
7 4 5 790
7 4 6 3029
7 4 7 0
7 4 8 4922
7 4 9 6382
7 4 10 5505
7 4 11 3991
7 4 12 5499
7 4 13 5964
7 4 14 3339
7 4 15 6318
7 4 16 5693
7 4 17 6969
7 5 0 3085
7 5 1 3920
7 5 2 5064
7 5 3 4195
7 5 4 4161
7 5 5 0
7 5 6 2193
7 5 7 0
7 5 8 4671
7 5 9 3087
7 5 10 7303
7 5 11 4014
7 5 12 5681
7 5 13 5397
7 5 14 7215
7 5 15 4933
7 5 16 6930
7 5 17 5511
7 6 0 3208
7 6 1 4571
7 6 2 7347
7 6 3 6470
7 6 4 3598
7 6 5 3626
7 6 6 0
7 6 7 0
7 6 8 7010
7 6 9 6927
7 6 10 7119
7 6 11 4134
7 6 12 8556
7 6 13 4679
7 6 14 8076
7 6 15 4073
7 6 16 8024
7 6 17 8316
7 7 0 0
7 7 1 0
7 7 2 0
7 7 3 0
7 7 4 0
7 7 5 0
7 7 6 0
7 7 7 0
7 7 8 0
7 7 9 0
7 7 10 0
7 7 11 0
7 7 12 0
7 7 13 0
7 7 14 0
7 7 15 0
7 7 16 0
7 7 17 0
7 8 0 5463
7 8 1 6642
7 8 2 4677
7 8 3 6101
7 8 4 4687
7 8 5 3434
7 8 6 5214
7 8 7 0
7 8 8 0
7 8 9 5323
7 8 10 5150
7 8 11 4053
7 8 12 6612
7 8 13 7439
7 8 14 5305
7 8 15 3699
7 8 16 7992
7 8 17 4422
7 9 0 1506
7 9 1 2024
7 9 2 1856
7 9 3 1870
7 9 4 4549
7 9 5 252
7 9 6 3533
7 9 7 0
7 9 8 4748
7 9 9 0
7 9 10 4803
7 9 11 6766
7 9 12 7244
7 9 13 8405
7 9 14 5708
7 9 15 7769
7 9 16 8987
7 9 17 5079
7 10 0 3707
7 10 1 4756
7 10 2 2499
7 10 3 2478
7 10 4 4032
7 10 5 4828
7 10 6 4085
7 10 7 0
7 10 8 2171
7 10 9 4014
7 10 10 0
7 10 11 2578
7 10 12 3350
7 10 13 1660
7 10 14 1904
7 10 15 1526
7 10 16 1612
7 10 17 1964
7 11 0 7383
7 11 1 3976
7 11 2 4698
7 11 3 3534
7 11 4 4401
7 11 5 3422
7 11 6 2983
7 11 7 0
7 11 8 8101
7 11 9 8308
7 11 10 9033
7 11 11 0
7 11 12 5675
7 11 13 5598
7 11 14 8049
7 11 15 5298
7 11 16 7562
7 11 17 7151
7 12 0 2717
7 12 1 1112
7 12 2 1408
7 12 3 3973
7 12 4 4067
7 12 5 3247
7 12 6 5563
7 12 7 0
7 12 8 4864
7 12 9 6439
7 12 10 4232
7 12 11 5692
7 12 12 0
7 12 13 3303
7 12 14 5827
7 12 15 2151
7 12 16 3444
7 12 17 2922
7 13 0 2618
7 13 1 6498
7 13 2 4465
7 13 3 5563
7 13 4 6324
7 13 5 4755
7 13 6 3478
7 13 7 0
7 13 8 6629
7 13 9 2784
7 13 10 2775
7 13 11 5721
7 13 12 2113
7 13 13 0
7 13 14 2751
7 13 15 6886
7 13 16 6212
7 13 17 3252
7 14 0 1745
7 14 1 2788
7 14 2 2747
7 14 3 4267
7 14 4 1844
7 14 5 4718
7 14 6 5020
7 14 7 0
7 14 8 4842
7 14 9 8664
7 14 10 6842
7 14 11 4968
7 14 12 7123
7 14 13 5125
7 14 14 0
7 14 15 8072
7 14 16 6444
7 14 17 5981
7 15 0 4254
7 15 1 1904
7 15 2 3672
7 15 3 5667
7 15 4 5101
7 15 5 2714
7 15 6 1295
7 15 7 0
7 15 8 7209
7 15 9 5564
7 15 10 8208
7 15 11 7174
7 15 12 8475
7 15 13 8686
7 15 14 7153
7 15 15 0
7 15 16 8686
7 15 17 6259
7 16 0 4632
7 16 1 3966
7 16 2 4598
7 16 3 4213
7 16 4 4873
7 16 5 5108
7 16 6 5643
7 16 7 0
7 16 8 1934
7 16 9 3939
7 16 10 2313
7 16 11 3762
7 16 12 1785
7 16 13 2132
7 16 14 4396
7 16 15 1520
7 16 16 0
7 16 17 3398
7 17 0 3897
7 17 1 6374
7 17 2 4242
7 17 3 4383
7 17 4 8647
7 17 5 6187
7 17 6 8433
7 17 7 0
7 17 8 8201
7 17 9 4615
7 17 10 8922
7 17 11 7717
7 17 12 5937
7 17 13 4479
7 17 14 4694
7 17 15 7019
7 17 16 6509
7 17 17 0
8 0 0 0
8 0 1 4161
8 0 2 7643
8 0 3 5467
8 0 4 7302
8 0 5 4221
8 0 6 7324
8 0 7 7466
8 0 8 0
8 0 9 5668
8 0 10 7509
8 0 11 9302
8 0 12 6478
8 0 13 4587
8 0 14 5569
8 0 15 7800
8 0 16 7781
8 0 17 4548
8 1 0 8924
8 1 1 0
8 1 2 7377
8 1 3 8890
8 1 4 5559
8 1 5 9370
8 1 6 8076
8 1 7 7273
8 1 8 0
8 1 9 4363
8 1 10 6735
8 1 11 4072
8 1 12 3050
8 1 13 6644
8 1 14 4789
8 1 15 3627
8 1 16 5292
8 1 17 5202
8 2 0 6670
8 2 1 7587
8 2 2 0
8 2 3 6941
8 2 4 5813
8 2 5 7526
8 2 6 5700
8 2 7 7849
8 2 8 0
8 2 9 2424
8 2 10 2707
8 2 11 3023
8 2 12 1575
8 2 13 2840
8 2 14 2977
8 2 15 3624
8 2 16 4153
8 2 17 1299
8 3 0 7163
8 3 1 9125
8 3 2 7246
8 3 3 0
8 3 4 9150
8 3 5 9073
8 3 6 5422
8 3 7 9012
8 3 8 0
8 3 9 2742
8 3 10 2990
8 3 11 2163
8 3 12 4444
8 3 13 4242
8 3 14 4801
8 3 15 5923
8 3 16 4072
8 3 17 1744
8 4 0 4521
8 4 1 5032
8 4 2 2905
8 4 3 6850
8 4 4 0
8 4 5 3675
8 4 6 5914
8 4 7 4922
8 4 8 0
8 4 9 5339
8 4 10 4462
8 4 11 2948
8 4 12 4456
8 4 13 4921
8 4 14 2296
8 4 15 5275
8 4 16 4650
8 4 17 5926
8 5 0 3569
8 5 1 4404
8 5 2 5548
8 5 3 4679
8 5 4 4645
8 5 5 0
8 5 6 2677
8 5 7 4671
8 5 8 0
8 5 9 1931
8 5 10 6147
8 5 11 2858
8 5 12 4525
8 5 13 4241
8 5 14 6059
8 5 15 3777
8 5 16 5774
8 5 17 4355
8 6 0 3821
8 6 1 5184
8 6 2 7960
8 6 3 7083
8 6 4 4211
8 6 5 4239
8 6 6 0
8 6 7 7010
8 6 8 0
8 6 9 7454
8 6 10 7646
8 6 11 4661
8 6 12 9083
8 6 13 5206
8 6 14 8603
8 6 15 4600
8 6 16 8551
8 6 17 8843
8 7 0 3042
8 7 1 7019
8 7 2 7026
8 7 3 5062
8 7 4 3042
8 7 5 4190
8 7 6 5841
8 7 7 0
8 7 8 0
8 7 9 6376
8 7 10 3118
8 7 11 5827
8 7 12 3495
8 7 13 3755
8 7 14 5535
8 7 15 6474
8 7 16 1837
8 7 17 5736
8 8 0 0
8 8 1 0
8 8 2 0
8 8 3 0
8 8 4 0
8 8 5 0
8 8 6 0
8 8 7 0
8 8 8 0
8 8 9 0
8 8 10 0
8 8 11 0
8 8 12 0
8 8 13 0
8 8 14 0
8 8 15 0
8 8 16 0
8 8 17 0
8 9 0 1476
8 9 1 1994
8 9 2 1826
8 9 3 1840
8 9 4 4519
8 9 5 222
8 9 6 3503
8 9 7 4748
8 9 8 0
8 9 9 0
8 9 10 2510
8 9 11 4473
8 9 12 4951
8 9 13 6112
8 9 14 3415
8 9 15 5476
8 9 16 6694
8 9 17 2786
8 10 0 3998
8 10 1 5047
8 10 2 2790
8 10 3 2769
8 10 4 4323
8 10 5 5119
8 10 6 4376
8 10 7 2171
8 10 8 0
8 10 9 4806
8 10 10 0
8 10 11 3370
8 10 12 4142
8 10 13 2452
8 10 14 2696
8 10 15 2318
8 10 16 2404
8 10 17 2756
8 11 0 9012
8 11 1 5605
8 11 2 6327
8 11 3 5163
8 11 4 6030
8 11 5 5051
8 11 6 4612
8 11 7 8101
8 11 8 0
8 11 9 5294
8 11 10 6019
8 11 11 0
8 11 12 2661
8 11 13 2584
8 11 14 5035
8 11 15 2284
8 11 16 4548
8 11 17 4137
8 12 0 5283
8 12 1 3678
8 12 2 3974
8 12 3 6539
8 12 4 6633
8 12 5 5813
8 12 6 8129
8 12 7 4864
8 12 8 0
8 12 9 8316
8 12 10 6109
8 12 11 7569
8 12 12 0
8 12 13 5180
8 12 14 7704
8 12 15 4028
8 12 16 5321
8 12 17 4799
8 13 0 4897
8 13 1 8777
8 13 2 6744
8 13 3 7842
8 13 4 8603
8 13 5 7034
8 13 6 5757
8 13 7 6629
8 13 8 0
8 13 9 5228
8 13 10 5219
8 13 11 8165
8 13 12 4557
8 13 13 0
8 13 14 5195
8 13 15 9330
8 13 16 8656
8 13 17 5696
8 14 0 2312
8 14 1 3355
8 14 2 3314
8 14 3 4834
8 14 4 2411
8 14 5 5285
8 14 6 5587
8 14 7 4842
8 14 8 0
8 14 9 7194
8 14 10 5372
8 14 11 3498
8 14 12 5653
8 14 13 3655
8 14 14 0
8 14 15 6602
8 14 16 4974
8 14 17 4511
8 15 0 5971
8 15 1 3621
8 15 2 5389
8 15 3 7384
8 15 4 6818
8 15 5 4431
8 15 6 3012
8 15 7 7209
8 15 8 0
8 15 9 1549
8 15 10 4193
8 15 11 3159
8 15 12 4460
8 15 13 4671
8 15 14 3138
8 15 15 0
8 15 16 4671
8 15 17 2244
8 16 0 5314
8 16 1 4648
8 16 2 5280
8 16 3 4895
8 16 4 5555
8 16 5 5790
8 16 6 6325
8 16 7 1934
8 16 8 0
8 16 9 8854
8 16 10 7228
8 16 11 8677
8 16 12 6700
8 16 13 7047
8 16 14 9311
8 16 15 6435
8 16 16 0
8 16 17 8313
8 17 0 4449
8 17 1 6926
8 17 2 4794
8 17 3 4935
8 17 4 9199
8 17 5 6739
8 17 6 8985
8 17 7 8201
8 17 8 0
8 17 9 2061
8 17 10 6368
8 17 11 5163
8 17 12 3383
8 17 13 1925
8 17 14 2140
8 17 15 4465
8 17 16 3955
8 17 17 0
9 0 0 0
9 0 1 1802
9 0 2 5284
9 0 3 3108
9 0 4 4943
9 0 5 1862
9 0 6 4965
9 0 7 5107
9 0 8 5668
9 0 9 0
9 0 10 3381
9 0 11 5174
9 0 12 2350
9 0 13 459
9 0 14 1441
9 0 15 3672
9 0 16 3653
9 0 17 420
9 1 0 5904
9 1 1 0
9 1 2 4357
9 1 3 5870
9 1 4 2539
9 1 5 6350
9 1 6 5056
9 1 7 4253
9 1 8 4363
9 1 9 0
9 1 10 5971
9 1 11 3308
9 1 12 2286
9 1 13 5880
9 1 14 4025
9 1 15 2863
9 1 16 4528
9 1 17 4438
9 2 0 5447
9 2 1 6364
9 2 2 0
9 2 3 5718
9 2 4 4590
9 2 5 6303
9 2 6 4477
9 2 7 6626
9 2 8 2424
9 2 9 0
9 2 10 2995
9 2 11 3311
9 2 12 1863
9 2 13 3128
9 2 14 3265
9 2 15 3912
9 2 16 4441
9 2 17 1587
9 3 0 4530
9 3 1 6492
9 3 2 4613
9 3 3 0
9 3 4 6517
9 3 5 6440
9 3 6 2789
9 3 7 6379
9 3 8 2742
9 3 9 0
9 3 10 4630
9 3 11 3803
9 3 12 6084
9 3 13 5882
9 3 14 6441
9 3 15 7563
9 3 16 5712
9 3 17 3384
9 4 0 5981
9 4 1 6492
9 4 2 4365
9 4 3 8310
9 4 4 0
9 4 5 5135
9 4 6 7374
9 4 7 6382
9 4 8 5339
9 4 9 0
9 4 10 8072
9 4 11 6558
9 4 12 8066
9 4 13 8531
9 4 14 5906
9 4 15 8885
9 4 16 8260
9 4 17 9536
9 5 0 1985
9 5 1 2820
9 5 2 3964
9 5 3 3095
9 5 4 3061
9 5 5 0
9 5 6 1093
9 5 7 3087
9 5 8 1931
9 5 9 0
9 5 10 7594
9 5 11 4305
9 5 12 5972
9 5 13 5688
9 5 14 7506
9 5 15 5224
9 5 16 7221
9 5 17 5802
9 6 0 3738
9 6 1 5101
9 6 2 7877
9 6 3 7000
9 6 4 4128
9 6 5 4156
9 6 6 0
9 6 7 6927
9 6 8 7454
9 6 9 0
9 6 10 4941
9 6 11 1956
9 6 12 6378
9 6 13 2501
9 6 14 5898
9 6 15 1895
9 6 16 5846
9 6 17 6138
9 7 0 4594
9 7 1 8571
9 7 2 8578
9 7 3 6614
9 7 4 4594
9 7 5 5742
9 7 6 7393
9 7 7 0
9 7 8 6376
9 7 9 0
9 7 10 1520
9 7 11 4229
9 7 12 1897
9 7 13 2157
9 7 14 3937
9 7 15 4876
9 7 16 239
9 7 17 4138
9 8 0 5962
9 8 1 7141
9 8 2 5176
9 8 3 6600
9 8 4 5186
9 8 5 3933
9 8 6 5713
9 8 7 5323
9 8 8 0
9 8 9 0
9 8 10 2282
9 8 11 1185
9 8 12 3744
9 8 13 4571
9 8 14 2437
9 8 15 831
9 8 16 5124
9 8 17 1554
9 9 0 0
9 9 1 0
9 9 2 0
9 9 3 0
9 9 4 0
9 9 5 0
9 9 6 0
9 9 7 0
9 9 8 0
9 9 9 0
9 9 10 0
9 9 11 0
9 9 12 0
9 9 13 0
9 9 14 0
9 9 15 0
9 9 16 0
9 9 17 0
9 10 0 5841
9 10 1 6890
9 10 2 4633
9 10 3 4612
9 10 4 6166
9 10 5 6962
9 10 6 6219
9 10 7 4014
9 10 8 4806
9 10 9 0
9 10 10 0
9 10 11 1471
9 10 12 2243
9 10 13 553
9 10 14 797
9 10 15 419
9 10 16 505
9 10 17 857
9 11 0 9219
9 11 1 5812
9 11 2 6534
9 11 3 5370
9 11 4 6237
9 11 5 5258
9 11 6 4819
9 11 7 8308
9 11 8 5294
9 11 9 0
9 11 10 7180
9 11 11 0
9 11 12 3822
9 11 13 3745
9 11 14 6196
9 11 15 3445
9 11 16 5709
9 11 17 5298
9 12 0 6858
9 12 1 5253
9 12 2 5549
9 12 3 8114
9 12 4 8208
9 12 5 7388
9 12 6 9704
9 12 7 6439
9 12 8 8316
9 12 9 0
9 12 10 5189
9 12 11 6649
9 12 12 0
9 12 13 4260
9 12 14 6784
9 12 15 3108
9 12 16 4401
9 12 17 3879
9 13 0 1052
9 13 1 4932
9 13 2 2899
9 13 3 3997
9 13 4 4758
9 13 5 3189
9 13 6 1912
9 13 7 2784
9 13 8 5228
9 13 9 0
9 13 10 4633
9 13 11 7579
9 13 12 3971
9 13 13 0
9 13 14 4609
9 13 15 8744
9 13 16 8070
9 13 17 5110
9 14 0 6134
9 14 1 7177
9 14 2 7136
9 14 3 8656
9 14 4 6233
9 14 5 9107
9 14 6 9409
9 14 7 8664
9 14 8 7194
9 14 9 0
9 14 10 4223
9 14 11 2349
9 14 12 4504
9 14 13 2506
9 14 14 0
9 14 15 5453
9 14 16 3825
9 14 17 3362
9 15 0 4326
9 15 1 1976
9 15 2 3744
9 15 3 5739
9 15 4 5173
9 15 5 2786
9 15 6 1367
9 15 7 5564
9 15 8 1549
9 15 9 0
9 15 10 6711
9 15 11 5677
9 15 12 6978
9 15 13 7189
9 15 14 5656
9 15 15 0
9 15 16 7189
9 15 17 4762
9 16 0 7319
9 16 1 6653
9 16 2 7285
9 16 3 6900
9 16 4 7560
9 16 5 7795
9 16 6 8330
9 16 7 3939
9 16 8 8854
9 16 9 0
9 16 10 6671
9 16 11 8120
9 16 12 6143
9 16 13 6490
9 16 14 8754
9 16 15 5878
9 16 16 0
9 16 17 7756
9 17 0 863
9 17 1 3340
9 17 2 1208
9 17 3 1349
9 17 4 5613
9 17 5 3153
9 17 6 5399
9 17 7 4615
9 17 8 2061
9 17 9 0
9 17 10 5473
9 17 11 4268
9 17 12 2488
9 17 13 1030
9 17 14 1245
9 17 15 3570
9 17 16 3060
9 17 17 0
10 0 0 0
10 0 1 3643
10 0 2 7125
10 0 3 4949
10 0 4 6784
10 0 5 3703
10 0 6 6806
10 0 7 6948
10 0 8 7509
10 0 9 3381
10 0 10 0
10 0 11 5962
10 0 12 3138
10 0 13 1247
10 0 14 2229
10 0 15 4460
10 0 16 4441
10 0 17 1208
10 1 0 8276
10 1 1 0
10 1 2 6729
10 1 3 8242
10 1 4 4911
10 1 5 8722
10 1 6 7428
10 1 7 6625
10 1 8 6735
10 1 9 5971
10 1 10 0
10 1 11 6383
10 1 12 5361
10 1 13 8955
10 1 14 7100
10 1 15 5938
10 1 16 7603
10 1 17 7513
10 2 0 5730
10 2 1 6647
10 2 2 0
10 2 3 6001
10 2 4 4873
10 2 5 6586
10 2 6 4760
10 2 7 6909
10 2 8 2707
10 2 9 2995
10 2 10 0
10 2 11 4494
10 2 12 3046
10 2 13 4311
10 2 14 4448
10 2 15 5095
10 2 16 5624
10 2 17 2770
10 3 0 4778
10 3 1 6740
10 3 2 4861
10 3 3 0
10 3 4 6765
10 3 5 6688
10 3 6 3037
10 3 7 6627
10 3 8 2990
10 3 9 4630
10 3 10 0
10 3 11 2993
10 3 12 5274
10 3 13 5072
10 3 14 5631
10 3 15 6753
10 3 16 4902
10 3 17 2574
10 4 0 5104
10 4 1 5615
10 4 2 3488
10 4 3 7433
10 4 4 0
10 4 5 4258
10 4 6 6497
10 4 7 5505
10 4 8 4462
10 4 9 8072
10 4 10 0
10 4 11 5124
10 4 12 6632
10 4 13 7097
10 4 14 4472
10 4 15 7451
10 4 16 6826
10 4 17 8102
10 5 0 6201
10 5 1 7036
10 5 2 8180
10 5 3 7311
10 5 4 7277
10 5 5 0
10 5 6 5309
10 5 7 7303
10 5 8 6147
10 5 9 7594
10 5 10 0
10 5 11 2721
10 5 12 4388
10 5 13 4104
10 5 14 5922
10 5 15 3640
10 5 16 5637
10 5 17 4218
10 6 0 3930
10 6 1 5293
10 6 2 8069
10 6 3 7192
10 6 4 4320
10 6 5 4348
10 6 6 0
10 6 7 7119
10 6 8 7646
10 6 9 4941
10 6 10 0
10 6 11 2399
10 6 12 6821
10 6 13 2944
10 6 14 6341
10 6 15 2338
10 6 16 6289
10 6 17 6581
10 7 0 1336
10 7 1 5313
10 7 2 5320
10 7 3 3356
10 7 4 1336
10 7 5 2484
10 7 6 4135
10 7 7 0
10 7 8 3118
10 7 9 1520
10 7 10 0
10 7 11 4589
10 7 12 2257
10 7 13 2517
10 7 14 4297
10 7 15 5236
10 7 16 599
10 7 17 4498
10 8 0 5789
10 8 1 6968
10 8 2 5003
10 8 3 6427
10 8 4 5013
10 8 5 3760
10 8 6 5540
10 8 7 5150
10 8 8 0
10 8 9 2282
10 8 10 0
10 8 11 1866
10 8 12 4425
10 8 13 5252
10 8 14 3118
10 8 15 1512
10 8 16 5805
10 8 17 2235
10 9 0 1531
10 9 1 2049
10 9 2 1881
10 9 3 1895
10 9 4 4574
10 9 5 277
10 9 6 3558
10 9 7 4803
10 9 8 2510
10 9 9 0
10 9 10 0
10 9 11 4870
10 9 12 5348
10 9 13 6509
10 9 14 3812
10 9 15 5873
10 9 16 7091
10 9 17 3183
10 10 0 0
10 10 1 0
10 10 2 0
10 10 3 0
10 10 4 0
10 10 5 0
10 10 6 0
10 10 7 0
10 10 8 0
10 10 9 0
10 10 10 0
10 10 11 0
10 10 12 0
10 10 13 0
10 10 14 0
10 10 15 0
10 10 16 0
10 10 17 0
10 11 0 9944
10 11 1 6537
10 11 2 7259
10 11 3 6095
10 11 4 6962
10 11 5 5983
10 11 6 5544
10 11 7 9033
10 11 8 6019
10 11 9 7180
10 11 10 0
10 11 11 0
10 11 12 2892
10 11 13 2815
10 11 14 5266
10 11 15 2515
10 11 16 4779
10 11 17 4368
10 12 0 4651
10 12 1 3046
10 12 2 3342
10 12 3 5907
10 12 4 6001
10 12 5 5181
10 12 6 7497
10 12 7 4232
10 12 8 6109
10 12 9 5189
10 12 10 0
10 12 11 6013
10 12 12 0
10 12 13 3624
10 12 14 6148
10 12 15 2472
10 12 16 3765
10 12 17 3243
10 13 0 1043
10 13 1 4923
10 13 2 2890
10 13 3 3988
10 13 4 4749
10 13 5 3180
10 13 6 1903
10 13 7 2775
10 13 8 5219
10 13 9 4633
10 13 10 0
10 13 11 4092
10 13 12 484
10 13 13 0
10 13 14 1122
10 13 15 5257
10 13 16 4583
10 13 17 1623
10 14 0 4312
10 14 1 5355
10 14 2 5314
10 14 3 6834
10 14 4 4411
10 14 5 7285
10 14 6 7587
10 14 7 6842
10 14 8 5372
10 14 9 4223
10 14 10 0
10 14 11 1803
10 14 12 3958
10 14 13 1960
10 14 14 0
10 14 15 4907
10 14 16 3279
10 14 17 2816
10 15 0 6970
10 15 1 4620
10 15 2 6388
10 15 3 8383
10 15 4 7817
10 15 5 5430
10 15 6 4011
10 15 7 8208
10 15 8 4193
10 15 9 6711
10 15 10 0
10 15 11 2692
10 15 12 3993
10 15 13 4204
10 15 14 2671
10 15 15 0
10 15 16 4204
10 15 17 1777
10 16 0 5693
10 16 1 5027
10 16 2 5659
10 16 3 5274
10 16 4 5934
10 16 5 6169
10 16 6 6704
10 16 7 2313
10 16 8 7228
10 16 9 6671
10 16 10 0
10 16 11 4003
10 16 12 2026
10 16 13 2373
10 16 14 4637
10 16 15 1761
10 16 16 0
10 16 17 3639
10 17 0 5170
10 17 1 7647
10 17 2 5515
10 17 3 5656
10 17 4 9920
10 17 5 7460
10 17 6 9706
10 17 7 8922
10 17 8 6368
10 17 9 5473
10 17 10 0
10 17 11 4411
10 17 12 2631
10 17 13 1173
10 17 14 1388
10 17 15 3713
10 17 16 3203
10 17 17 0
11 0 0 0
11 0 1 5436
11 0 2 8918
11 0 3 6742
11 0 4 8577
11 0 5 5496
11 0 6 8599
11 0 7 8741
11 0 8 9302
11 0 9 5174
11 0 10 5962
11 0 11 0
11 0 12 5969
11 0 13 4078
11 0 14 5060
11 0 15 7291
11 0 16 7272
11 0 17 4039
11 1 0 5613
11 1 1 0
11 1 2 4066
11 1 3 5579
11 1 4 2248
11 1 5 6059
11 1 6 4765
11 1 7 3962
11 1 8 4072
11 1 9 3308
11 1 10 6383
11 1 11 0
11 1 12 2185
11 1 13 5779
11 1 14 3924
11 1 15 2762
11 1 16 4427
11 1 17 4337
11 2 0 6046
11 2 1 6963
11 2 2 0
11 2 3 6317
11 2 4 5189
11 2 5 6902
11 2 6 5076
11 2 7 7225
11 2 8 3023
11 2 9 3311
11 2 10 4494
11 2 11 0
11 2 12 3834
11 2 13 5099
11 2 14 5236
11 2 15 5883
11 2 16 6412
11 2 17 3558
11 3 0 3951
11 3 1 5913
11 3 2 4034
11 3 3 0
11 3 4 5938
11 3 5 5861
11 3 6 2210
11 3 7 5800
11 3 8 2163
11 3 9 3803
11 3 10 2993
11 3 11 0
11 3 12 5943
11 3 13 5741
11 3 14 6300
11 3 15 7422
11 3 16 5571
11 3 17 3243
11 4 0 3590
11 4 1 4101
11 4 2 1974
11 4 3 5919
11 4 4 0
11 4 5 2744
11 4 6 4983
11 4 7 3991
11 4 8 2948
11 4 9 6558
11 4 10 5124
11 4 11 0
11 4 12 3496
11 4 13 3961
11 4 14 1336
11 4 15 4315
11 4 16 3690
11 4 17 4966
11 5 0 2912
11 5 1 3747
11 5 2 4891
11 5 3 4022
11 5 4 3988
11 5 5 0
11 5 6 2020
11 5 7 4014
11 5 8 2858
11 5 9 4305
11 5 10 2721
11 5 11 0
11 5 12 3372
11 5 13 3088
11 5 14 4906
11 5 15 2624
11 5 16 4621
11 5 17 3202
11 6 0 945
11 6 1 2308
11 6 2 5084
11 6 3 4207
11 6 4 1335
11 6 5 1363
11 6 6 0
11 6 7 4134
11 6 8 4661
11 6 9 1956
11 6 10 2399
11 6 11 0
11 6 12 6996
11 6 13 3119
11 6 14 6516
11 6 15 2513
11 6 16 6464
11 6 17 6756
11 7 0 4045
11 7 1 8022
11 7 2 8029
11 7 3 6065
11 7 4 4045
11 7 5 5193
11 7 6 6844
11 7 7 0
11 7 8 5827
11 7 9 4229
11 7 10 4589
11 7 11 0
11 7 12 4140
11 7 13 4400
11 7 14 6180
11 7 15 7119
11 7 16 2482
11 7 17 6381
11 8 0 4692
11 8 1 5871
11 8 2 3906
11 8 3 5330
11 8 4 3916
11 8 5 2663
11 8 6 4443
11 8 7 4053
11 8 8 0
11 8 9 1185
11 8 10 1866
11 8 11 0
11 8 12 7646
11 8 13 8473
11 8 14 6339
11 8 15 4733
11 8 16 9026
11 8 17 5456
11 9 0 3494
11 9 1 4012
11 9 2 3844
11 9 3 3858
11 9 4 6537
11 9 5 2240
11 9 6 5521
11 9 7 6766
11 9 8 4473
11 9 9 0
11 9 10 4870
11 9 11 0
11 9 12 6933
11 9 13 8094
11 9 14 5397
11 9 15 7458
11 9 16 8676
11 9 17 4768
11 10 0 4405
11 10 1 5454
11 10 2 3197
11 10 3 3176
11 10 4 4730
11 10 5 5526
11 10 6 4783
11 10 7 2578
11 10 8 3370
11 10 9 1471
11 10 10 0
11 10 11 0
11 10 12 7022
11 10 13 5332
11 10 14 5576
11 10 15 5198
11 10 16 5284
11 10 17 5636
11 11 0 0
11 11 1 0
11 11 2 0
11 11 3 0
11 11 4 0
11 11 5 0
11 11 6 0
11 11 7 0
11 11 8 0
11 11 9 0
11 11 10 0
11 11 11 0
11 11 12 0
11 11 13 0
11 11 14 0
11 11 15 0
11 11 16 0
11 11 17 0
11 12 0 6111
11 12 1 4506
11 12 2 4802
11 12 3 7367
11 12 4 7461
11 12 5 6641
11 12 6 8957
11 12 7 5692
11 12 8 7569
11 12 9 6649
11 12 10 6013
11 12 11 0
11 12 12 0
11 12 13 3240
11 12 14 5764
11 12 15 2088
11 12 16 3381
11 12 17 2859
11 13 0 3989
11 13 1 7869
11 13 2 5836
11 13 3 6934
11 13 4 7695
11 13 5 6126
11 13 6 4849
11 13 7 5721
11 13 8 8165
11 13 9 7579
11 13 10 4092
11 13 11 0
11 13 12 1713
11 13 13 0
11 13 14 2351
11 13 15 6486
11 13 16 5812
11 13 17 2852
11 14 0 2438
11 14 1 3481
11 14 2 3440
11 14 3 4960
11 14 4 2537
11 14 5 5411
11 14 6 5713
11 14 7 4968
11 14 8 3498
11 14 9 2349
11 14 10 1803
11 14 11 0
11 14 12 7394
11 14 13 5396
11 14 14 0
11 14 15 8343
11 14 16 6715
11 14 17 6252
11 15 0 5936
11 15 1 3586
11 15 2 5354
11 15 3 7349
11 15 4 6783
11 15 5 4396
11 15 6 2977
11 15 7 7174
11 15 8 3159
11 15 9 5677
11 15 10 2692
11 15 11 0
11 15 12 5056
11 15 13 5267
11 15 14 3734
11 15 15 0
11 15 16 5267
11 15 17 2840
11 16 0 7142
11 16 1 6476
11 16 2 7108
11 16 3 6723
11 16 4 7383
11 16 5 7618
11 16 6 8153
11 16 7 3762
11 16 8 8677
11 16 9 8120
11 16 10 4003
11 16 11 0
11 16 12 5267
11 16 13 5614
11 16 14 7878
11 16 15 5002
11 16 16 0
11 16 17 6880
11 17 0 3965
11 17 1 6442
11 17 2 4310
11 17 3 4451
11 17 4 8715
11 17 5 6255
11 17 6 8501
11 17 7 7717
11 17 8 5163
11 17 9 4268
11 17 10 4411
11 17 11 0
11 17 12 5109
11 17 13 3651
11 17 14 3866
11 17 15 6191
11 17 16 5681
11 17 17 0
12 0 0 0
12 0 1 2612
12 0 2 6094
12 0 3 3918
12 0 4 5753
12 0 5 2672
12 0 6 5775
12 0 7 5917
12 0 8 6478
12 0 9 2350
12 0 10 3138
12 0 11 5969
12 0 12 0
12 0 13 1665
12 0 14 2647
12 0 15 4878
12 0 16 4859
12 0 17 1626
12 1 0 4591
12 1 1 0
12 1 2 3044
12 1 3 4557
12 1 4 1226
12 1 5 5037
12 1 6 3743
12 1 7 2940
12 1 8 3050
12 1 9 2286
12 1 10 5361
12 1 11 2185
12 1 12 0
12 1 13 6378
12 1 14 4523
12 1 15 3361
12 1 16 5026
12 1 17 4936
12 2 0 4598
12 2 1 5515
12 2 2 0
12 2 3 4869
12 2 4 3741
12 2 5 5454
12 2 6 3628
12 2 7 5777
12 2 8 1575
12 2 9 1863
12 2 10 3046
12 2 11 3834
12 2 12 0
12 2 13 5764
12 2 14 5901
12 2 15 6548
12 2 16 7077
12 2 17 4223
12 3 0 6232
12 3 1 8194
12 3 2 6315
12 3 3 0
12 3 4 8219
12 3 5 8142
12 3 6 4491
12 3 7 8081
12 3 8 4444
12 3 9 6084
12 3 10 5274
12 3 11 5943
12 3 12 0
12 3 13 7132
12 3 14 7691
12 3 15 8813
12 3 16 6962
12 3 17 4634
12 4 0 5098
12 4 1 5609
12 4 2 3482
12 4 3 7427
12 4 4 0
12 4 5 4252
12 4 6 6491
12 4 7 5499
12 4 8 4456
12 4 9 8066
12 4 10 6632
12 4 11 3496
12 4 12 0
12 4 13 7499
12 4 14 4874
12 4 15 7853
12 4 16 7228
12 4 17 8504
12 5 0 4579
12 5 1 5414
12 5 2 6558
12 5 3 5689
12 5 4 5655
12 5 5 0
12 5 6 3687
12 5 7 5681
12 5 8 4525
12 5 9 5972
12 5 10 4388
12 5 11 3372
12 5 12 0
12 5 13 7153
12 5 14 8971
12 5 15 6689
12 5 16 8686
12 5 17 7267
12 6 0 5367
12 6 1 6730
12 6 2 9506
12 6 3 8629
12 6 4 5757
12 6 5 5785
12 6 6 0
12 6 7 8556
12 6 8 9083
12 6 9 6378
12 6 10 6821
12 6 11 6996
12 6 12 0
12 6 13 3587
12 6 14 6984
12 6 15 2981
12 6 16 6932
12 6 17 7224
12 7 0 1713
12 7 1 5690
12 7 2 5697
12 7 3 3733
12 7 4 1713
12 7 5 2861
12 7 6 4512
12 7 7 0
12 7 8 3495
12 7 9 1897
12 7 10 2257
12 7 11 4140
12 7 12 0
12 7 13 2558
12 7 14 4338
12 7 15 5277
12 7 16 640
12 7 17 4539
12 8 0 7251
12 8 1 8430
12 8 2 6465
12 8 3 7889
12 8 4 6475
12 8 5 5222
12 8 6 7002
12 8 7 6612
12 8 8 0
12 8 9 3744
12 8 10 4425
12 8 11 7646
12 8 12 0
12 8 13 7568
12 8 14 5434
12 8 15 3828
12 8 16 8121
12 8 17 4551
12 9 0 3972
12 9 1 4490
12 9 2 4322
12 9 3 4336
12 9 4 7015
12 9 5 2718
12 9 6 5999
12 9 7 7244
12 9 8 4951
12 9 9 0
12 9 10 5348
12 9 11 6933
12 9 12 0
12 9 13 8557
12 9 14 5860
12 9 15 7921
12 9 16 9139
12 9 17 5231
12 10 0 5177
12 10 1 6226
12 10 2 3969
12 10 3 3948
12 10 4 5502
12 10 5 6298
12 10 6 5555
12 10 7 3350
12 10 8 4142
12 10 9 2243
12 10 10 0
12 10 11 7022
12 10 12 0
12 10 13 2863
12 10 14 3107
12 10 15 2729
12 10 16 2815
12 10 17 3167
12 11 0 6586
12 11 1 3179
12 11 2 3901
12 11 3 2737
12 11 4 3604
12 11 5 2625
12 11 6 2186
12 11 7 5675
12 11 8 2661
12 11 9 3822
12 11 10 2892
12 11 11 0
12 11 12 0
12 11 13 5552
12 11 14 8003
12 11 15 5252
12 11 16 7516
12 11 17 7105
12 12 0 0
12 12 1 0
12 12 2 0
12 12 3 0
12 12 4 0
12 12 5 0
12 12 6 0
12 12 7 0
12 12 8 0
12 12 9 0
12 12 10 0
12 12 11 0
12 12 12 0
12 12 13 0
12 12 14 0
12 12 15 0
12 12 16 0
12 12 17 0
12 13 0 381
12 13 1 4261
12 13 2 2228
12 13 3 3326
12 13 4 4087
12 13 5 2518
12 13 6 1241
12 13 7 2113
12 13 8 4557
12 13 9 3971
12 13 10 484
12 13 11 1713
12 13 12 0
12 13 13 0
12 13 14 2388
12 13 15 6523
12 13 16 5849
12 13 17 2889
12 14 0 4593
12 14 1 5636
12 14 2 5595
12 14 3 7115
12 14 4 4692
12 14 5 7566
12 14 6 7868
12 14 7 7123
12 14 8 5653
12 14 9 4504
12 14 10 3958
12 14 11 7394
12 14 12 0
12 14 13 5506
12 14 14 0
12 14 15 8453
12 14 16 6825
12 14 17 6362
12 15 0 7237
12 15 1 4887
12 15 2 6655
12 15 3 8650
12 15 4 8084
12 15 5 5697
12 15 6 4278
12 15 7 8475
12 15 8 4460
12 15 9 6978
12 15 10 3993
12 15 11 5056
12 15 12 0
12 15 13 4452
12 15 14 2919
12 15 15 0
12 15 16 4452
12 15 17 2025
12 16 0 5165
12 16 1 4499
12 16 2 5131
12 16 3 4746
12 16 4 5406
12 16 5 5641
12 16 6 6176
12 16 7 1785
12 16 8 6700
12 16 9 6143
12 16 10 2026
12 16 11 5267
12 16 12 0
12 16 13 3828
12 16 14 6092
12 16 15 3216
12 16 16 0
12 16 17 5094
12 17 0 2185
12 17 1 4662
12 17 2 2530
12 17 3 2671
12 17 4 6935
12 17 5 4475
12 17 6 6721
12 17 7 5937
12 17 8 3383
12 17 9 2488
12 17 10 2631
12 17 11 5109
12 17 12 0
12 17 13 1754
12 17 14 1969
12 17 15 4294
12 17 16 3784
12 17 17 0
13 0 0 0
13 0 1 721
13 0 2 4203
13 0 3 2027
13 0 4 3862
13 0 5 781
13 0 6 3884
13 0 7 4026
13 0 8 4587
13 0 9 459
13 0 10 1247
13 0 11 4078
13 0 12 1665
13 0 13 0
13 0 14 5025
13 0 15 7256
13 0 16 7237
13 0 17 4004
13 1 0 8185
13 1 1 0
13 1 2 6638
13 1 3 8151
13 1 4 4820
13 1 5 8631
13 1 6 7337
13 1 7 6534
13 1 8 6644
13 1 9 5880
13 1 10 8955
13 1 11 5779
13 1 12 6378
13 1 13 0
13 1 14 6378
13 1 15 5216
13 1 16 6881
13 1 17 6791
13 2 0 5863
13 2 1 6780
13 2 2 0
13 2 3 6134
13 2 4 5006
13 2 5 6719
13 2 6 4893
13 2 7 7042
13 2 8 2840
13 2 9 3128
13 2 10 4311
13 2 11 5099
13 2 12 5764
13 2 13 0
13 2 14 4162
13 2 15 4809
13 2 16 5338
13 2 17 2484
13 3 0 6030
13 3 1 7992
13 3 2 6113
13 3 3 0
13 3 4 8017
13 3 5 7940
13 3 6 4289
13 3 7 7879
13 3 8 4242
13 3 9 5882
13 3 10 5072
13 3 11 5741
13 3 12 7132
13 3 13 0
13 3 14 4508
13 3 15 5630
13 3 16 3779
13 3 17 1451
13 4 0 5563
13 4 1 6074
13 4 2 3947
13 4 3 7892
13 4 4 0
13 4 5 4717
13 4 6 6956
13 4 7 5964
13 4 8 4921
13 4 9 8531
13 4 10 7097
13 4 11 3961
13 4 12 7499
13 4 13 0
13 4 14 1549
13 4 15 4528
13 4 16 3903
13 4 17 5179
13 5 0 4295
13 5 1 5130
13 5 2 6274
13 5 3 5405
13 5 4 5371
13 5 5 0
13 5 6 3403
13 5 7 5397
13 5 8 4241
13 5 9 5688
13 5 10 4104
13 5 11 3088
13 5 12 7153
13 5 13 0
13 5 14 4811
13 5 15 2529
13 5 16 4526
13 5 17 3107
13 6 0 1490
13 6 1 2853
13 6 2 5629
13 6 3 4752
13 6 4 1880
13 6 5 1908
13 6 6 0
13 6 7 4679
13 6 8 5206
13 6 9 2501
13 6 10 2944
13 6 11 3119
13 6 12 3587
13 6 13 0
13 6 14 9007
13 6 15 5004
13 6 16 8955
13 6 17 9247
13 7 0 1973
13 7 1 5950
13 7 2 5957
13 7 3 3993
13 7 4 1973
13 7 5 3121
13 7 6 4772
13 7 7 0
13 7 8 3755
13 7 9 2157
13 7 10 2517
13 7 11 4400
13 7 12 2558
13 7 13 0
13 7 14 6130
13 7 15 7069
13 7 16 2432
13 7 17 6331
13 8 0 8078
13 8 1 9257
13 8 2 7292
13 8 3 8716
13 8 4 7302
13 8 5 6049
13 8 6 7829
13 8 7 7439
13 8 8 0
13 8 9 4571
13 8 10 5252
13 8 11 8473
13 8 12 7568
13 8 13 0
13 8 14 6939
13 8 15 5333
13 8 16 9626
13 8 17 6056
13 9 0 5133
13 9 1 5651
13 9 2 5483
13 9 3 5497
13 9 4 8176
13 9 5 3879
13 9 6 7160
13 9 7 8405
13 9 8 6112
13 9 9 0
13 9 10 6509
13 9 11 8094
13 9 12 8557
13 9 13 0
13 9 14 1945
13 9 15 4006
13 9 16 5224
13 9 17 1316
13 10 0 3487
13 10 1 4536
13 10 2 2279
13 10 3 2258
13 10 4 3812
13 10 5 4608
13 10 6 3865
13 10 7 1660
13 10 8 2452
13 10 9 553
13 10 10 0
13 10 11 5332
13 10 12 2863
13 10 13 0
13 10 14 1390
13 10 15 1012
13 10 16 1098
13 10 17 1450
13 11 0 6509
13 11 1 3102
13 11 2 3824
13 11 3 2660
13 11 4 3527
13 11 5 2548
13 11 6 2109
13 11 7 5598
13 11 8 2584
13 11 9 3745
13 11 10 2815
13 11 11 0
13 11 12 5552
13 11 13 0
13 11 14 7772
13 11 15 5021
13 11 16 7285
13 11 17 6874
13 12 0 3722
13 12 1 2117
13 12 2 2413
13 12 3 4978
13 12 4 5072
13 12 5 4252
13 12 6 6568
13 12 7 3303
13 12 8 5180
13 12 9 4260
13 12 10 3624
13 12 11 3240
13 12 12 0
13 12 13 0
13 12 14 4274
13 12 15 598
13 12 16 1891
13 12 17 1369
13 13 0 0
13 13 1 0
13 13 2 0
13 13 3 0
13 13 4 0
13 13 5 0
13 13 6 0
13 13 7 0
13 13 8 0
13 13 9 0
13 13 10 0
13 13 11 0
13 13 12 0
13 13 13 0
13 13 14 0
13 13 15 0
13 13 16 0
13 13 17 0
13 14 0 2595
13 14 1 3638
13 14 2 3597
13 14 3 5117
13 14 4 2694
13 14 5 5568
13 14 6 5870
13 14 7 5125
13 14 8 3655
13 14 9 2506
13 14 10 1960
13 14 11 5396
13 14 12 5506
13 14 13 0
13 14 14 0
13 14 15 5117
13 14 16 3489
13 14 17 3026
13 15 0 7448
13 15 1 5098
13 15 2 6866
13 15 3 8861
13 15 4 8295
13 15 5 5908
13 15 6 4489
13 15 7 8686
13 15 8 4671
13 15 9 7189
13 15 10 4204
13 15 11 5267
13 15 12 4452
13 15 13 0
13 15 14 7394
13 15 15 0
13 15 16 8927
13 15 17 6500
13 16 0 5512
13 16 1 4846
13 16 2 5478
13 16 3 5093
13 16 4 5753
13 16 5 5988
13 16 6 6523
13 16 7 2132
13 16 8 7047
13 16 9 6490
13 16 10 2373
13 16 11 5614
13 16 12 3828
13 16 13 0
13 16 14 8600
13 16 15 5724
13 16 16 0
13 16 17 7602
13 17 0 727
13 17 1 3204
13 17 2 1072
13 17 3 1213
13 17 4 5477
13 17 5 3017
13 17 6 5263
13 17 7 4479
13 17 8 1925
13 17 9 1030
13 17 10 1173
13 17 11 3651
13 17 12 1754
13 17 13 0
13 17 14 2039
13 17 15 4364
13 17 16 3854
13 17 17 0
14 0 0 0
14 0 1 1703
14 0 2 5185
14 0 3 3009
14 0 4 4844
14 0 5 1763
14 0 6 4866
14 0 7 5008
14 0 8 5569
14 0 9 1441
14 0 10 2229
14 0 11 5060
14 0 12 2647
14 0 13 5025
14 0 14 0
14 0 15 6088
14 0 16 6069
14 0 17 2836
14 1 0 6330
14 1 1 0
14 1 2 4783
14 1 3 6296
14 1 4 2965
14 1 5 6776
14 1 6 5482
14 1 7 4679
14 1 8 4789
14 1 9 4025
14 1 10 7100
14 1 11 3924
14 1 12 4523
14 1 13 6378
14 1 14 0
14 1 15 4549
14 1 16 6214
14 1 17 6124
14 2 0 6000
14 2 1 6917
14 2 2 0
14 2 3 6271
14 2 4 5143
14 2 5 6856
14 2 6 5030
14 2 7 7179
14 2 8 2977
14 2 9 3265
14 2 10 4448
14 2 11 5236
14 2 12 5901
14 2 13 4162
14 2 14 0
14 2 15 3282
14 2 16 3811
14 2 17 957
14 3 0 6589
14 3 1 8551
14 3 2 6672
14 3 3 0
14 3 4 8576
14 3 5 8499
14 3 6 4848
14 3 7 8438
14 3 8 4801
14 3 9 6441
14 3 10 5631
14 3 11 6300
14 3 12 7691
14 3 13 4508
14 3 14 0
14 3 15 6904
14 3 16 5053
14 3 17 2725
14 4 0 2938
14 4 1 3449
14 4 2 1322
14 4 3 5267
14 4 4 0
14 4 5 2092
14 4 6 4331
14 4 7 3339
14 4 8 2296
14 4 9 5906
14 4 10 4472
14 4 11 1336
14 4 12 4874
14 4 13 1549
14 4 14 0
14 4 15 6370
14 4 16 5745
14 4 17 7021
14 5 0 6113
14 5 1 6948
14 5 2 8092
14 5 3 7223
14 5 4 7189
14 5 5 0
14 5 6 5221
14 5 7 7215
14 5 8 6059
14 5 9 7506
14 5 10 5922
14 5 11 4906
14 5 12 8971
14 5 13 4811
14 5 14 0
14 5 15 4616
14 5 16 6613
14 5 17 5194
14 6 0 4887
14 6 1 6250
14 6 2 9026
14 6 3 8149
14 6 4 5277
14 6 5 5305
14 6 6 0
14 6 7 8076
14 6 8 8603
14 6 9 5898
14 6 10 6341
14 6 11 6516
14 6 12 6984
14 6 13 9007
14 6 14 0
14 6 15 3133
14 6 16 7084
14 6 17 7376
14 7 0 3753
14 7 1 7730
14 7 2 7737
14 7 3 5773
14 7 4 3753
14 7 5 4901
14 7 6 6552
14 7 7 0
14 7 8 5535
14 7 9 3937
14 7 10 4297
14 7 11 6180
14 7 12 4338
14 7 13 6130
14 7 14 0
14 7 15 5214
14 7 16 577
14 7 17 4476
14 8 0 5944
14 8 1 7123
14 8 2 5158
14 8 3 6582
14 8 4 5168
14 8 5 3915
14 8 6 5695
14 8 7 5305
14 8 8 0
14 8 9 2437
14 8 10 3118
14 8 11 6339
14 8 12 5434
14 8 13 6939
14 8 14 0
14 8 15 1766
14 8 16 6059
14 8 17 2489
14 9 0 2436
14 9 1 2954
14 9 2 2786
14 9 3 2800
14 9 4 5479
14 9 5 1182
14 9 6 4463
14 9 7 5708
14 9 8 3415
14 9 9 0
14 9 10 3812
14 9 11 5397
14 9 12 5860
14 9 13 1945
14 9 14 0
14 9 15 8106
14 9 16 9324
14 9 17 5416
14 10 0 3731
14 10 1 4780
14 10 2 2523
14 10 3 2502
14 10 4 4056
14 10 5 4852
14 10 6 4109
14 10 7 1904
14 10 8 2696
14 10 9 797
14 10 10 0
14 10 11 5576
14 10 12 3107
14 10 13 1390
14 10 14 0
14 10 15 3299
14 10 16 3385
14 10 17 3737
14 11 0 8960
14 11 1 5553
14 11 2 6275
14 11 3 5111
14 11 4 5978
14 11 5 4999
14 11 6 4560
14 11 7 8049
14 11 8 5035
14 11 9 6196
14 11 10 5266
14 11 11 0
14 11 12 8003
14 11 13 7772
14 11 14 0
14 11 15 2488
14 11 16 4752
14 11 17 4341
14 12 0 6246
14 12 1 4641
14 12 2 4937
14 12 3 7502
14 12 4 7596
14 12 5 6776
14 12 6 9092
14 12 7 5827
14 12 8 7704
14 12 9 6784
14 12 10 6148
14 12 11 5764
14 12 12 0
14 12 13 4274
14 12 14 0
14 12 15 3828
14 12 16 5121
14 12 17 4599
14 13 0 1019
14 13 1 4899
14 13 2 2866
14 13 3 3964
14 13 4 4725
14 13 5 3156
14 13 6 1879
14 13 7 2751
14 13 8 5195
14 13 9 4609
14 13 10 1122
14 13 11 2351
14 13 12 2388
14 13 13 0
14 13 14 0
14 13 15 6305
14 13 16 5631
14 13 17 2671
14 14 0 0
14 14 1 0
14 14 2 0
14 14 3 0
14 14 4 0
14 14 5 0
14 14 6 0
14 14 7 0
14 14 8 0
14 14 9 0
14 14 10 0
14 14 11 0
14 14 12 0
14 14 13 0
14 14 14 0
14 14 15 0
14 14 16 0
14 14 17 0
14 15 0 5915
14 15 1 3565
14 15 2 5333
14 15 3 7328
14 15 4 6762
14 15 5 4375
14 15 6 2956
14 15 7 7153
14 15 8 3138
14 15 9 5656
14 15 10 2671
14 15 11 3734
14 15 12 2919
14 15 13 7394
14 15 14 0
14 15 15 0
14 15 16 8333
14 15 17 5906
14 16 0 7776
14 16 1 7110
14 16 2 7742
14 16 3 7357
14 16 4 8017
14 16 5 8252
14 16 6 8787
14 16 7 4396
14 16 8 9311
14 16 9 8754
14 16 10 4637
14 16 11 7878
14 16 12 6092
14 16 13 8600
14 16 14 0
14 16 15 4176
14 16 16 0
14 16 17 6054
14 17 0 942
14 17 1 3419
14 17 2 1287
14 17 3 1428
14 17 4 5692
14 17 5 3232
14 17 6 5478
14 17 7 4694
14 17 8 2140
14 17 9 1245
14 17 10 1388
14 17 11 3866
14 17 12 1969
14 17 13 2039
14 17 14 0
14 17 15 5313
14 17 16 4803
14 17 17 0
15 0 0 0
15 0 1 3934
15 0 2 7416
15 0 3 5240
15 0 4 7075
15 0 5 3994
15 0 6 7097
15 0 7 7239
15 0 8 7800
15 0 9 3672
15 0 10 4460
15 0 11 7291
15 0 12 4878
15 0 13 7256
15 0 14 6088
15 0 15 0
15 0 16 3898
15 0 17 665
15 1 0 5168
15 1 1 0
15 1 2 3621
15 1 3 5134
15 1 4 1803
15 1 5 5614
15 1 6 4320
15 1 7 3517
15 1 8 3627
15 1 9 2863
15 1 10 5938
15 1 11 2762
15 1 12 3361
15 1 13 5216
15 1 14 4549
15 1 15 0
15 1 16 7667
15 1 17 7577
15 2 0 6647
15 2 1 7564
15 2 2 0
15 2 3 6918
15 2 4 5790
15 2 5 7503
15 2 6 5677
15 2 7 7826
15 2 8 3624
15 2 9 3912
15 2 10 5095
15 2 11 5883
15 2 12 6548
15 2 13 4809
15 2 14 3282
15 2 15 0
15 2 16 5051
15 2 17 2197
15 3 0 7711
15 3 1 9673
15 3 2 7794
15 3 3 0
15 3 4 9698
15 3 5 9621
15 3 6 5970
15 3 7 9560
15 3 8 5923
15 3 9 7563
15 3 10 6753
15 3 11 7422
15 3 12 8813
15 3 13 5630
15 3 14 6904
15 3 15 0
15 3 16 3829
15 3 17 1501
15 4 0 5917
15 4 1 6428
15 4 2 4301
15 4 3 8246
15 4 4 0
15 4 5 5071
15 4 6 7310
15 4 7 6318
15 4 8 5275
15 4 9 8885
15 4 10 7451
15 4 11 4315
15 4 12 7853
15 4 13 4528
15 4 14 6370
15 4 15 0
15 4 16 7687
15 4 17 8963
15 5 0 3831
15 5 1 4666
15 5 2 5810
15 5 3 4941
15 5 4 4907
15 5 5 0
15 5 6 2939
15 5 7 4933
15 5 8 3777
15 5 9 5224
15 5 10 3640
15 5 11 2624
15 5 12 6689
15 5 13 2529
15 5 14 4616
15 5 15 0
15 5 16 5214
15 5 17 3795
15 6 0 884
15 6 1 2247
15 6 2 5023
15 6 3 4146
15 6 4 1274
15 6 5 1302
15 6 6 0
15 6 7 4073
15 6 8 4600
15 6 9 1895
15 6 10 2338
15 6 11 2513
15 6 12 2981
15 6 13 5004
15 6 14 3133
15 6 15 0
15 6 16 8078
15 6 17 8370
15 7 0 4692
15 7 1 8669
15 7 2 8676
15 7 3 6712
15 7 4 4692
15 7 5 5840
15 7 6 7491
15 7 7 0
15 7 8 6474
15 7 9 4876
15 7 10 5236
15 7 11 7119
15 7 12 5277
15 7 13 7069
15 7 14 5214
15 7 15 0
15 7 16 855
15 7 17 4754
15 8 0 4338
15 8 1 5517
15 8 2 3552
15 8 3 4976
15 8 4 3562
15 8 5 2309
15 8 6 4089
15 8 7 3699
15 8 8 0
15 8 9 831
15 8 10 1512
15 8 11 4733
15 8 12 3828
15 8 13 5333
15 8 14 1766
15 8 15 0
15 8 16 7487
15 8 17 3917
15 9 0 4497
15 9 1 5015
15 9 2 4847
15 9 3 4861
15 9 4 7540
15 9 5 3243
15 9 6 6524
15 9 7 7769
15 9 8 5476
15 9 9 0
15 9 10 5873
15 9 11 7458
15 9 12 7921
15 9 13 4006
15 9 14 8106
15 9 15 0
15 9 16 5285
15 9 17 1377
15 10 0 3353
15 10 1 4402
15 10 2 2145
15 10 3 2124
15 10 4 3678
15 10 5 4474
15 10 6 3731
15 10 7 1526
15 10 8 2318
15 10 9 419
15 10 10 0
15 10 11 5198
15 10 12 2729
15 10 13 1012
15 10 14 3299
15 10 15 0
15 10 16 3812
15 10 17 4164
15 11 0 6209
15 11 1 2802
15 11 2 3524
15 11 3 2360
15 11 4 3227
15 11 5 2248
15 11 6 1809
15 11 7 5298
15 11 8 2284
15 11 9 3445
15 11 10 2515
15 11 11 0
15 11 12 5252
15 11 13 5021
15 11 14 2488
15 11 15 0
15 11 16 6019
15 11 17 5608
15 12 0 2570
15 12 1 965
15 12 2 1261
15 12 3 3826
15 12 4 3920
15 12 5 3100
15 12 6 5416
15 12 7 2151
15 12 8 4028
15 12 9 3108
15 12 10 2472
15 12 11 2088
15 12 12 0
15 12 13 598
15 12 14 3828
15 12 15 0
15 12 16 5534
15 12 17 5012
15 13 0 5154
15 13 1 9034
15 13 2 7001
15 13 3 8099
15 13 4 8860
15 13 5 7291
15 13 6 6014
15 13 7 6886
15 13 8 9330
15 13 9 8744
15 13 10 5257
15 13 11 6486
15 13 12 6523
15 13 13 0
15 13 14 6305
15 13 15 0
15 13 16 8253
15 13 17 5293
15 14 0 5542
15 14 1 6585
15 14 2 6544
15 14 3 8064
15 14 4 5641
15 14 5 8515
15 14 6 8817
15 14 7 8072
15 14 8 6602
15 14 9 5453
15 14 10 4907
15 14 11 8343
15 14 12 8453
15 14 13 5117
15 14 14 0
15 14 15 0
15 14 16 5172
15 14 17 4709
15 15 0 0
15 15 1 0
15 15 2 0
15 15 3 0
15 15 4 0
15 15 5 0
15 15 6 0
15 15 7 0
15 15 8 0
15 15 9 0
15 15 10 0
15 15 11 0
15 15 12 0
15 15 13 0
15 15 14 0
15 15 15 0
15 15 16 0
15 15 17 0
15 16 0 4900
15 16 1 4234
15 16 2 4866
15 16 3 4481
15 16 4 5141
15 16 5 5376
15 16 6 5911
15 16 7 1520
15 16 8 6435
15 16 9 5878
15 16 10 1761
15 16 11 5002
15 16 12 3216
15 16 13 5724
15 16 14 4176
15 16 15 0
15 16 16 0
15 16 17 7357
15 17 0 3267
15 17 1 5744
15 17 2 3612
15 17 3 3753
15 17 4 8017
15 17 5 5557
15 17 6 7803
15 17 7 7019
15 17 8 4465
15 17 9 3570
15 17 10 3713
15 17 11 6191
15 17 12 4294
15 17 13 4364
15 17 14 5313
15 17 15 0
15 17 16 4142
15 17 17 0
16 0 0 0
16 0 1 3915
16 0 2 7397
16 0 3 5221
16 0 4 7056
16 0 5 3975
16 0 6 7078
16 0 7 7220
16 0 8 7781
16 0 9 3653
16 0 10 4441
16 0 11 7272
16 0 12 4859
16 0 13 7237
16 0 14 6069
16 0 15 3898
16 0 16 0
16 0 17 1598
16 1 0 6833
16 1 1 0
16 1 2 5286
16 1 3 6799
16 1 4 3468
16 1 5 7279
16 1 6 5985
16 1 7 5182
16 1 8 5292
16 1 9 4528
16 1 10 7603
16 1 11 4427
16 1 12 5026
16 1 13 6881
16 1 14 6214
16 1 15 7667
16 1 16 0
16 1 17 3887
16 2 0 7176
16 2 1 8093
16 2 2 0
16 2 3 7447
16 2 4 6319
16 2 5 8032
16 2 6 6206
16 2 7 8355
16 2 8 4153
16 2 9 4441
16 2 10 5624
16 2 11 6412
16 2 12 7077
16 2 13 5338
16 2 14 3811
16 2 15 5051
16 2 16 0
16 2 17 5235
16 3 0 5860
16 3 1 7822
16 3 2 5943
16 3 3 0
16 3 4 7847
16 3 5 7770
16 3 6 4119
16 3 7 7709
16 3 8 4072
16 3 9 5712
16 3 10 4902
16 3 11 5571
16 3 12 6962
16 3 13 3779
16 3 14 5053
16 3 15 3829
16 3 16 0
16 3 17 2732
16 4 0 5292
16 4 1 5803
16 4 2 3676
16 4 3 7621
16 4 4 0
16 4 5 4446
16 4 6 6685
16 4 7 5693
16 4 8 4650
16 4 9 8260
16 4 10 6826
16 4 11 3690
16 4 12 7228
16 4 13 3903
16 4 14 5745
16 4 15 7687
16 4 16 0
16 4 17 7579
16 5 0 5828
16 5 1 6663
16 5 2 7807
16 5 3 6938
16 5 4 6904
16 5 5 0
16 5 6 4936
16 5 7 6930
16 5 8 5774
16 5 9 7221
16 5 10 5637
16 5 11 4621
16 5 12 8686
16 5 13 4526
16 5 14 6613
16 5 15 5214
16 5 16 0
16 5 17 6215
16 6 0 4835
16 6 1 6198
16 6 2 8974
16 6 3 8097
16 6 4 5225
16 6 5 5253
16 6 6 0
16 6 7 8024
16 6 8 8551
16 6 9 5846
16 6 10 6289
16 6 11 6464
16 6 12 6932
16 6 13 8955
16 6 14 7084
16 6 15 8078
16 6 16 0
16 6 17 6837
16 7 0 55
16 7 1 4032
16 7 2 4039
16 7 3 2075
16 7 4 55
16 7 5 1203
16 7 6 2854
16 7 7 0
16 7 8 1837
16 7 9 239
16 7 10 599
16 7 11 2482
16 7 12 640
16 7 13 2432
16 7 14 577
16 7 15 855
16 7 16 0
16 7 17 5151
16 8 0 8631
16 8 1 9810
16 8 2 7845
16 8 3 9269
16 8 4 7855
16 8 5 6602
16 8 6 8382
16 8 7 7992
16 8 8 0
16 8 9 5124
16 8 10 5805
16 8 11 9026
16 8 12 8121
16 8 13 9626
16 8 14 6059
16 8 15 7487
16 8 16 0
16 8 17 3279
16 9 0 5715
16 9 1 6233
16 9 2 6065
16 9 3 6079
16 9 4 8758
16 9 5 4461
16 9 6 7742
16 9 7 8987
16 9 8 6694
16 9 9 0
16 9 10 7091
16 9 11 8676
16 9 12 9139
16 9 13 5224
16 9 14 9324
16 9 15 5285
16 9 16 0
16 9 17 4389
16 10 0 3439
16 10 1 4488
16 10 2 2231
16 10 3 2210
16 10 4 3764
16 10 5 4560
16 10 6 3817
16 10 7 1612
16 10 8 2404
16 10 9 505
16 10 10 0
16 10 11 5284
16 10 12 2815
16 10 13 1098
16 10 14 3385
16 10 15 3812
16 10 16 0
16 10 17 2906
16 11 0 8473
16 11 1 5066
16 11 2 5788
16 11 3 4624
16 11 4 5491
16 11 5 4512
16 11 6 4073
16 11 7 7562
16 11 8 4548
16 11 9 5709
16 11 10 4779
16 11 11 0
16 11 12 7516
16 11 13 7285
16 11 14 4752
16 11 15 6019
16 11 16 0
16 11 17 6833
16 12 0 3863
16 12 1 2258
16 12 2 2554
16 12 3 5119
16 12 4 5213
16 12 5 4393
16 12 6 6709
16 12 7 3444
16 12 8 5321
16 12 9 4401
16 12 10 3765
16 12 11 3381
16 12 12 0
16 12 13 1891
16 12 14 5121
16 12 15 5534
16 12 16 0
16 12 17 2959
16 13 0 4480
16 13 1 8360
16 13 2 6327
16 13 3 7425
16 13 4 8186
16 13 5 6617
16 13 6 5340
16 13 7 6212
16 13 8 8656
16 13 9 8070
16 13 10 4583
16 13 11 5812
16 13 12 5849
16 13 13 0
16 13 14 5631
16 13 15 8253
16 13 16 0
16 13 17 3376
16 14 0 3914
16 14 1 4957
16 14 2 4916
16 14 3 6436
16 14 4 4013
16 14 5 6887
16 14 6 7189
16 14 7 6444
16 14 8 4974
16 14 9 3825
16 14 10 3279
16 14 11 6715
16 14 12 6825
16 14 13 3489
16 14 14 0
16 14 15 5172
16 14 16 0
16 14 17 6589
16 15 0 7448
16 15 1 5098
16 15 2 6866
16 15 3 8861
16 15 4 8295
16 15 5 5908
16 15 6 4489
16 15 7 8686
16 15 8 4671
16 15 9 7189
16 15 10 4204
16 15 11 5267
16 15 12 4452
16 15 13 8927
16 15 14 8333
16 15 15 0
16 15 16 0
16 15 17 3052
16 16 0 0
16 16 1 0
16 16 2 0
16 16 3 0
16 16 4 0
16 16 5 0
16 16 6 0
16 16 7 0
16 16 8 0
16 16 9 0
16 16 10 0
16 16 11 0
16 16 12 0
16 16 13 0
16 16 14 0
16 16 15 0
16 16 16 0
16 16 17 0
16 17 0 2757
16 17 1 5234
16 17 2 3102
16 17 3 3243
16 17 4 7507
16 17 5 5047
16 17 6 7293
16 17 7 6509
16 17 8 3955
16 17 9 3060
16 17 10 3203
16 17 11 5681
16 17 12 3784
16 17 13 3854
16 17 14 4803
16 17 15 4142
16 17 16 0
16 17 17 0
17 0 0 0
17 0 1 682
17 0 2 4164
17 0 3 1988
17 0 4 3823
17 0 5 742
17 0 6 3845
17 0 7 3987
17 0 8 4548
17 0 9 420
17 0 10 1208
17 0 11 4039
17 0 12 1626
17 0 13 4004
17 0 14 2836
17 0 15 665
17 0 16 1598
17 0 17 0
17 1 0 6743
17 1 1 0
17 1 2 5196
17 1 3 6709
17 1 4 3378
17 1 5 7189
17 1 6 5895
17 1 7 5092
17 1 8 5202
17 1 9 4438
17 1 10 7513
17 1 11 4337
17 1 12 4936
17 1 13 6791
17 1 14 6124
17 1 15 7577
17 1 16 3887
17 1 17 0
17 2 0 4322
17 2 1 5239
17 2 2 0
17 2 3 4593
17 2 4 3465
17 2 5 5178
17 2 6 3352
17 2 7 5501
17 2 8 1299
17 2 9 1587
17 2 10 2770
17 2 11 3558
17 2 12 4223
17 2 13 2484
17 2 14 957
17 2 15 2197
17 2 16 5235
17 2 17 0
17 3 0 3532
17 3 1 5494
17 3 2 3615
17 3 3 0
17 3 4 5519
17 3 5 5442
17 3 6 1791
17 3 7 5381
17 3 8 1744
17 3 9 3384
17 3 10 2574
17 3 11 3243
17 3 12 4634
17 3 13 1451
17 3 14 2725
17 3 15 1501
17 3 16 2732
17 3 17 0
17 4 0 6568
17 4 1 7079
17 4 2 4952
17 4 3 8897
17 4 4 0
17 4 5 5722
17 4 6 7961
17 4 7 6969
17 4 8 5926
17 4 9 9536
17 4 10 8102
17 4 11 4966
17 4 12 8504
17 4 13 5179
17 4 14 7021
17 4 15 8963
17 4 16 7579
17 4 17 0
17 5 0 4409
17 5 1 5244
17 5 2 6388
17 5 3 5519
17 5 4 5485
17 5 5 0
17 5 6 3517
17 5 7 5511
17 5 8 4355
17 5 9 5802
17 5 10 4218
17 5 11 3202
17 5 12 7267
17 5 13 3107
17 5 14 5194
17 5 15 3795
17 5 16 6215
17 5 17 0
17 6 0 5127
17 6 1 6490
17 6 2 9266
17 6 3 8389
17 6 4 5517
17 6 5 5545
17 6 6 0
17 6 7 8316
17 6 8 8843
17 6 9 6138
17 6 10 6581
17 6 11 6756
17 6 12 7224
17 6 13 9247
17 6 14 7376
17 6 15 8370
17 6 16 6837
17 6 17 0
17 7 0 3954
17 7 1 7931
17 7 2 7938
17 7 3 5974
17 7 4 3954
17 7 5 5102
17 7 6 6753
17 7 7 0
17 7 8 5736
17 7 9 4138
17 7 10 4498
17 7 11 6381
17 7 12 4539
17 7 13 6331
17 7 14 4476
17 7 15 4754
17 7 16 5151
17 7 17 0
17 8 0 5061
17 8 1 6240
17 8 2 4275
17 8 3 5699
17 8 4 4285
17 8 5 3032
17 8 6 4812
17 8 7 4422
17 8 8 0
17 8 9 1554
17 8 10 2235
17 8 11 5456
17 8 12 4551
17 8 13 6056
17 8 14 2489
17 8 15 3917
17 8 16 3279
17 8 17 0
17 9 0 1807
17 9 1 2325
17 9 2 2157
17 9 3 2171
17 9 4 4850
17 9 5 553
17 9 6 3834
17 9 7 5079
17 9 8 2786
17 9 9 0
17 9 10 3183
17 9 11 4768
17 9 12 5231
17 9 13 1316
17 9 14 5416
17 9 15 1377
17 9 16 4389
17 9 17 0
17 10 0 3791
17 10 1 4840
17 10 2 2583
17 10 3 2562
17 10 4 4116
17 10 5 4912
17 10 6 4169
17 10 7 1964
17 10 8 2756
17 10 9 857
17 10 10 0
17 10 11 5636
17 10 12 3167
17 10 13 1450
17 10 14 3737
17 10 15 4164
17 10 16 2906
17 10 17 0
17 11 0 8062
17 11 1 4655
17 11 2 5377
17 11 3 4213
17 11 4 5080
17 11 5 4101
17 11 6 3662
17 11 7 7151
17 11 8 4137
17 11 9 5298
17 11 10 4368
17 11 11 0
17 11 12 7105
17 11 13 6874
17 11 14 4341
17 11 15 5608
17 11 16 6833
17 11 17 0
17 12 0 3341
17 12 1 1736
17 12 2 2032
17 12 3 4597
17 12 4 4691
17 12 5 3871
17 12 6 6187
17 12 7 2922
17 12 8 4799
17 12 9 3879
17 12 10 3243
17 12 11 2859
17 12 12 0
17 12 13 1369
17 12 14 4599
17 12 15 5012
17 12 16 2959
17 12 17 0
17 13 0 1520
17 13 1 5400
17 13 2 3367
17 13 3 4465
17 13 4 5226
17 13 5 3657
17 13 6 2380
17 13 7 3252
17 13 8 5696
17 13 9 5110
17 13 10 1623
17 13 11 2852
17 13 12 2889
17 13 13 0
17 13 14 2671
17 13 15 5293
17 13 16 3376
17 13 17 0
17 14 0 3451
17 14 1 4494
17 14 2 4453
17 14 3 5973
17 14 4 3550
17 14 5 6424
17 14 6 6726
17 14 7 5981
17 14 8 4511
17 14 9 3362
17 14 10 2816
17 14 11 6252
17 14 12 6362
17 14 13 3026
17 14 14 0
17 14 15 4709
17 14 16 6589
17 14 17 0
17 15 0 5021
17 15 1 2671
17 15 2 4439
17 15 3 6434
17 15 4 5868
17 15 5 3481
17 15 6 2062
17 15 7 6259
17 15 8 2244
17 15 9 4762
17 15 10 1777
17 15 11 2840
17 15 12 2025
17 15 13 6500
17 15 14 5906
17 15 15 0
17 15 16 3052
17 15 17 0
17 16 0 6778
17 16 1 6112
17 16 2 6744
17 16 3 6359
17 16 4 7019
17 16 5 7254
17 16 6 7789
17 16 7 3398
17 16 8 8313
17 16 9 7756
17 16 10 3639
17 16 11 6880
17 16 12 5094
17 16 13 7602
17 16 14 6054
17 16 15 7357
17 16 16 0
17 16 17 0
17 17 0 0
17 17 1 0
17 17 2 0
17 17 3 0
17 17 4 0
17 17 5 0
17 17 6 0
17 17 7 0
17 17 8 0
17 17 9 0
17 17 10 0
17 17 11 0
17 17 12 0
17 17 13 0
17 17 14 0
17 17 15 0
17 17 16 0
17 17 17 0
