10
0 0 0 0
0 0 1 0
0 0 2 0
0 0 3 0
0 0 4 0
0 0 5 0
0 0 6 0
0 0 7 0
0 0 8 0
0 0 9 0
0 1 0 0
0 1 1 0
0 1 2 7495
0 1 3 6840
0 1 4 8796
0 1 5 7345
0 1 6 6281
0 1 7 5405
0 1 8 6623
0 1 9 4970
0 2 0 0
0 2 1 6788
0 2 2 0
0 2 3 7840
0 2 4 5665
0 2 5 3641
0 2 6 4915
0 2 7 7653
0 2 8 6178
0 2 9 6844
0 3 0 0
0 3 1 3987
0 3 2 722
0 3 3 0
0 3 4 1846
0 3 5 1225
0 3 6 1589
0 3 7 4544
0 3 8 705
0 3 9 1844
0 4 0 0
0 4 1 5205
0 4 2 1632
0 4 3 3204
0 4 4 0
0 4 5 6310
0 4 6 2785
0 4 7 4798
0 4 8 5832
0 4 9 2216
0 5 0 0
0 5 1 5579
0 5 2 3359
0 5 3 2871
0 5 4 3925
0 5 5 0
0 5 6 4935
0 5 7 4667
0 5 8 5566
0 5 9 5386
0 6 0 0
0 6 1 8090
0 6 2 6888
0 6 3 8413
0 6 4 9442
0 6 5 6303
0 6 6 0
0 6 7 5106
0 6 8 5753
0 6 9 4781
0 7 0 0
0 7 1 4858
0 7 2 3749
0 7 3 6492
0 7 4 5455
0 7 5 3787
0 7 6 6721
0 7 7 0
0 7 8 5074
0 7 9 3374
0 8 0 0
0 8 1 5419
0 8 2 3385
0 8 3 4635
0 8 4 3365
0 8 5 6551
0 8 6 3528
0 8 7 7314
0 8 8 0
0 8 9 4176
0 9 0 0
0 9 1 3604
0 9 2 4218
0 9 3 4017
0 9 4 5712
0 9 5 1592
0 9 6 823
0 9 7 5214
0 9 8 5002
0 9 9 0
1 0 0 0
1 0 1 0
1 0 2 4477
1 0 3 1957
1 0 4 2873
1 0 5 2788
1 0 6 6185
1 0 7 3436
1 0 8 4090
1 0 9 2231
1 1 0 0
1 1 1 0
1 1 2 0
1 1 3 0
1 1 4 0
1 1 5 0
1 1 6 0
1 1 7 0
1 1 8 0
1 1 9 0
1 2 0 6788
1 2 1 0
1 2 2 0
1 2 3 8117
1 2 4 5942
1 2 5 3918
1 2 6 5192
1 2 7 7930
1 2 8 6455
1 2 9 7121
1 3 0 3987
1 3 1 0
1 3 2 2864
1 3 3 0
1 3 4 3988
1 3 5 3367
1 3 6 3731
1 3 7 6686
1 3 8 2847
1 3 9 3986
1 4 0 5205
1 4 1 0
1 4 2 4814
1 4 3 6386
1 4 4 0
1 4 5 9492
1 4 6 5967
1 4 7 7980
1 4 8 9014
1 4 9 5398
1 5 0 5579
1 5 1 0
1 5 2 5175
1 5 3 4687
1 5 4 5741
1 5 5 0
1 5 6 6751
1 5 7 6483
1 5 8 7382
1 5 9 7202
1 6 0 8090
1 6 1 0
1 6 2 4243
1 6 3 5768
1 6 4 6797
1 6 5 3658
1 6 6 0
1 6 7 2461
1 6 8 3108
1 6 9 2136
1 7 0 4858
1 7 1 0
1 7 2 2977
1 7 3 5720
1 7 4 4683
1 7 5 3015
1 7 6 5949
1 7 7 0
1 7 8 4302
1 7 9 2602
1 8 0 5419
1 8 1 0
1 8 2 3177
1 8 3 4427
1 8 4 3157
1 8 5 6343
1 8 6 3320
1 8 7 7106
1 8 8 0
1 8 9 3968
1 9 0 3604
1 9 1 0
1 9 2 4216
1 9 3 4015
1 9 4 5710
1 9 5 1590
1 9 6 821
1 9 7 5212
1 9 8 5000
1 9 9 0
2 0 0 0
2 0 1 4477
2 0 2 0
2 0 3 1871
2 0 4 2787
2 0 5 2702
2 0 6 6099
2 0 7 3350
2 0 8 4004
2 0 9 2145
2 1 0 7495
2 1 1 0
2 1 2 0
2 1 3 6410
2 1 4 8366
2 1 5 6915
2 1 6 5851
2 1 7 4975
2 1 8 6193
2 1 9 4540
2 2 0 0
2 2 1 0
2 2 2 0
2 2 3 0
2 2 4 0
2 2 5 0
2 2 6 0
2 2 7 0
2 2 8 0
2 2 9 0
2 3 0 722
2 3 1 2864
2 3 2 0
2 3 3 0
2 3 4 6090
2 3 5 5469
2 3 6 5833
2 3 7 8788
2 3 8 4949
2 3 9 6088
2 4 0 1632
2 4 1 4814
2 4 2 0
2 4 3 4357
2 4 4 0
2 4 5 7463
2 4 6 3938
2 4 7 5951
2 4 8 6985
2 4 9 3369
2 5 0 3359
2 5 1 5175
2 5 2 0
2 5 3 2085
2 5 4 3139
2 5 5 0
2 5 6 4149
2 5 7 3881
2 5 8 4780
2 5 9 4600
2 6 0 6888
2 6 1 4243
2 6 2 0
2 6 3 5504
2 6 4 6533
2 6 5 3394
2 6 6 0
2 6 7 2197
2 6 8 2844
2 6 9 1872
2 7 0 3749
2 7 1 2977
2 7 2 0
2 7 3 9070
2 7 4 8033
2 7 5 6365
2 7 6 9299
2 7 7 0
2 7 8 7652
2 7 9 5952
2 8 0 3385
2 8 1 3177
2 8 2 0
2 8 3 5084
2 8 4 3814
2 8 5 7000
2 8 6 3977
2 8 7 7763
2 8 8 0
2 8 9 4625
2 9 0 4218
2 9 1 4216
2 9 2 0
2 9 3 6991
2 9 4 8686
2 9 5 4566
2 9 6 3797
2 9 7 8188
2 9 8 7976
2 9 9 0
3 0 0 0
3 0 1 1957
3 0 2 1871
3 0 3 0
3 0 4 2830
3 0 5 2745
3 0 6 6142
3 0 7 3393
3 0 8 4047
3 0 9 2188
3 1 0 6840
3 1 1 0
3 1 2 6410
3 1 3 0
3 1 4 8085
3 1 5 6634
3 1 6 5570
3 1 7 4694
3 1 8 5912
3 1 9 4259
3 2 0 7840
3 2 1 8117
3 2 2 0
3 2 3 0
3 2 4 2791
3 2 5 767
3 2 6 2041
3 2 7 4779
3 2 8 3304
3 2 9 3970
3 3 0 0
3 3 1 0
3 3 2 0
3 3 3 0
3 3 4 0
3 3 5 0
3 3 6 0
3 3 7 0
3 3 8 0
3 3 9 0
3 4 0 3204
3 4 1 6386
3 4 2 4357
3 4 3 0
3 4 4 0
3 4 5 6164
3 4 6 2639
3 4 7 4652
3 4 8 5686
3 4 9 2070
3 5 0 2871
3 5 1 4687
3 5 2 2085
3 5 3 0
3 5 4 3243
3 5 5 0
3 5 6 4253
3 5 7 3985
3 5 8 4884
3 5 9 4704
3 6 0 8413
3 6 1 5768
3 6 2 5504
3 6 3 0
3 6 4 5727
3 6 5 2588
3 6 6 0
3 6 7 1391
3 6 8 2038
3 6 9 1066
3 7 0 6492
3 7 1 5720
3 7 2 9070
3 7 3 0
3 7 4 7444
3 7 5 5776
3 7 6 8710
3 7 7 0
3 7 8 7063
3 7 9 5363
3 8 0 4635
3 8 1 4427
3 8 2 5084
3 8 3 0
3 8 4 861
3 8 5 4047
3 8 6 1024
3 8 7 4810
3 8 8 0
3 8 9 1672
3 9 0 4017
3 9 1 4015
3 9 2 6991
3 9 3 0
3 9 4 6206
3 9 5 2086
3 9 6 1317
3 9 7 5708
3 9 8 5496
3 9 9 0
4 0 0 0
4 0 1 2873
4 0 2 2787
4 0 3 2830
4 0 4 0
4 0 5 2835
4 0 6 6232
4 0 7 3483
4 0 8 4137
4 0 9 2278
4 1 0 8796
4 1 1 0
4 1 2 8366
4 1 3 8085
4 1 4 0
4 1 5 6936
4 1 6 5872
4 1 7 4996
4 1 8 6214
4 1 9 4561
4 2 0 5665
4 2 1 5942
4 2 2 0
4 2 3 2791
4 2 4 0
4 2 5 761
4 2 6 2035
4 2 7 4773
4 2 8 3298
4 2 9 3964
4 3 0 1846
4 3 1 3988
4 3 2 6090
4 3 3 0
4 3 4 0
4 3 5 2437
4 3 6 2801
4 3 7 5756
4 3 8 1917
4 3 9 3056
4 4 0 0
4 4 1 0
4 4 2 0
4 4 3 0
4 4 4 0
4 4 5 0
4 4 6 0
4 4 7 0
4 4 8 0
4 4 9 0
4 5 0 3925
4 5 1 5741
4 5 2 3139
4 5 3 3243
4 5 4 0
4 5 5 0
4 5 6 8422
4 5 7 8154
4 5 8 9053
4 5 9 8873
4 6 0 9442
4 6 1 6797
4 6 2 6533
4 6 3 5727
4 6 4 0
4 6 5 2868
4 6 6 0
4 6 7 1671
4 6 8 2318
4 6 9 1346
4 7 0 5455
4 7 1 4683
4 7 2 8033
4 7 3 7444
4 7 4 0
4 7 5 5114
4 7 6 8048
4 7 7 0
4 7 8 6401
4 7 9 4701
4 8 0 3365
4 8 1 3157
4 8 2 3814
4 8 3 861
4 8 4 0
4 8 5 8258
4 8 6 5235
4 8 7 9021
4 8 8 0
4 8 9 5883
4 9 0 5712
4 9 1 5710
4 9 2 8686
4 9 3 6206
4 9 4 0
4 9 5 1542
4 9 6 773
4 9 7 5164
4 9 8 4952
4 9 9 0
5 0 0 0
5 0 1 2788
5 0 2 2702
5 0 3 2745
5 0 4 2835
5 0 5 0
5 0 6 8379
5 0 7 5630
5 0 8 6284
5 0 9 4425
5 1 0 7345
5 1 1 0
5 1 2 6915
5 1 3 6634
5 1 4 6936
5 1 5 0
5 1 6 6331
5 1 7 5455
5 1 8 6673
5 1 9 5020
5 2 0 3641
5 2 1 3918
5 2 2 0
5 2 3 767
5 2 4 761
5 2 5 0
5 2 6 3847
5 2 7 6585
5 2 8 5110
5 2 9 5776
5 3 0 1225
5 3 1 3367
5 3 2 5469
5 3 3 0
5 3 4 2437
5 3 5 0
5 3 6 2553
5 3 7 5508
5 3 8 1669
5 3 9 2808
5 4 0 6310
5 4 1 9492
5 4 2 7463
5 4 3 6164
5 4 4 0
5 4 5 0
5 4 6 3887
5 4 7 5900
5 4 8 6934
5 4 9 3318
5 5 0 0
5 5 1 0
5 5 2 0
5 5 3 0
5 5 4 0
5 5 5 0
5 5 6 0
5 5 7 0
5 5 8 0
5 5 9 0
5 6 0 6303
5 6 1 3658
5 6 2 3394
5 6 3 2588
5 6 4 2868
5 6 5 0
5 6 6 0
5 6 7 3906
5 6 8 4553
5 6 9 3581
5 7 0 3787
5 7 1 3015
5 7 2 6365
5 7 3 5776
5 7 4 5114
5 7 5 0
5 7 6 8002
5 7 7 0
5 7 8 6355
5 7 9 4655
5 8 0 6551
5 8 1 6343
5 8 2 7000
5 8 3 4047
5 8 4 8258
5 8 5 0
5 8 6 5054
5 8 7 8840
5 8 8 0
5 8 9 5702
5 9 0 1592
5 9 1 1590
5 9 2 4566
5 9 3 2086
5 9 4 1542
5 9 5 0
5 9 6 4028
5 9 7 8419
5 9 8 8207
5 9 9 0
6 0 0 0
6 0 1 6185
6 0 2 6099
6 0 3 6142
6 0 4 6232
6 0 5 8379
6 0 6 0
6 0 7 6479
6 0 8 7133
6 0 9 5274
6 1 0 6281
6 1 1 0
6 1 2 5851
6 1 3 5570
6 1 4 5872
6 1 5 6331
6 1 6 0
6 1 7 4569
6 1 8 5787
6 1 9 4134
6 2 0 4915
6 2 1 5192
6 2 2 0
6 2 3 2041
6 2 4 2035
6 2 5 3847
6 2 6 0
6 2 7 6717
6 2 8 5242
6 2 9 5908
6 3 0 1589
6 3 1 3731
6 3 2 5833
6 3 3 0
6 3 4 2801
6 3 5 2553
6 3 6 0
6 3 7 7653
6 3 8 3814
6 3 9 4953
6 4 0 2785
6 4 1 5967
6 4 2 3938
6 4 3 2639
6 4 4 0
6 4 5 3887
6 4 6 0
6 4 7 8020
6 4 8 9054
6 4 9 5438
6 5 0 4935
6 5 1 6751
6 5 2 4149
6 5 3 4253
6 5 4 8422
6 5 5 0
6 5 6 0
6 5 7 4835
6 5 8 5734
6 5 9 5554
6 6 0 0
6 6 1 0
6 6 2 0
6 6 3 0
6 6 4 0
6 6 5 0
6 6 6 0
6 6 7 0
6 6 8 0
6 6 9 0
6 7 0 6721
6 7 1 5949
6 7 2 9299
6 7 3 8710
6 7 4 8048
6 7 5 8002
6 7 6 0
6 7 7 0
6 7 8 3397
6 7 9 1697
6 8 0 3528
6 8 1 3320
6 8 2 3977
6 8 3 1024
6 8 4 5235
6 8 5 5054
6 8 6 0
6 8 7 5630
6 8 8 0
6 8 9 2492
6 9 0 823
6 9 1 821
6 9 2 3797
6 9 3 1317
6 9 4 773
6 9 5 4028
6 9 6 0
6 9 7 4417
6 9 8 4205
6 9 9 0
7 0 0 0
7 0 1 3436
7 0 2 3350
7 0 3 3393
7 0 4 3483
7 0 5 5630
7 0 6 6479
7 0 7 0
7 0 8 6988
7 0 9 5129
7 1 0 5405
7 1 1 0
7 1 2 4975
7 1 3 4694
7 1 4 4996
7 1 5 5455
7 1 6 4569
7 1 7 0
7 1 8 5304
7 1 9 3651
7 2 0 7653
7 2 1 7930
7 2 2 0
7 2 3 4779
7 2 4 4773
7 2 5 6585
7 2 6 6717
7 2 7 0
7 2 8 4852
7 2 9 5518
7 3 0 4544
7 3 1 6686
7 3 2 8788
7 3 3 0
7 3 4 5756
7 3 5 5508
7 3 6 7653
7 3 7 0
7 3 8 4642
7 3 9 5781
7 4 0 4798
7 4 1 7980
7 4 2 5951
7 4 3 4652
7 4 4 0
7 4 5 5900
7 4 6 8020
7 4 7 0
7 4 8 7816
7 4 9 4200
7 5 0 4667
7 5 1 6483
7 5 2 3881
7 5 3 3985
7 5 4 8154
7 5 5 0
7 5 6 4835
7 5 7 0
7 5 8 5967
7 5 9 5787
7 6 0 5106
7 6 1 2461
7 6 2 2197
7 6 3 1391
7 6 4 1671
7 6 5 3906
7 6 6 0
7 6 7 0
7 6 8 5691
7 6 9 4719
7 7 0 0
7 7 1 0
7 7 2 0
7 7 3 0
7 7 4 0
7 7 5 0
7 7 6 0
7 7 7 0
7 7 8 0
7 7 9 0
7 8 0 7314
7 8 1 7106
7 8 2 7763
7 8 3 4810
7 8 4 9021
7 8 5 8840
7 8 6 5630
7 8 7 0
7 8 8 0
7 8 9 4562
7 9 0 5214
7 9 1 5212
7 9 2 8188
7 9 3 5708
7 9 4 5164
7 9 5 8419
7 9 6 4417
7 9 7 0
7 9 8 5547
7 9 9 0
8 0 0 0
8 0 1 4090
8 0 2 4004
8 0 3 4047
8 0 4 4137
8 0 5 6284
8 0 6 7133
8 0 7 6988
8 0 8 0
8 0 9 5362
8 1 0 6623
8 1 1 0
8 1 2 6193
8 1 3 5912
8 1 4 6214
8 1 5 6673
8 1 6 5787
8 1 7 5304
8 1 8 0
8 1 9 3558
8 2 0 6178
8 2 1 6455
8 2 2 0
8 2 3 3304
8 2 4 3298
8 2 5 5110
8 2 6 5242
8 2 7 4852
8 2 8 0
8 2 9 4500
8 3 0 705
8 3 1 2847
8 3 2 4949
8 3 3 0
8 3 4 1917
8 3 5 1669
8 3 6 3814
8 3 7 4642
8 3 8 0
8 3 9 3270
8 4 0 5832
8 4 1 9014
8 4 2 6985
8 4 3 5686
8 4 4 0
8 4 5 6934
8 4 6 9054
8 4 7 7816
8 4 8 0
8 4 9 1456
8 5 0 5566
8 5 1 7382
8 5 2 4780
8 5 3 4884
8 5 4 9053
8 5 5 0
8 5 6 5734
8 5 7 5967
8 5 8 0
8 5 9 7897
8 6 0 5753
8 6 1 3108
8 6 2 2844
8 6 3 2038
8 6 4 2318
8 6 5 4553
8 6 6 0
8 6 7 5691
8 6 8 0
8 6 9 872
8 7 0 5074
8 7 1 4302
8 7 2 7652
8 7 3 7063
8 7 4 6401
8 7 5 6355
8 7 6 3397
8 7 7 0
8 7 8 0
8 7 9 6000
8 8 0 0
8 8 1 0
8 8 2 0
8 8 3 0
8 8 4 0
8 8 5 0
8 8 6 0
8 8 7 0
8 8 8 0
8 8 9 0
8 9 0 5002
8 9 1 5000
8 9 2 7976
8 9 3 5496
8 9 4 4952
8 9 5 8207
8 9 6 4205
8 9 7 5547
8 9 8 0
8 9 9 0
9 0 0 0
9 0 1 2231
9 0 2 2145
9 0 3 2188
9 0 4 2278
9 0 5 4425
9 0 6 5274
9 0 7 5129
9 0 8 5362
9 0 9 0
9 1 0 4970
9 1 1 0
9 1 2 4540
9 1 3 4259
9 1 4 4561
9 1 5 5020
9 1 6 4134
9 1 7 3651
9 1 8 3558
9 1 9 0
9 2 0 6844
9 2 1 7121
9 2 2 0
9 2 3 3970
9 2 4 3964
9 2 5 5776
9 2 6 5908
9 2 7 5518
9 2 8 4500
9 2 9 0
9 3 0 1844
9 3 1 3986
9 3 2 6088
9 3 3 0
9 3 4 3056
9 3 5 2808
9 3 6 4953
9 3 7 5781
9 3 8 3270
9 3 9 0
9 4 0 2216
9 4 1 5398
9 4 2 3369
9 4 3 2070
9 4 4 0
9 4 5 3318
9 4 6 5438
9 4 7 4200
9 4 8 1456
9 4 9 0
9 5 0 5386
9 5 1 7202
9 5 2 4600
9 5 3 4704
9 5 4 8873
9 5 5 0
9 5 6 5554
9 5 7 5787
9 5 8 7897
9 5 9 0
9 6 0 4781
9 6 1 2136
9 6 2 1872
9 6 3 1066
9 6 4 1346
9 6 5 3581
9 6 6 0
9 6 7 4719
9 6 8 872
9 6 9 0
9 7 0 3374
9 7 1 2602
9 7 2 5952
9 7 3 5363
9 7 4 4701
9 7 5 4655
9 7 6 1697
9 7 7 0
9 7 8 6000
9 7 9 0
9 8 0 4176
9 8 1 3968
9 8 2 4625
9 8 3 1672
9 8 4 5883
9 8 5 5702
9 8 6 2492
9 8 7 4562
9 8 8 0
9 8 9 0
9 9 0 0
9 9 1 0
9 9 2 0
9 9 3 0
9 9 4 0
9 9 5 0
9 9 6 0
9 9 7 0
9 9 8 0
9 9 9 0
