13
0 0 0 0
0 0 1 0
0 0 2 0
0 0 3 0
0 0 4 0
0 0 5 0
0 0 6 0
0 0 7 0
0 0 8 0
0 0 9 0
0 0 10 0
0 0 11 0
0 0 12 0
0 1 0 0
0 1 1 0
0 1 2 4297
0 1 3 3175
0 1 4 2471
0 1 5 2993
0 1 6 581
0 1 7 431
0 1 8 1922
0 1 9 538
0 1 10 996
0 1 11 3313
0 1 12 2640
0 2 0 0
0 2 1 705
0 2 2 0
0 2 3 2269
0 2 4 2390
0 2 5 4177
0 2 6 2633
0 2 7 2687
0 2 8 1585
0 2 9 1909
0 2 10 4812
0 2 11 4687
0 2 12 2551
0 3 0 0
0 3 1 3901
0 3 2 5391
0 3 3 0
0 3 4 6161
0 3 5 3289
0 3 6 5939
0 3 7 5096
0 3 8 6468
0 3 9 5673
0 3 10 2890
0 3 11 4100
0 3 12 4790
0 4 0 0
0 4 1 1620
0 4 2 4459
0 4 3 4838
0 4 4 0
0 4 5 3896
0 4 6 3782
0 4 7 4773
0 4 8 1107
0 4 9 5225
0 4 10 3770
0 4 11 3125
0 4 12 1390
0 5 0 0
0 5 1 5123
0 5 2 6009
0 5 3 7310
0 5 4 3879
0 5 5 0
0 5 6 6188
0 5 7 2545
0 5 8 4439
0 5 9 5364
0 5 10 4984
0 5 11 5803
0 5 12 7038
0 6 0 0
0 6 1 4206
0 6 2 8593
0 6 3 8341
0 6 4 6169
0 6 5 4429
0 6 6 0
0 6 7 4211
0 6 8 8587
0 6 9 6966
0 6 10 7999
0 6 11 6353
0 6 12 8357
0 7 0 0
0 7 1 6815
0 7 2 7717
0 7 3 5194
0 7 4 7426
0 7 5 8453
0 7 6 7801
0 7 7 0
0 7 8 9089
0 7 9 9254
0 7 10 8810
0 7 11 5999
0 7 12 7817
0 8 0 0
0 8 1 2062
0 8 2 1854
0 8 3 6552
0 8 4 4347
0 8 5 1969
0 8 6 5619
0 8 7 4994
0 8 8 0
0 8 9 5347
0 8 10 6433
0 8 11 2405
0 8 12 3467
0 9 0 0
0 9 1 5270
0 9 2 2342
0 9 3 7005
0 9 4 2815
0 9 5 6974
0 9 6 4123
0 9 7 4399
0 9 8 2489
0 9 9 0
0 9 10 3097
0 9 11 4693
0 9 12 6720
0 10 0 0
0 10 1 4223
0 10 2 6553
0 10 3 2882
0 10 4 3498
0 10 5 3671
0 10 6 6344
0 10 7 2925
0 10 8 3998
0 10 9 3529
0 10 10 0
0 10 11 6612
0 10 12 6876
0 11 0 0
0 11 1 2549
0 11 2 3338
0 11 3 5619
0 11 4 6306
0 11 5 6118
0 11 6 5142
0 11 7 5626
0 11 8 3585
0 11 9 3987
0 11 10 4445
0 11 11 0
0 11 12 4231
0 12 0 0
0 12 1 4221
0 12 2 4985
0 12 3 4951
0 12 4 5165
0 12 5 7439
0 12 6 7188
0 12 7 4175
0 12 8 3643
0 12 9 5346
0 12 10 5636
0 12 11 3016
0 12 12 0
1 0 0 0
1 0 1 0
1 0 2 1593
1 0 3 2839
1 0 4 2033
1 0 5 3522
1 0 6 5242
1 0 7 6072
1 0 8 2874
1 0 9 3444
1 0 10 3699
1 0 11 3399
1 0 12 3785
1 1 0 0
1 1 1 0
1 1 2 0
1 1 3 0
1 1 4 0
1 1 5 0
1 1 6 0
1 1 7 0
1 1 8 0
1 1 9 0
1 1 10 0
1 1 11 0
1 1 12 0
1 2 0 705
1 2 1 0
1 2 2 0
1 2 3 5753
1 2 4 5874
1 2 5 7661
1 2 6 6117
1 2 7 6171
1 2 8 5069
1 2 9 5393
1 2 10 8296
1 2 11 8171
1 2 12 6035
1 3 0 3901
1 3 1 0
1 3 2 6507
1 3 3 0
1 3 4 7277
1 3 5 4405
1 3 6 7055
1 3 7 6212
1 3 8 7584
1 3 9 6789
1 3 10 4006
1 3 11 5216
1 3 12 5906
1 4 0 1620
1 4 1 0
1 4 2 5677
1 4 3 6056
1 4 4 0
1 4 5 5114
1 4 6 5000
1 4 7 5991
1 4 8 2325
1 4 9 6443
1 4 10 4988
1 4 11 4343
1 4 12 2608
1 5 0 5123
1 5 1 0
1 5 2 6260
1 5 3 7561
1 5 4 4130
1 5 5 0
1 5 6 6439
1 5 7 2796
1 5 8 4690
1 5 9 5615
1 5 10 5235
1 5 11 6054
1 5 12 7289
1 6 0 4206
1 6 1 0
1 6 2 4712
1 6 3 4460
1 6 4 2288
1 6 5 548
1 6 6 0
1 6 7 330
1 6 8 4706
1 6 9 3085
1 6 10 4118
1 6 11 2472
1 6 12 4476
1 7 0 6815
1 7 1 0
1 7 2 2856
1 7 3 333
1 7 4 2565
1 7 5 3592
1 7 6 2940
1 7 7 0
1 7 8 4228
1 7 9 4393
1 7 10 3949
1 7 11 1138
1 7 12 2956
1 8 0 2062
1 8 1 0
1 8 2 1682
1 8 3 6380
1 8 4 4175
1 8 5 1797
1 8 6 5447
1 8 7 4822
1 8 8 0
1 8 9 5175
1 8 10 6261
1 8 11 2233
1 8 12 3295
1 9 0 5270
1 9 1 0
1 9 2 216
1 9 3 4879
1 9 4 689
1 9 5 4848
1 9 6 1997
1 9 7 2273
1 9 8 363
1 9 9 0
1 9 10 971
1 9 11 2567
1 9 12 4594
1 10 0 4223
1 10 1 0
1 10 2 4630
1 10 3 959
1 10 4 1575
1 10 5 1748
1 10 6 4421
1 10 7 1002
1 10 8 2075
1 10 9 1606
1 10 10 0
1 10 11 4689
1 10 12 4953
1 11 0 2549
1 11 1 0
1 11 2 4032
1 11 3 6313
1 11 4 7000
1 11 5 6812
1 11 6 5836
1 11 7 6320
1 11 8 4279
1 11 9 4681
1 11 10 5139
1 11 11 0
1 11 12 4925
1 12 0 4221
1 12 1 0
1 12 2 4620
1 12 3 4586
1 12 4 4800
1 12 5 7074
1 12 6 6823
1 12 7 3810
1 12 8 3278
1 12 9 4981
1 12 10 5271
1 12 11 2651
1 12 12 0
2 0 0 0
2 0 1 1593
2 0 2 0
2 0 3 6647
2 0 4 5841
2 0 5 7330
2 0 6 9050
2 0 7 9880
2 0 8 6682
2 0 9 7252
2 0 10 7507
2 0 11 7207
2 0 12 7593
2 1 0 4297
2 1 1 0
2 1 2 0
2 1 3 3067
2 1 4 2363
2 1 5 2885
2 1 6 473
2 1 7 323
2 1 8 1814
2 1 9 430
2 1 10 888
2 1 11 3205
2 1 12 2532
2 2 0 0
2 2 1 0
2 2 2 0
2 2 3 0
2 2 4 0
2 2 5 0
2 2 6 0
2 2 7 0
2 2 8 0
2 2 9 0
2 2 10 0
2 2 11 0
2 2 12 0
2 3 0 5391
2 3 1 6507
2 3 2 0
2 3 3 0
2 3 4 6354
2 3 5 3482
2 3 6 6132
2 3 7 5289
2 3 8 6661
2 3 9 5866
2 3 10 3083
2 3 11 4293
2 3 12 4983
2 4 0 4459
2 4 1 5677
2 4 2 0
2 4 3 5958
2 4 4 0
2 4 5 5016
2 4 6 4902
2 4 7 5893
2 4 8 2227
2 4 9 6345
2 4 10 4890
2 4 11 4245
2 4 12 2510
2 5 0 6009
2 5 1 6260
2 5 2 0
2 5 3 8728
2 5 4 5297
2 5 5 0
2 5 6 7606
2 5 7 3963
2 5 8 5857
2 5 9 6782
2 5 10 6402
2 5 11 7221
2 5 12 8456
2 6 0 8593
2 6 1 4712
2 6 2 0
2 6 3 6495
2 6 4 4323
2 6 5 2583
2 6 6 0
2 6 7 2365
2 6 8 6741
2 6 9 5120
2 6 10 6153
2 6 11 4507
2 6 12 6511
2 7 0 7717
2 7 1 2856
2 7 2 0
2 7 3 2572
2 7 4 4804
2 7 5 5831
2 7 6 5179
2 7 7 0
2 7 8 6467
2 7 9 6632
2 7 10 6188
2 7 11 3377
2 7 12 5195
2 8 0 1854
2 8 1 1682
2 8 2 0
2 8 3 6026
2 8 4 3821
2 8 5 1443
2 8 6 5093
2 8 7 4468
2 8 8 0
2 8 9 4821
2 8 10 5907
2 8 11 1879
2 8 12 2941
2 9 0 2342
2 9 1 216
2 9 2 0
2 9 3 6233
2 9 4 2043
2 9 5 6202
2 9 6 3351
2 9 7 3627
2 9 8 1717
2 9 9 0
2 9 10 2325
2 9 11 3921
2 9 12 5948
2 10 0 6553
2 10 1 4630
2 10 2 0
2 10 3 4758
2 10 4 5374
2 10 5 5547
2 10 6 8220
2 10 7 4801
2 10 8 5874
2 10 9 5405
2 10 10 0
2 10 11 8488
2 10 12 8752
2 11 0 3338
2 11 1 4032
2 11 2 0
2 11 3 7670
2 11 4 8357
2 11 5 8169
2 11 6 7193
2 11 7 7677
2 11 8 5636
2 11 9 6038
2 11 10 6496
2 11 11 0
2 11 12 6282
2 12 0 4985
2 12 1 4620
2 12 2 0
2 12 3 4480
2 12 4 4694
2 12 5 6968
2 12 6 6717
2 12 7 3704
2 12 8 3172
2 12 9 4875
2 12 10 5165
2 12 11 2545
2 12 12 0
3 0 0 0
3 0 1 2839
3 0 2 6647
3 0 3 0
3 0 4 3881
3 0 5 5370
3 0 6 7090
3 0 7 7920
3 0 8 4722
3 0 9 5292
3 0 10 5547
3 0 11 5247
3 0 12 5633
3 1 0 3175
3 1 1 0
3 1 2 3067
3 1 3 0
3 1 4 4313
3 1 5 4835
3 1 6 2423
3 1 7 2273
3 1 8 3764
3 1 9 2380
3 1 10 2838
3 1 11 5155
3 1 12 4482
3 2 0 2269
3 2 1 5753
3 2 2 0
3 2 3 0
3 2 4 5705
3 2 5 7492
3 2 6 5948
3 2 7 6002
3 2 8 4900
3 2 9 5224
3 2 10 8127
3 2 11 8002
3 2 12 5866
3 3 0 0
3 3 1 0
3 3 2 0
3 3 3 0
3 3 4 0
3 3 5 0
3 3 6 0
3 3 7 0
3 3 8 0
3 3 9 0
3 3 10 0
3 3 11 0
3 3 12 0
3 4 0 4838
3 4 1 6056
3 4 2 5958
3 4 3 0
3 4 4 0
3 4 5 7541
3 4 6 7427
3 4 7 8418
3 4 8 4752
3 4 9 8870
3 4 10 7415
3 4 11 6770
3 4 12 5035
3 5 0 7310
3 5 1 7561
3 5 2 8728
3 5 3 0
3 5 4 3163
3 5 5 0
3 5 6 5472
3 5 7 1829
3 5 8 3723
3 5 9 4648
3 5 10 4268
3 5 11 5087
3 5 12 6322
3 6 0 8341
3 6 1 4460
3 6 2 6495
3 6 3 0
3 6 4 6383
3 6 5 4643
3 6 6 0
3 6 7 4425
3 6 8 8801
3 6 9 7180
3 6 10 8213
3 6 11 6567
3 6 12 8571
3 7 0 5194
3 7 1 333
3 7 2 2572
3 7 3 0
3 7 4 5967
3 7 5 6994
3 7 6 6342
3 7 7 0
3 7 8 7630
3 7 9 7795
3 7 10 7351
3 7 11 4540
3 7 12 6358
3 8 0 6552
3 8 1 6380
3 8 2 6026
3 8 3 0
3 8 4 7458
3 8 5 5080
3 8 6 8730
3 8 7 8105
3 8 8 0
3 8 9 8458
3 8 10 9544
3 8 11 5516
3 8 12 6578
3 9 0 7005
3 9 1 4879
3 9 2 6233
3 9 3 0
3 9 4 4561
3 9 5 8720
3 9 6 5869
3 9 7 6145
3 9 8 4235
3 9 9 0
3 9 10 4843
3 9 11 6439
3 9 12 8466
3 10 0 2882
3 10 1 959
3 10 2 4758
3 10 3 0
3 10 4 2206
3 10 5 2379
3 10 6 5052
3 10 7 1633
3 10 8 2706
3 10 9 2237
3 10 10 0
3 10 11 5320
3 10 12 5584
3 11 0 5619
3 11 1 6313
3 11 2 7670
3 11 3 0
3 11 4 6524
3 11 5 6336
3 11 6 5360
3 11 7 5844
3 11 8 3803
3 11 9 4205
3 11 10 4663
3 11 11 0
3 11 12 4449
3 12 0 4951
3 12 1 4586
3 12 2 4480
3 12 3 0
3 12 4 5687
3 12 5 7961
3 12 6 7710
3 12 7 4697
3 12 8 4165
3 12 9 5868
3 12 10 6158
3 12 11 3538
3 12 12 0
4 0 0 0
4 0 1 2033
4 0 2 5841
4 0 3 3881
4 0 4 0
4 0 5 5896
4 0 6 7616
4 0 7 8446
4 0 8 5248
4 0 9 5818
4 0 10 6073
4 0 11 5773
4 0 12 6159
4 1 0 2471
4 1 1 0
4 1 2 2363
4 1 3 4313
4 1 4 0
4 1 5 3360
4 1 6 948
4 1 7 798
4 1 8 2289
4 1 9 905
4 1 10 1363
4 1 11 3680
4 1 12 3007
4 2 0 2390
4 2 1 5874
4 2 2 0
4 2 3 5705
4 2 4 0
4 2 5 7366
4 2 6 5822
4 2 7 5876
4 2 8 4774
4 2 9 5098
4 2 10 8001
4 2 11 7876
4 2 12 5740
4 3 0 6161
4 3 1 7277
4 3 2 6354
4 3 3 0
4 3 4 0
4 3 5 5611
4 3 6 8261
4 3 7 7418
4 3 8 8790
4 3 9 7995
4 3 10 5212
4 3 11 6422
4 3 12 7112
4 4 0 0
4 4 1 0
4 4 2 0
4 4 3 0
4 4 4 0
4 4 5 0
4 4 6 0
4 4 7 0
4 4 8 0
4 4 9 0
4 4 10 0
4 4 11 0
4 4 12 0
4 5 0 3879
4 5 1 4130
4 5 2 5297
4 5 3 3163
4 5 4 0
4 5 5 0
4 5 6 6885
4 5 7 3242
4 5 8 5136
4 5 9 6061
4 5 10 5681
4 5 11 6500
4 5 12 7735
4 6 0 6169
4 6 1 2288
4 6 2 4323
4 6 3 6383
4 6 4 0
4 6 5 3292
4 6 6 0
4 6 7 3074
4 6 8 7450
4 6 9 5829
4 6 10 6862
4 6 11 5216
4 6 12 7220
4 7 0 7426
4 7 1 2565
4 7 2 4804
4 7 3 5967
4 7 4 0
4 7 5 7477
4 7 6 6825
4 7 7 0
4 7 8 8113
4 7 9 8278
4 7 10 7834
4 7 11 5023
4 7 12 6841
4 8 0 4347
4 8 1 4175
4 8 2 3821
4 8 3 7458
4 8 4 0
4 8 5 525
4 8 6 4175
4 8 7 3550
4 8 8 0
4 8 9 3903
4 8 10 4989
4 8 11 961
4 8 12 2023
4 9 0 2815
4 9 1 689
4 9 2 2043
4 9 3 4561
4 9 4 0
4 9 5 9078
4 9 6 6227
4 9 7 6503
4 9 8 4593
4 9 9 0
4 9 10 5201
4 9 11 6797
4 9 12 8824
4 10 0 3498
4 10 1 1575
4 10 2 5374
4 10 3 2206
4 10 4 0
4 10 5 4065
4 10 6 6738
4 10 7 3319
4 10 8 4392
4 10 9 3923
4 10 10 0
4 10 11 7006
4 10 12 7270
4 11 0 6306
4 11 1 7000
4 11 2 8357
4 11 3 6524
4 11 4 0
4 11 5 6167
4 11 6 5191
4 11 7 5675
4 11 8 3634
4 11 9 4036
4 11 10 4494
4 11 11 0
4 11 12 4280
4 12 0 5165
4 12 1 4800
4 12 2 4694
4 12 3 5687
4 12 4 0
4 12 5 5367
4 12 6 5116
4 12 7 2103
4 12 8 1571
4 12 9 3274
4 12 10 3564
4 12 11 944
4 12 12 0
5 0 0 0
5 0 1 3522
5 0 2 7330
5 0 3 5370
5 0 4 5896
5 0 5 0
5 0 6 6056
5 0 7 6886
5 0 8 3688
5 0 9 4258
5 0 10 4513
5 0 11 4213
5 0 12 4599
5 1 0 2993
5 1 1 0
5 1 2 2885
5 1 3 4835
5 1 4 3360
5 1 5 0
5 1 6 2962
5 1 7 2812
5 1 8 4303
5 1 9 2919
5 1 10 3377
5 1 11 5694
5 1 12 5021
5 2 0 4177
5 2 1 7661
5 2 2 0
5 2 3 7492
5 2 4 7366
5 2 5 0
5 2 6 5883
5 2 7 5937
5 2 8 4835
5 2 9 5159
5 2 10 8062
5 2 11 7937
5 2 12 5801
5 3 0 3289
5 3 1 4405
5 3 2 3482
5 3 3 0
5 3 4 5611
5 3 5 0
5 3 6 9244
5 3 7 8401
5 3 8 9773
5 3 9 8978
5 3 10 6195
5 3 11 7405
5 3 12 8095
5 4 0 3896
5 4 1 5114
5 4 2 5016
5 4 3 7541
5 4 4 0
5 4 5 0
5 4 6 4462
5 4 7 5453
5 4 8 1787
5 4 9 5905
5 4 10 4450
5 4 11 3805
5 4 12 2070
5 5 0 0
5 5 1 0
5 5 2 0
5 5 3 0
5 5 4 0
5 5 5 0
5 5 6 0
5 5 7 0
5 5 8 0
5 5 9 0
5 5 10 0
5 5 11 0
5 5 12 0
5 6 0 4429
5 6 1 548
5 6 2 2583
5 6 3 4643
5 6 4 3292
5 6 5 0
5 6 6 0
5 6 7 3991
5 6 8 8367
5 6 9 6746
5 6 10 7779
5 6 11 6133
5 6 12 8137
5 7 0 8453
5 7 1 3592
5 7 2 5831
5 7 3 6994
5 7 4 7477
5 7 5 0
5 7 6 3108
5 7 7 0
5 7 8 4396
5 7 9 4561
5 7 10 4117
5 7 11 1306
5 7 12 3124
5 8 0 1969
5 8 1 1797
5 8 2 1443
5 8 3 5080
5 8 4 525
5 8 5 0
5 8 6 6018
5 8 7 5393
5 8 8 0
5 8 9 5746
5 8 10 6832
5 8 11 2804
5 8 12 3866
5 9 0 6974
5 9 1 4848
5 9 2 6202
5 9 3 8720
5 9 4 9078
5 9 5 0
5 9 6 4877
5 9 7 5153
5 9 8 3243
5 9 9 0
5 9 10 3851
5 9 11 5447
5 9 12 7474
5 10 0 3671
5 10 1 1748
5 10 2 5547
5 10 3 2379
5 10 4 4065
5 10 5 0
5 10 6 6463
5 10 7 3044
5 10 8 4117
5 10 9 3648
5 10 10 0
5 10 11 6731
5 10 12 6995
5 11 0 6118
5 11 1 6812
5 11 2 8169
5 11 3 6336
5 11 4 6167
5 11 5 0
5 11 6 6380
5 11 7 6864
5 11 8 4823
5 11 9 5225
5 11 10 5683
5 11 11 0
5 11 12 5469
5 12 0 7439
5 12 1 7074
5 12 2 6968
5 12 3 7961
5 12 4 5367
5 12 5 0
5 12 6 9275
5 12 7 6262
5 12 8 5730
5 12 9 7433
5 12 10 7723
5 12 11 5103
5 12 12 0
6 0 0 0
6 0 1 5242
6 0 2 9050
6 0 3 7090
6 0 4 7616
6 0 5 6056
6 0 6 0
6 0 7 6473
6 0 8 3275
6 0 9 3845
6 0 10 4100
6 0 11 3800
6 0 12 4186
6 1 0 581
6 1 1 0
6 1 2 473
6 1 3 2423
6 1 4 948
6 1 5 2962
6 1 6 0
6 1 7 175
6 1 8 1666
6 1 9 282
6 1 10 740
6 1 11 3057
6 1 12 2384
6 2 0 2633
6 2 1 6117
6 2 2 0
6 2 3 5948
6 2 4 5822
6 2 5 5883
6 2 6 0
6 2 7 6801
6 2 8 5699
6 2 9 6023
6 2 10 8926
6 2 11 8801
6 2 12 6665
6 3 0 5939
6 3 1 7055
6 3 2 6132
6 3 3 0
6 3 4 8261
6 3 5 9244
6 3 6 0
6 3 7 7712
6 3 8 9084
6 3 9 8289
6 3 10 5506
6 3 11 6716
6 3 12 7406
6 4 0 3782
6 4 1 5000
6 4 2 4902
6 4 3 7427
6 4 4 0
6 4 5 4462
6 4 6 0
6 4 7 6023
6 4 8 2357
6 4 9 6475
6 4 10 5020
6 4 11 4375
6 4 12 2640
6 5 0 6188
6 5 1 6439
6 5 2 7606
6 5 3 5472
6 5 4 6885
6 5 5 0
6 5 6 0
6 5 7 566
6 5 8 2460
6 5 9 3385
6 5 10 3005
6 5 11 3824
6 5 12 5059
6 6 0 0
6 6 1 0
6 6 2 0
6 6 3 0
6 6 4 0
6 6 5 0
6 6 6 0
6 6 7 0
6 6 8 0
6 6 9 0
6 6 10 0
6 6 11 0
6 6 12 0
6 7 0 7801
6 7 1 2940
6 7 2 5179
6 7 3 6342
6 7 4 6825
6 7 5 3108
6 7 6 0
6 7 7 0
6 7 8 4342
6 7 9 4507
6 7 10 4063
6 7 11 1252
6 7 12 3070
6 8 0 5619
6 8 1 5447
6 8 2 5093
6 8 3 8730
6 8 4 4175
6 8 5 6018
6 8 6 0
6 8 7 7821
6 8 8 0
6 8 9 8174
6 8 10 9260
6 8 11 5232
6 8 12 6294
6 9 0 4123
6 9 1 1997
6 9 2 3351
6 9 3 5869
6 9 4 6227
6 9 5 4877
6 9 6 0
6 9 7 5035
6 9 8 3125
6 9 9 0
6 9 10 3733
6 9 11 5329
6 9 12 7356
6 10 0 6344
6 10 1 4421
6 10 2 8220
6 10 3 5052
6 10 4 6738
6 10 5 6463
6 10 6 0
6 10 7 4339
6 10 8 5412
6 10 9 4943
6 10 10 0
6 10 11 8026
6 10 12 8290
6 11 0 5142
6 11 1 5836
6 11 2 7193
6 11 3 5360
6 11 4 5191
6 11 5 6380
6 11 6 0
6 11 7 5694
6 11 8 3653
6 11 9 4055
6 11 10 4513
6 11 11 0
6 11 12 4299
6 12 0 7188
6 12 1 6823
6 12 2 6717
6 12 3 7710
6 12 4 5116
6 12 5 9275
6 12 6 0
6 12 7 5861
6 12 8 5329
6 12 9 7032
6 12 10 7322
6 12 11 4702
6 12 12 0
7 0 0 0
7 0 1 6072
7 0 2 9880
7 0 3 7920
7 0 4 8446
7 0 5 6886
7 0 6 6473
7 0 7 0
7 0 8 6052
7 0 9 6622
7 0 10 6877
7 0 11 6577
7 0 12 6963
7 1 0 431
7 1 1 0
7 1 2 323
7 1 3 2273
7 1 4 798
7 1 5 2812
7 1 6 175
7 1 7 0
7 1 8 3445
7 1 9 2061
7 1 10 2519
7 1 11 4836
7 1 12 4163
7 2 0 2687
7 2 1 6171
7 2 2 0
7 2 3 6002
7 2 4 5876
7 2 5 5937
7 2 6 6801
7 2 7 0
7 2 8 3993
7 2 9 4317
7 2 10 7220
7 2 11 7095
7 2 12 4959
7 3 0 5096
7 3 1 6212
7 3 2 5289
7 3 3 0
7 3 4 7418
7 3 5 8401
7 3 6 7712
7 3 7 0
7 3 8 5107
7 3 9 4312
7 3 10 1529
7 3 11 2739
7 3 12 3429
7 4 0 4773
7 4 1 5991
7 4 2 5893
7 4 3 8418
7 4 4 0
7 4 5 5453
7 4 6 6023
7 4 7 0
7 4 8 2784
7 4 9 6902
7 4 10 5447
7 4 11 4802
7 4 12 3067
7 5 0 2545
7 5 1 2796
7 5 2 3963
7 5 3 1829
7 5 4 3242
7 5 5 0
7 5 6 566
7 5 7 0
7 5 8 5654
7 5 9 6579
7 5 10 6199
7 5 11 7018
7 5 12 8253
7 6 0 4211
7 6 1 330
7 6 2 2365
7 6 3 4425
7 6 4 3074
7 6 5 3991
7 6 6 0
7 6 7 0
7 6 8 7430
7 6 9 5809
7 6 10 6842
7 6 11 5196
7 6 12 7200
7 7 0 0
7 7 1 0
7 7 2 0
7 7 3 0
7 7 4 0
7 7 5 0
7 7 6 0
7 7 7 0
7 7 8 0
7 7 9 0
7 7 10 0
7 7 11 0
7 7 12 0
7 8 0 4994
7 8 1 4822
7 8 2 4468
7 8 3 8105
7 8 4 3550
7 8 5 5393
7 8 6 7821
7 8 7 0
7 8 8 0
7 8 9 7846
7 8 10 8932
7 8 11 4904
7 8 12 5966
7 9 0 4399
7 9 1 2273
7 9 2 3627
7 9 3 6145
7 9 4 6503
7 9 5 5153
7 9 6 5035
7 9 7 0
7 9 8 4583
7 9 9 0
7 9 10 5191
7 9 11 6787
7 9 12 8814
7 10 0 2925
7 10 1 1002
7 10 2 4801
7 10 3 1633
7 10 4 3319
7 10 5 3044
7 10 6 4339
7 10 7 0
7 10 8 5393
7 10 9 4924
7 10 10 0
7 10 11 8007
7 10 12 8271
7 11 0 5626
7 11 1 6320
7 11 2 7677
7 11 3 5844
7 11 4 5675
7 11 5 6864
7 11 6 5694
7 11 7 0
7 11 8 2469
7 11 9 2871
7 11 10 3329
7 11 11 0
7 11 12 3115
7 12 0 4175
7 12 1 3810
7 12 2 3704
7 12 3 4697
7 12 4 2103
7 12 5 6262
7 12 6 5861
7 12 7 0
7 12 8 3959
7 12 9 5662
7 12 10 5952
7 12 11 3332
7 12 12 0
8 0 0 0
8 0 1 2874
8 0 2 6682
8 0 3 4722
8 0 4 5248
8 0 5 3688
8 0 6 3275
8 0 7 6052
8 0 8 0
8 0 9 6198
8 0 10 6453
8 0 11 6153
8 0 12 6539
8 1 0 1922
8 1 1 0
8 1 2 1814
8 1 3 3764
8 1 4 2289
8 1 5 4303
8 1 6 1666
8 1 7 3445
8 1 8 0
8 1 9 506
8 1 10 964
8 1 11 3281
8 1 12 2608
8 2 0 1585
8 2 1 5069
8 2 2 0
8 2 3 4900
8 2 4 4774
8 2 5 4835
8 2 6 5699
8 2 7 3993
8 2 8 0
8 2 9 1652
8 2 10 4555
8 2 11 4430
8 2 12 2294
8 3 0 6468
8 3 1 7584
8 3 2 6661
8 3 3 0
8 3 4 8790
8 3 5 9773
8 3 6 9084
8 3 7 5107
8 3 8 0
8 3 9 8868
8 3 10 6085
8 3 11 7295
8 3 12 7985
8 4 0 1107
8 4 1 2325
8 4 2 2227
8 4 3 4752
8 4 4 0
8 4 5 1787
8 4 6 2357
8 4 7 2784
8 4 8 0
8 4 9 7021
8 4 10 5566
8 4 11 4921
8 4 12 3186
8 5 0 4439
8 5 1 4690
8 5 2 5857
8 5 3 3723
8 5 4 5136
8 5 5 0
8 5 6 2460
8 5 7 5654
8 5 8 0
8 5 9 3293
8 5 10 2913
8 5 11 3732
8 5 12 4967
8 6 0 8587
8 6 1 4706
8 6 2 6741
8 6 3 8801
8 6 4 7450
8 6 5 8367
8 6 6 0
8 6 7 7430
8 6 8 0
8 6 9 6825
8 6 10 7858
8 6 11 6212
8 6 12 8216
8 7 0 9089
8 7 1 4228
8 7 2 6467
8 7 3 7630
8 7 4 8113
8 7 5 4396
8 7 6 4342
8 7 7 0
8 7 8 0
8 7 9 7658
8 7 10 7214
8 7 11 4403
8 7 12 6221
8 8 0 0
8 8 1 0
8 8 2 0
8 8 3 0
8 8 4 0
8 8 5 0
8 8 6 0
8 8 7 0
8 8 8 0
8 8 9 0
8 8 10 0
8 8 11 0
8 8 12 0
8 9 0 2489
8 9 1 363
8 9 2 1717
8 9 3 4235
8 9 4 4593
8 9 5 3243
8 9 6 3125
8 9 7 4583
8 9 8 0
8 9 9 0
8 9 10 4482
8 9 11 6078
8 9 12 8105
8 10 0 3998
8 10 1 2075
8 10 2 5874
8 10 3 2706
8 10 4 4392
8 10 5 4117
8 10 6 5412
8 10 7 5393
8 10 8 0
8 10 9 5745
8 10 10 0
8 10 11 8828
8 10 12 9092
8 11 0 3585
8 11 1 4279
8 11 2 5636
8 11 3 3803
8 11 4 3634
8 11 5 4823
8 11 6 3653
8 11 7 2469
8 11 8 0
8 11 9 2475
8 11 10 2933
8 11 11 0
8 11 12 2719
8 12 0 3643
8 12 1 3278
8 12 2 3172
8 12 3 4165
8 12 4 1571
8 12 5 5730
8 12 6 5329
8 12 7 3959
8 12 8 0
8 12 9 4510
8 12 10 4800
8 12 11 2180
8 12 12 0
9 0 0 0
9 0 1 3444
9 0 2 7252
9 0 3 5292
9 0 4 5818
9 0 5 4258
9 0 6 3845
9 0 7 6622
9 0 8 6198
9 0 9 0
9 0 10 4602
9 0 11 4302
9 0 12 4688
9 1 0 538
9 1 1 0
9 1 2 430
9 1 3 2380
9 1 4 905
9 1 5 2919
9 1 6 282
9 1 7 2061
9 1 8 506
9 1 9 0
9 1 10 3602
9 1 11 5919
9 1 12 5246
9 2 0 1909
9 2 1 5393
9 2 2 0
9 2 3 5224
9 2 4 5098
9 2 5 5159
9 2 6 6023
9 2 7 4317
9 2 8 1652
9 2 9 0
9 2 10 4473
9 2 11 4348
9 2 12 2212
9 3 0 5673
9 3 1 6789
9 3 2 5866
9 3 3 0
9 3 4 7995
9 3 5 8978
9 3 6 8289
9 3 7 4312
9 3 8 8868
9 3 9 0
9 3 10 5968
9 3 11 7178
9 3 12 7868
9 4 0 5225
9 4 1 6443
9 4 2 6345
9 4 3 8870
9 4 4 0
9 4 5 5905
9 4 6 6475
9 4 7 6902
9 4 8 7021
9 4 9 0
9 4 10 3464
9 4 11 2819
9 4 12 1084
9 5 0 5364
9 5 1 5615
9 5 2 6782
9 5 3 4648
9 5 4 6061
9 5 5 0
9 5 6 3385
9 5 7 6579
9 5 8 3293
9 5 9 0
9 5 10 7348
9 5 11 8167
9 5 12 9402
9 6 0 6966
9 6 1 3085
9 6 2 5120
9 6 3 7180
9 6 4 5829
9 6 5 6746
9 6 6 0
9 6 7 5809
9 6 8 6825
9 6 9 0
9 6 10 5792
9 6 11 4146
9 6 12 6150
9 7 0 9254
9 7 1 4393
9 7 2 6632
9 7 3 7795
9 7 4 8278
9 7 5 4561
9 7 6 4507
9 7 7 0
9 7 8 7658
9 7 9 0
9 7 10 6049
9 7 11 3238
9 7 12 5056
9 8 0 5347
9 8 1 5175
9 8 2 4821
9 8 3 8458
9 8 4 3903
9 8 5 5746
9 8 6 8174
9 8 7 7846
9 8 8 0
9 8 9 0
9 8 10 4960
9 8 11 932
9 8 12 1994
9 9 0 0
9 9 1 0
9 9 2 0
9 9 3 0
9 9 4 0
9 9 5 0
9 9 6 0
9 9 7 0
9 9 8 0
9 9 9 0
9 9 10 0
9 9 11 0
9 9 12 0
9 10 0 3529
9 10 1 1606
9 10 2 5405
9 10 3 2237
9 10 4 3923
9 10 5 3648
9 10 6 4943
9 10 7 4924
9 10 8 5745
9 10 9 0
9 10 10 0
9 10 11 4922
9 10 12 5186
9 11 0 3987
9 11 1 4681
9 11 2 6038
9 11 3 4205
9 11 4 4036
9 11 5 5225
9 11 6 4055
9 11 7 2871
9 11 8 2475
9 11 9 0
9 11 10 4651
9 11 11 0
9 11 12 4437
9 12 0 5346
9 12 1 4981
9 12 2 4875
9 12 3 5868
9 12 4 3274
9 12 5 7433
9 12 6 7032
9 12 7 5662
9 12 8 4510
9 12 9 0
9 12 10 7483
9 12 11 4863
9 12 12 0
10 0 0 0
10 0 1 3699
10 0 2 7507
10 0 3 5547
10 0 4 6073
10 0 5 4513
10 0 6 4100
10 0 7 6877
10 0 8 6453
10 0 9 4602
10 0 10 0
10 0 11 7219
10 0 12 7605
10 1 0 996
10 1 1 0
10 1 2 888
10 1 3 2838
10 1 4 1363
10 1 5 3377
10 1 6 740
10 1 7 2519
10 1 8 964
10 1 9 3602
10 1 10 0
10 1 11 4617
10 1 12 3944
10 2 0 4812
10 2 1 8296
10 2 2 0
10 2 3 8127
10 2 4 8001
10 2 5 8062
10 2 6 8926
10 2 7 7220
10 2 8 4555
10 2 9 4473
10 2 10 0
10 2 11 8304
10 2 12 6168
10 3 0 2890
10 3 1 4006
10 3 2 3083
10 3 3 0
10 3 4 5212
10 3 5 6195
10 3 6 5506
10 3 7 1529
10 3 8 6085
10 3 9 5968
10 3 10 0
10 3 11 2800
10 3 12 3490
10 4 0 3770
10 4 1 4988
10 4 2 4890
10 4 3 7415
10 4 4 0
10 4 5 4450
10 4 6 5020
10 4 7 5447
10 4 8 5566
10 4 9 3464
10 4 10 0
10 4 11 3247
10 4 12 1512
10 5 0 4984
10 5 1 5235
10 5 2 6402
10 5 3 4268
10 5 4 5681
10 5 5 0
10 5 6 3005
10 5 7 6199
10 5 8 2913
10 5 9 7348
10 5 10 0
10 5 11 4609
10 5 12 5844
10 6 0 7999
10 6 1 4118
10 6 2 6153
10 6 3 8213
10 6 4 6862
10 6 5 7779
10 6 6 0
10 6 7 6842
10 6 8 7858
10 6 9 5792
10 6 10 0
10 6 11 6112
10 6 12 8116
10 7 0 8810
10 7 1 3949
10 7 2 6188
10 7 3 7351
10 7 4 7834
10 7 5 4117
10 7 6 4063
10 7 7 0
10 7 8 7214
10 7 9 6049
10 7 10 0
10 7 11 1509
10 7 12 3327
10 8 0 6433
10 8 1 6261
10 8 2 5907
10 8 3 9544
10 8 4 4989
10 8 5 6832
10 8 6 9260
10 8 7 8932
10 8 8 0
10 8 9 4960
10 8 10 0
10 8 11 2186
10 8 12 3248
10 9 0 3097
10 9 1 971
10 9 2 2325
10 9 3 4843
10 9 4 5201
10 9 5 3851
10 9 6 3733
10 9 7 5191
10 9 8 4482
10 9 9 0
10 9 10 0
10 9 11 3435
10 9 12 5462
10 10 0 0
10 10 1 0
10 10 2 0
10 10 3 0
10 10 4 0
10 10 5 0
10 10 6 0
10 10 7 0
10 10 8 0
10 10 9 0
10 10 10 0
10 10 11 0
10 10 12 0
10 11 0 4445
10 11 1 5139
10 11 2 6496
10 11 3 4663
10 11 4 4494
10 11 5 5683
10 11 6 4513
10 11 7 3329
10 11 8 2933
10 11 9 4651
10 11 10 0
10 11 11 0
10 11 12 6101
10 12 0 5636
10 12 1 5271
10 12 2 5165
10 12 3 6158
10 12 4 3564
10 12 5 7723
10 12 6 7322
10 12 7 5952
10 12 8 4800
10 12 9 7483
10 12 10 0
10 12 11 4764
10 12 12 0
11 0 0 0
11 0 1 3399
11 0 2 7207
11 0 3 5247
11 0 4 5773
11 0 5 4213
11 0 6 3800
11 0 7 6577
11 0 8 6153
11 0 9 4302
11 0 10 7219
11 0 11 0
11 0 12 4544
11 1 0 3313
11 1 1 0
11 1 2 3205
11 1 3 5155
11 1 4 3680
11 1 5 5694
11 1 6 3057
11 1 7 4836
11 1 8 3281
11 1 9 5919
11 1 10 4617
11 1 11 0
11 1 12 2570
11 2 0 4687
11 2 1 8171
11 2 2 0
11 2 3 8002
11 2 4 7876
11 2 5 7937
11 2 6 8801
11 2 7 7095
11 2 8 4430
11 2 9 4348
11 2 10 8304
11 2 11 0
11 2 12 3253
11 3 0 4100
11 3 1 5216
11 3 2 4293
11 3 3 0
11 3 4 6422
11 3 5 7405
11 3 6 6716
11 3 7 2739
11 3 8 7295
11 3 9 7178
11 3 10 2800
11 3 11 0
11 3 12 6527
11 4 0 3125
11 4 1 4343
11 4 2 4245
11 4 3 6770
11 4 4 0
11 4 5 3805
11 4 6 4375
11 4 7 4802
11 4 8 4921
11 4 9 2819
11 4 10 3247
11 4 11 0
11 4 12 4620
11 5 0 5803
11 5 1 6054
11 5 2 7221
11 5 3 5087
11 5 4 6500
11 5 5 0
11 5 6 3824
11 5 7 7018
11 5 8 3732
11 5 9 8167
11 5 10 4609
11 5 11 0
11 5 12 8591
11 6 0 6353
11 6 1 2472
11 6 2 4507
11 6 3 6567
11 6 4 5216
11 6 5 6133
11 6 6 0
11 6 7 5196
11 6 8 6212
11 6 9 4146
11 6 10 6112
11 6 11 0
11 6 12 7214
11 7 0 5999
11 7 1 1138
11 7 2 3377
11 7 3 4540
11 7 4 5023
11 7 5 1306
11 7 6 1252
11 7 7 0
11 7 8 4403
11 7 9 3238
11 7 10 1509
11 7 11 0
11 7 12 6328
11 8 0 2405
11 8 1 2233
11 8 2 1879
11 8 3 5516
11 8 4 961
11 8 5 2804
11 8 6 5232
11 8 7 4904
11 8 8 0
11 8 9 932
11 8 10 2186
11 8 11 0
11 8 12 3135
11 9 0 4693
11 9 1 2567
11 9 2 3921
11 9 3 6439
11 9 4 6797
11 9 5 5447
11 9 6 5329
11 9 7 6787
11 9 8 6078
11 9 9 0
11 9 10 3435
11 9 11 0
11 9 12 6220
11 10 0 6612
11 10 1 4689
11 10 2 8488
11 10 3 5320
11 10 4 7006
11 10 5 6731
11 10 6 8026
11 10 7 8007
11 10 8 8828
11 10 9 4922
11 10 10 0
11 10 11 0
11 10 12 6579
11 11 0 0
11 11 1 0
11 11 2 0
11 11 3 0
11 11 4 0
11 11 5 0
11 11 6 0
11 11 7 0
11 11 8 0
11 11 9 0
11 11 10 0
11 11 11 0
11 11 12 0
11 12 0 3016
11 12 1 2651
11 12 2 2545
11 12 3 3538
11 12 4 944
11 12 5 5103
11 12 6 4702
11 12 7 3332
11 12 8 2180
11 12 9 4863
11 12 10 4764
11 12 11 0
11 12 12 0
12 0 0 0
12 0 1 3785
12 0 2 7593
12 0 3 5633
12 0 4 6159
12 0 5 4599
12 0 6 4186
12 0 7 6963
12 0 8 6539
12 0 9 4688
12 0 10 7605
12 0 11 4544
12 0 12 0
12 1 0 2640
12 1 1 0
12 1 2 2532
12 1 3 4482
12 1 4 3007
12 1 5 5021
12 1 6 2384
12 1 7 4163
12 1 8 2608
12 1 9 5246
12 1 10 3944
12 1 11 2570
12 1 12 0
12 2 0 2551
12 2 1 6035
12 2 2 0
12 2 3 5866
12 2 4 5740
12 2 5 5801
12 2 6 6665
12 2 7 4959
12 2 8 2294
12 2 9 2212
12 2 10 6168
12 2 11 3253
12 2 12 0
12 3 0 4790
12 3 1 5906
12 3 2 4983
12 3 3 0
12 3 4 7112
12 3 5 8095
12 3 6 7406
12 3 7 3429
12 3 8 7985
12 3 9 7868
12 3 10 3490
12 3 11 6527
12 3 12 0
12 4 0 1390
12 4 1 2608
12 4 2 2510
12 4 3 5035
12 4 4 0
12 4 5 2070
12 4 6 2640
12 4 7 3067
12 4 8 3186
12 4 9 1084
12 4 10 1512
12 4 11 4620
12 4 12 0
12 5 0 7038
12 5 1 7289
12 5 2 8456
12 5 3 6322
12 5 4 7735
12 5 5 0
12 5 6 5059
12 5 7 8253
12 5 8 4967
12 5 9 9402
12 5 10 5844
12 5 11 8591
12 5 12 0
12 6 0 8357
12 6 1 4476
12 6 2 6511
12 6 3 8571
12 6 4 7220
12 6 5 8137
12 6 6 0
12 6 7 7200
12 6 8 8216
12 6 9 6150
12 6 10 8116
12 6 11 7214
12 6 12 0
12 7 0 7817
12 7 1 2956
12 7 2 5195
12 7 3 6358
12 7 4 6841
12 7 5 3124
12 7 6 3070
12 7 7 0
12 7 8 6221
12 7 9 5056
12 7 10 3327
12 7 11 6328
12 7 12 0
12 8 0 3467
12 8 1 3295
12 8 2 2941
12 8 3 6578
12 8 4 2023
12 8 5 3866
12 8 6 6294
12 8 7 5966
12 8 8 0
12 8 9 1994
12 8 10 3248
12 8 11 3135
12 8 12 0
12 9 0 6720
12 9 1 4594
12 9 2 5948
12 9 3 8466
12 9 4 8824
12 9 5 7474
12 9 6 7356
12 9 7 8814
12 9 8 8105
12 9 9 0
12 9 10 5462
12 9 11 6220
12 9 12 0
12 10 0 6876
12 10 1 4953
12 10 2 8752
12 10 3 5584
12 10 4 7270
12 10 5 6995
12 10 6 8290
12 10 7 8271
12 10 8 9092
12 10 9 5186
12 10 10 0
12 10 11 6579
12 10 12 0
12 11 0 4231
12 11 1 4925
12 11 2 6282
12 11 3 4449
12 11 4 4280
12 11 5 5469
12 11 6 4299
12 11 7 3115
12 11 8 2719
12 11 9 4437
12 11 10 6101
12 11 11 0
12 11 12 0
12 12 0 0
12 12 1 0
12 12 2 0
12 12 3 0
12 12 4 0
12 12 5 0
12 12 6 0
12 12 7 0
12 12 8 0
12 12 9 0
12 12 10 0
12 12 11 0
12 12 12 0
