12
0 0 0 0
0 0 1 0
0 0 2 0
0 0 3 0
0 0 4 0
0 0 5 0
0 0 6 0
0 0 7 0
0 0 8 0
0 0 9 0
0 0 10 0
0 0 11 0
0 1 0 0
0 1 1 0
0 1 2 9348
0 1 3 7396
0 1 4 7918
0 1 5 7447
0 1 6 4855
0 1 7 7684
0 1 8 5665
0 1 9 5087
0 1 10 6493
0 1 11 6811
0 2 0 0
0 2 1 7830
0 2 2 0
0 2 3 4115
0 2 4 7011
0 2 5 5607
0 2 6 3108
0 2 7 7437
0 2 8 3140
0 2 9 6796
0 2 10 5500
0 2 11 3917
0 3 0 0
0 3 1 7597
0 3 2 5925
0 3 3 0
0 3 4 5663
0 3 5 7280
0 3 6 6637
0 3 7 7358
0 3 8 5914
0 3 9 6392
0 3 10 4834
0 3 11 8003
0 4 0 0
0 4 1 2064
0 4 2 3173
0 4 3 3549
0 4 4 0
0 4 5 5530
0 4 6 2099
0 4 7 2884
0 4 8 2374
0 4 9 2773
0 4 10 4131
0 4 11 5801
0 5 0 0
0 5 1 9191
0 5 2 8817
0 5 3 7066
0 5 4 7090
0 5 5 0
0 5 6 6145
0 5 7 5056
0 5 8 6971
0 5 9 9223
0 5 10 7097
0 5 11 6363
0 6 0 0
0 6 1 4255
0 6 2 5563
0 6 3 3941
0 6 4 5327
0 6 5 4704
0 6 6 0
0 6 7 4686
0 6 8 8307
0 6 9 7683
0 6 10 5894
0 6 11 4000
0 7 0 0
0 7 1 6147
0 7 2 7890
0 7 3 4727
0 7 4 4957
0 7 5 6965
0 7 6 8479
0 7 7 0
0 7 8 4679
0 7 9 9172
0 7 10 7491
0 7 11 5519
0 8 0 0
0 8 1 4219
0 8 2 4260
0 8 3 3091
0 8 4 3700
0 8 5 3072
0 8 6 2696
0 8 7 5126
0 8 8 0
0 8 9 2837
0 8 10 4676
0 8 11 2847
0 9 0 0
0 9 1 6145
0 9 2 5994
0 9 3 4695
0 9 4 8266
0 9 5 4982
0 9 6 7567
0 9 7 3798
0 9 8 4783
0 9 9 0
0 9 10 6075
0 9 11 3700
0 10 0 0
0 10 1 6780
0 10 2 6910
0 10 3 9011
0 10 4 5459
0 10 5 6655
0 10 6 7058
0 10 7 6603
0 10 8 4638
0 10 9 9279
0 10 10 0
0 10 11 7984
0 11 0 0
0 11 1 4751
0 11 2 8456
0 11 3 8789
0 11 4 8810
0 11 5 7271
0 11 6 4554
0 11 7 6231
0 11 8 7211
0 11 9 4277
0 11 10 6269
0 11 11 0
1 0 0 0
1 0 1 0
1 0 2 5540
1 0 3 6780
1 0 4 3400
1 0 5 7122
1 0 6 6433
1 0 7 6958
1 0 8 3722
1 0 9 5884
1 0 10 6951
1 0 11 6482
1 1 0 0
1 1 1 0
1 1 2 0
1 1 3 0
1 1 4 0
1 1 5 0
1 1 6 0
1 1 7 0
1 1 8 0
1 1 9 0
1 1 10 0
1 1 11 0
1 2 0 7830
1 2 1 0
1 2 2 0
1 2 3 6122
1 2 4 9018
1 2 5 7614
1 2 6 5115
1 2 7 9444
1 2 8 5147
1 2 9 8803
1 2 10 7507
1 2 11 5924
1 3 0 7597
1 3 1 0
1 3 2 4740
1 3 3 0
1 3 4 4478
1 3 5 6095
1 3 6 5452
1 3 7 6173
1 3 8 4729
1 3 9 5207
1 3 10 3649
1 3 11 6818
1 4 0 2064
1 4 1 0
1 4 2 5890
1 4 3 6266
1 4 4 0
1 4 5 8247
1 4 6 4816
1 4 7 5601
1 4 8 5091
1 4 9 5490
1 4 10 6848
1 4 11 8518
1 5 0 9191
1 5 1 0
1 5 2 7341
1 5 3 5590
1 5 4 5614
1 5 5 0
1 5 6 4669
1 5 7 3580
1 5 8 5495
1 5 9 7747
1 5 10 5621
1 5 11 4887
1 6 0 4255
1 6 1 0
1 6 2 2184
1 6 3 562
1 6 4 1948
1 6 5 1325
1 6 6 0
1 6 7 1307
1 6 8 4928
1 6 9 4304
1 6 10 2515
1 6 11 621
1 7 0 6147
1 7 1 0
1 7 2 6815
1 7 3 3652
1 7 4 3882
1 7 5 5890
1 7 6 7404
1 7 7 0
1 7 8 3604
1 7 9 8097
1 7 10 6416
1 7 11 4444
1 8 0 4219
1 8 1 0
1 8 2 4402
1 8 3 3233
1 8 4 3842
1 8 5 3214
1 8 6 2838
1 8 7 5268
1 8 8 0
1 8 9 2979
1 8 10 4818
1 8 11 2989
1 9 0 6145
1 9 1 0
1 9 2 3396
1 9 3 2097
1 9 4 5668
1 9 5 2384
1 9 6 4969
1 9 7 1200
1 9 8 2185
1 9 9 0
1 9 10 3477
1 9 11 1102
1 10 0 6780
1 10 1 0
1 10 2 4651
1 10 3 6752
1 10 4 3200
1 10 5 4396
1 10 6 4799
1 10 7 4344
1 10 8 2379
1 10 9 7020
1 10 10 0
1 10 11 5725
1 11 0 4751
1 11 1 0
1 11 2 6984
1 11 3 7317
1 11 4 7338
1 11 5 5799
1 11 6 3082
1 11 7 4759
1 11 8 5739
1 11 9 2805
1 11 10 4797
1 11 11 0
2 0 0 0
2 0 1 5540
2 0 2 0
2 0 3 7313
2 0 4 3933
2 0 5 7655
2 0 6 6966
2 0 7 7491
2 0 8 4255
2 0 9 6417
2 0 10 7484
2 0 11 7015
2 1 0 9348
2 1 1 0
2 1 2 0
2 1 3 7885
2 1 4 8407
2 1 5 7936
2 1 6 5344
2 1 7 8173
2 1 8 6154
2 1 9 5576
2 1 10 6982
2 1 11 7300
2 2 0 0
2 2 1 0
2 2 2 0
2 2 3 0
2 2 4 0
2 2 5 0
2 2 6 0
2 2 7 0
2 2 8 0
2 2 9 0
2 2 10 0
2 2 11 0
2 3 0 5925
2 3 1 4740
2 3 2 0
2 3 3 0
2 3 4 2580
2 3 5 4197
2 3 6 3554
2 3 7 4275
2 3 8 2831
2 3 9 3309
2 3 10 1751
2 3 11 4920
2 4 0 3173
2 4 1 5890
2 4 2 0
2 4 3 6742
2 4 4 0
2 4 5 8723
2 4 6 5292
2 4 7 6077
2 4 8 5567
2 4 9 5966
2 4 10 7324
2 4 11 8994
2 5 0 8817
2 5 1 7341
2 5 2 0
2 5 3 5133
2 5 4 5157
2 5 5 0
2 5 6 4212
2 5 7 3123
2 5 8 5038
2 5 9 7290
2 5 10 5164
2 5 11 4430
2 6 0 5563
2 6 1 2184
2 6 2 0
2 6 3 198
2 6 4 1584
2 6 5 961
2 6 6 0
2 6 7 943
2 6 8 4564
2 6 9 3940
2 6 10 2151
2 6 11 257
2 7 0 7890
2 7 1 6815
2 7 2 0
2 7 3 4788
2 7 4 5018
2 7 5 7026
2 7 6 8540
2 7 7 0
2 7 8 4740
2 7 9 9233
2 7 10 7552
2 7 11 5580
2 8 0 4260
2 8 1 4402
2 8 2 0
2 8 3 2091
2 8 4 2700
2 8 5 2072
2 8 6 1696
2 8 7 4126
2 8 8 0
2 8 9 1837
2 8 10 3676
2 8 11 1847
2 9 0 5994
2 9 1 3396
2 9 2 0
2 9 3 5189
2 9 4 8760
2 9 5 5476
2 9 6 8061
2 9 7 4292
2 9 8 5277
2 9 9 0
2 9 10 6569
2 9 11 4194
2 10 0 6910
2 10 1 4651
2 10 2 0
2 10 3 7142
2 10 4 3590
2 10 5 4786
2 10 6 5189
2 10 7 4734
2 10 8 2769
2 10 9 7410
2 10 10 0
2 10 11 6115
2 11 0 8456
2 11 1 6984
2 11 2 0
2 11 3 5806
2 11 4 5827
2 11 5 4288
2 11 6 1571
2 11 7 3248
2 11 8 4228
2 11 9 1294
2 11 10 3286
2 11 11 0
3 0 0 0
3 0 1 6780
3 0 2 7313
3 0 3 0
3 0 4 4499
3 0 5 8221
3 0 6 7532
3 0 7 8057
3 0 8 4821
3 0 9 6983
3 0 10 8050
3 0 11 7581
3 1 0 7396
3 1 1 0
3 1 2 7885
3 1 3 0
3 1 4 6934
3 1 5 6463
3 1 6 3871
3 1 7 6700
3 1 8 4681
3 1 9 4103
3 1 10 5509
3 1 11 5827
3 2 0 4115
3 2 1 6122
3 2 2 0
3 2 3 0
3 2 4 5738
3 2 5 4334
3 2 6 1835
3 2 7 6164
3 2 8 1867
3 2 9 5523
3 2 10 4227
3 2 11 2644
3 3 0 0
3 3 1 0
3 3 2 0
3 3 3 0
3 3 4 0
3 3 5 0
3 3 6 0
3 3 7 0
3 3 8 0
3 3 9 0
3 3 10 0
3 3 11 0
3 4 0 3549
3 4 1 6266
3 4 2 6742
3 4 3 0
3 4 4 0
3 4 5 6135
3 4 6 2704
3 4 7 3489
3 4 8 2979
3 4 9 3378
3 4 10 4736
3 4 11 6406
3 5 0 7066
3 5 1 5590
3 5 2 5133
3 5 3 0
3 5 4 5590
3 5 5 0
3 5 6 4645
3 5 7 3556
3 5 8 5471
3 5 9 7723
3 5 10 5597
3 5 11 4863
3 6 0 3941
3 6 1 562
3 6 2 198
3 6 3 0
3 6 4 3873
3 6 5 3250
3 6 6 0
3 6 7 3232
3 6 8 6853
3 6 9 6229
3 6 10 4440
3 6 11 2546
3 7 0 4727
3 7 1 3652
3 7 2 4788
3 7 3 0
3 7 4 3699
3 7 5 5707
3 7 6 7221
3 7 7 0
3 7 8 3421
3 7 9 7914
3 7 10 6233
3 7 11 4261
3 8 0 3091
3 8 1 3233
3 8 2 2091
3 8 3 0
3 8 4 4234
3 8 5 3606
3 8 6 3230
3 8 7 5660
3 8 8 0
3 8 9 3371
3 8 10 5210
3 8 11 3381
3 9 0 4695
3 9 1 2097
3 9 2 5189
3 9 3 0
3 9 4 7116
3 9 5 3832
3 9 6 6417
3 9 7 2648
3 9 8 3633
3 9 9 0
3 9 10 4925
3 9 11 2550
3 10 0 9011
3 10 1 6752
3 10 2 7142
3 10 3 0
3 10 4 1684
3 10 5 2880
3 10 6 3283
3 10 7 2828
3 10 8 863
3 10 9 5504
3 10 10 0
3 10 11 4209
3 11 0 8789
3 11 1 7317
3 11 2 5806
3 11 3 0
3 11 4 8673
3 11 5 7134
3 11 6 4417
3 11 7 6094
3 11 8 7074
3 11 9 4140
3 11 10 6132
3 11 11 0
4 0 0 0
4 0 1 3400
4 0 2 3933
4 0 3 4499
4 0 4 0
4 0 5 9462
4 0 6 8773
4 0 7 9298
4 0 8 6062
4 0 9 8224
4 0 10 9291
4 0 11 8822
4 1 0 7918
4 1 1 0
4 1 2 8407
4 1 3 6934
4 1 4 0
4 1 5 4310
4 1 6 1718
4 1 7 4547
4 1 8 2528
4 1 9 1950
4 1 10 3356
4 1 11 3674
4 2 0 7011
4 2 1 9018
4 2 2 0
4 2 3 5738
4 2 4 0
4 2 5 4962
4 2 6 2463
4 2 7 6792
4 2 8 2495
4 2 9 6151
4 2 10 4855
4 2 11 3272
4 3 0 5663
4 3 1 4478
4 3 2 2580
4 3 3 0
4 3 4 0
4 3 5 5771
4 3 6 5128
4 3 7 5849
4 3 8 4405
4 3 9 4883
4 3 10 3325
4 3 11 6494
4 4 0 0
4 4 1 0
4 4 2 0
4 4 3 0
4 4 4 0
4 4 5 0
4 4 6 0
4 4 7 0
4 4 8 0
4 4 9 0
4 4 10 0
4 4 11 0
4 5 0 7090
4 5 1 5614
4 5 2 5157
4 5 3 5590
4 5 4 0
4 5 5 0
4 5 6 6275
4 5 7 5186
4 5 8 7101
4 5 9 9353
4 5 10 7227
4 5 11 6493
4 6 0 5327
4 6 1 1948
4 6 2 1584
4 6 3 3873
4 6 4 0
4 6 5 2092
4 6 6 0
4 6 7 2074
4 6 8 5695
4 6 9 5071
4 6 10 3282
4 6 11 1388
4 7 0 4957
4 7 1 3882
4 7 2 5018
4 7 3 3699
4 7 4 0
4 7 5 4613
4 7 6 6127
4 7 7 0
4 7 8 2327
4 7 9 6820
4 7 10 5139
4 7 11 3167
4 8 0 3700
4 8 1 3842
4 8 2 2700
4 8 3 4234
4 8 4 0
4 8 5 3446
4 8 6 3070
4 8 7 5500
4 8 8 0
4 8 9 3211
4 8 10 5050
4 8 11 3221
4 9 0 8266
4 9 1 5668
4 9 2 8760
4 9 3 7116
4 9 4 0
4 9 5 3593
4 9 6 6178
4 9 7 2409
4 9 8 3394
4 9 9 0
4 9 10 4686
4 9 11 2311
4 10 0 5459
4 10 1 3200
4 10 2 3590
4 10 3 1684
4 10 4 0
4 10 5 5557
4 10 6 5960
4 10 7 5505
4 10 8 3540
4 10 9 8181
4 10 10 0
4 10 11 6886
4 11 0 8810
4 11 1 7338
4 11 2 5827
4 11 3 8673
4 11 4 0
4 11 5 8312
4 11 6 5595
4 11 7 7272
4 11 8 8252
4 11 9 5318
4 11 10 7310
4 11 11 0
5 0 0 0
5 0 1 7122
5 0 2 7655
5 0 3 8221
5 0 4 9462
5 0 5 0
5 0 6 5316
5 0 7 5841
5 0 8 2605
5 0 9 4767
5 0 10 5834
5 0 11 5365
5 1 0 7447
5 1 1 0
5 1 2 7936
5 1 3 6463
5 1 4 4310
5 1 5 0
5 1 6 5123
5 1 7 7952
5 1 8 5933
5 1 9 5355
5 1 10 6761
5 1 11 7079
5 2 0 5607
5 2 1 7614
5 2 2 0
5 2 3 4334
5 2 4 4962
5 2 5 0
5 2 6 4385
5 2 7 8714
5 2 8 4417
5 2 9 8073
5 2 10 6777
5 2 11 5194
5 3 0 7280
5 3 1 6095
5 3 2 4197
5 3 3 0
5 3 4 5771
5 3 5 0
5 3 6 4923
5 3 7 5644
5 3 8 4200
5 3 9 4678
5 3 10 3120
5 3 11 6289
5 4 0 5530
5 4 1 8247
5 4 2 8723
5 4 3 6135
5 4 4 0
5 4 5 0
5 4 6 3789
5 4 7 4574
5 4 8 4064
5 4 9 4463
5 4 10 5821
5 4 11 7491
5 5 0 0
5 5 1 0
5 5 2 0
5 5 3 0
5 5 4 0
5 5 5 0
5 5 6 0
5 5 7 0
5 5 8 0
5 5 9 0
5 5 10 0
5 5 11 0
5 6 0 4704
5 6 1 1325
5 6 2 961
5 6 3 3250
5 6 4 2092
5 6 5 0
5 6 6 0
5 6 7 2398
5 6 8 6019
5 6 9 5395
5 6 10 3606
5 6 11 1712
5 7 0 6965
5 7 1 5890
5 7 2 7026
5 7 3 5707
5 7 4 4613
5 7 5 0
5 7 6 4577
5 7 7 0
5 7 8 777
5 7 9 5270
5 7 10 3589
5 7 11 1617
5 8 0 3072
5 8 1 3214
5 8 2 2072
5 8 3 3606
5 8 4 3446
5 8 5 0
5 8 6 3945
5 8 7 6375
5 8 8 0
5 8 9 4086
5 8 10 5925
5 8 11 4096
5 9 0 4982
5 9 1 2384
5 9 2 5476
5 9 3 3832
5 9 4 3593
5 9 5 0
5 9 6 8906
5 9 7 5137
5 9 8 6122
5 9 9 0
5 9 10 7414
5 9 11 5039
5 10 0 6655
5 10 1 4396
5 10 2 4786
5 10 3 2880
5 10 4 5557
5 10 5 0
5 10 6 5204
5 10 7 4749
5 10 8 2784
5 10 9 7425
5 10 10 0
5 10 11 6130
5 11 0 7271
5 11 1 5799
5 11 2 4288
5 11 3 7134
5 11 4 8312
5 11 5 0
5 11 6 2435
5 11 7 4112
5 11 8 5092
5 11 9 2158
5 11 10 4150
5 11 11 0
6 0 0 0
6 0 1 6433
6 0 2 6966
6 0 3 7532
6 0 4 8773
6 0 5 5316
6 0 6 0
6 0 7 9051
6 0 8 5815
6 0 9 7977
6 0 10 9044
6 0 11 8575
6 1 0 4855
6 1 1 0
6 1 2 5344
6 1 3 3871
6 1 4 1718
6 1 5 5123
6 1 6 0
6 1 7 3705
6 1 8 1686
6 1 9 1108
6 1 10 2514
6 1 11 2832
6 2 0 3108
6 2 1 5115
6 2 2 0
6 2 3 1835
6 2 4 2463
6 2 5 4385
6 2 6 0
6 2 7 6149
6 2 8 1852
6 2 9 5508
6 2 10 4212
6 2 11 2629
6 3 0 6637
6 3 1 5452
6 3 2 3554
6 3 3 0
6 3 4 5128
6 3 5 4923
6 3 6 0
6 3 7 3208
6 3 8 1764
6 3 9 2242
6 3 10 684
6 3 11 3853
6 4 0 2099
6 4 1 4816
6 4 2 5292
6 4 3 2704
6 4 4 0
6 4 5 3789
6 4 6 0
6 4 7 3500
6 4 8 2990
6 4 9 3389
6 4 10 4747
6 4 11 6417
6 5 0 6145
6 5 1 4669
6 5 2 4212
6 5 3 4645
6 5 4 6275
6 5 5 0
6 5 6 0
6 5 7 1327
6 5 8 3242
6 5 9 5494
6 5 10 3368
6 5 11 2634
6 6 0 0
6 6 1 0
6 6 2 0
6 6 3 0
6 6 4 0
6 6 5 0
6 6 6 0
6 6 7 0
6 6 8 0
6 6 9 0
6 6 10 0
6 6 11 0
6 7 0 8479
6 7 1 7404
6 7 2 8540
6 7 3 7221
6 7 4 6127
6 7 5 4577
6 7 6 0
6 7 7 0
6 7 8 1096
6 7 9 5589
6 7 10 3908
6 7 11 1936
6 8 0 2696
6 8 1 2838
6 8 2 1696
6 8 3 3230
6 8 4 3070
6 8 5 3945
6 8 6 0
6 8 7 8400
6 8 8 0
6 8 9 6111
6 8 10 7950
6 8 11 6121
6 9 0 7567
6 9 1 4969
6 9 2 8061
6 9 3 6417
6 9 4 6178
6 9 5 8906
6 9 6 0
6 9 7 4286
6 9 8 5271
6 9 9 0
6 9 10 6563
6 9 11 4188
6 10 0 7058
6 10 1 4799
6 10 2 5189
6 10 3 3283
6 10 4 5960
6 10 5 5204
6 10 6 0
6 10 7 4235
6 10 8 2270
6 10 9 6911
6 10 10 0
6 10 11 5616
6 11 0 4554
6 11 1 3082
6 11 2 1571
6 11 3 4417
6 11 4 5595
6 11 5 2435
6 11 6 0
6 11 7 2438
6 11 8 3418
6 11 9 484
6 11 10 2476
6 11 11 0
7 0 0 0
7 0 1 6958
7 0 2 7491
7 0 3 8057
7 0 4 9298
7 0 5 5841
7 0 6 9051
7 0 7 0
7 0 8 4117
7 0 9 6279
7 0 10 7346
7 0 11 6877
7 1 0 7684
7 1 1 0
7 1 2 8173
7 1 3 6700
7 1 4 4547
7 1 5 7952
7 1 6 3705
7 1 7 0
7 1 8 3053
7 1 9 2475
7 1 10 3881
7 1 11 4199
7 2 0 7437
7 2 1 9444
7 2 2 0
7 2 3 6164
7 2 4 6792
7 2 5 8714
7 2 6 6149
7 2 7 0
7 2 8 3654
7 2 9 7310
7 2 10 6014
7 2 11 4431
7 3 0 7358
7 3 1 6173
7 3 2 4275
7 3 3 0
7 3 4 5849
7 3 5 5644
7 3 6 3208
7 3 7 0
7 3 8 2025
7 3 9 2503
7 3 10 945
7 3 11 4114
7 4 0 2884
7 4 1 5601
7 4 2 6077
7 4 3 3489
7 4 4 0
7 4 5 4574
7 4 6 3500
7 4 7 0
7 4 8 2095
7 4 9 2494
7 4 10 3852
7 4 11 5522
7 5 0 5056
7 5 1 3580
7 5 2 3123
7 5 3 3556
7 5 4 5186
7 5 5 0
7 5 6 1327
7 5 7 0
7 5 8 4978
7 5 9 7230
7 5 10 5104
7 5 11 4370
7 6 0 4686
7 6 1 1307
7 6 2 943
7 6 3 3232
7 6 4 2074
7 6 5 2398
7 6 6 0
7 6 7 0
7 6 8 8517
7 6 9 7893
7 6 10 6104
7 6 11 4210
7 7 0 0
7 7 1 0
7 7 2 0
7 7 3 0
7 7 4 0
7 7 5 0
7 7 6 0
7 7 7 0
7 7 8 0
7 7 9 0
7 7 10 0
7 7 11 0
7 8 0 5126
7 8 1 5268
7 8 2 4126
7 8 3 5660
7 8 4 5500
7 8 5 6375
7 8 6 8400
7 8 7 0
7 8 8 0
7 8 9 1958
7 8 10 3797
7 8 11 1968
7 9 0 3798
7 9 1 1200
7 9 2 4292
7 9 3 2648
7 9 4 2409
7 9 5 5137
7 9 6 4286
7 9 7 0
7 9 8 6235
7 9 9 0
7 9 10 7527
7 9 11 5152
7 10 0 6603
7 10 1 4344
7 10 2 4734
7 10 3 2828
7 10 4 5505
7 10 5 4749
7 10 6 4235
7 10 7 0
7 10 8 3342
7 10 9 7983
7 10 10 0
7 10 11 6688
7 11 0 6231
7 11 1 4759
7 11 2 3248
7 11 3 6094
7 11 4 7272
7 11 5 4112
7 11 6 2438
7 11 7 0
7 11 8 4412
7 11 9 1478
7 11 10 3470
7 11 11 0
8 0 0 0
8 0 1 3722
8 0 2 4255
8 0 3 4821
8 0 4 6062
8 0 5 2605
8 0 6 5815
8 0 7 4117
8 0 8 0
8 0 9 8060
8 0 10 9127
8 0 11 8658
8 1 0 5665
8 1 1 0
8 1 2 6154
8 1 3 4681
8 1 4 2528
8 1 5 5933
8 1 6 1686
8 1 7 3053
8 1 8 0
8 1 9 3783
8 1 10 5189
8 1 11 5507
8 2 0 3140
8 2 1 5147
8 2 2 0
8 2 3 1867
8 2 4 2495
8 2 5 4417
8 2 6 1852
8 2 7 3654
8 2 8 0
8 2 9 6916
8 2 10 5620
8 2 11 4037
8 3 0 5914
8 3 1 4729
8 3 2 2831
8 3 3 0
8 3 4 4405
8 3 5 4200
8 3 6 1764
8 3 7 2025
8 3 8 0
8 3 9 4103
8 3 10 2545
8 3 11 5714
8 4 0 2374
8 4 1 5091
8 4 2 5567
8 4 3 2979
8 4 4 0
8 4 5 4064
8 4 6 2990
8 4 7 2095
8 4 8 0
8 4 9 4473
8 4 10 5831
8 4 11 7501
8 5 0 6971
8 5 1 5495
8 5 2 5038
8 5 3 5471
8 5 4 7101
8 5 5 0
8 5 6 3242
8 5 7 4978
8 5 8 0
8 5 9 6573
8 5 10 4447
8 5 11 3713
8 6 0 8307
8 6 1 4928
8 6 2 4564
8 6 3 6853
8 6 4 5695
8 6 5 6019
8 6 6 0
8 6 7 8517
8 6 8 0
8 6 9 5346
8 6 10 3557
8 6 11 1663
8 7 0 4679
8 7 1 3604
8 7 2 4740
8 7 3 3421
8 7 4 2327
8 7 5 777
8 7 6 1096
8 7 7 0
8 7 8 0
8 7 9 8740
8 7 10 7059
8 7 11 5087
8 8 0 0
8 8 1 0
8 8 2 0
8 8 3 0
8 8 4 0
8 8 5 0
8 8 6 0
8 8 7 0
8 8 8 0
8 8 9 0
8 8 10 0
8 8 11 0
8 9 0 4783
8 9 1 2185
8 9 2 5277
8 9 3 3633
8 9 4 3394
8 9 5 6122
8 9 6 5271
8 9 7 6235
8 9 8 0
8 9 9 0
8 9 10 4428
8 9 11 2053
8 10 0 4638
8 10 1 2379
8 10 2 2769
8 10 3 863
8 10 4 3540
8 10 5 2784
8 10 6 2270
8 10 7 3342
8 10 8 0
8 10 9 8404
8 10 10 0
8 10 11 7109
8 11 0 7211
8 11 1 5739
8 11 2 4228
8 11 3 7074
8 11 4 8252
8 11 5 5092
8 11 6 3418
8 11 7 4412
8 11 8 0
8 11 9 2042
8 11 10 4034
8 11 11 0
9 0 0 0
9 0 1 5884
9 0 2 6417
9 0 3 6983
9 0 4 8224
9 0 5 4767
9 0 6 7977
9 0 7 6279
9 0 8 8060
9 0 9 0
9 0 10 5415
9 0 11 4946
9 1 0 5087
9 1 1 0
9 1 2 5576
9 1 3 4103
9 1 4 1950
9 1 5 5355
9 1 6 1108
9 1 7 2475
9 1 8 3783
9 1 9 0
9 1 10 4953
9 1 11 5271
9 2 0 6796
9 2 1 8803
9 2 2 0
9 2 3 5523
9 2 4 6151
9 2 5 8073
9 2 6 5508
9 2 7 7310
9 2 8 6916
9 2 9 0
9 2 10 5192
9 2 11 3609
9 3 0 6392
9 3 1 5207
9 3 2 3309
9 3 3 0
9 3 4 4883
9 3 5 4678
9 3 6 2242
9 3 7 2503
9 3 8 4103
9 3 9 0
9 3 10 1987
9 3 11 5156
9 4 0 2773
9 4 1 5490
9 4 2 5966
9 4 3 3378
9 4 4 0
9 4 5 4463
9 4 6 3389
9 4 7 2494
9 4 8 4473
9 4 9 0
9 4 10 8235
9 4 11 9905
9 5 0 9223
9 5 1 7747
9 5 2 7290
9 5 3 7723
9 5 4 9353
9 5 5 0
9 5 6 5494
9 5 7 7230
9 5 8 6573
9 5 9 0
9 5 10 4195
9 5 11 3461
9 6 0 7683
9 6 1 4304
9 6 2 3940
9 6 3 6229
9 6 4 5071
9 6 5 5395
9 6 6 0
9 6 7 7893
9 6 8 5346
9 6 9 0
9 6 10 6266
9 6 11 4372
9 7 0 9172
9 7 1 8097
9 7 2 9233
9 7 3 7914
9 7 4 6820
9 7 5 5270
9 7 6 5589
9 7 7 0
9 7 8 8740
9 7 9 0
9 7 10 3569
9 7 11 1597
9 8 0 2837
9 8 1 2979
9 8 2 1837
9 8 3 3371
9 8 4 3211
9 8 5 4086
9 8 6 6111
9 8 7 1958
9 8 8 0
9 8 9 0
9 8 10 4975
9 8 11 3146
9 9 0 0
9 9 1 0
9 9 2 0
9 9 3 0
9 9 4 0
9 9 5 0
9 9 6 0
9 9 7 0
9 9 8 0
9 9 9 0
9 9 10 0
9 9 11 0
9 10 0 9279
9 10 1 7020
9 10 2 7410
9 10 3 5504
9 10 4 8181
9 10 5 7425
9 10 6 6911
9 10 7 7983
9 10 8 8404
9 10 9 0
9 10 10 0
9 10 11 6346
9 11 0 4277
9 11 1 2805
9 11 2 1294
9 11 3 4140
9 11 4 5318
9 11 5 2158
9 11 6 484
9 11 7 1478
9 11 8 2042
9 11 9 0
9 11 10 2725
9 11 11 0
10 0 0 0
10 0 1 6951
10 0 2 7484
10 0 3 8050
10 0 4 9291
10 0 5 5834
10 0 6 9044
10 0 7 7346
10 0 8 9127
10 0 9 5415
10 0 10 0
10 0 11 8395
10 1 0 6493
10 1 1 0
10 1 2 6982
10 1 3 5509
10 1 4 3356
10 1 5 6761
10 1 6 2514
10 1 7 3881
10 1 8 5189
10 1 9 4953
10 1 10 0
10 1 11 4839
10 2 0 5500
10 2 1 7507
10 2 2 0
10 2 3 4227
10 2 4 4855
10 2 5 6777
10 2 6 4212
10 2 7 6014
10 2 8 5620
10 2 9 5192
10 2 10 0
10 2 11 3458
10 3 0 4834
10 3 1 3649
10 3 2 1751
10 3 3 0
10 3 4 3325
10 3 5 3120
10 3 6 684
10 3 7 945
10 3 8 2545
10 3 9 1987
10 3 10 0
10 3 11 8405
10 4 0 4131
10 4 1 6848
10 4 2 7324
10 4 3 4736
10 4 4 0
10 4 5 5821
10 4 6 4747
10 4 7 3852
10 4 8 5831
10 4 9 8235
10 4 10 0
10 4 11 6031
10 5 0 7097
10 5 1 5621
10 5 2 5164
10 5 3 5597
10 5 4 7227
10 5 5 0
10 5 6 3368
10 5 7 5104
10 5 8 4447
10 5 9 4195
10 5 10 0
10 5 11 4067
10 6 0 5894
10 6 1 2515
10 6 2 2151
10 6 3 4440
10 6 4 3282
10 6 5 3606
10 6 6 0
10 6 7 6104
10 6 8 3557
10 6 9 6266
10 6 10 0
10 6 11 2796
10 7 0 7491
10 7 1 6416
10 7 2 7552
10 7 3 6233
10 7 4 5139
10 7 5 3589
10 7 6 3908
10 7 7 0
10 7 8 7059
10 7 9 3569
10 7 10 0
10 7 11 3335
10 8 0 4676
10 8 1 4818
10 8 2 3676
10 8 3 5210
10 8 4 5050
10 8 5 5925
10 8 6 7950
10 8 7 3797
10 8 8 0
10 8 9 4975
10 8 10 0
10 8 11 1934
10 9 0 6075
10 9 1 3477
10 9 2 6569
10 9 3 4925
10 9 4 4686
10 9 5 7414
10 9 6 6563
10 9 7 7527
10 9 8 4428
10 9 9 0
10 9 10 0
10 9 11 5266
10 10 0 0
10 10 1 0
10 10 2 0
10 10 3 0
10 10 4 0
10 10 5 0
10 10 6 0
10 10 7 0
10 10 8 0
10 10 9 0
10 10 10 0
10 10 11 0
10 11 0 6269
10 11 1 4797
10 11 2 3286
10 11 3 6132
10 11 4 7310
10 11 5 4150
10 11 6 2476
10 11 7 3470
10 11 8 4034
10 11 9 2725
10 11 10 0
10 11 11 0
11 0 0 0
11 0 1 6482
11 0 2 7015
11 0 3 7581
11 0 4 8822
11 0 5 5365
11 0 6 8575
11 0 7 6877
11 0 8 8658
11 0 9 4946
11 0 10 8395
11 0 11 0
11 1 0 6811
11 1 1 0
11 1 2 7300
11 1 3 5827
11 1 4 3674
11 1 5 7079
11 1 6 2832
11 1 7 4199
11 1 8 5507
11 1 9 5271
11 1 10 4839
11 1 11 0
11 2 0 3917
11 2 1 5924
11 2 2 0
11 2 3 2644
11 2 4 3272
11 2 5 5194
11 2 6 2629
11 2 7 4431
11 2 8 4037
11 2 9 3609
11 2 10 3458
11 2 11 0
11 3 0 8003
11 3 1 6818
11 3 2 4920
11 3 3 0
11 3 4 6494
11 3 5 6289
11 3 6 3853
11 3 7 4114
11 3 8 5714
11 3 9 5156
11 3 10 8405
11 3 11 0
11 4 0 5801
11 4 1 8518
11 4 2 8994
11 4 3 6406
11 4 4 0
11 4 5 7491
11 4 6 6417
11 4 7 5522
11 4 8 7501
11 4 9 9905
11 4 10 6031
11 4 11 0
11 5 0 6363
11 5 1 4887
11 5 2 4430
11 5 3 4863
11 5 4 6493
11 5 5 0
11 5 6 2634
11 5 7 4370
11 5 8 3713
11 5 9 3461
11 5 10 4067
11 5 11 0
11 6 0 4000
11 6 1 621
11 6 2 257
11 6 3 2546
11 6 4 1388
11 6 5 1712
11 6 6 0
11 6 7 4210
11 6 8 1663
11 6 9 4372
11 6 10 2796
11 6 11 0
11 7 0 5519
11 7 1 4444
11 7 2 5580
11 7 3 4261
11 7 4 3167
11 7 5 1617
11 7 6 1936
11 7 7 0
11 7 8 5087
11 7 9 1597
11 7 10 3335
11 7 11 0
11 8 0 2847
11 8 1 2989
11 8 2 1847
11 8 3 3381
11 8 4 3221
11 8 5 4096
11 8 6 6121
11 8 7 1968
11 8 8 0
11 8 9 3146
11 8 10 1934
11 8 11 0
11 9 0 3700
11 9 1 1102
11 9 2 4194
11 9 3 2550
11 9 4 2311
11 9 5 5039
11 9 6 4188
11 9 7 5152
11 9 8 2053
11 9 9 0
11 9 10 5266
11 9 11 0
11 10 0 7984
11 10 1 5725
11 10 2 6115
11 10 3 4209
11 10 4 6886
11 10 5 6130
11 10 6 5616
11 10 7 6688
11 10 8 7109
11 10 9 6346
11 10 10 0
11 10 11 0
11 11 0 0
11 11 1 0
11 11 2 0
11 11 3 0
11 11 4 0
11 11 5 0
11 11 6 0
11 11 7 0
11 11 8 0
11 11 9 0
11 11 10 0
11 11 11 0
