18
0 0 0 0
0 0 1 0
0 0 2 0
0 0 3 0
0 0 4 0
0 0 5 0
0 0 6 0
0 0 7 0
0 0 8 0
0 0 9 0
0 0 10 0
0 0 11 0
0 0 12 0
0 0 13 0
0 0 14 0
0 0 15 0
0 0 16 0
0 0 17 0
0 1 0 0
0 1 1 0
0 1 2 5150
0 1 3 1853
0 1 4 4888
0 1 5 1801
0 1 6 4345
0 1 7 3760
0 1 8 1575
0 1 9 1154
0 1 10 2705
0 1 11 1107
0 1 12 2387
0 1 13 1450
0 1 14 3241
0 1 15 3206
0 1 16 4382
0 1 17 3329
0 2 0 0
0 2 1 5936
0 2 2 0
0 2 3 7359
0 2 4 8217
0 2 5 6272
0 2 6 7572
0 2 7 8635
0 2 8 6481
0 2 9 7152
0 2 10 3848
0 2 11 6905
0 2 12 5639
0 2 13 5035
0 2 14 3960
0 2 15 3986
0 2 16 4566
0 2 17 4700
0 3 0 0
0 3 1 4101
0 3 2 2788
0 3 3 0
0 3 4 7381
0 3 5 6420
0 3 6 6497
0 3 7 5369
0 3 8 2924
0 3 9 3130
0 3 10 6146
0 3 11 5420
0 3 12 3951
0 3 13 6061
0 3 14 7174
0 3 15 5352
0 3 16 6387
0 3 17 6549
0 4 0 0
0 4 1 5764
0 4 2 4418
0 4 3 4040
0 4 4 0
0 4 5 2797
0 4 6 5257
0 4 7 3961
0 4 8 4203
0 4 9 2348
0 4 10 3612
0 4 11 4237
0 4 12 2043
0 4 13 2893
0 4 14 3712
0 4 15 3904
0 4 16 1933
0 4 17 4169
0 5 0 0
0 5 1 3502
0 5 2 5553
0 5 3 3199
0 5 4 3330
0 5 5 0
0 5 6 2366
0 5 7 5522
0 5 8 3018
0 5 9 3558
0 5 10 3298
0 5 11 4538
0 5 12 5194
0 5 13 5445
0 5 14 3746
0 5 15 4536
0 5 16 1564
0 5 17 3742
0 6 0 0
0 6 1 2111
0 6 2 5275
0 6 3 3625
0 6 4 5729
0 6 5 4423
0 6 6 0
0 6 7 2525
0 6 8 4029
0 6 9 4475
0 6 10 2551
0 6 11 6512
0 6 12 5638
0 6 13 2399
0 6 14 4289
0 6 15 3834
0 6 16 3253
0 6 17 5471
0 7 0 0
0 7 1 4977
0 7 2 3494
0 7 3 4292
0 7 4 2906
0 7 5 4034
0 7 6 3054
0 7 7 0
0 7 8 5058
0 7 9 5431
0 7 10 4841
0 7 11 4187
0 7 12 1833
0 7 13 3818
0 7 14 4318
0 7 15 2044
0 7 16 5147
0 7 17 3393
0 8 0 0
0 8 1 7369
0 8 2 4559
0 8 3 6174
0 8 4 8985
0 8 5 5070
0 8 6 5229
0 8 7 8513
0 8 8 0
0 8 9 7570
0 8 10 7688
0 8 11 8509
0 8 12 7197
0 8 13 5546
0 8 14 6321
0 8 15 6319
0 8 16 8271
0 8 17 6042
0 9 0 0
0 9 1 2200
0 9 2 2276
0 9 3 453
0 9 4 3871
0 9 5 2597
0 9 6 1586
0 9 7 4800
0 9 8 2770
0 9 9 0
0 9 10 1195
0 9 11 2740
0 9 12 1782
0 9 13 1085
0 9 14 1318
0 9 15 4576
0 9 16 4391
0 9 17 3449
0 10 0 0
0 10 1 6647
0 10 2 5725
0 10 3 6778
0 10 4 9380
0 10 5 5725
0 10 6 9206
0 10 7 8862
0 10 8 7743
0 10 9 6869
0 10 10 0
0 10 11 6335
0 10 12 7909
0 10 13 5840
0 10 14 7206
0 10 15 8727
0 10 16 4991
0 10 17 9493
0 11 0 0
0 11 1 4590
0 11 2 1705
0 11 3 3548
0 11 4 4534
0 11 5 4889
0 11 6 1117
0 11 7 1663
0 11 8 2929
0 11 9 4928
0 11 10 3149
0 11 11 0
0 11 12 3800
0 11 13 1768
0 11 14 2028
0 11 15 1005
0 11 16 1514
0 11 17 1031
0 12 0 0
0 12 1 5859
0 12 2 6936
0 12 3 6294
0 12 4 7509
0 12 5 5823
0 12 6 6170
0 12 7 7547
0 12 8 3364
0 12 9 5522
0 12 10 6873
0 12 11 3748
0 12 12 0
0 12 13 7541
0 12 14 5272
0 12 15 3323
0 12 16 7098
0 12 17 4148
0 13 0 0
0 13 1 4982
0 13 2 2411
0 13 3 5014
0 13 4 2230
0 13 5 2214
0 13 6 5879
0 13 7 5300
0 13 8 5827
0 13 9 4397
0 13 10 6101
0 13 11 2730
0 13 12 4326
0 13 13 0
0 13 14 1712
0 13 15 2267
0 13 16 6080
0 13 17 2328
0 14 0 0
0 14 1 5759
0 14 2 4214
0 14 3 2793
0 14 4 3401
0 14 5 1843
0 14 6 5998
0 14 7 6173
0 14 8 1959
0 14 9 2466
0 14 10 3872
0 14 11 2313
0 14 12 2901
0 14 13 4711
0 14 14 0
0 14 15 2050
0 14 16 5368
0 14 17 2112
0 15 0 0
0 15 1 7458
0 15 2 6917
0 15 3 4729
0 15 4 6138
0 15 5 4565
0 15 6 4589
0 15 7 4985
0 15 8 5708
0 15 9 8387
0 15 10 5024
0 15 11 8033
0 15 12 8002
0 15 13 7797
0 15 14 6749
0 15 15 0
0 15 16 6310
0 15 17 8121
0 16 0 0
0 16 1 3973
0 16 2 5356
0 16 3 5844
0 16 4 3917
0 16 5 5341
0 16 6 7642
0 16 7 6163
0 16 8 7037
0 16 9 8113
0 16 10 8272
0 16 11 8022
0 16 12 4048
0 16 13 7171
0 16 14 6092
0 16 15 7360
0 16 16 0
0 16 17 5026
0 17 0 0
0 17 1 5878
0 17 2 4687
0 17 3 5116
0 17 4 5343
0 17 5 3135
0 17 6 7748
0 17 7 4463
0 17 8 2943
0 17 9 3649
0 17 10 6222
0 17 11 5742
0 17 12 3087
0 17 13 7855
0 17 14 4326
0 17 15 4006
0 17 16 6594
0 17 17 0
1 0 0 0
1 0 1 0
1 0 2 7132
1 0 3 6060
1 0 4 4125
1 0 5 4707
1 0 6 5402
1 0 7 5069
1 0 8 7804
1 0 9 3651
1 0 10 7848
1 0 11 3816
1 0 12 6181
1 0 13 4720
1 0 14 5079
1 0 15 7694
1 0 16 6904
1 0 17 6249
1 1 0 0
1 1 1 0
1 1 2 0
1 1 3 0
1 1 4 0
1 1 5 0
1 1 6 0
1 1 7 0
1 1 8 0
1 1 9 0
1 1 10 0
1 1 11 0
1 1 12 0
1 1 13 0
1 1 14 0
1 1 15 0
1 1 16 0
1 1 17 0
1 2 0 5936
1 2 1 0
1 2 2 0
1 2 3 7868
1 2 4 8726
1 2 5 6781
1 2 6 8081
1 2 7 9144
1 2 8 6990
1 2 9 7661
1 2 10 4357
1 2 11 7414
1 2 12 6148
1 2 13 5544
1 2 14 4469
1 2 15 4495
1 2 16 5075
1 2 17 5209
1 3 0 4101
1 3 1 0
1 3 2 1072
1 3 3 0
1 3 4 5665
1 3 5 4704
1 3 6 4781
1 3 7 3653
1 3 8 1208
1 3 9 1414
1 3 10 4430
1 3 11 3704
1 3 12 2235
1 3 13 4345
1 3 14 5458
1 3 15 3636
1 3 16 4671
1 3 17 4833
1 4 0 5764
1 4 1 0
1 4 2 7672
1 4 3 7294
1 4 4 0
1 4 5 6051
1 4 6 8511
1 4 7 7215
1 4 8 7457
1 4 9 5602
1 4 10 6866
1 4 11 7491
1 4 12 5297
1 4 13 6147
1 4 14 6966
1 4 15 7158
1 4 16 5187
1 4 17 7423
1 5 0 3502
1 5 1 0
1 5 2 5138
1 5 3 2784
1 5 4 2915
1 5 5 0
1 5 6 1951
1 5 7 5107
1 5 8 2603
1 5 9 3143
1 5 10 2883
1 5 11 4123
1 5 12 4779
1 5 13 5030
1 5 14 3331
1 5 15 4121
1 5 16 1149
1 5 17 3327
1 6 0 2111
1 6 1 0
1 6 2 6709
1 6 3 5059
1 6 4 7163
1 6 5 5857
1 6 6 0
1 6 7 3959
1 6 8 5463
1 6 9 5909
1 6 10 3985
1 6 11 7946
1 6 12 7072
1 6 13 3833
1 6 14 5723
1 6 15 5268
1 6 16 4687
1 6 17 6905
1 7 0 4977
1 7 1 0
1 7 2 4676
1 7 3 5474
1 7 4 4088
1 7 5 5216
1 7 6 4236
1 7 7 0
1 7 8 6240
1 7 9 6613
1 7 10 6023
1 7 11 5369
1 7 12 3015
1 7 13 5000
1 7 14 5500
1 7 15 3226
1 7 16 6329
1 7 17 4575
1 8 0 7369
1 8 1 0
1 8 2 821
1 8 3 2436
1 8 4 5247
1 8 5 1332
1 8 6 1491
1 8 7 4775
1 8 8 0
1 8 9 3832
1 8 10 3950
1 8 11 4771
1 8 12 3459
1 8 13 1808
1 8 14 2583
1 8 15 2581
1 8 16 4533
1 8 17 2304
1 9 0 2200
1 9 1 0
1 9 2 2270
1 9 3 447
1 9 4 3865
1 9 5 2591
1 9 6 1580
1 9 7 4794
1 9 8 2764
1 9 9 0
1 9 10 1189
1 9 11 2734
1 9 12 1776
1 9 13 1079
1 9 14 1312
1 9 15 4570
1 9 16 4385
1 9 17 3443
1 10 0 6647
1 10 1 0
1 10 2 3073
1 10 3 4126
1 10 4 6728
1 10 5 3073
1 10 6 6554
1 10 7 6210
1 10 8 5091
1 10 9 4217
1 10 10 0
1 10 11 3683
1 10 12 5257
1 10 13 3188
1 10 14 4554
1 10 15 6075
1 10 16 2339
1 10 17 6841
1 11 0 4590
1 11 1 0
1 11 2 1487
1 11 3 3330
1 11 4 4316
1 11 5 4671
1 11 6 899
1 11 7 1445
1 11 8 2711
1 11 9 4710
1 11 10 2931
1 11 11 0
1 11 12 3582
1 11 13 1550
1 11 14 1810
1 11 15 787
1 11 16 1296
1 11 17 813
1 12 0 5859
1 12 1 0
1 12 2 5633
1 12 3 4991
1 12 4 6206
1 12 5 4520
1 12 6 4867
1 12 7 6244
1 12 8 2061
1 12 9 4219
1 12 10 5570
1 12 11 2445
1 12 12 0
1 12 13 6238
1 12 14 3969
1 12 15 2020
1 12 16 5795
1 12 17 2845
1 13 0 4982
1 13 1 0
1 13 2 1632
1 13 3 4235
1 13 4 1451
1 13 5 1435
1 13 6 5100
1 13 7 4521
1 13 8 5048
1 13 9 3618
1 13 10 5322
1 13 11 1951
1 13 12 3547
1 13 13 0
1 13 14 933
1 13 15 1488
1 13 16 5301
1 13 17 1549
1 14 0 5759
1 14 1 0
1 14 2 4867
1 14 3 3446
1 14 4 4054
1 14 5 2496
1 14 6 6651
1 14 7 6826
1 14 8 2612
1 14 9 3119
1 14 10 4525
1 14 11 2966
1 14 12 3554
1 14 13 5364
1 14 14 0
1 14 15 2703
1 14 16 6021
1 14 17 2765
1 15 0 7458
1 15 1 0
1 15 2 4920
1 15 3 2732
1 15 4 4141
1 15 5 2568
1 15 6 2592
1 15 7 2988
1 15 8 3711
1 15 9 6390
1 15 10 3027
1 15 11 6036
1 15 12 6005
1 15 13 5800
1 15 14 4752
1 15 15 0
1 15 16 4313
1 15 17 6124
1 16 0 3973
1 16 1 0
1 16 2 5325
1 16 3 5813
1 16 4 3886
1 16 5 5310
1 16 6 7611
1 16 7 6132
1 16 8 7006
1 16 9 8082
1 16 10 8241
1 16 11 7991
1 16 12 4017
1 16 13 7140
1 16 14 6061
1 16 15 7329
1 16 16 0
1 16 17 4995
1 17 0 5878
1 17 1 0
1 17 2 4258
1 17 3 4687
1 17 4 4914
1 17 5 2706
1 17 6 7319
1 17 7 4034
1 17 8 2514
1 17 9 3220
1 17 10 5793
1 17 11 5313
1 17 12 2658
1 17 13 7426
1 17 14 3897
1 17 15 3577
1 17 16 6165
1 17 17 0
2 0 0 0
2 0 1 7132
2 0 2 0
2 0 3 4006
2 0 4 2071
2 0 5 2653
2 0 6 3348
2 0 7 3015
2 0 8 5750
2 0 9 1597
2 0 10 5794
2 0 11 1762
2 0 12 4127
2 0 13 2666
2 0 14 3025
2 0 15 5640
2 0 16 4850
2 0 17 4195
2 1 0 5150
2 1 1 0
2 1 2 0
2 1 3 3148
2 1 4 6183
2 1 5 3096
2 1 6 5640
2 1 7 5055
2 1 8 2870
2 1 9 2449
2 1 10 4000
2 1 11 2402
2 1 12 3682
2 1 13 2745
2 1 14 4536
2 1 15 4501
2 1 16 5677
2 1 17 4624
2 2 0 0
2 2 1 0
2 2 2 0
2 2 3 0
2 2 4 0
2 2 5 0
2 2 6 0
2 2 7 0
2 2 8 0
2 2 9 0
2 2 10 0
2 2 11 0
2 2 12 0
2 2 13 0
2 2 14 0
2 2 15 0
2 2 16 0
2 2 17 0
2 3 0 2788
2 3 1 1072
2 3 2 0
2 3 3 0
2 3 4 8180
2 3 5 7219
2 3 6 7296
2 3 7 6168
2 3 8 3723
2 3 9 3929
2 3 10 6945
2 3 11 6219
2 3 12 4750
2 3 13 6860
2 3 14 7973
2 3 15 6151
2 3 16 7186
2 3 17 7348
2 4 0 4418
2 4 1 7672
2 4 2 0
2 4 3 7632
2 4 4 0
2 4 5 6389
2 4 6 8849
2 4 7 7553
2 4 8 7795
2 4 9 5940
2 4 10 7204
2 4 11 7829
2 4 12 5635
2 4 13 6485
2 4 14 7304
2 4 15 7496
2 4 16 5525
2 4 17 7761
2 5 0 5553
2 5 1 5138
2 5 2 0
2 5 3 4264
2 5 4 4395
2 5 5 0
2 5 6 3431
2 5 7 6587
2 5 8 4083
2 5 9 4623
2 5 10 4363
2 5 11 5603
2 5 12 6259
2 5 13 6510
2 5 14 4811
2 5 15 5601
2 5 16 2629
2 5 17 4807
2 6 0 5275
2 6 1 6709
2 6 2 0
2 6 3 5295
2 6 4 7399
2 6 5 6093
2 6 6 0
2 6 7 4195
2 6 8 5699
2 6 9 6145
2 6 10 4221
2 6 11 8182
2 6 12 7308
2 6 13 4069
2 6 14 5959
2 6 15 5504
2 6 16 4923
2 6 17 7141
2 7 0 3494
2 7 1 4676
2 7 2 0
2 7 3 7358
2 7 4 5972
2 7 5 7100
2 7 6 6120
2 7 7 0
2 7 8 8124
2 7 9 8497
2 7 10 7907
2 7 11 7253
2 7 12 4899
2 7 13 6884
2 7 14 7384
2 7 15 5110
2 7 16 8213
2 7 17 6459
2 8 0 4559
2 8 1 821
2 8 2 0
2 8 3 4351
2 8 4 7162
2 8 5 3247
2 8 6 3406
2 8 7 6690
2 8 8 0
2 8 9 5747
2 8 10 5865
2 8 11 6686
2 8 12 5374
2 8 13 3723
2 8 14 4498
2 8 15 4496
2 8 16 6448
2 8 17 4219
2 9 0 2276
2 9 1 2270
2 9 2 0
2 9 3 3454
2 9 4 6872
2 9 5 5598
2 9 6 4587
2 9 7 7801
2 9 8 5771
2 9 9 0
2 9 10 4196
2 9 11 5741
2 9 12 4783
2 9 13 4086
2 9 14 4319
2 9 15 7577
2 9 16 7392
2 9 17 6450
2 10 0 5725
2 10 1 3073
2 10 2 0
2 10 3 2278
2 10 4 4880
2 10 5 1225
2 10 6 4706
2 10 7 4362
2 10 8 3243
2 10 9 2369
2 10 10 0
2 10 11 1835
2 10 12 3409
2 10 13 1340
2 10 14 2706
2 10 15 4227
2 10 16 491
2 10 17 4993
2 11 0 1705
2 11 1 1487
2 11 2 0
2 11 3 6137
2 11 4 7123
2 11 5 7478
2 11 6 3706
2 11 7 4252
2 11 8 5518
2 11 9 7517
2 11 10 5738
2 11 11 0
2 11 12 6389
2 11 13 4357
2 11 14 4617
2 11 15 3594
2 11 16 4103
2 11 17 3620
2 12 0 6936
2 12 1 5633
2 12 2 0
2 12 3 5252
2 12 4 6467
2 12 5 4781
2 12 6 5128
2 12 7 6505
2 12 8 2322
2 12 9 4480
2 12 10 5831
2 12 11 2706
2 12 12 0
2 12 13 6499
2 12 14 4230
2 12 15 2281
2 12 16 6056
2 12 17 3106
2 13 0 2411
2 13 1 1632
2 13 2 0
2 13 3 4829
2 13 4 2045
2 13 5 2029
2 13 6 5694
2 13 7 5115
2 13 8 5642
2 13 9 4212
2 13 10 5916
2 13 11 2545
2 13 12 4141
2 13 13 0
2 13 14 1527
2 13 15 2082
2 13 16 5895
2 13 17 2143
2 14 0 4214
2 14 1 4867
2 14 2 0
2 14 3 1174
2 14 4 1782
2 14 5 224
2 14 6 4379
2 14 7 4554
2 14 8 340
2 14 9 847
2 14 10 2253
2 14 11 694
2 14 12 1282
2 14 13 3092
2 14 14 0
2 14 15 431
2 14 16 3749
2 14 17 493
2 15 0 6917
2 15 1 4920
2 15 2 0
2 15 3 521
2 15 4 1930
2 15 5 357
2 15 6 381
2 15 7 777
2 15 8 1500
2 15 9 4179
2 15 10 816
2 15 11 3825
2 15 12 3794
2 15 13 3589
2 15 14 2541
2 15 15 0
2 15 16 2102
2 15 17 3913
2 16 0 5356
2 16 1 5325
2 16 2 0
2 16 3 3006
2 16 4 1079
2 16 5 2503
2 16 6 4804
2 16 7 3325
2 16 8 4199
2 16 9 5275
2 16 10 5434
2 16 11 5184
2 16 12 1210
2 16 13 4333
2 16 14 3254
2 16 15 4522
2 16 16 0
2 16 17 2188
2 17 0 4687
2 17 1 4258
2 17 2 0
2 17 3 3067
2 17 4 3294
2 17 5 1086
2 17 6 5699
2 17 7 2414
2 17 8 894
2 17 9 1600
2 17 10 4173
2 17 11 3693
2 17 12 1038
2 17 13 5806
2 17 14 2277
2 17 15 1957
2 17 16 4545
2 17 17 0
3 0 0 0
3 0 1 6060
3 0 2 4006
3 0 3 0
3 0 4 2098
3 0 5 2680
3 0 6 3375
3 0 7 3042
3 0 8 5777
3 0 9 1624
3 0 10 5821
3 0 11 1789
3 0 12 4154
3 0 13 2693
3 0 14 3052
3 0 15 5667
3 0 16 4877
3 0 17 4222
3 1 0 1853
3 1 1 0
3 1 2 3148
3 1 3 0
3 1 4 5420
3 1 5 2333
3 1 6 4877
3 1 7 4292
3 1 8 2107
3 1 9 1686
3 1 10 3237
3 1 11 1639
3 1 12 2919
3 1 13 1982
3 1 14 3773
3 1 15 3738
3 1 16 4914
3 1 17 3861
3 2 0 7359
3 2 1 7868
3 2 2 0
3 2 3 0
3 2 4 4445
3 2 5 2500
3 2 6 3800
3 2 7 4863
3 2 8 2709
3 2 9 3380
3 2 10 76
3 2 11 3133
3 2 12 1867
3 2 13 1263
3 2 14 188
3 2 15 214
3 2 16 794
3 2 17 928
3 3 0 0
3 3 1 0
3 3 2 0
3 3 3 0
3 3 4 0
3 3 5 0
3 3 6 0
3 3 7 0
3 3 8 0
3 3 9 0
3 3 10 0
3 3 11 0
3 3 12 0
3 3 13 0
3 3 14 0
3 3 15 0
3 3 16 0
3 3 17 0
3 4 0 4040
3 4 1 7294
3 4 2 7632
3 4 3 0
3 4 4 0
3 4 5 6625
3 4 6 9085
3 4 7 7789
3 4 8 8031
3 4 9 6176
3 4 10 7440
3 4 11 8065
3 4 12 5871
3 4 13 6721
3 4 14 7540
3 4 15 7732
3 4 16 5761
3 4 17 7997
3 5 0 3199
3 5 1 2784
3 5 2 4264
3 5 3 0
3 5 4 5615
3 5 5 0
3 5 6 4651
3 5 7 7807
3 5 8 5303
3 5 9 5843
3 5 10 5583
3 5 11 6823
3 5 12 7479
3 5 13 7730
3 5 14 6031
3 5 15 6821
3 5 16 3849
3 5 17 6027
3 6 0 3625
3 6 1 5059
3 6 2 5295
3 6 3 0
3 6 4 7396
3 6 5 6090
3 6 6 0
3 6 7 4192
3 6 8 5696
3 6 9 6142
3 6 10 4218
3 6 11 8179
3 6 12 7305
3 6 13 4066
3 6 14 5956
3 6 15 5501
3 6 16 4920
3 6 17 7138
3 7 0 4292
3 7 1 5474
3 7 2 7358
3 7 3 0
3 7 4 3778
3 7 5 4906
3 7 6 3926
3 7 7 0
3 7 8 5930
3 7 9 6303
3 7 10 5713
3 7 11 5059
3 7 12 2705
3 7 13 4690
3 7 14 5190
3 7 15 2916
3 7 16 6019
3 7 17 4265
3 8 0 6174
3 8 1 2436
3 8 2 4351
3 8 3 0
3 8 4 4677
3 8 5 762
3 8 6 921
3 8 7 4205
3 8 8 0
3 8 9 3262
3 8 10 3380
3 8 11 4201
3 8 12 2889
3 8 13 1238
3 8 14 2013
3 8 15 2011
3 8 16 3963
3 8 17 1734
3 9 0 453
3 9 1 447
3 9 2 3454
3 9 3 0
3 9 4 3922
3 9 5 2648
3 9 6 1637
3 9 7 4851
3 9 8 2821
3 9 9 0
3 9 10 1246
3 9 11 2791
3 9 12 1833
3 9 13 1136
3 9 14 1369
3 9 15 4627
3 9 16 4442
3 9 17 3500
3 10 0 6778
3 10 1 4126
3 10 2 2278
3 10 3 0
3 10 4 8250
3 10 5 4595
3 10 6 8076
3 10 7 7732
3 10 8 6613
3 10 9 5739
3 10 10 0
3 10 11 5205
3 10 12 6779
3 10 13 4710
3 10 14 6076
3 10 15 7597
3 10 16 3861
3 10 17 8363
3 11 0 3548
3 11 1 3330
3 11 2 6137
3 11 3 0
3 11 4 6710
3 11 5 7065
3 11 6 3293
3 11 7 3839
3 11 8 5105
3 11 9 7104
3 11 10 5325
3 11 11 0
3 11 12 5976
3 11 13 3944
3 11 14 4204
3 11 15 3181
3 11 16 3690
3 11 17 3207
3 12 0 6294
3 12 1 4991
3 12 2 5252
3 12 3 0
3 12 4 5851
3 12 5 4165
3 12 6 4512
3 12 7 5889
3 12 8 1706
3 12 9 3864
3 12 10 5215
3 12 11 2090
3 12 12 0
3 12 13 5883
3 12 14 3614
3 12 15 1665
3 12 16 5440
3 12 17 2490
3 13 0 5014
3 13 1 4235
3 13 2 4829
3 13 3 0
3 13 4 4143
3 13 5 4127
3 13 6 7792
3 13 7 7213
3 13 8 7740
3 13 9 6310
3 13 10 8014
3 13 11 4643
3 13 12 6239
3 13 13 0
3 13 14 3625
3 13 15 4180
3 13 16 7993
3 13 17 4241
3 14 0 2793
3 14 1 3446
3 14 2 1174
3 14 3 0
3 14 4 6068
3 14 5 4510
3 14 6 8665
3 14 7 8840
3 14 8 4626
3 14 9 5133
3 14 10 6539
3 14 11 4980
3 14 12 5568
3 14 13 7378
3 14 14 0
3 14 15 4717
3 14 16 8035
3 14 17 4779
3 15 0 4729
3 15 1 2732
3 15 2 521
3 15 3 0
3 15 4 4368
3 15 5 2795
3 15 6 2819
3 15 7 3215
3 15 8 3938
3 15 9 6617
3 15 10 3254
3 15 11 6263
3 15 12 6232
3 15 13 6027
3 15 14 4979
3 15 15 0
3 15 16 4540
3 15 17 6351
3 16 0 5844
3 16 1 5813
3 16 2 3006
3 16 3 0
3 16 4 3972
3 16 5 5396
3 16 6 7697
3 16 7 6218
3 16 8 7092
3 16 9 8168
3 16 10 8327
3 16 11 8077
3 16 12 4103
3 16 13 7226
3 16 14 6147
3 16 15 7415
3 16 16 0
3 16 17 5081
3 17 0 5116
3 17 1 4687
3 17 2 3067
3 17 3 0
3 17 4 6215
3 17 5 4007
3 17 6 8620
3 17 7 5335
3 17 8 3815
3 17 9 4521
3 17 10 7094
3 17 11 6614
3 17 12 3959
3 17 13 8727
3 17 14 5198
3 17 15 4878
3 17 16 7466
3 17 17 0
4 0 0 0
4 0 1 4125
4 0 2 2071
4 0 3 2098
4 0 4 0
4 0 5 6227
4 0 6 6922
4 0 7 6589
4 0 8 9324
4 0 9 5171
4 0 10 9368
4 0 11 5336
4 0 12 7701
4 0 13 6240
4 0 14 6599
4 0 15 9214
4 0 16 8424
4 0 17 7769
4 1 0 4888
4 1 1 0
4 1 2 6183
4 1 3 5420
4 1 4 0
4 1 5 5931
4 1 6 8475
4 1 7 7890
4 1 8 5705
4 1 9 5284
4 1 10 6835
4 1 11 5237
4 1 12 6517
4 1 13 5580
4 1 14 7371
4 1 15 7336
4 1 16 8512
4 1 17 7459
4 2 0 8217
4 2 1 8726
4 2 2 0
4 2 3 4445
4 2 4 0
4 2 5 6065
4 2 6 7365
4 2 7 8428
4 2 8 6274
4 2 9 6945
4 2 10 3641
4 2 11 6698
4 2 12 5432
4 2 13 4828
4 2 14 3753
4 2 15 3779
4 2 16 4359
4 2 17 4493
4 3 0 7381
4 3 1 5665
4 3 2 8180
4 3 3 0
4 3 4 0
4 3 5 6907
4 3 6 6984
4 3 7 5856
4 3 8 3411
4 3 9 3617
4 3 10 6633
4 3 11 5907
4 3 12 4438
4 3 13 6548
4 3 14 7661
4 3 15 5839
4 3 16 6874
4 3 17 7036
4 4 0 0
4 4 1 0
4 4 2 0
4 4 3 0
4 4 4 0
4 4 5 0
4 4 6 0
4 4 7 0
4 4 8 0
4 4 9 0
4 4 10 0
4 4 11 0
4 4 12 0
4 4 13 0
4 4 14 0
4 4 15 0
4 4 16 0
4 4 17 0
4 5 0 3330
4 5 1 2915
4 5 2 4395
4 5 3 5615
4 5 4 0
4 5 5 0
4 5 6 2963
4 5 7 6119
4 5 8 3615
4 5 9 4155
4 5 10 3895
4 5 11 5135
4 5 12 5791
4 5 13 6042
4 5 14 4343
4 5 15 5133
4 5 16 2161
4 5 17 4339
4 6 0 5729
4 6 1 7163
4 6 2 7399
4 6 3 7396
4 6 4 0
4 6 5 6785
4 6 6 0
4 6 7 4887
4 6 8 6391
4 6 9 6837
4 6 10 4913
4 6 11 8874
4 6 12 8000
4 6 13 4761
4 6 14 6651
4 6 15 6196
4 6 16 5615
4 6 17 7833
4 7 0 2906
4 7 1 4088
4 7 2 5972
4 7 3 3778
4 7 4 0
4 7 5 5433
4 7 6 4453
4 7 7 0
4 7 8 6457
4 7 9 6830
4 7 10 6240
4 7 11 5586
4 7 12 3232
4 7 13 5217
4 7 14 5717
4 7 15 3443
4 7 16 6546
4 7 17 4792
4 8 0 8985
4 8 1 5247
4 8 2 7162
4 8 3 4677
4 8 4 0
4 8 5 3976
4 8 6 4135
4 8 7 7419
4 8 8 0
4 8 9 6476
4 8 10 6594
4 8 11 7415
4 8 12 6103
4 8 13 4452
4 8 14 5227
4 8 15 5225
4 8 16 7177
4 8 17 4948
4 9 0 3871
4 9 1 3865
4 9 2 6872
4 9 3 3922
4 9 4 0
4 9 5 3801
4 9 6 2790
4 9 7 6004
4 9 8 3974
4 9 9 0
4 9 10 2399
4 9 11 3944
4 9 12 2986
4 9 13 2289
4 9 14 2522
4 9 15 5780
4 9 16 5595
4 9 17 4653
4 10 0 9380
4 10 1 6728
4 10 2 4880
4 10 3 8250
4 10 4 0
4 10 5 3996
4 10 6 7477
4 10 7 7133
4 10 8 6014
4 10 9 5140
4 10 10 0
4 10 11 4606
4 10 12 6180
4 10 13 4111
4 10 14 5477
4 10 15 6998
4 10 16 3262
4 10 17 7764
4 11 0 4534
4 11 1 4316
4 11 2 7123
4 11 3 6710
4 11 4 0
4 11 5 7817
4 11 6 4045
4 11 7 4591
4 11 8 5857
4 11 9 7856
4 11 10 6077
4 11 11 0
4 11 12 6728
4 11 13 4696
4 11 14 4956
4 11 15 3933
4 11 16 4442
4 11 17 3959
4 12 0 7509
4 12 1 6206
4 12 2 6467
4 12 3 5851
4 12 4 0
4 12 5 4192
4 12 6 4539
4 12 7 5916
4 12 8 1733
4 12 9 3891
4 12 10 5242
4 12 11 2117
4 12 12 0
4 12 13 5910
4 12 14 3641
4 12 15 1692
4 12 16 5467
4 12 17 2517
4 13 0 2230
4 13 1 1451
4 13 2 2045
4 13 3 4143
4 13 4 0
4 13 5 2894
4 13 6 6559
4 13 7 5980
4 13 8 6507
4 13 9 5077
4 13 10 6781
4 13 11 3410
4 13 12 5006
4 13 13 0
4 13 14 2392
4 13 15 2947
4 13 16 6760
4 13 17 3008
4 14 0 3401
4 14 1 4054
4 14 2 1782
4 14 3 6068
4 14 4 0
4 14 5 2983
4 14 6 7138
4 14 7 7313
4 14 8 3099
4 14 9 3606
4 14 10 5012
4 14 11 3453
4 14 12 4041
4 14 13 5851
4 14 14 0
4 14 15 3190
4 14 16 6508
4 14 17 3252
4 15 0 6138
4 15 1 4141
4 15 2 1930
4 15 3 4368
4 15 4 0
4 15 5 3282
4 15 6 3306
4 15 7 3702
4 15 8 4425
4 15 9 7104
4 15 10 3741
4 15 11 6750
4 15 12 6719
4 15 13 6514
4 15 14 5466
4 15 15 0
4 15 16 5027
4 15 17 6838
4 16 0 3917
4 16 1 3886
4 16 2 1079
4 16 3 3972
4 16 4 0
4 16 5 2877
4 16 6 5178
4 16 7 3699
4 16 8 4573
4 16 9 5649
4 16 10 5808
4 16 11 5558
4 16 12 1584
4 16 13 4707
4 16 14 3628
4 16 15 4896
4 16 16 0
4 16 17 2562
4 17 0 5343
4 17 1 4914
4 17 2 3294
4 17 3 6215
4 17 4 0
4 17 5 3562
4 17 6 8175
4 17 7 4890
4 17 8 3370
4 17 9 4076
4 17 10 6649
4 17 11 6169
4 17 12 3514
4 17 13 8282
4 17 14 4753
4 17 15 4433
4 17 16 7021
4 17 17 0
5 0 0 0
5 0 1 4707
5 0 2 2653
5 0 3 2680
5 0 4 6227
5 0 5 0
5 0 6 3705
5 0 7 3372
5 0 8 6107
5 0 9 1954
5 0 10 6151
5 0 11 2119
5 0 12 4484
5 0 13 3023
5 0 14 3382
5 0 15 5997
5 0 16 5207
5 0 17 4552
5 1 0 1801
5 1 1 0
5 1 2 3096
5 1 3 2333
5 1 4 5931
5 1 5 0
5 1 6 5631
5 1 7 5046
5 1 8 2861
5 1 9 2440
5 1 10 3991
5 1 11 2393
5 1 12 3673
5 1 13 2736
5 1 14 4527
5 1 15 4492
5 1 16 5668
5 1 17 4615
5 2 0 6272
5 2 1 6781
5 2 2 0
5 2 3 2500
5 2 4 6065
5 2 5 0
5 2 6 7918
5 2 7 8981
5 2 8 6827
5 2 9 7498
5 2 10 4194
5 2 11 7251
5 2 12 5985
5 2 13 5381
5 2 14 4306
5 2 15 4332
5 2 16 4912
5 2 17 5046
5 3 0 6420
5 3 1 4704
5 3 2 7219
5 3 3 0
5 3 4 6907
5 3 5 0
5 3 6 5561
5 3 7 4433
5 3 8 1988
5 3 9 2194
5 3 10 5210
5 3 11 4484
5 3 12 3015
5 3 13 5125
5 3 14 6238
5 3 15 4416
5 3 16 5451
5 3 17 5613
5 4 0 2797
5 4 1 6051
5 4 2 6389
5 4 3 6625
5 4 4 0
5 4 5 0
5 4 6 6387
5 4 7 5091
5 4 8 5333
5 4 9 3478
5 4 10 4742
5 4 11 5367
5 4 12 3173
5 4 13 4023
5 4 14 4842
5 4 15 5034
5 4 16 3063
5 4 17 5299
5 5 0 0
5 5 1 0
5 5 2 0
5 5 3 0
5 5 4 0
5 5 5 0
5 5 6 0
5 5 7 0
5 5 8 0
5 5 9 0
5 5 10 0
5 5 11 0
5 5 12 0
5 5 13 0
5 5 14 0
5 5 15 0
5 5 16 0
5 5 17 0
5 6 0 4423
5 6 1 5857
5 6 2 6093
5 6 3 6090
5 6 4 6785
5 6 5 0
5 6 6 0
5 6 7 1414
5 6 8 2918
5 6 9 3364
5 6 10 1440
5 6 11 5401
5 6 12 4527
5 6 13 1288
5 6 14 3178
5 6 15 2723
5 6 16 2142
5 6 17 4360
5 7 0 4034
5 7 1 5216
5 7 2 7100
5 7 3 4906
5 7 4 5433
5 7 5 0
5 7 6 5432
5 7 7 0
5 7 8 7436
5 7 9 7809
5 7 10 7219
5 7 11 6565
5 7 12 4211
5 7 13 6196
5 7 14 6696
5 7 15 4422
5 7 16 7525
5 7 17 5771
5 8 0 5070
5 8 1 1332
5 8 2 3247
5 8 3 762
5 8 4 3976
5 8 5 0
5 8 6 2368
5 8 7 5652
5 8 8 0
5 8 9 4709
5 8 10 4827
5 8 11 5648
5 8 12 4336
5 8 13 2685
5 8 14 3460
5 8 15 3458
5 8 16 5410
5 8 17 3181
5 9 0 2597
5 9 1 2591
5 9 2 5598
5 9 3 2648
5 9 4 3801
5 9 5 0
5 9 6 3418
5 9 7 6632
5 9 8 4602
5 9 9 0
5 9 10 3027
5 9 11 4572
5 9 12 3614
5 9 13 2917
5 9 14 3150
5 9 15 6408
5 9 16 6223
5 9 17 5281
5 10 0 5725
5 10 1 3073
5 10 2 1225
5 10 3 4595
5 10 4 3996
5 10 5 0
5 10 6 6581
5 10 7 6237
5 10 8 5118
5 10 9 4244
5 10 10 0
5 10 11 3710
5 10 12 5284
5 10 13 3215
5 10 14 4581
5 10 15 6102
5 10 16 2366
5 10 17 6868
5 11 0 4889
5 11 1 4671
5 11 2 7478
5 11 3 7065
5 11 4 7817
5 11 5 0
5 11 6 3764
5 11 7 4310
5 11 8 5576
5 11 9 7575
5 11 10 5796
5 11 11 0
5 11 12 6447
5 11 13 4415
5 11 14 4675
5 11 15 3652
5 11 16 4161
5 11 17 3678
5 12 0 5823
5 12 1 4520
5 12 2 4781
5 12 3 4165
5 12 4 4192
5 12 5 0
5 12 6 7108
5 12 7 8485
5 12 8 4302
5 12 9 6460
5 12 10 7811
5 12 11 4686
5 12 12 0
5 12 13 8479
5 12 14 6210
5 12 15 4261
5 12 16 8036
5 12 17 5086
5 13 0 2214
5 13 1 1435
5 13 2 2029
5 13 3 4127
5 13 4 2894
5 13 5 0
5 13 6 8529
5 13 7 7950
5 13 8 8477
5 13 9 7047
5 13 10 8751
5 13 11 5380
5 13 12 6976
5 13 13 0
5 13 14 4362
5 13 15 4917
5 13 16 8730
5 13 17 4978
5 14 0 1843
5 14 1 2496
5 14 2 224
5 14 3 4510
5 14 4 2983
5 14 5 0
5 14 6 6590
5 14 7 6765
5 14 8 2551
5 14 9 3058
5 14 10 4464
5 14 11 2905
5 14 12 3493
5 14 13 5303
5 14 14 0
5 14 15 2642
5 14 16 5960
5 14 17 2704
5 15 0 4565
5 15 1 2568
5 15 2 357
5 15 3 2795
5 15 4 3282
5 15 5 0
5 15 6 3356
5 15 7 3752
5 15 8 4475
5 15 9 7154
5 15 10 3791
5 15 11 6800
5 15 12 6769
5 15 13 6564
5 15 14 5516
5 15 15 0
5 15 16 5077
5 15 17 6888
5 16 0 5341
5 16 1 5310
5 16 2 2503
5 16 3 5396
5 16 4 2877
5 16 5 0
5 16 6 4227
5 16 7 2748
5 16 8 3622
5 16 9 4698
5 16 10 4857
5 16 11 4607
5 16 12 633
5 16 13 3756
5 16 14 2677
5 16 15 3945
5 16 16 0
5 16 17 1611
5 17 0 3135
5 17 1 2706
5 17 2 1086
5 17 3 4007
5 17 4 3562
5 17 5 0
5 17 6 7166
5 17 7 3881
5 17 8 2361
5 17 9 3067
5 17 10 5640
5 17 11 5160
5 17 12 2505
5 17 13 7273
5 17 14 3744
5 17 15 3424
5 17 16 6012
5 17 17 0
6 0 0 0
6 0 1 5402
6 0 2 3348
6 0 3 3375
6 0 4 6922
6 0 5 3705
6 0 6 0
6 0 7 3018
6 0 8 5753
6 0 9 1600
6 0 10 5797
6 0 11 1765
6 0 12 4130
6 0 13 2669
6 0 14 3028
6 0 15 5643
6 0 16 4853
6 0 17 4198
6 1 0 4345
6 1 1 0
6 1 2 5640
6 1 3 4877
6 1 4 8475
6 1 5 5631
6 1 6 0
6 1 7 2960
6 1 8 775
6 1 9 354
6 1 10 1905
6 1 11 307
6 1 12 1587
6 1 13 650
6 1 14 2441
6 1 15 2406
6 1 16 3582
6 1 17 2529
6 2 0 7572
6 2 1 8081
6 2 2 0
6 2 3 3800
6 2 4 7365
6 2 5 7918
6 2 6 0
6 2 7 8008
6 2 8 5854
6 2 9 6525
6 2 10 3221
6 2 11 6278
6 2 12 5012
6 2 13 4408
6 2 14 3333
6 2 15 3359
6 2 16 3939
6 2 17 4073
6 3 0 6497
6 3 1 4781
6 3 2 7296
6 3 3 0
6 3 4 6984
6 3 5 5561
6 3 6 0
6 3 7 4164
6 3 8 1719
6 3 9 1925
6 3 10 4941
6 3 11 4215
6 3 12 2746
6 3 13 4856
6 3 14 5969
6 3 15 4147
6 3 16 5182
6 3 17 5344
6 4 0 5257
6 4 1 8511
6 4 2 8849
6 4 3 9085
6 4 4 0
6 4 5 6387
6 4 6 0
6 4 7 6795
6 4 8 7037
6 4 9 5182
6 4 10 6446
6 4 11 7071
6 4 12 4877
6 4 13 5727
6 4 14 6546
6 4 15 6738
6 4 16 4767
6 4 17 7003
6 5 0 2366
6 5 1 1951
6 5 2 3431
6 5 3 4651
6 5 4 2963
6 5 5 0
6 5 6 0
6 5 7 6468
6 5 8 3964
6 5 9 4504
6 5 10 4244
6 5 11 5484
6 5 12 6140
6 5 13 6391
6 5 14 4692
6 5 15 5482
6 5 16 2510
6 5 17 4688
6 6 0 0
6 6 1 0
6 6 2 0
6 6 3 0
6 6 4 0
6 6 5 0
6 6 6 0
6 6 7 0
6 6 8 0
6 6 9 0
6 6 10 0
6 6 11 0
6 6 12 0
6 6 13 0
6 6 14 0
6 6 15 0
6 6 16 0
6 6 17 0
6 7 0 3054
6 7 1 4236
6 7 2 6120
6 7 3 3926
6 7 4 4453
6 7 5 5432
6 7 6 0
6 7 7 0
6 7 8 3744
6 7 9 4117
6 7 10 3527
6 7 11 2873
6 7 12 519
6 7 13 2504
6 7 14 3004
6 7 15 730
6 7 16 3833
6 7 17 2079
6 8 0 5229
6 8 1 1491
6 8 2 3406
6 8 3 921
6 8 4 4135
6 8 5 2368
6 8 6 0
6 8 7 5968
6 8 8 0
6 8 9 5025
6 8 10 5143
6 8 11 5964
6 8 12 4652
6 8 13 3001
6 8 14 3776
6 8 15 3774
6 8 16 5726
6 8 17 3497
6 9 0 1586
6 9 1 1580
6 9 2 4587
6 9 3 1637
6 9 4 2790
6 9 5 3418
6 9 6 0
6 9 7 6854
6 9 8 4824
6 9 9 0
6 9 10 3249
6 9 11 4794
6 9 12 3836
6 9 13 3139
6 9 14 3372
6 9 15 6630
6 9 16 6445
6 9 17 5503
6 10 0 9206
6 10 1 6554
6 10 2 4706
6 10 3 8076
6 10 4 7477
6 10 5 6581
6 10 6 0
6 10 7 4795
6 10 8 3676
6 10 9 2802
6 10 10 0
6 10 11 2268
6 10 12 3842
6 10 13 1773
6 10 14 3139
6 10 15 4660
6 10 16 924
6 10 17 5426
6 11 0 1117
6 11 1 899
6 11 2 3706
6 11 3 3293
6 11 4 4045
6 11 5 3764
6 11 6 0
6 11 7 5589
6 11 8 6855
6 11 9 8854
6 11 10 7075
6 11 11 0
6 11 12 7726
6 11 13 5694
6 11 14 5954
6 11 15 4931
6 11 16 5440
6 11 17 4957
6 12 0 6170
6 12 1 4867
6 12 2 5128
6 12 3 4512
6 12 4 4539
6 12 5 7108
6 12 6 0
6 12 7 8234
6 12 8 4051
6 12 9 6209
6 12 10 7560
6 12 11 4435
6 12 12 0
6 12 13 8228
6 12 14 5959
6 12 15 4010
6 12 16 7785
6 12 17 4835
6 13 0 5879
6 13 1 5100
6 13 2 5694
6 13 3 7792
6 13 4 6559
6 13 5 8529
6 13 6 0
6 13 7 4209
6 13 8 4736
6 13 9 3306
6 13 10 5010
6 13 11 1639
6 13 12 3235
6 13 13 0
6 13 14 621
6 13 15 1176
6 13 16 4989
6 13 17 1237
6 14 0 5998
6 14 1 6651
6 14 2 4379
6 14 3 8665
6 14 4 7138
6 14 5 6590
6 14 6 0
6 14 7 6613
6 14 8 2399
6 14 9 2906
6 14 10 4312
6 14 11 2753
6 14 12 3341
6 14 13 5151
6 14 14 0
6 14 15 2490
6 14 16 5808
6 14 17 2552
6 15 0 4589
6 15 1 2592
6 15 2 381
6 15 3 2819
6 15 4 3306
6 15 5 3356
6 15 6 0
6 15 7 2355
6 15 8 3078
6 15 9 5757
6 15 10 2394
6 15 11 5403
6 15 12 5372
6 15 13 5167
6 15 14 4119
6 15 15 0
6 15 16 3680
6 15 17 5491
6 16 0 7642
6 16 1 7611
6 16 2 4804
6 16 3 7697
6 16 4 5178
6 16 5 4227
6 16 6 0
6 16 7 3742
6 16 8 4616
6 16 9 5692
6 16 10 5851
6 16 11 5601
6 16 12 1627
6 16 13 4750
6 16 14 3671
6 16 15 4939
6 16 16 0
6 16 17 2605
6 17 0 7748
6 17 1 7319
6 17 2 5699
6 17 3 8620
6 17 4 8175
6 17 5 7166
6 17 6 0
6 17 7 4915
6 17 8 3395
6 17 9 4101
6 17 10 6674
6 17 11 6194
6 17 12 3539
6 17 13 8307
6 17 14 4778
6 17 15 4458
6 17 16 7046
6 17 17 0
7 0 0 0
7 0 1 5069
7 0 2 3015
7 0 3 3042
7 0 4 6589
7 0 5 3372
7 0 6 3018
7 0 7 0
7 0 8 6281
7 0 9 2128
7 0 10 6325
7 0 11 2293
7 0 12 4658
7 0 13 3197
7 0 14 3556
7 0 15 6171
7 0 16 5381
7 0 17 4726
7 1 0 3760
7 1 1 0
7 1 2 5055
7 1 3 4292
7 1 4 7890
7 1 5 5046
7 1 6 2960
7 1 7 0
7 1 8 3974
7 1 9 3553
7 1 10 5104
7 1 11 3506
7 1 12 4786
7 1 13 3849
7 1 14 5640
7 1 15 5605
7 1 16 6781
7 1 17 5728
7 2 0 8635
7 2 1 9144
7 2 2 0
7 2 3 4863
7 2 4 8428
7 2 5 8981
7 2 6 8008
7 2 7 0
7 2 8 4406
7 2 9 5077
7 2 10 1773
7 2 11 4830
7 2 12 3564
7 2 13 2960
7 2 14 1885
7 2 15 1911
7 2 16 2491
7 2 17 2625
7 3 0 5369
7 3 1 3653
7 3 2 6168
7 3 3 0
7 3 4 5856
7 3 5 4433
7 3 6 4164
7 3 7 0
7 3 8 2719
7 3 9 2925
7 3 10 5941
7 3 11 5215
7 3 12 3746
7 3 13 5856
7 3 14 6969
7 3 15 5147
7 3 16 6182
7 3 17 6344
7 4 0 3961
7 4 1 7215
7 4 2 7553
7 4 3 7789
7 4 4 0
7 4 5 5091
7 4 6 6795
7 4 7 0
7 4 8 4547
7 4 9 2692
7 4 10 3956
7 4 11 4581
7 4 12 2387
7 4 13 3237
7 4 14 4056
7 4 15 4248
7 4 16 2277
7 4 17 4513
7 5 0 5522
7 5 1 5107
7 5 2 6587
7 5 3 7807
7 5 4 6119
7 5 5 0
7 5 6 6468
7 5 7 0
7 5 8 3908
7 5 9 4448
7 5 10 4188
7 5 11 5428
7 5 12 6084
7 5 13 6335
7 5 14 4636
7 5 15 5426
7 5 16 2454
7 5 17 4632
7 6 0 2525
7 6 1 3959
7 6 2 4195
7 6 3 4192
7 6 4 4887
7 6 5 1414
7 6 6 0
7 6 7 0
7 6 8 3244
7 6 9 3690
7 6 10 1766
7 6 11 5727
7 6 12 4853
7 6 13 1614
7 6 14 3504
7 6 15 3049
7 6 16 2468
7 6 17 4686
7 7 0 0
7 7 1 0
7 7 2 0
7 7 3 0
7 7 4 0
7 7 5 0
7 7 6 0
7 7 7 0
7 7 8 0
7 7 9 0
7 7 10 0
7 7 11 0
7 7 12 0
7 7 13 0
7 7 14 0
7 7 15 0
7 7 16 0
7 7 17 0
7 8 0 8513
7 8 1 4775
7 8 2 6690
7 8 3 4205
7 8 4 7419
7 8 5 5652
7 8 6 5968
7 8 7 0
7 8 8 0
7 8 9 6387
7 8 10 6505
7 8 11 7326
7 8 12 6014
7 8 13 4363
7 8 14 5138
7 8 15 5136
7 8 16 7088
7 8 17 4859
7 9 0 4800
7 9 1 4794
7 9 2 7801
7 9 3 4851
7 9 4 6004
7 9 5 6632
7 9 6 6854
7 9 7 0
7 9 8 6113
7 9 9 0
7 9 10 4538
7 9 11 6083
7 9 12 5125
7 9 13 4428
7 9 14 4661
7 9 15 7919
7 9 16 7734
7 9 17 6792
7 10 0 8862
7 10 1 6210
7 10 2 4362
7 10 3 7732
7 10 4 7133
7 10 5 6237
7 10 6 4795
7 10 7 0
7 10 8 6299
7 10 9 5425
7 10 10 0
7 10 11 4891
7 10 12 6465
7 10 13 4396
7 10 14 5762
7 10 15 7283
7 10 16 3547
7 10 17 8049
7 11 0 1663
7 11 1 1445
7 11 2 4252
7 11 3 3839
7 11 4 4591
7 11 5 4310
7 11 6 5589
7 11 7 0
7 11 8 4863
7 11 9 6862
7 11 10 5083
7 11 11 0
7 11 12 5734
7 11 13 3702
7 11 14 3962
7 11 15 2939
7 11 16 3448
7 11 17 2965
7 12 0 7547
7 12 1 6244
7 12 2 6505
7 12 3 5889
7 12 4 5916
7 12 5 8485
7 12 6 8234
7 12 7 0
7 12 8 579
7 12 9 2737
7 12 10 4088
7 12 11 963
7 12 12 0
7 12 13 4756
7 12 14 2487
7 12 15 538
7 12 16 4313
7 12 17 1363
7 13 0 5300
7 13 1 4521
7 13 2 5115
7 13 3 7213
7 13 4 5980
7 13 5 7950
7 13 6 4209
7 13 7 0
7 13 8 6488
7 13 9 5058
7 13 10 6762
7 13 11 3391
7 13 12 4987
7 13 13 0
7 13 14 2373
7 13 15 2928
7 13 16 6741
7 13 17 2989
7 14 0 6173
7 14 1 6826
7 14 2 4554
7 14 3 8840
7 14 4 7313
7 14 5 6765
7 14 6 6613
7 14 7 0
7 14 8 2761
7 14 9 3268
7 14 10 4674
7 14 11 3115
7 14 12 3703
7 14 13 5513
7 14 14 0
7 14 15 2852
7 14 16 6170
7 14 17 2914
7 15 0 4985
7 15 1 2988
7 15 2 777
7 15 3 3215
7 15 4 3702
7 15 5 3752
7 15 6 2355
7 15 7 0
7 15 8 1621
7 15 9 4300
7 15 10 937
7 15 11 3946
7 15 12 3915
7 15 13 3710
7 15 14 2662
7 15 15 0
7 15 16 2223
7 15 17 4034
7 16 0 6163
7 16 1 6132
7 16 2 3325
7 16 3 6218
7 16 4 3699
7 16 5 2748
7 16 6 3742
7 16 7 0
7 16 8 6843
7 16 9 7919
7 16 10 8078
7 16 11 7828
7 16 12 3854
7 16 13 6977
7 16 14 5898
7 16 15 7166
7 16 16 0
7 16 17 4832
7 17 0 4463
7 17 1 4034
7 17 2 2414
7 17 3 5335
7 17 4 4890
7 17 5 3881
7 17 6 4915
7 17 7 0
7 17 8 1650
7 17 9 2356
7 17 10 4929
7 17 11 4449
7 17 12 1794
7 17 13 6562
7 17 14 3033
7 17 15 2713
7 17 16 5301
7 17 17 0
8 0 0 0
8 0 1 7804
8 0 2 5750
8 0 3 5777
8 0 4 9324
8 0 5 6107
8 0 6 5753
8 0 7 6281
8 0 8 0
8 0 9 5056
8 0 10 9253
8 0 11 5221
8 0 12 7586
8 0 13 6125
8 0 14 6484
8 0 15 9099
8 0 16 8309
8 0 17 7654
8 1 0 1575
8 1 1 0
8 1 2 2870
8 1 3 2107
8 1 4 5705
8 1 5 2861
8 1 6 775
8 1 7 3974
8 1 8 0
8 1 9 3210
8 1 10 4761
8 1 11 3163
8 1 12 4443
8 1 13 3506
8 1 14 5297
8 1 15 5262
8 1 16 6438
8 1 17 5385
8 2 0 6481
8 2 1 6990
8 2 2 0
8 2 3 2709
8 2 4 6274
8 2 5 6827
8 2 6 5854
8 2 7 4406
8 2 8 0
8 2 9 3407
8 2 10 103
8 2 11 3160
8 2 12 1894
8 2 13 1290
8 2 14 215
8 2 15 241
8 2 16 821
8 2 17 955
8 3 0 2924
8 3 1 1208
8 3 2 3723
8 3 3 0
8 3 4 3411
8 3 5 1988
8 3 6 1719
8 3 7 2719
8 3 8 0
8 3 9 2072
8 3 10 5088
8 3 11 4362
8 3 12 2893
8 3 13 5003
8 3 14 6116
8 3 15 4294
8 3 16 5329
8 3 17 5491
8 4 0 4203
8 4 1 7457
8 4 2 7795
8 4 3 8031
8 4 4 0
8 4 5 5333
8 4 6 7037
8 4 7 4547
8 4 8 0
8 4 9 6036
8 4 10 7300
8 4 11 7925
8 4 12 5731
8 4 13 6581
8 4 14 7400
8 4 15 7592
8 4 16 5621
8 4 17 7857
8 5 0 3018
8 5 1 2603
8 5 2 4083
8 5 3 5303
8 5 4 3615
8 5 5 0
8 5 6 3964
8 5 7 3908
8 5 8 0
8 5 9 2749
8 5 10 2489
8 5 11 3729
8 5 12 4385
8 5 13 4636
8 5 14 2937
8 5 15 3727
8 5 16 755
8 5 17 2933
8 6 0 4029
8 6 1 5463
8 6 2 5699
8 6 3 5696
8 6 4 6391
8 6 5 2918
8 6 6 0
8 6 7 3244
8 6 8 0
8 6 9 3130
8 6 10 1206
8 6 11 5167
8 6 12 4293
8 6 13 1054
8 6 14 2944
8 6 15 2489
8 6 16 1908
8 6 17 4126
8 7 0 5058
8 7 1 6240
8 7 2 8124
8 7 3 5930
8 7 4 6457
8 7 5 7436
8 7 6 3744
8 7 7 0
8 7 8 0
8 7 9 7703
8 7 10 7113
8 7 11 6459
8 7 12 4105
8 7 13 6090
8 7 14 6590
8 7 15 4316
8 7 16 7419
8 7 17 5665
8 8 0 0
8 8 1 0
8 8 2 0
8 8 3 0
8 8 4 0
8 8 5 0
8 8 6 0
8 8 7 0
8 8 8 0
8 8 9 0
8 8 10 0
8 8 11 0
8 8 12 0
8 8 13 0
8 8 14 0
8 8 15 0
8 8 16 0
8 8 17 0
8 9 0 2770
8 9 1 2764
8 9 2 5771
8 9 3 2821
8 9 4 3974
8 9 5 4602
8 9 6 4824
8 9 7 6113
8 9 8 0
8 9 9 0
8 9 10 3942
8 9 11 5487
8 9 12 4529
8 9 13 3832
8 9 14 4065
8 9 15 7323
8 9 16 7138
8 9 17 6196
8 10 0 7743
8 10 1 5091
8 10 2 3243
8 10 3 6613
8 10 4 6014
8 10 5 5118
8 10 6 3676
8 10 7 6299
8 10 8 0
8 10 9 5537
8 10 10 0
8 10 11 5003
8 10 12 6577
8 10 13 4508
8 10 14 5874
8 10 15 7395
8 10 16 3659
8 10 17 8161
8 11 0 2929
8 11 1 2711
8 11 2 5518
8 11 3 5105
8 11 4 5857
8 11 5 5576
8 11 6 6855
8 11 7 4863
8 11 8 0
8 11 9 8449
8 11 10 6670
8 11 11 0
8 11 12 7321
8 11 13 5289
8 11 14 5549
8 11 15 4526
8 11 16 5035
8 11 17 4552
8 12 0 3364
8 12 1 2061
8 12 2 2322
8 12 3 1706
8 12 4 1733
8 12 5 4302
8 12 6 4051
8 12 7 579
8 12 8 0
8 12 9 5366
8 12 10 6717
8 12 11 3592
8 12 12 0
8 12 13 7385
8 12 14 5116
8 12 15 3167
8 12 16 6942
8 12 17 3992
8 13 0 5827
8 13 1 5048
8 13 2 5642
8 13 3 7740
8 13 4 6507
8 13 5 8477
8 13 6 4736
8 13 7 6488
8 13 8 0
8 13 9 4051
8 13 10 5755
8 13 11 2384
8 13 12 3980
8 13 13 0
8 13 14 1366
8 13 15 1921
8 13 16 5734
8 13 17 1982
8 14 0 1959
8 14 1 2612
8 14 2 340
8 14 3 4626
8 14 4 3099
8 14 5 2551
8 14 6 2399
8 14 7 2761
8 14 8 0
8 14 9 2536
8 14 10 3942
8 14 11 2383
8 14 12 2971
8 14 13 4781
8 14 14 0
8 14 15 2120
8 14 16 5438
8 14 17 2182
8 15 0 5708
8 15 1 3711
8 15 2 1500
8 15 3 3938
8 15 4 4425
8 15 5 4475
8 15 6 3078
8 15 7 1621
8 15 8 0
8 15 9 5840
8 15 10 2477
8 15 11 5486
8 15 12 5455
8 15 13 5250
8 15 14 4202
8 15 15 0
8 15 16 3763
8 15 17 5574
8 16 0 7037
8 16 1 7006
8 16 2 4199
8 16 3 7092
8 16 4 4573
8 16 5 3622
8 16 6 4616
8 16 7 6843
8 16 8 0
8 16 9 8308
8 16 10 8467
8 16 11 8217
8 16 12 4243
8 16 13 7366
8 16 14 6287
8 16 15 7555
8 16 16 0
8 16 17 5221
8 17 0 2943
8 17 1 2514
8 17 2 894
8 17 3 3815
8 17 4 3370
8 17 5 2361
8 17 6 3395
8 17 7 1650
8 17 8 0
8 17 9 2270
8 17 10 4843
8 17 11 4363
8 17 12 1708
8 17 13 6476
8 17 14 2947
8 17 15 2627
8 17 16 5215
8 17 17 0
9 0 0 0
9 0 1 3651
9 0 2 1597
9 0 3 1624
9 0 4 5171
9 0 5 1954
9 0 6 1600
9 0 7 2128
9 0 8 5056
9 0 9 0
9 0 10 7135
9 0 11 3103
9 0 12 5468
9 0 13 4007
9 0 14 4366
9 0 15 6981
9 0 16 6191
9 0 17 5536
9 1 0 1154
9 1 1 0
9 1 2 2449
9 1 3 1686
9 1 4 5284
9 1 5 2440
9 1 6 354
9 1 7 3553
9 1 8 3210
9 1 9 0
9 1 10 3745
9 1 11 2147
9 1 12 3427
9 1 13 2490
9 1 14 4281
9 1 15 4246
9 1 16 5422
9 1 17 4369
9 2 0 7152
9 2 1 7661
9 2 2 0
9 2 3 3380
9 2 4 6945
9 2 5 7498
9 2 6 6525
9 2 7 5077
9 2 8 3407
9 2 9 0
9 2 10 1973
9 2 11 5030
9 2 12 3764
9 2 13 3160
9 2 14 2085
9 2 15 2111
9 2 16 2691
9 2 17 2825
9 3 0 3130
9 3 1 1414
9 3 2 3929
9 3 3 0
9 3 4 3617
9 3 5 2194
9 3 6 1925
9 3 7 2925
9 3 8 2072
9 3 9 0
9 3 10 3520
9 3 11 2794
9 3 12 1325
9 3 13 3435
9 3 14 4548
9 3 15 2726
9 3 16 3761
9 3 17 3923
9 4 0 2348
9 4 1 5602
9 4 2 5940
9 4 3 6176
9 4 4 0
9 4 5 3478
9 4 6 5182
9 4 7 2692
9 4 8 6036
9 4 9 0
9 4 10 6339
9 4 11 6964
9 4 12 4770
9 4 13 5620
9 4 14 6439
9 4 15 6631
9 4 16 4660
9 4 17 6896
9 5 0 3558
9 5 1 3143
9 5 2 4623
9 5 3 5843
9 5 4 4155
9 5 5 0
9 5 6 4504
9 5 7 4448
9 5 8 2749
9 5 9 0
9 5 10 4169
9 5 11 5409
9 5 12 6065
9 5 13 6316
9 5 14 4617
9 5 15 5407
9 5 16 2435
9 5 17 4613
9 6 0 4475
9 6 1 5909
9 6 2 6145
9 6 3 6142
9 6 4 6837
9 6 5 3364
9 6 6 0
9 6 7 3690
9 6 8 3130
9 6 9 0
9 6 10 1716
9 6 11 5677
9 6 12 4803
9 6 13 1564
9 6 14 3454
9 6 15 2999
9 6 16 2418
9 6 17 4636
9 7 0 5431
9 7 1 6613
9 7 2 8497
9 7 3 6303
9 7 4 6830
9 7 5 7809
9 7 6 4117
9 7 7 0
9 7 8 7703
9 7 9 0
9 7 10 7553
9 7 11 6899
9 7 12 4545
9 7 13 6530
9 7 14 7030
9 7 15 4756
9 7 16 7859
9 7 17 6105
9 8 0 7570
9 8 1 3832
9 8 2 5747
9 8 3 3262
9 8 4 6476
9 8 5 4709
9 8 6 5025
9 8 7 6387
9 8 8 0
9 8 9 0
9 8 10 5635
9 8 11 6456
9 8 12 5144
9 8 13 3493
9 8 14 4268
9 8 15 4266
9 8 16 6218
9 8 17 3989
9 9 0 0
9 9 1 0
9 9 2 0
9 9 3 0
9 9 4 0
9 9 5 0
9 9 6 0
9 9 7 0
9 9 8 0
9 9 9 0
9 9 10 0
9 9 11 0
9 9 12 0
9 9 13 0
9 9 14 0
9 9 15 0
9 9 16 0
9 9 17 0
9 10 0 6869
9 10 1 4217
9 10 2 2369
9 10 3 5739
9 10 4 5140
9 10 5 4244
9 10 6 2802
9 10 7 5425
9 10 8 5537
9 10 9 0
9 10 10 0
9 10 11 2663
9 10 12 4237
9 10 13 2168
9 10 14 3534
9 10 15 5055
9 10 16 1319
9 10 17 5821
9 11 0 4928
9 11 1 4710
9 11 2 7517
9 11 3 7104
9 11 4 7856
9 11 5 7575
9 11 6 8854
9 11 7 6862
9 11 8 8449
9 11 9 0
9 11 10 5054
9 11 11 0
9 11 12 5705
9 11 13 3673
9 11 14 3933
9 11 15 2910
9 11 16 3419
9 11 17 2936
9 12 0 5522
9 12 1 4219
9 12 2 4480
9 12 3 3864
9 12 4 3891
9 12 5 6460
9 12 6 6209
9 12 7 2737
9 12 8 5366
9 12 9 0
9 12 10 5455
9 12 11 2330
9 12 12 0
9 12 13 6123
9 12 14 3854
9 12 15 1905
9 12 16 5680
9 12 17 2730
9 13 0 4397
9 13 1 3618
9 13 2 4212
9 13 3 6310
9 13 4 5077
9 13 5 7047
9 13 6 3306
9 13 7 5058
9 13 8 4051
9 13 9 0
9 13 10 5447
9 13 11 2076
9 13 12 3672
9 13 13 0
9 13 14 1058
9 13 15 1613
9 13 16 5426
9 13 17 1674
9 14 0 2466
9 14 1 3119
9 14 2 847
9 14 3 5133
9 14 4 3606
9 14 5 3058
9 14 6 2906
9 14 7 3268
9 14 8 2536
9 14 9 0
9 14 10 3092
9 14 11 1533
9 14 12 2121
9 14 13 3931
9 14 14 0
9 14 15 1270
9 14 16 4588
9 14 17 1332
9 15 0 8387
9 15 1 6390
9 15 2 4179
9 15 3 6617
9 15 4 7104
9 15 5 7154
9 15 6 5757
9 15 7 4300
9 15 8 5840
9 15 9 0
9 15 10 4887
9 15 11 7896
9 15 12 7865
9 15 13 7660
9 15 14 6612
9 15 15 0
9 15 16 6173
9 15 17 7984
9 16 0 8113
9 16 1 8082
9 16 2 5275
9 16 3 8168
9 16 4 5649
9 16 5 4698
9 16 6 5692
9 16 7 7919
9 16 8 8308
9 16 9 0
9 16 10 8740
9 16 11 8490
9 16 12 4516
9 16 13 7639
9 16 14 6560
9 16 15 7828
9 16 16 0
9 16 17 5494
9 17 0 3649
9 17 1 3220
9 17 2 1600
9 17 3 4521
9 17 4 4076
9 17 5 3067
9 17 6 4101
9 17 7 2356
9 17 8 2270
9 17 9 0
9 17 10 6403
9 17 11 5923
9 17 12 3268
9 17 13 8036
9 17 14 4507
9 17 15 4187
9 17 16 6775
9 17 17 0
10 0 0 0
10 0 1 7848
10 0 2 5794
10 0 3 5821
10 0 4 9368
10 0 5 6151
10 0 6 5797
10 0 7 6325
10 0 8 9253
10 0 9 7135
10 0 10 0
10 0 11 3627
10 0 12 5992
10 0 13 4531
10 0 14 4890
10 0 15 7505
10 0 16 6715
10 0 17 6060
10 1 0 2705
10 1 1 0
10 1 2 4000
10 1 3 3237
10 1 4 6835
10 1 5 3991
10 1 6 1905
10 1 7 5104
10 1 8 4761
10 1 9 3745
10 1 10 0
10 1 11 2397
10 1 12 3677
10 1 13 2740
10 1 14 4531
10 1 15 4496
10 1 16 5672
10 1 17 4619
10 2 0 3848
10 2 1 4357
10 2 2 0
10 2 3 76
10 2 4 3641
10 2 5 4194
10 2 6 3221
10 2 7 1773
10 2 8 103
10 2 9 1973
10 2 10 0
10 2 11 4282
10 2 12 3016
10 2 13 2412
10 2 14 1337
10 2 15 1363
10 2 16 1943
10 2 17 2077
10 3 0 6146
10 3 1 4430
10 3 2 6945
10 3 3 0
10 3 4 6633
10 3 5 5210
10 3 6 4941
10 3 7 5941
10 3 8 5088
10 3 9 3520
10 3 10 0
10 3 11 4922
10 3 12 3453
10 3 13 5563
10 3 14 6676
10 3 15 4854
10 3 16 5889
10 3 17 6051
10 4 0 3612
10 4 1 6866
10 4 2 7204
10 4 3 7440
10 4 4 0
10 4 5 4742
10 4 6 6446
10 4 7 3956
10 4 8 7300
10 4 9 6339
10 4 10 0
10 4 11 8276
10 4 12 6082
10 4 13 6932
10 4 14 7751
10 4 15 7943
10 4 16 5972
10 4 17 8208
10 5 0 3298
10 5 1 2883
10 5 2 4363
10 5 3 5583
10 5 4 3895
10 5 5 0
10 5 6 4244
10 5 7 4188
10 5 8 2489
10 5 9 4169
10 5 10 0
10 5 11 4340
10 5 12 4996
10 5 13 5247
10 5 14 3548
10 5 15 4338
10 5 16 1366
10 5 17 3544
10 6 0 2551
10 6 1 3985
10 6 2 4221
10 6 3 4218
10 6 4 4913
10 6 5 1440
10 6 6 0
10 6 7 1766
10 6 8 1206
10 6 9 1716
10 6 10 0
10 6 11 9100
10 6 12 8226
10 6 13 4987
10 6 14 6877
10 6 15 6422
10 6 16 5841
10 6 17 8059
10 7 0 4841
10 7 1 6023
10 7 2 7907
10 7 3 5713
10 7 4 6240
10 7 5 7219
10 7 6 3527
10 7 7 0
10 7 8 7113
10 7 9 7553
10 7 10 0
10 7 11 6764
10 7 12 4410
10 7 13 6395
10 7 14 6895
10 7 15 4621
10 7 16 7724
10 7 17 5970
10 8 0 7688
10 8 1 3950
10 8 2 5865
10 8 3 3380
10 8 4 6594
10 8 5 4827
10 8 6 5143
10 8 7 6505
10 8 8 0
10 8 9 5635
10 8 10 0
10 8 11 7232
10 8 12 5920
10 8 13 4269
10 8 14 5044
10 8 15 5042
10 8 16 6994
10 8 17 4765
10 9 0 1195
10 9 1 1189
10 9 2 4196
10 9 3 1246
10 9 4 2399
10 9 5 3027
10 9 6 3249
10 9 7 4538
10 9 8 3942
10 9 9 0
10 9 10 0
10 9 11 4742
10 9 12 3784
10 9 13 3087
10 9 14 3320
10 9 15 6578
10 9 16 6393
10 9 17 5451
10 10 0 0
10 10 1 0
10 10 2 0
10 10 3 0
10 10 4 0
10 10 5 0
10 10 6 0
10 10 7 0
10 10 8 0
10 10 9 0
10 10 10 0
10 10 11 0
10 10 12 0
10 10 13 0
10 10 14 0
10 10 15 0
10 10 16 0
10 10 17 0
10 11 0 3149
10 11 1 2931
10 11 2 5738
10 11 3 5325
10 11 4 6077
10 11 5 5796
10 11 6 7075
10 11 7 5083
10 11 8 6670
10 11 9 5054
10 11 10 0
10 11 11 0
10 11 12 5103
10 11 13 3071
10 11 14 3331
10 11 15 2308
10 11 16 2817
10 11 17 2334
10 12 0 6873
10 12 1 5570
10 12 2 5831
10 12 3 5215
10 12 4 5242
10 12 5 7811
10 12 6 7560
10 12 7 4088
10 12 8 6717
10 12 9 5455
10 12 10 0
10 12 11 4260
10 12 12 0
10 12 13 8053
10 12 14 5784
10 12 15 3835
10 12 16 7610
10 12 17 4660
10 13 0 6101
10 13 1 5322
10 13 2 5916
10 13 3 8014
10 13 4 6781
10 13 5 8751
10 13 6 5010
10 13 7 6762
10 13 8 5755
10 13 9 5447
10 13 10 0
10 13 11 2634
10 13 12 4230
10 13 13 0
10 13 14 1616
10 13 15 2171
10 13 16 5984
10 13 17 2232
10 14 0 3872
10 14 1 4525
10 14 2 2253
10 14 3 6539
10 14 4 5012
10 14 5 4464
10 14 6 4312
10 14 7 4674
10 14 8 3942
10 14 9 3092
10 14 10 0
10 14 11 3224
10 14 12 3812
10 14 13 5622
10 14 14 0
10 14 15 2961
10 14 16 6279
10 14 17 3023
10 15 0 5024
10 15 1 3027
10 15 2 816
10 15 3 3254
10 15 4 3741
10 15 5 3791
10 15 6 2394
10 15 7 937
10 15 8 2477
10 15 9 4887
10 15 10 0
10 15 11 7850
10 15 12 7819
10 15 13 7614
10 15 14 6566
10 15 15 0
10 15 16 6127
10 15 17 7938
10 16 0 8272
10 16 1 8241
10 16 2 5434
10 16 3 8327
10 16 4 5808
10 16 5 4857
10 16 6 5851
10 16 7 8078
10 16 8 8467
10 16 9 8740
10 16 10 0
10 16 11 4893
10 16 12 919
10 16 13 4042
10 16 14 2963
10 16 15 4231
10 16 16 0
10 16 17 1897
10 17 0 6222
10 17 1 5793
10 17 2 4173
10 17 3 7094
10 17 4 6649
10 17 5 5640
10 17 6 6674
10 17 7 4929
10 17 8 4843
10 17 9 6403
10 17 10 0
10 17 11 7770
10 17 12 5115
10 17 13 9883
10 17 14 6354
10 17 15 6034
10 17 16 8622
10 17 17 0
11 0 0 0
11 0 1 3816
11 0 2 1762
11 0 3 1789
11 0 4 5336
11 0 5 2119
11 0 6 1765
11 0 7 2293
11 0 8 5221
11 0 9 3103
11 0 10 3627
11 0 11 0
11 0 12 2923
11 0 13 1462
11 0 14 1821
11 0 15 4436
11 0 16 3646
11 0 17 2991
11 1 0 1107
11 1 1 0
11 1 2 2402
11 1 3 1639
11 1 4 5237
11 1 5 2393
11 1 6 307
11 1 7 3506
11 1 8 3163
11 1 9 2147
11 1 10 2397
11 1 11 0
11 1 12 5652
11 1 13 4715
11 1 14 6506
11 1 15 6471
11 1 16 7647
11 1 17 6594
11 2 0 6905
11 2 1 7414
11 2 2 0
11 2 3 3133
11 2 4 6698
11 2 5 7251
11 2 6 6278
11 2 7 4830
11 2 8 3160
11 2 9 5030
11 2 10 4282
11 2 11 0
11 2 12 3028
11 2 13 2424
11 2 14 1349
11 2 15 1375
11 2 16 1955
11 2 17 2089
11 3 0 5420
11 3 1 3704
11 3 2 6219
11 3 3 0
11 3 4 5907
11 3 5 4484
11 3 6 4215
11 3 7 5215
11 3 8 4362
11 3 9 2794
11 3 10 4922
11 3 11 0
11 3 12 4255
11 3 13 6365
11 3 14 7478
11 3 15 5656
11 3 16 6691
11 3 17 6853
11 4 0 4237
11 4 1 7491
11 4 2 7829
11 4 3 8065
11 4 4 0
11 4 5 5367
11 4 6 7071
11 4 7 4581
11 4 8 7925
11 4 9 6964
11 4 10 8276
11 4 11 0
11 4 12 5268
11 4 13 6118
11 4 14 6937
11 4 15 7129
11 4 16 5158
11 4 17 7394
11 5 0 4538
11 5 1 4123
11 5 2 5603
11 5 3 6823
11 5 4 5135
11 5 5 0
11 5 6 5484
11 5 7 5428
11 5 8 3729
11 5 9 5409
11 5 10 4340
11 5 11 0
11 5 12 8192
11 5 13 8443
11 5 14 6744
11 5 15 7534
11 5 16 4562
11 5 17 6740
11 6 0 6512
11 6 1 7946
11 6 2 8182
11 6 3 8179
11 6 4 8874
11 6 5 5401
11 6 6 0
11 6 7 5727
11 6 8 5167
11 6 9 5677
11 6 10 9100
11 6 11 0
11 6 12 4169
11 6 13 930
11 6 14 2820
11 6 15 2365
11 6 16 1784
11 6 17 4002
11 7 0 4187
11 7 1 5369
11 7 2 7253
11 7 3 5059
11 7 4 5586
11 7 5 6565
11 7 6 2873
11 7 7 0
11 7 8 6459
11 7 9 6899
11 7 10 6764
11 7 11 0
11 7 12 1243
11 7 13 3228
11 7 14 3728
11 7 15 1454
11 7 16 4557
11 7 17 2803
11 8 0 8509
11 8 1 4771
11 8 2 6686
11 8 3 4201
11 8 4 7415
11 8 5 5648
11 8 6 5964
11 8 7 7326
11 8 8 0
11 8 9 6456
11 8 10 7232
11 8 11 0
11 8 12 5138
11 8 13 3487
11 8 14 4262
11 8 15 4260
11 8 16 6212
11 8 17 3983
11 9 0 2740
11 9 1 2734
11 9 2 5741
11 9 3 2791
11 9 4 3944
11 9 5 4572
11 9 6 4794
11 9 7 6083
11 9 8 5487
11 9 9 0
11 9 10 4742
11 9 11 0
11 9 12 5875
11 9 13 5178
11 9 14 5411
11 9 15 8669
11 9 16 8484
11 9 17 7542
11 10 0 6335
11 10 1 3683
11 10 2 1835
11 10 3 5205
11 10 4 4606
11 10 5 3710
11 10 6 2268
11 10 7 4891
11 10 8 5003
11 10 9 2663
11 10 10 0
11 10 11 0
11 10 12 6026
11 10 13 3957
11 10 14 5323
11 10 15 6844
11 10 16 3108
11 10 17 7610
11 11 0 0
11 11 1 0
11 11 2 0
11 11 3 0
11 11 4 0
11 11 5 0
11 11 6 0
11 11 7 0
11 11 8 0
11 11 9 0
11 11 10 0
11 11 11 0
11 11 12 0
11 11 13 0
11 11 14 0
11 11 15 0
11 11 16 0
11 11 17 0
11 12 0 3748
11 12 1 2445
11 12 2 2706
11 12 3 2090
11 12 4 2117
11 12 5 4686
11 12 6 4435
11 12 7 963
11 12 8 3592
11 12 9 2330
11 12 10 4260
11 12 11 0
11 12 12 0
11 12 13 7976
11 12 14 5707
11 12 15 3758
11 12 16 7533
11 12 17 4583
11 13 0 2730
11 13 1 1951
11 13 2 2545
11 13 3 4643
11 13 4 3410
11 13 5 5380
11 13 6 1639
11 13 7 3391
11 13 8 2384
11 13 9 2076
11 13 10 2634
11 13 11 0
11 13 12 4190
11 13 13 0
11 13 14 1576
11 13 15 2131
11 13 16 5944
11 13 17 2192
11 14 0 2313
11 14 1 2966
11 14 2 694
11 14 3 4980
11 14 4 3453
11 14 5 2905
11 14 6 2753
11 14 7 3115
11 14 8 2383
11 14 9 1533
11 14 10 3224
11 14 11 0
11 14 12 2666
11 14 13 4476
11 14 14 0
11 14 15 1815
11 14 16 5133
11 14 17 1877
11 15 0 8033
11 15 1 6036
11 15 2 3825
11 15 3 6263
11 15 4 6750
11 15 5 6800
11 15 6 5403
11 15 7 3946
11 15 8 5486
11 15 9 7896
11 15 10 7850
11 15 11 0
11 15 12 4129
11 15 13 3924
11 15 14 2876
11 15 15 0
11 15 16 2437
11 15 17 4248
11 16 0 8022
11 16 1 7991
11 16 2 5184
11 16 3 8077
11 16 4 5558
11 16 5 4607
11 16 6 5601
11 16 7 7828
11 16 8 8217
11 16 9 8490
11 16 10 4893
11 16 11 0
11 16 12 1474
11 16 13 4597
11 16 14 3518
11 16 15 4786
11 16 16 0
11 16 17 2452
11 17 0 5742
11 17 1 5313
11 17 2 3693
11 17 3 6614
11 17 4 6169
11 17 5 5160
11 17 6 6194
11 17 7 4449
11 17 8 4363
11 17 9 5923
11 17 10 7770
11 17 11 0
11 17 12 685
11 17 13 5453
11 17 14 1924
11 17 15 1604
11 17 16 4192
11 17 17 0
12 0 0 0
12 0 1 6181
12 0 2 4127
12 0 3 4154
12 0 4 7701
12 0 5 4484
12 0 6 4130
12 0 7 4658
12 0 8 7586
12 0 9 5468
12 0 10 5992
12 0 11 2923
12 0 12 0
12 0 13 3886
12 0 14 4245
12 0 15 6860
12 0 16 6070
12 0 17 5415
12 1 0 2387
12 1 1 0
12 1 2 3682
12 1 3 2919
12 1 4 6517
12 1 5 3673
12 1 6 1587
12 1 7 4786
12 1 8 4443
12 1 9 3427
12 1 10 3677
12 1 11 5652
12 1 12 0
12 1 13 3619
12 1 14 5410
12 1 15 5375
12 1 16 6551
12 1 17 5498
12 2 0 5639
12 2 1 6148
12 2 2 0
12 2 3 1867
12 2 4 5432
12 2 5 5985
12 2 6 5012
12 2 7 3564
12 2 8 1894
12 2 9 3764
12 2 10 3016
12 2 11 3028
12 2 12 0
12 2 13 5290
12 2 14 4215
12 2 15 4241
12 2 16 4821
12 2 17 4955
12 3 0 3951
12 3 1 2235
12 3 2 4750
12 3 3 0
12 3 4 4438
12 3 5 3015
12 3 6 2746
12 3 7 3746
12 3 8 2893
12 3 9 1325
12 3 10 3453
12 3 11 4255
12 3 12 0
12 3 13 6746
12 3 14 7859
12 3 15 6037
12 3 16 7072
12 3 17 7234
12 4 0 2043
12 4 1 5297
12 4 2 5635
12 4 3 5871
12 4 4 0
12 4 5 3173
12 4 6 4877
12 4 7 2387
12 4 8 5731
12 4 9 4770
12 4 10 6082
12 4 11 5268
12 4 12 0
12 4 13 6728
12 4 14 7547
12 4 15 7739
12 4 16 5768
12 4 17 8004
12 5 0 5194
12 5 1 4779
12 5 2 6259
12 5 3 7479
12 5 4 5791
12 5 5 0
12 5 6 6140
12 5 7 6084
12 5 8 4385
12 5 9 6065
12 5 10 4996
12 5 11 8192
12 5 12 0
12 5 13 7012
12 5 14 5313
12 5 15 6103
12 5 16 3131
12 5 17 5309
12 6 0 5638
12 6 1 7072
12 6 2 7308
12 6 3 7305
12 6 4 8000
12 6 5 4527
12 6 6 0
12 6 7 4853
12 6 8 4293
12 6 9 4803
12 6 10 8226
12 6 11 4169
12 6 12 0
12 6 13 3618
12 6 14 5508
12 6 15 5053
12 6 16 4472
12 6 17 6690
12 7 0 1833
12 7 1 3015
12 7 2 4899
12 7 3 2705
12 7 4 3232
12 7 5 4211
12 7 6 519
12 7 7 0
12 7 8 4105
12 7 9 4545
12 7 10 4410
12 7 11 1243
12 7 12 0
12 7 13 6747
12 7 14 7247
12 7 15 4973
12 7 16 8076
12 7 17 6322
12 8 0 7197
12 8 1 3459
12 8 2 5374
12 8 3 2889
12 8 4 6103
12 8 5 4336
12 8 6 4652
12 8 7 6014
12 8 8 0
12 8 9 5144
12 8 10 5920
12 8 11 5138
12 8 12 0
12 8 13 1557
12 8 14 2332
12 8 15 2330
12 8 16 4282
12 8 17 2053
12 9 0 1782
12 9 1 1776
12 9 2 4783
12 9 3 1833
12 9 4 2986
12 9 5 3614
12 9 6 3836
12 9 7 5125
12 9 8 4529
12 9 9 0
12 9 10 3784
12 9 11 5875
12 9 12 0
12 9 13 3407
12 9 14 3640
12 9 15 6898
12 9 16 6713
12 9 17 5771
12 10 0 7909
12 10 1 5257
12 10 2 3409
12 10 3 6779
12 10 4 6180
12 10 5 5284
12 10 6 3842
12 10 7 6465
12 10 8 6577
12 10 9 4237
12 10 10 0
12 10 11 6026
12 10 12 0
12 10 13 5316
12 10 14 6682
12 10 15 8203
12 10 16 4467
12 10 17 8969
12 11 0 3800
12 11 1 3582
12 11 2 6389
12 11 3 5976
12 11 4 6728
12 11 5 6447
12 11 6 7726
12 11 7 5734
12 11 8 7321
12 11 9 5705
12 11 10 5103
12 11 11 0
12 11 12 0
12 11 13 2151
12 11 14 2411
12 11 15 1388
12 11 16 1897
12 11 17 1414
12 12 0 0
12 12 1 0
12 12 2 0
12 12 3 0
12 12 4 0
12 12 5 0
12 12 6 0
12 12 7 0
12 12 8 0
12 12 9 0
12 12 10 0
12 12 11 0
12 12 12 0
12 12 13 0
12 12 14 0
12 12 15 0
12 12 16 0
12 12 17 0
12 13 0 4326
12 13 1 3547
12 13 2 4141
12 13 3 6239
12 13 4 5006
12 13 5 6976
12 13 6 3235
12 13 7 4987
12 13 8 3980
12 13 9 3672
12 13 10 4230
12 13 11 4190
12 13 12 0
12 13 13 0
12 13 14 4984
12 13 15 5539
12 13 16 9352
12 13 17 5600
12 14 0 2901
12 14 1 3554
12 14 2 1282
12 14 3 5568
12 14 4 4041
12 14 5 3493
12 14 6 3341
12 14 7 3703
12 14 8 2971
12 14 9 2121
12 14 10 3812
12 14 11 2666
12 14 12 0
12 14 13 5355
12 14 14 0
12 14 15 2694
12 14 16 6012
12 14 17 2756
12 15 0 8002
12 15 1 6005
12 15 2 3794
12 15 3 6232
12 15 4 6719
12 15 5 6769
12 15 6 5372
12 15 7 3915
12 15 8 5455
12 15 9 7865
12 15 10 7819
12 15 11 4129
12 15 12 0
12 15 13 3877
12 15 14 2829
12 15 15 0
12 15 16 2390
12 15 17 4201
12 16 0 4048
12 16 1 4017
12 16 2 1210
12 16 3 4103
12 16 4 1584
12 16 5 633
12 16 6 1627
12 16 7 3854
12 16 8 4243
12 16 9 4516
12 16 10 919
12 16 11 1474
12 16 12 0
12 16 13 7816
12 16 14 6737
12 16 15 8005
12 16 16 0
12 16 17 5671
12 17 0 3087
12 17 1 2658
12 17 2 1038
12 17 3 3959
12 17 4 3514
12 17 5 2505
12 17 6 3539
12 17 7 1794
12 17 8 1708
12 17 9 3268
12 17 10 5115
12 17 11 685
12 17 12 0
12 17 13 6205
12 17 14 2676
12 17 15 2356
12 17 16 4944
12 17 17 0
13 0 0 0
13 0 1 4720
13 0 2 2666
13 0 3 2693
13 0 4 6240
13 0 5 3023
13 0 6 2669
13 0 7 3197
13 0 8 6125
13 0 9 4007
13 0 10 4531
13 0 11 1462
13 0 12 3886
13 0 13 0
13 0 14 2139
13 0 15 4754
13 0 16 3964
13 0 17 3309
13 1 0 1450
13 1 1 0
13 1 2 2745
13 1 3 1982
13 1 4 5580
13 1 5 2736
13 1 6 650
13 1 7 3849
13 1 8 3506
13 1 9 2490
13 1 10 2740
13 1 11 4715
13 1 12 3619
13 1 13 0
13 1 14 5994
13 1 15 5959
13 1 16 7135
13 1 17 6082
13 2 0 5035
13 2 1 5544
13 2 2 0
13 2 3 1263
13 2 4 4828
13 2 5 5381
13 2 6 4408
13 2 7 2960
13 2 8 1290
13 2 9 3160
13 2 10 2412
13 2 11 2424
13 2 12 5290
13 2 13 0
13 2 14 1151
13 2 15 1177
13 2 16 1757
13 2 17 1891
13 3 0 6061
13 3 1 4345
13 3 2 6860
13 3 3 0
13 3 4 6548
13 3 5 5125
13 3 6 4856
13 3 7 5856
13 3 8 5003
13 3 9 3435
13 3 10 5563
13 3 11 6365
13 3 12 6746
13 3 13 0
13 3 14 8040
13 3 15 6218
13 3 16 7253
13 3 17 7415
13 4 0 2893
13 4 1 6147
13 4 2 6485
13 4 3 6721
13 4 4 0
13 4 5 4023
13 4 6 5727
13 4 7 3237
13 4 8 6581
13 4 9 5620
13 4 10 6932
13 4 11 6118
13 4 12 6728
13 4 13 0
13 4 14 3729
13 4 15 3921
13 4 16 1950
13 4 17 4186
13 5 0 5445
13 5 1 5030
13 5 2 6510
13 5 3 7730
13 5 4 6042
13 5 5 0
13 5 6 6391
13 5 7 6335
13 5 8 4636
13 5 9 6316
13 5 10 5247
13 5 11 8443
13 5 12 7012
13 5 13 0
13 5 14 3165
13 5 15 3955
13 5 16 983
13 5 17 3161
13 6 0 2399
13 6 1 3833
13 6 2 4069
13 6 3 4066
13 6 4 4761
13 6 5 1288
13 6 6 0
13 6 7 1614
13 6 8 1054
13 6 9 1564
13 6 10 4987
13 6 11 930
13 6 12 3618
13 6 13 0
13 6 14 6678
13 6 15 6223
13 6 16 5642
13 6 17 7860
13 7 0 3818
13 7 1 5000
13 7 2 6884
13 7 3 4690
13 7 4 5217
13 7 5 6196
13 7 6 2504
13 7 7 0
13 7 8 6090
13 7 9 6530
13 7 10 6395
13 7 11 3228
13 7 12 6747
13 7 13 0
13 7 14 6461
13 7 15 4187
13 7 16 7290
13 7 17 5536
13 8 0 5546
13 8 1 1808
13 8 2 3723
13 8 3 1238
13 8 4 4452
13 8 5 2685
13 8 6 3001
13 8 7 4363
13 8 8 0
13 8 9 3493
13 8 10 4269
13 8 11 3487
13 8 12 1557
13 8 13 0
13 8 14 6256
13 8 15 6254
13 8 16 8206
13 8 17 5977
13 9 0 1085
13 9 1 1079
13 9 2 4086
13 9 3 1136
13 9 4 2289
13 9 5 2917
13 9 6 3139
13 9 7 4428
13 9 8 3832
13 9 9 0
13 9 10 3087
13 9 11 5178
13 9 12 3407
13 9 13 0
13 9 14 3976
13 9 15 7234
13 9 16 7049
13 9 17 6107
13 10 0 5840
13 10 1 3188
13 10 2 1340
13 10 3 4710
13 10 4 4111
13 10 5 3215
13 10 6 1773
13 10 7 4396
13 10 8 4508
13 10 9 2168
13 10 10 0
13 10 11 3957
13 10 12 5316
13 10 13 0
13 10 14 7371
13 10 15 8892
13 10 16 5156
13 10 17 9658
13 11 0 1768
13 11 1 1550
13 11 2 4357
13 11 3 3944
13 11 4 4696
13 11 5 4415
13 11 6 5694
13 11 7 3702
13 11 8 5289
13 11 9 3673
13 11 10 3071
13 11 11 0
13 11 12 2151
13 11 13 0
13 11 14 2854
13 11 15 1831
13 11 16 2340
13 11 17 1857
13 12 0 7541
13 12 1 6238
13 12 2 6499
13 12 3 5883
13 12 4 5910
13 12 5 8479
13 12 6 8228
13 12 7 4756
13 12 8 7385
13 12 9 6123
13 12 10 8053
13 12 11 7976
13 12 12 0
13 12 13 0
13 12 14 5329
13 12 15 3380
13 12 16 7155
13 12 17 4205
13 13 0 0
13 13 1 0
13 13 2 0
13 13 3 0
13 13 4 0
13 13 5 0
13 13 6 0
13 13 7 0
13 13 8 0
13 13 9 0
13 13 10 0
13 13 11 0
13 13 12 0
13 13 13 0
13 13 14 0
13 13 15 0
13 13 16 0
13 13 17 0
13 14 0 4711
13 14 1 5364
13 14 2 3092
13 14 3 7378
13 14 4 5851
13 14 5 5303
13 14 6 5151
13 14 7 5513
13 14 8 4781
13 14 9 3931
13 14 10 5622
13 14 11 4476
13 14 12 5355
13 14 13 0
13 14 14 0
13 14 15 595
13 14 16 3913
13 14 17 657
13 15 0 7797
13 15 1 5800
13 15 2 3589
13 15 3 6027
13 15 4 6514
13 15 5 6564
13 15 6 5167
13 15 7 3710
13 15 8 5250
13 15 9 7660
13 15 10 7614
13 15 11 3924
13 15 12 3877
13 15 13 0
13 15 14 3234
13 15 15 0
13 15 16 2795
13 15 17 4606
13 16 0 7171
13 16 1 7140
13 16 2 4333
13 16 3 7226
13 16 4 4707
13 16 5 3756
13 16 6 4750
13 16 7 6977
13 16 8 7366
13 16 9 7639
13 16 10 4042
13 16 11 4597
13 16 12 7816
13 16 13 0
13 16 14 7180
13 16 15 8448
13 16 16 0
13 16 17 6114
13 17 0 7855
13 17 1 7426
13 17 2 5806
13 17 3 8727
13 17 4 8282
13 17 5 7273
13 17 6 8307
13 17 7 6562
13 17 8 6476
13 17 9 8036
13 17 10 9883
13 17 11 5453
13 17 12 6205
13 17 13 0
13 17 14 2317
13 17 15 1997
13 17 16 4585
13 17 17 0
14 0 0 0
14 0 1 5079
14 0 2 3025
14 0 3 3052
14 0 4 6599
14 0 5 3382
14 0 6 3028
14 0 7 3556
14 0 8 6484
14 0 9 4366
14 0 10 4890
14 0 11 1821
14 0 12 4245
14 0 13 2139
14 0 14 0
14 0 15 8906
14 0 16 8116
14 0 17 7461
14 1 0 3241
14 1 1 0
14 1 2 4536
14 1 3 3773
14 1 4 7371
14 1 5 4527
14 1 6 2441
14 1 7 5640
14 1 8 5297
14 1 9 4281
14 1 10 4531
14 1 11 6506
14 1 12 5410
14 1 13 5994
14 1 14 0
14 1 15 6377
14 1 16 7553
14 1 17 6500
14 2 0 3960
14 2 1 4469
14 2 2 0
14 2 3 188
14 2 4 3753
14 2 5 4306
14 2 6 3333
14 2 7 1885
14 2 8 215
14 2 9 2085
14 2 10 1337
14 2 11 1349
14 2 12 4215
14 2 13 1151
14 2 14 0
14 2 15 2621
14 2 16 3201
14 2 17 3335
14 3 0 7174
14 3 1 5458
14 3 2 7973
14 3 3 0
14 3 4 7661
14 3 5 6238
14 3 6 5969
14 3 7 6969
14 3 8 6116
14 3 9 4548
14 3 10 6676
14 3 11 7478
14 3 12 7859
14 3 13 8040
14 3 14 0
14 3 15 3638
14 3 16 4673
14 3 17 4835
14 4 0 3712
14 4 1 6966
14 4 2 7304
14 4 3 7540
14 4 4 0
14 4 5 4842
14 4 6 6546
14 4 7 4056
14 4 8 7400
14 4 9 6439
14 4 10 7751
14 4 11 6937
14 4 12 7547
14 4 13 3729
14 4 14 0
14 4 15 4733
14 4 16 2762
14 4 17 4998
14 5 0 3746
14 5 1 3331
14 5 2 4811
14 5 3 6031
14 5 4 4343
14 5 5 0
14 5 6 4692
14 5 7 4636
14 5 8 2937
14 5 9 4617
14 5 10 3548
14 5 11 6744
14 5 12 5313
14 5 13 3165
14 5 14 0
14 5 15 3225
14 5 16 253
14 5 17 2431
14 6 0 4289
14 6 1 5723
14 6 2 5959
14 6 3 5956
14 6 4 6651
14 6 5 3178
14 6 6 0
14 6 7 3504
14 6 8 2944
14 6 9 3454
14 6 10 6877
14 6 11 2820
14 6 12 5508
14 6 13 6678
14 6 14 0
14 6 15 5983
14 6 16 5402
14 6 17 7620
14 7 0 4318
14 7 1 5500
14 7 2 7384
14 7 3 5190
14 7 4 5717
14 7 5 6696
14 7 6 3004
14 7 7 0
14 7 8 6590
14 7 9 7030
14 7 10 6895
14 7 11 3728
14 7 12 7247
14 7 13 6461
14 7 14 0
14 7 15 4701
14 7 16 7804
14 7 17 6050
14 8 0 6321
14 8 1 2583
14 8 2 4498
14 8 3 2013
14 8 4 5227
14 8 5 3460
14 8 6 3776
14 8 7 5138
14 8 8 0
14 8 9 4268
14 8 10 5044
14 8 11 4262
14 8 12 2332
14 8 13 6256
14 8 14 0
14 8 15 2027
14 8 16 3979
14 8 17 1750
14 9 0 1318
14 9 1 1312
14 9 2 4319
14 9 3 1369
14 9 4 2522
14 9 5 3150
14 9 6 3372
14 9 7 4661
14 9 8 4065
14 9 9 0
14 9 10 3320
14 9 11 5411
14 9 12 3640
14 9 13 3976
14 9 14 0
14 9 15 4944
14 9 16 4759
14 9 17 3817
14 10 0 7206
14 10 1 4554
14 10 2 2706
14 10 3 6076
14 10 4 5477
14 10 5 4581
14 10 6 3139
14 10 7 5762
14 10 8 5874
14 10 9 3534
14 10 10 0
14 10 11 5323
14 10 12 6682
14 10 13 7371
14 10 14 0
14 10 15 6304
14 10 16 2568
14 10 17 7070
14 11 0 2028
14 11 1 1810
14 11 2 4617
14 11 3 4204
14 11 4 4956
14 11 5 4675
14 11 6 5954
14 11 7 3962
14 11 8 5549
14 11 9 3933
14 11 10 3331
14 11 11 0
14 11 12 2411
14 11 13 2854
14 11 14 0
14 11 15 1055
14 11 16 1564
14 11 17 1081
14 12 0 5272
14 12 1 3969
14 12 2 4230
14 12 3 3614
14 12 4 3641
14 12 5 6210
14 12 6 5959
14 12 7 2487
14 12 8 5116
14 12 9 3854
14 12 10 5784
14 12 11 5707
14 12 12 0
14 12 13 5329
14 12 14 0
14 12 15 1596
14 12 16 5371
14 12 17 2421
14 13 0 1712
14 13 1 933
14 13 2 1527
14 13 3 3625
14 13 4 2392
14 13 5 4362
14 13 6 621
14 13 7 2373
14 13 8 1366
14 13 9 1058
14 13 10 1616
14 13 11 1576
14 13 12 4984
14 13 13 0
14 13 14 0
14 13 15 3811
14 13 16 7624
14 13 17 3872
14 14 0 0
14 14 1 0
14 14 2 0
14 14 3 0
14 14 4 0
14 14 5 0
14 14 6 0
14 14 7 0
14 14 8 0
14 14 9 0
14 14 10 0
14 14 11 0
14 14 12 0
14 14 13 0
14 14 14 0
14 14 15 0
14 14 16 0
14 14 17 0
14 15 0 6749
14 15 1 4752
14 15 2 2541
14 15 3 4979
14 15 4 5466
14 15 5 5516
14 15 6 4119
14 15 7 2662
14 15 8 4202
14 15 9 6612
14 15 10 6566
14 15 11 2876
14 15 12 2829
14 15 13 3234
14 15 14 0
14 15 15 0
14 15 16 2219
14 15 17 4030
14 16 0 6092
14 16 1 6061
14 16 2 3254
14 16 3 6147
14 16 4 3628
14 16 5 2677
14 16 6 3671
14 16 7 5898
14 16 8 6287
14 16 9 6560
14 16 10 2963
14 16 11 3518
14 16 12 6737
14 16 13 7180
14 16 14 0
14 16 15 7377
14 16 16 0
14 16 17 5043
14 17 0 4326
14 17 1 3897
14 17 2 2277
14 17 3 5198
14 17 4 4753
14 17 5 3744
14 17 6 4778
14 17 7 3033
14 17 8 2947
14 17 9 4507
14 17 10 6354
14 17 11 1924
14 17 12 2676
14 17 13 2317
14 17 14 0
14 17 15 1422
14 17 16 4010
14 17 17 0
15 0 0 0
15 0 1 7694
15 0 2 5640
15 0 3 5667
15 0 4 9214
15 0 5 5997
15 0 6 5643
15 0 7 6171
15 0 8 9099
15 0 9 6981
15 0 10 7505
15 0 11 4436
15 0 12 6860
15 0 13 4754
15 0 14 8906
15 0 15 0
15 0 16 7065
15 0 17 6410
15 1 0 3206
15 1 1 0
15 1 2 4501
15 1 3 3738
15 1 4 7336
15 1 5 4492
15 1 6 2406
15 1 7 5605
15 1 8 5262
15 1 9 4246
15 1 10 4496
15 1 11 6471
15 1 12 5375
15 1 13 5959
15 1 14 6377
15 1 15 0
15 1 16 6637
15 1 17 5584
15 2 0 3986
15 2 1 4495
15 2 2 0
15 2 3 214
15 2 4 3779
15 2 5 4332
15 2 6 3359
15 2 7 1911
15 2 8 241
15 2 9 2111
15 2 10 1363
15 2 11 1375
15 2 12 4241
15 2 13 1177
15 2 14 2621
15 2 15 0
15 2 16 3289
15 2 17 3423
15 3 0 5352
15 3 1 3636
15 3 2 6151
15 3 3 0
15 3 4 5839
15 3 5 4416
15 3 6 4147
15 3 7 5147
15 3 8 4294
15 3 9 2726
15 3 10 4854
15 3 11 5656
15 3 12 6037
15 3 13 6218
15 3 14 3638
15 3 15 0
15 3 16 3994
15 3 17 4156
15 4 0 3904
15 4 1 7158
15 4 2 7496
15 4 3 7732
15 4 4 0
15 4 5 5034
15 4 6 6738
15 4 7 4248
15 4 8 7592
15 4 9 6631
15 4 10 7943
15 4 11 7129
15 4 12 7739
15 4 13 3921
15 4 14 4733
15 4 15 0
15 4 16 2884
15 4 17 5120
15 5 0 4536
15 5 1 4121
15 5 2 5601
15 5 3 6821
15 5 4 5133
15 5 5 0
15 5 6 5482
15 5 7 5426
15 5 8 3727
15 5 9 5407
15 5 10 4338
15 5 11 7534
15 5 12 6103
15 5 13 3955
15 5 14 3225
15 5 15 0
15 5 16 360
15 5 17 2538
15 6 0 3834
15 6 1 5268
15 6 2 5504
15 6 3 5501
15 6 4 6196
15 6 5 2723
15 6 6 0
15 6 7 3049
15 6 8 2489
15 6 9 2999
15 6 10 6422
15 6 11 2365
15 6 12 5053
15 6 13 6223
15 6 14 5983
15 6 15 0
15 6 16 1378
15 6 17 3596
15 7 0 2044
15 7 1 3226
15 7 2 5110
15 7 3 2916
15 7 4 3443
15 7 5 4422
15 7 6 730
15 7 7 0
15 7 8 4316
15 7 9 4756
15 7 10 4621
15 7 11 1454
15 7 12 4973
15 7 13 4187
15 7 14 4701
15 7 15 0
15 7 16 4001
15 7 17 2247
15 8 0 6319
15 8 1 2581
15 8 2 4496
15 8 3 2011
15 8 4 5225
15 8 5 3458
15 8 6 3774
15 8 7 5136
15 8 8 0
15 8 9 4266
15 8 10 5042
15 8 11 4260
15 8 12 2330
15 8 13 6254
15 8 14 2027
15 8 15 0
15 8 16 5113
15 8 17 2884
15 9 0 4576
15 9 1 4570
15 9 2 7577
15 9 3 4627
15 9 4 5780
15 9 5 6408
15 9 6 6630
15 9 7 7919
15 9 8 7323
15 9 9 0
15 9 10 6578
15 9 11 8669
15 9 12 6898
15 9 13 7234
15 9 14 4944
15 9 15 0
15 9 16 8065
15 9 17 7123
15 10 0 8727
15 10 1 6075
15 10 2 4227
15 10 3 7597
15 10 4 6998
15 10 5 6102
15 10 6 4660
15 10 7 7283
15 10 8 7395
15 10 9 5055
15 10 10 0
15 10 11 6844
15 10 12 8203
15 10 13 8892
15 10 14 6304
15 10 15 0
15 10 16 1105
15 10 17 5607
15 11 0 1005
15 11 1 787
15 11 2 3594
15 11 3 3181
15 11 4 3933
15 11 5 3652
15 11 6 4931
15 11 7 2939
15 11 8 4526
15 11 9 2910
15 11 10 2308
15 11 11 0
15 11 12 1388
15 11 13 1831
15 11 14 1055
15 11 15 0
15 11 16 4669
15 11 17 4186
15 12 0 3323
15 12 1 2020
15 12 2 2281
15 12 3 1665
15 12 4 1692
15 12 5 4261
15 12 6 4010
15 12 7 538
15 12 8 3167
15 12 9 1905
15 12 10 3835
15 12 11 3758
15 12 12 0
15 12 13 3380
15 12 14 1596
15 12 15 0
15 12 16 7857
15 12 17 4907
15 13 0 2267
15 13 1 1488
15 13 2 2082
15 13 3 4180
15 13 4 2947
15 13 5 4917
15 13 6 1176
15 13 7 2928
15 13 8 1921
15 13 9 1613
15 13 10 2171
15 13 11 2131
15 13 12 5539
15 13 13 0
15 13 14 3811
15 13 15 0
15 13 16 8095
15 13 17 4343
15 14 0 2050
15 14 1 2703
15 14 2 431
15 14 3 4717
15 14 4 3190
15 14 5 2642
15 14 6 2490
15 14 7 2852
15 14 8 2120
15 14 9 1270
15 14 10 2961
15 14 11 1815
15 14 12 2694
15 14 13 595
15 14 14 0
15 14 15 0
15 14 16 5976
15 14 17 2720
15 15 0 0
15 15 1 0
15 15 2 0
15 15 3 0
15 15 4 0
15 15 5 0
15 15 6 0
15 15 7 0
15 15 8 0
15 15 9 0
15 15 10 0
15 15 11 0
15 15 12 0
15 15 13 0
15 15 14 0
15 15 15 0
15 15 16 0
15 15 17 0
15 16 0 7360
15 16 1 7329
15 16 2 4522
15 16 3 7415
15 16 4 4896
15 16 5 3945
15 16 6 4939
15 16 7 7166
15 16 8 7555
15 16 9 7828
15 16 10 4231
15 16 11 4786
15 16 12 8005
15 16 13 8448
15 16 14 7377
15 16 15 0
15 16 16 0
15 16 17 3370
15 17 0 4006
15 17 1 3577
15 17 2 1957
15 17 3 4878
15 17 4 4433
15 17 5 3424
15 17 6 4458
15 17 7 2713
15 17 8 2627
15 17 9 4187
15 17 10 6034
15 17 11 1604
15 17 12 2356
15 17 13 1997
15 17 14 1422
15 17 15 0
15 17 16 7404
15 17 17 0
16 0 0 0
16 0 1 6904
16 0 2 4850
16 0 3 4877
16 0 4 8424
16 0 5 5207
16 0 6 4853
16 0 7 5381
16 0 8 8309
16 0 9 6191
16 0 10 6715
16 0 11 3646
16 0 12 6070
16 0 13 3964
16 0 14 8116
16 0 15 7065
16 0 16 0
16 0 17 6660
16 1 0 4382
16 1 1 0
16 1 2 5677
16 1 3 4914
16 1 4 8512
16 1 5 5668
16 1 6 3582
16 1 7 6781
16 1 8 6438
16 1 9 5422
16 1 10 5672
16 1 11 7647
16 1 12 6551
16 1 13 7135
16 1 14 7553
16 1 15 6637
16 1 16 0
16 1 17 2889
16 2 0 4566
16 2 1 5075
16 2 2 0
16 2 3 794
16 2 4 4359
16 2 5 4912
16 2 6 3939
16 2 7 2491
16 2 8 821
16 2 9 2691
16 2 10 1943
16 2 11 1955
16 2 12 4821
16 2 13 1757
16 2 14 3201
16 2 15 3289
16 2 16 0
16 2 17 2652
16 3 0 6387
16 3 1 4671
16 3 2 7186
16 3 3 0
16 3 4 6874
16 3 5 5451
16 3 6 5182
16 3 7 6182
16 3 8 5329
16 3 9 3761
16 3 10 5889
16 3 11 6691
16 3 12 7072
16 3 13 7253
16 3 14 4673
16 3 15 3994
16 3 16 0
16 3 17 6061
16 4 0 1933
16 4 1 5187
16 4 2 5525
16 4 3 5761
16 4 4 0
16 4 5 3063
16 4 6 4767
16 4 7 2277
16 4 8 5621
16 4 9 4660
16 4 10 5972
16 4 11 5158
16 4 12 5768
16 4 13 1950
16 4 14 2762
16 4 15 2884
16 4 16 0
16 4 17 3689
16 5 0 1564
16 5 1 1149
16 5 2 2629
16 5 3 3849
16 5 4 2161
16 5 5 0
16 5 6 2510
16 5 7 2454
16 5 8 755
16 5 9 2435
16 5 10 1366
16 5 11 4562
16 5 12 3131
16 5 13 983
16 5 14 253
16 5 15 360
16 5 16 0
16 5 17 4104
16 6 0 3253
16 6 1 4687
16 6 2 4923
16 6 3 4920
16 6 4 5615
16 6 5 2142
16 6 6 0
16 6 7 2468
16 6 8 1908
16 6 9 2418
16 6 10 5841
16 6 11 1784
16 6 12 4472
16 6 13 5642
16 6 14 5402
16 6 15 1378
16 6 16 0
16 6 17 7439
16 7 0 5147
16 7 1 6329
16 7 2 8213
16 7 3 6019
16 7 4 6546
16 7 5 7525
16 7 6 3833
16 7 7 0
16 7 8 7419
16 7 9 7859
16 7 10 7724
16 7 11 4557
16 7 12 8076
16 7 13 7290
16 7 14 7804
16 7 15 4001
16 7 16 0
16 7 17 4215
16 8 0 8271
16 8 1 4533
16 8 2 6448
16 8 3 3963
16 8 4 7177
16 8 5 5410
16 8 6 5726
16 8 7 7088
16 8 8 0
16 8 9 6218
16 8 10 6994
16 8 11 6212
16 8 12 4282
16 8 13 8206
16 8 14 3979
16 8 15 5113
16 8 16 0
16 8 17 5003
16 9 0 4391
16 9 1 4385
16 9 2 7392
16 9 3 4442
16 9 4 5595
16 9 5 6223
16 9 6 6445
16 9 7 7734
16 9 8 7138
16 9 9 0
16 9 10 6393
16 9 11 8484
16 9 12 6713
16 9 13 7049
16 9 14 4759
16 9 15 8065
16 9 16 0
16 9 17 7639
16 10 0 4991
16 10 1 2339
16 10 2 491
16 10 3 3861
16 10 4 3262
16 10 5 2366
16 10 6 924
16 10 7 3547
16 10 8 3659
16 10 9 1319
16 10 10 0
16 10 11 3108
16 10 12 4467
16 10 13 5156
16 10 14 2568
16 10 15 1105
16 10 16 0
16 10 17 9645
16 11 0 1514
16 11 1 1296
16 11 2 4103
16 11 3 3690
16 11 4 4442
16 11 5 4161
16 11 6 5440
16 11 7 3448
16 11 8 5035
16 11 9 3419
16 11 10 2817
16 11 11 0
16 11 12 1897
16 11 13 2340
16 11 14 1564
16 11 15 4669
16 11 16 0
16 11 17 4965
16 12 0 7098
16 12 1 5795
16 12 2 6056
16 12 3 5440
16 12 4 5467
16 12 5 8036
16 12 6 7785
16 12 7 4313
16 12 8 6942
16 12 9 5680
16 12 10 7610
16 12 11 7533
16 12 12 0
16 12 13 7155
16 12 14 5371
16 12 15 7857
16 12 16 0
16 12 17 1743
16 13 0 6080
16 13 1 5301
16 13 2 5895
16 13 3 7993
16 13 4 6760
16 13 5 8730
16 13 6 4989
16 13 7 6741
16 13 8 5734
16 13 9 5426
16 13 10 5984
16 13 11 5944
16 13 12 9352
16 13 13 0
16 13 14 7624
16 13 15 8095
16 13 16 0
16 13 17 4507
16 14 0 5368
16 14 1 6021
16 14 2 3749
16 14 3 8035
16 14 4 6508
16 14 5 5960
16 14 6 5808
16 14 7 6170
16 14 8 5438
16 14 9 4588
16 14 10 6279
16 14 11 5133
16 14 12 6012
16 14 13 3913
16 14 14 0
16 14 15 5976
16 14 16 0
16 14 17 2853
16 15 0 6310
16 15 1 4313
16 15 2 2102
16 15 3 4540
16 15 4 5027
16 15 5 5077
16 15 6 3680
16 15 7 2223
16 15 8 3763
16 15 9 6173
16 15 10 6127
16 15 11 2437
16 15 12 2390
16 15 13 2795
16 15 14 2219
16 15 15 0
16 15 16 0
16 15 17 7515
16 16 0 0
16 16 1 0
16 16 2 0
16 16 3 0
16 16 4 0
16 16 5 0
16 16 6 0
16 16 7 0
16 16 8 0
16 16 9 0
16 16 10 0
16 16 11 0
16 16 12 0
16 16 13 0
16 16 14 0
16 16 15 0
16 16 16 0
16 16 17 0
16 17 0 6594
16 17 1 6165
16 17 2 4545
16 17 3 7466
16 17 4 7021
16 17 5 6012
16 17 6 7046
16 17 7 5301
16 17 8 5215
16 17 9 6775
16 17 10 8622
16 17 11 4192
16 17 12 4944
16 17 13 4585
16 17 14 4010
16 17 15 7404
16 17 16 0
16 17 17 0
17 0 0 0
17 0 1 6249
17 0 2 4195
17 0 3 4222
17 0 4 7769
17 0 5 4552
17 0 6 4198
17 0 7 4726
17 0 8 7654
17 0 9 5536
17 0 10 6060
17 0 11 2991
17 0 12 5415
17 0 13 3309
17 0 14 7461
17 0 15 6410
17 0 16 6660
17 0 17 0
17 1 0 3329
17 1 1 0
17 1 2 4624
17 1 3 3861
17 1 4 7459
17 1 5 4615
17 1 6 2529
17 1 7 5728
17 1 8 5385
17 1 9 4369
17 1 10 4619
17 1 11 6594
17 1 12 5498
17 1 13 6082
17 1 14 6500
17 1 15 5584
17 1 16 2889
17 1 17 0
17 2 0 4700
17 2 1 5209
17 2 2 0
17 2 3 928
17 2 4 4493
17 2 5 5046
17 2 6 4073
17 2 7 2625
17 2 8 955
17 2 9 2825
17 2 10 2077
17 2 11 2089
17 2 12 4955
17 2 13 1891
17 2 14 3335
17 2 15 3423
17 2 16 2652
17 2 17 0
17 3 0 6549
17 3 1 4833
17 3 2 7348
17 3 3 0
17 3 4 7036
17 3 5 5613
17 3 6 5344
17 3 7 6344
17 3 8 5491
17 3 9 3923
17 3 10 6051
17 3 11 6853
17 3 12 7234
17 3 13 7415
17 3 14 4835
17 3 15 4156
17 3 16 6061
17 3 17 0
17 4 0 4169
17 4 1 7423
17 4 2 7761
17 4 3 7997
17 4 4 0
17 4 5 5299
17 4 6 7003
17 4 7 4513
17 4 8 7857
17 4 9 6896
17 4 10 8208
17 4 11 7394
17 4 12 8004
17 4 13 4186
17 4 14 4998
17 4 15 5120
17 4 16 3689
17 4 17 0
17 5 0 3742
17 5 1 3327
17 5 2 4807
17 5 3 6027
17 5 4 4339
17 5 5 0
17 5 6 4688
17 5 7 4632
17 5 8 2933
17 5 9 4613
17 5 10 3544
17 5 11 6740
17 5 12 5309
17 5 13 3161
17 5 14 2431
17 5 15 2538
17 5 16 4104
17 5 17 0
17 6 0 5471
17 6 1 6905
17 6 2 7141
17 6 3 7138
17 6 4 7833
17 6 5 4360
17 6 6 0
17 6 7 4686
17 6 8 4126
17 6 9 4636
17 6 10 8059
17 6 11 4002
17 6 12 6690
17 6 13 7860
17 6 14 7620
17 6 15 3596
17 6 16 7439
17 6 17 0
17 7 0 3393
17 7 1 4575
17 7 2 6459
17 7 3 4265
17 7 4 4792
17 7 5 5771
17 7 6 2079
17 7 7 0
17 7 8 5665
17 7 9 6105
17 7 10 5970
17 7 11 2803
17 7 12 6322
17 7 13 5536
17 7 14 6050
17 7 15 2247
17 7 16 4215
17 7 17 0
17 8 0 6042
17 8 1 2304
17 8 2 4219
17 8 3 1734
17 8 4 4948
17 8 5 3181
17 8 6 3497
17 8 7 4859
17 8 8 0
17 8 9 3989
17 8 10 4765
17 8 11 3983
17 8 12 2053
17 8 13 5977
17 8 14 1750
17 8 15 2884
17 8 16 5003
17 8 17 0
17 9 0 3449
17 9 1 3443
17 9 2 6450
17 9 3 3500
17 9 4 4653
17 9 5 5281
17 9 6 5503
17 9 7 6792
17 9 8 6196
17 9 9 0
17 9 10 5451
17 9 11 7542
17 9 12 5771
17 9 13 6107
17 9 14 3817
17 9 15 7123
17 9 16 7639
17 9 17 0
17 10 0 9493
17 10 1 6841
17 10 2 4993
17 10 3 8363
17 10 4 7764
17 10 5 6868
17 10 6 5426
17 10 7 8049
17 10 8 8161
17 10 9 5821
17 10 10 0
17 10 11 7610
17 10 12 8969
17 10 13 9658
17 10 14 7070
17 10 15 5607
17 10 16 9645
17 10 17 0
17 11 0 1031
17 11 1 813
17 11 2 3620
17 11 3 3207
17 11 4 3959
17 11 5 3678
17 11 6 4957
17 11 7 2965
17 11 8 4552
17 11 9 2936
17 11 10 2334
17 11 11 0
17 11 12 1414
17 11 13 1857
17 11 14 1081
17 11 15 4186
17 11 16 4965
17 11 17 0
17 12 0 4148
17 12 1 2845
17 12 2 3106
17 12 3 2490
17 12 4 2517
17 12 5 5086
17 12 6 4835
17 12 7 1363
17 12 8 3992
17 12 9 2730
17 12 10 4660
17 12 11 4583
17 12 12 0
17 12 13 4205
17 12 14 2421
17 12 15 4907
17 12 16 1743
17 12 17 0
17 13 0 2328
17 13 1 1549
17 13 2 2143
17 13 3 4241
17 13 4 3008
17 13 5 4978
17 13 6 1237
17 13 7 2989
17 13 8 1982
17 13 9 1674
17 13 10 2232
17 13 11 2192
17 13 12 5600
17 13 13 0
17 13 14 3872
17 13 15 4343
17 13 16 4507
17 13 17 0
17 14 0 2112
17 14 1 2765
17 14 2 493
17 14 3 4779
17 14 4 3252
17 14 5 2704
17 14 6 2552
17 14 7 2914
17 14 8 2182
17 14 9 1332
17 14 10 3023
17 14 11 1877
17 14 12 2756
17 14 13 657
17 14 14 0
17 14 15 2720
17 14 16 2853
17 14 17 0
17 15 0 8121
17 15 1 6124
17 15 2 3913
17 15 3 6351
17 15 4 6838
17 15 5 6888
17 15 6 5491
17 15 7 4034
17 15 8 5574
17 15 9 7984
17 15 10 7938
17 15 11 4248
17 15 12 4201
17 15 13 4606
17 15 14 4030
17 15 15 0
17 15 16 7515
17 15 17 0
17 16 0 5026
17 16 1 4995
17 16 2 2188
17 16 3 5081
17 16 4 2562
17 16 5 1611
17 16 6 2605
17 16 7 4832
17 16 8 5221
17 16 9 5494
17 16 10 1897
17 16 11 2452
17 16 12 5671
17 16 13 6114
17 16 14 5043
17 16 15 3370
17 16 16 0
17 16 17 0
17 17 0 0
17 17 1 0
17 17 2 0
17 17 3 0
17 17 4 0
17 17 5 0
17 17 6 0
17 17 7 0
17 17 8 0
17 17 9 0
17 17 10 0
17 17 11 0
17 17 12 0
17 17 13 0
17 17 14 0
17 17 15 0
17 17 16 0
17 17 17 0
