11
0 0 0 0
0 0 1 0
0 0 2 0
0 0 3 0
0 0 4 0
0 0 5 0
0 0 6 0
0 0 7 0
0 0 8 0
0 0 9 0
0 0 10 0
0 1 0 0
0 1 1 0
0 1 2 5516
0 1 3 5881
0 1 4 3147
0 1 5 3663
0 1 6 6081
0 1 7 6269
0 1 8 4335
0 1 9 3832
0 1 10 5253
0 2 0 0
0 2 1 7781
0 2 2 0
0 2 3 6801
0 2 4 3681
0 2 5 5388
0 2 6 7463
0 2 7 7850
0 2 8 4936
0 2 9 6461
0 2 10 7274
0 3 0 0
0 3 1 3100
0 3 2 4385
0 3 3 0
0 3 4 5485
0 3 5 3109
0 3 6 7860
0 3 7 3134
0 3 8 5272
0 3 9 3684
0 3 10 7644
0 4 0 0
0 4 1 4083
0 4 2 5875
0 4 3 4418
0 4 4 0
0 4 5 5415
0 4 6 3840
0 4 7 4535
0 4 8 3176
0 4 9 7904
0 4 10 5443
0 5 0 0
0 5 1 1095
0 5 2 2414
0 5 3 3646
0 5 4 4674
0 5 5 0
0 5 6 5009
0 5 7 5434
0 5 8 4144
0 5 9 2340
0 5 10 4763
0 6 0 0
0 6 1 4254
0 6 2 6722
0 6 3 5356
0 6 4 2139
0 6 5 4186
0 6 6 0
0 6 7 3280
0 6 8 5192
0 6 9 3130
0 6 10 3913
0 7 0 0
0 7 1 4207
0 7 2 3702
0 7 3 6278
0 7 4 2020
0 7 5 5745
0 7 6 3711
0 7 7 0
0 7 8 3780
0 7 9 3022
0 7 10 6055
0 8 0 0
0 8 1 6135
0 8 2 1249
0 8 3 5850
0 8 4 1535
0 8 5 5951
0 8 6 4387
0 8 7 1308
0 8 8 0
0 8 9 1436
0 8 10 3591
0 9 0 0
0 9 1 3058
0 9 2 5018
0 9 3 1269
0 9 4 5365
0 9 5 5081
0 9 6 702
0 9 7 3240
0 9 8 3862
0 9 9 0
0 9 10 4473
0 10 0 0
0 10 1 5227
0 10 2 1481
0 10 3 2159
0 10 4 2716
0 10 5 1155
0 10 6 4217
0 10 7 1017
0 10 8 5028
0 10 9 575
0 10 10 0
1 0 0 0
1 0 1 0
1 0 2 6205
1 0 3 5830
1 0 4 5773
1 0 5 3932
1 0 6 4602
1 0 7 4227
1 0 8 4066
1 0 9 3209
1 0 10 3087
1 1 0 0
1 1 1 0
1 1 2 0
1 1 3 0
1 1 4 0
1 1 5 0
1 1 6 0
1 1 7 0
1 1 8 0
1 1 9 0
1 1 10 0
1 2 0 7781
1 2 1 0
1 2 2 0
1 2 3 7244
1 2 4 4124
1 2 5 5831
1 2 6 7906
1 2 7 8293
1 2 8 5379
1 2 9 6904
1 2 10 7717
1 3 0 3100
1 3 1 0
1 3 2 5568
1 3 3 0
1 3 4 6668
1 3 5 4292
1 3 6 9043
1 3 7 4317
1 3 8 6455
1 3 9 4867
1 3 10 8827
1 4 0 4083
1 4 1 0
1 4 2 4381
1 4 3 2924
1 4 4 0
1 4 5 3921
1 4 6 2346
1 4 7 3041
1 4 8 1682
1 4 9 6410
1 4 10 3949
1 5 0 1095
1 5 1 0
1 5 2 3277
1 5 3 4509
1 5 4 5537
1 5 5 0
1 5 6 5872
1 5 7 6297
1 5 8 5007
1 5 9 3203
1 5 10 5626
1 6 0 4254
1 6 1 0
1 6 2 9333
1 6 3 7967
1 6 4 4750
1 6 5 6797
1 6 6 0
1 6 7 5891
1 6 8 7803
1 6 9 5741
1 6 10 6524
1 7 0 4207
1 7 1 0
1 7 2 6876
1 7 3 9452
1 7 4 5194
1 7 5 8919
1 7 6 6885
1 7 7 0
1 7 8 6954
1 7 9 6196
1 7 10 9229
1 8 0 6135
1 8 1 0
1 8 2 2650
1 8 3 7251
1 8 4 2936
1 8 5 7352
1 8 6 5788
1 8 7 2709
1 8 8 0
1 8 9 2837
1 8 10 4992
1 9 0 3058
1 9 1 0
1 9 2 6773
1 9 3 3024
1 9 4 7120
1 9 5 6836
1 9 6 2457
1 9 7 4995
1 9 8 5617
1 9 9 0
1 9 10 6228
1 10 0 5227
1 10 1 0
1 10 2 4779
1 10 3 5457
1 10 4 6014
1 10 5 4453
1 10 6 7515
1 10 7 4315
1 10 8 8326
1 10 9 3873
1 10 10 0
2 0 0 0
2 0 1 6205
2 0 2 0
2 0 3 6246
2 0 4 6189
2 0 5 4348
2 0 6 5018
2 0 7 4643
2 0 8 4482
2 0 9 3625
2 0 10 3503
2 1 0 5516
2 1 1 0
2 1 2 0
2 1 3 8589
2 1 4 5855
2 1 5 6371
2 1 6 8789
2 1 7 8977
2 1 8 7043
2 1 9 6540
2 1 10 7961
2 2 0 0
2 2 1 0
2 2 2 0
2 2 3 0
2 2 4 0
2 2 5 0
2 2 6 0
2 2 7 0
2 2 8 0
2 2 9 0
2 2 10 0
2 3 0 4385
2 3 1 5568
2 3 2 0
2 3 3 0
2 3 4 5937
2 3 5 3561
2 3 6 8312
2 3 7 3586
2 3 8 5724
2 3 9 4136
2 3 10 8096
2 4 0 5875
2 4 1 4381
2 4 2 0
2 4 3 1807
2 4 4 0
2 4 5 2804
2 4 6 1229
2 4 7 1924
2 4 8 565
2 4 9 5293
2 4 10 2832
2 5 0 2414
2 5 1 3277
2 5 2 0
2 5 3 4583
2 5 4 5611
2 5 5 0
2 5 6 5946
2 5 7 6371
2 5 8 5081
2 5 9 3277
2 5 10 5700
2 6 0 6722
2 6 1 9333
2 6 2 0
2 6 3 7698
2 6 4 4481
2 6 5 6528
2 6 6 0
2 6 7 5622
2 6 8 7534
2 6 9 5472
2 6 10 6255
2 7 0 3702
2 7 1 6876
2 7 2 0
2 7 3 9382
2 7 4 5124
2 7 5 8849
2 7 6 6815
2 7 7 0
2 7 8 6884
2 7 9 6126
2 7 10 9159
2 8 0 1249
2 8 1 2650
2 8 2 0
2 8 3 6201
2 8 4 1886
2 8 5 6302
2 8 6 4738
2 8 7 1659
2 8 8 0
2 8 9 1787
2 8 10 3942
2 9 0 5018
2 9 1 6773
2 9 2 0
2 9 3 4002
2 9 4 8098
2 9 5 7814
2 9 6 3435
2 9 7 5973
2 9 8 6595
2 9 9 0
2 9 10 7206
2 10 0 1481
2 10 1 4779
2 10 2 0
2 10 3 5827
2 10 4 6384
2 10 5 4823
2 10 6 7885
2 10 7 4685
2 10 8 8696
2 10 9 4243
2 10 10 0
3 0 0 0
3 0 1 5830
3 0 2 6246
3 0 3 0
3 0 4 4069
3 0 5 2228
3 0 6 2898
3 0 7 2523
3 0 8 2362
3 0 9 1505
3 0 10 1383
3 1 0 5881
3 1 1 0
3 1 2 8589
3 1 3 0
3 1 4 1549
3 1 5 2065
3 1 6 4483
3 1 7 4671
3 1 8 2737
3 1 9 2234
3 1 10 3655
3 2 0 6801
3 2 1 7244
3 2 2 0
3 2 3 0
3 2 4 1717
3 2 5 3424
3 2 6 5499
3 2 7 5886
3 2 8 2972
3 2 9 4497
3 2 10 5310
3 3 0 0
3 3 1 0
3 3 2 0
3 3 3 0
3 3 4 0
3 3 5 0
3 3 6 0
3 3 7 0
3 3 8 0
3 3 9 0
3 3 10 0
3 4 0 4418
3 4 1 2924
3 4 2 1807
3 4 3 0
3 4 4 0
3 4 5 4983
3 4 6 3408
3 4 7 4103
3 4 8 2744
3 4 9 7472
3 4 10 5011
3 5 0 3646
3 5 1 4509
3 5 2 4583
3 5 3 0
3 5 4 3707
3 5 5 0
3 5 6 4042
3 5 7 4467
3 5 8 3177
3 5 9 1373
3 5 10 3796
3 6 0 5356
3 6 1 7967
3 6 2 7698
3 6 3 0
3 6 4 5253
3 6 5 7300
3 6 6 0
3 6 7 6394
3 6 8 8306
3 6 9 6244
3 6 10 7027
3 7 0 6278
3 7 1 9452
3 7 2 9382
3 7 3 0
3 7 4 783
3 7 5 4508
3 7 6 2474
3 7 7 0
3 7 8 2543
3 7 9 1785
3 7 10 4818
3 8 0 5850
3 8 1 7251
3 8 2 6201
3 8 3 0
3 8 4 2597
3 8 5 7013
3 8 6 5449
3 8 7 2370
3 8 8 0
3 8 9 2498
3 8 10 4653
3 9 0 1269
3 9 1 3024
3 9 2 4002
3 9 3 0
3 9 4 5696
3 9 5 5412
3 9 6 1033
3 9 7 3571
3 9 8 4193
3 9 9 0
3 9 10 4804
3 10 0 2159
3 10 1 5457
3 10 2 5827
3 10 3 0
3 10 4 7129
3 10 5 5568
3 10 6 8630
3 10 7 5430
3 10 8 9441
3 10 9 4988
3 10 10 0
4 0 0 0
4 0 1 5773
4 0 2 6189
4 0 3 4069
4 0 4 0
4 0 5 2376
4 0 6 3046
4 0 7 2671
4 0 8 2510
4 0 9 1653
4 0 10 1531
4 1 0 3147
4 1 1 0
4 1 2 5855
4 1 3 1549
4 1 4 0
4 1 5 3105
4 1 6 5523
4 1 7 5711
4 1 8 3777
4 1 9 3274
4 1 10 4695
4 2 0 3681
4 2 1 4124
4 2 2 0
4 2 3 1717
4 2 4 0
4 2 5 4971
4 2 6 7046
4 2 7 7433
4 2 8 4519
4 2 9 6044
4 2 10 6857
4 3 0 5485
4 3 1 6668
4 3 2 5937
4 3 3 0
4 3 4 0
4 3 5 1610
4 3 6 6361
4 3 7 1635
4 3 8 3773
4 3 9 2185
4 3 10 6145
4 4 0 0
4 4 1 0
4 4 2 0
4 4 3 0
4 4 4 0
4 4 5 0
4 4 6 0
4 4 7 0
4 4 8 0
4 4 9 0
4 4 10 0
4 5 0 4674
4 5 1 5537
4 5 2 5611
4 5 3 3707
4 5 4 0
4 5 5 0
4 5 6 6405
4 5 7 6830
4 5 8 5540
4 5 9 3736
4 5 10 6159
4 6 0 2139
4 6 1 4750
4 6 2 4481
4 6 3 5253
4 6 4 0
4 6 5 3337
4 6 6 0
4 6 7 2431
4 6 8 4343
4 6 9 2281
4 6 10 3064
4 7 0 2020
4 7 1 5194
4 7 2 5124
4 7 3 783
4 7 4 0
4 7 5 5966
4 7 6 3932
4 7 7 0
4 7 8 4001
4 7 9 3243
4 7 10 6276
4 8 0 1535
4 8 1 2936
4 8 2 1886
4 8 3 2597
4 8 4 0
4 8 5 4974
4 8 6 3410
4 8 7 331
4 8 8 0
4 8 9 459
4 8 10 2614
4 9 0 5365
4 9 1 7120
4 9 2 8098
4 9 3 5696
4 9 4 0
4 9 5 9689
4 9 6 5310
4 9 7 7848
4 9 8 8470
4 9 9 0
4 9 10 9081
4 10 0 2716
4 10 1 6014
4 10 2 6384
4 10 3 7129
4 10 4 0
4 10 5 3424
4 10 6 6486
4 10 7 3286
4 10 8 7297
4 10 9 2844
4 10 10 0
5 0 0 0
5 0 1 3932
5 0 2 4348
5 0 3 2228
5 0 4 2376
5 0 5 0
5 0 6 3474
5 0 7 3099
5 0 8 2938
5 0 9 2081
5 0 10 1959
5 1 0 3663
5 1 1 0
5 1 2 6371
5 1 3 2065
5 1 4 3105
5 1 5 0
5 1 6 4376
5 1 7 4564
5 1 8 2630
5 1 9 2127
5 1 10 3548
5 2 0 5388
5 2 1 5831
5 2 2 0
5 2 3 3424
5 2 4 4971
5 2 5 0
5 2 6 5426
5 2 7 5813
5 2 8 2899
5 2 9 4424
5 2 10 5237
5 3 0 3109
5 3 1 4292
5 3 2 3561
5 3 3 0
5 3 4 1610
5 3 5 0
5 3 6 7430
5 3 7 2704
5 3 8 4842
5 3 9 3254
5 3 10 7214
5 4 0 5415
5 4 1 3921
5 4 2 2804
5 4 3 4983
5 4 4 0
5 4 5 0
5 4 6 4495
5 4 7 5190
5 4 8 3831
5 4 9 8559
5 4 10 6098
5 5 0 0
5 5 1 0
5 5 2 0
5 5 3 0
5 5 4 0
5 5 5 0
5 5 6 0
5 5 7 0
5 5 8 0
5 5 9 0
5 5 10 0
5 6 0 4186
5 6 1 6797
5 6 2 6528
5 6 3 7300
5 6 4 3337
5 6 5 0
5 6 6 0
5 6 7 5441
5 6 8 7353
5 6 9 5291
5 6 10 6074
5 7 0 5745
5 7 1 8919
5 7 2 8849
5 7 3 4508
5 7 4 5966
5 7 5 0
5 7 6 6672
5 7 7 0
5 7 8 6741
5 7 9 5983
5 7 10 9016
5 8 0 5951
5 8 1 7352
5 8 2 6302
5 8 3 7013
5 8 4 4974
5 8 5 0
5 8 6 6219
5 8 7 3140
5 8 8 0
5 8 9 3268
5 8 10 5423
5 9 0 5081
5 9 1 6836
5 9 2 7814
5 9 3 5412
5 9 4 9689
5 9 5 0
5 9 6 1587
5 9 7 4125
5 9 8 4747
5 9 9 0
5 9 10 5358
5 10 0 1155
5 10 1 4453
5 10 2 4823
5 10 3 5568
5 10 4 3424
5 10 5 0
5 10 6 7647
5 10 7 4447
5 10 8 8458
5 10 9 4005
5 10 10 0
6 0 0 0
6 0 1 4602
6 0 2 5018
6 0 3 2898
6 0 4 3046
6 0 5 3474
6 0 6 0
6 0 7 2465
6 0 8 2304
6 0 9 1447
6 0 10 1325
6 1 0 6081
6 1 1 0
6 1 2 8789
6 1 3 4483
6 1 4 5523
6 1 5 4376
6 1 6 0
6 1 7 7053
6 1 8 5119
6 1 9 4616
6 1 10 6037
6 2 0 7463
6 2 1 7906
6 2 2 0
6 2 3 5499
6 2 4 7046
6 2 5 5426
6 2 6 0
6 2 7 9451
6 2 8 6537
6 2 9 8062
6 2 10 8875
6 3 0 7860
6 3 1 9043
6 3 2 8312
6 3 3 0
6 3 4 6361
6 3 5 7430
6 3 6 0
6 3 7 3744
6 3 8 5882
6 3 9 4294
6 3 10 8254
6 4 0 3840
6 4 1 2346
6 4 2 1229
6 4 3 3408
6 4 4 0
6 4 5 4495
6 4 6 0
6 4 7 1985
6 4 8 626
6 4 9 5354
6 4 10 2893
6 5 0 5009
6 5 1 5872
6 5 2 5946
6 5 3 4042
6 5 4 6405
6 5 5 0
6 5 6 0
6 5 7 6772
6 5 8 5482
6 5 9 3678
6 5 10 6101
6 6 0 0
6 6 1 0
6 6 2 0
6 6 3 0
6 6 4 0
6 6 5 0
6 6 6 0
6 6 7 0
6 6 8 0
6 6 9 0
6 6 10 0
6 7 0 3711
6 7 1 6885
6 7 2 6815
6 7 3 2474
6 7 4 3932
6 7 5 6672
6 7 6 0
6 7 7 0
6 7 8 3917
6 7 9 3159
6 7 10 6192
6 8 0 4387
6 8 1 5788
6 8 2 4738
6 8 3 5449
6 8 4 3410
6 8 5 6219
6 8 6 0
6 8 7 3518
6 8 8 0
6 8 9 3646
6 8 10 5801
6 9 0 702
6 9 1 2457
6 9 2 3435
6 9 3 1033
6 9 4 5310
6 9 5 1587
6 9 6 0
6 9 7 4245
6 9 8 4867
6 9 9 0
6 9 10 5478
6 10 0 4217
6 10 1 7515
6 10 2 7885
6 10 3 8630
6 10 4 6486
6 10 5 7647
6 10 6 0
6 10 7 2927
6 10 8 6938
6 10 9 2485
6 10 10 0
7 0 0 0
7 0 1 4227
7 0 2 4643
7 0 3 2523
7 0 4 2671
7 0 5 3099
7 0 6 2465
7 0 7 0
7 0 8 4240
7 0 9 3383
7 0 10 3261
7 1 0 6269
7 1 1 0
7 1 2 8977
7 1 3 4671
7 1 4 5711
7 1 5 4564
7 1 6 7053
7 1 7 0
7 1 8 5447
7 1 9 4944
7 1 10 6365
7 2 0 7850
7 2 1 8293
7 2 2 0
7 2 3 5886
7 2 4 7433
7 2 5 5813
7 2 6 9451
7 2 7 0
7 2 8 3892
7 2 9 5417
7 2 10 6230
7 3 0 3134
7 3 1 4317
7 3 2 3586
7 3 3 0
7 3 4 1635
7 3 5 2704
7 3 6 3744
7 3 7 0
7 3 8 7179
7 3 9 5591
7 3 10 9551
7 4 0 4535
7 4 1 3041
7 4 2 1924
7 4 3 4103
7 4 4 0
7 4 5 5190
7 4 6 1985
7 4 7 0
7 4 8 882
7 4 9 5610
7 4 10 3149
7 5 0 5434
7 5 1 6297
7 5 2 6371
7 5 3 4467
7 5 4 6830
7 5 5 0
7 5 6 6772
7 5 7 0
7 5 8 7416
7 5 9 5612
7 5 10 8035
7 6 0 3280
7 6 1 5891
7 6 2 5622
7 6 3 6394
7 6 4 2431
7 6 5 5441
7 6 6 0
7 6 7 0
7 6 8 5760
7 6 9 3698
7 6 10 4481
7 7 0 0
7 7 1 0
7 7 2 0
7 7 3 0
7 7 4 0
7 7 5 0
7 7 6 0
7 7 7 0
7 7 8 0
7 7 9 0
7 7 10 0
7 8 0 1308
7 8 1 2709
7 8 2 1659
7 8 3 2370
7 8 4 331
7 8 5 3140
7 8 6 3518
7 8 7 0
7 8 8 0
7 8 9 2609
7 8 10 4764
7 9 0 3240
7 9 1 4995
7 9 2 5973
7 9 3 3571
7 9 4 7848
7 9 5 4125
7 9 6 4245
7 9 7 0
7 9 8 5134
7 9 9 0
7 9 10 5745
7 10 0 1017
7 10 1 4315
7 10 2 4685
7 10 3 5430
7 10 4 3286
7 10 5 4447
7 10 6 2927
7 10 7 0
7 10 8 9455
7 10 9 5002
7 10 10 0
8 0 0 0
8 0 1 4066
8 0 2 4482
8 0 3 2362
8 0 4 2510
8 0 5 2938
8 0 6 2304
8 0 7 4240
8 0 8 0
8 0 9 1428
8 0 10 1306
8 1 0 4335
8 1 1 0
8 1 2 7043
8 1 3 2737
8 1 4 3777
8 1 5 2630
8 1 6 5119
8 1 7 5447
8 1 8 0
8 1 9 7033
8 1 10 8454
8 2 0 4936
8 2 1 5379
8 2 2 0
8 2 3 2972
8 2 4 4519
8 2 5 2899
8 2 6 6537
8 2 7 3892
8 2 8 0
8 2 9 3125
8 2 10 3938
8 3 0 5272
8 3 1 6455
8 3 2 5724
8 3 3 0
8 3 4 3773
8 3 5 4842
8 3 6 5882
8 3 7 7179
8 3 8 0
8 3 9 5324
8 3 10 9284
8 4 0 3176
8 4 1 1682
8 4 2 565
8 4 3 2744
8 4 4 0
8 4 5 3831
8 4 6 626
8 4 7 882
8 4 8 0
8 4 9 5286
8 4 10 2825
8 5 0 4144
8 5 1 5007
8 5 2 5081
8 5 3 3177
8 5 4 5540
8 5 5 0
8 5 6 5482
8 5 7 7416
8 5 8 0
8 5 9 5979
8 5 10 8402
8 6 0 5192
8 6 1 7803
8 6 2 7534
8 6 3 8306
8 6 4 4343
8 6 5 7353
8 6 6 0
8 6 7 5760
8 6 8 0
8 6 9 4535
8 6 10 5318
8 7 0 3780
8 7 1 6954
8 7 2 6884
8 7 3 2543
8 7 4 4001
8 7 5 6741
8 7 6 3917
8 7 7 0
8 7 8 0
8 7 9 1723
8 7 10 4756
8 8 0 0
8 8 1 0
8 8 2 0
8 8 3 0
8 8 4 0
8 8 5 0
8 8 6 0
8 8 7 0
8 8 8 0
8 8 9 0
8 8 10 0
8 9 0 3862
8 9 1 5617
8 9 2 6595
8 9 3 4193
8 9 4 8470
8 9 5 4747
8 9 6 4867
8 9 7 5134
8 9 8 0
8 9 9 0
8 9 10 4320
8 10 0 5028
8 10 1 8326
8 10 2 8696
8 10 3 9441
8 10 4 7297
8 10 5 8458
8 10 6 6938
8 10 7 9455
8 10 8 0
8 10 9 2699
8 10 10 0
9 0 0 0
9 0 1 3209
9 0 2 3625
9 0 3 1505
9 0 4 1653
9 0 5 2081
9 0 6 1447
9 0 7 3383
9 0 8 1428
9 0 9 0
9 0 10 812
9 1 0 3832
9 1 1 0
9 1 2 6540
9 1 3 2234
9 1 4 3274
9 1 5 2127
9 1 6 4616
9 1 7 4944
9 1 8 7033
9 1 9 0
9 1 10 6234
9 2 0 6461
9 2 1 6904
9 2 2 0
9 2 3 4497
9 2 4 6044
9 2 5 4424
9 2 6 8062
9 2 7 5417
9 2 8 3125
9 2 9 0
9 2 10 8564
9 3 0 3684
9 3 1 4867
9 3 2 4136
9 3 3 0
9 3 4 2185
9 3 5 3254
9 3 6 4294
9 3 7 5591
9 3 8 5324
9 3 9 0
9 3 10 5560
9 4 0 7904
9 4 1 6410
9 4 2 5293
9 4 3 7472
9 4 4 0
9 4 5 8559
9 4 6 5354
9 4 7 5610
9 4 8 5286
9 4 9 0
9 4 10 7512
9 5 0 2340
9 5 1 3203
9 5 2 3277
9 5 3 1373
9 5 4 3736
9 5 5 0
9 5 6 3678
9 5 7 5612
9 5 8 5979
9 5 9 0
9 5 10 8389
9 6 0 3130
9 6 1 5741
9 6 2 5472
9 6 3 6244
9 6 4 2281
9 6 5 5291
9 6 6 0
9 6 7 3698
9 6 8 4535
9 6 9 0
9 6 10 2490
9 7 0 3022
9 7 1 6196
9 7 2 6126
9 7 3 1785
9 7 4 3243
9 7 5 5983
9 7 6 3159
9 7 7 0
9 7 8 1723
9 7 9 0
9 7 10 7545
9 8 0 1436
9 8 1 2837
9 8 2 1787
9 8 3 2498
9 8 4 459
9 8 5 3268
9 8 6 3646
9 8 7 2609
9 8 8 0
9 8 9 0
9 8 10 5864
9 9 0 0
9 9 1 0
9 9 2 0
9 9 3 0
9 9 4 0
9 9 5 0
9 9 6 0
9 9 7 0
9 9 8 0
9 9 9 0
9 9 10 0
9 10 0 575
9 10 1 3873
9 10 2 4243
9 10 3 4988
9 10 4 2844
9 10 5 4005
9 10 6 2485
9 10 7 5002
9 10 8 2699
9 10 9 0
9 10 10 0
10 0 0 0
10 0 1 3087
10 0 2 3503
10 0 3 1383
10 0 4 1531
10 0 5 1959
10 0 6 1325
10 0 7 3261
10 0 8 1306
10 0 9 812
10 0 10 0
10 1 0 5253
10 1 1 0
10 1 2 7961
10 1 3 3655
10 1 4 4695
10 1 5 3548
10 1 6 6037
10 1 7 6365
10 1 8 8454
10 1 9 6234
10 1 10 0
10 2 0 7274
10 2 1 7717
10 2 2 0
10 2 3 5310
10 2 4 6857
10 2 5 5237
10 2 6 8875
10 2 7 6230
10 2 8 3938
10 2 9 8564
10 2 10 0
10 3 0 7644
10 3 1 8827
10 3 2 8096
10 3 3 0
10 3 4 6145
10 3 5 7214
10 3 6 8254
10 3 7 9551
10 3 8 9284
10 3 9 5560
10 3 10 0
10 4 0 5443
10 4 1 3949
10 4 2 2832
10 4 3 5011
10 4 4 0
10 4 5 6098
10 4 6 2893
10 4 7 3149
10 4 8 2825
10 4 9 7512
10 4 10 0
10 5 0 4763
10 5 1 5626
10 5 2 5700
10 5 3 3796
10 5 4 6159
10 5 5 0
10 5 6 6101
10 5 7 8035
10 5 8 8402
10 5 9 8389
10 5 10 0
10 6 0 3913
10 6 1 6524
10 6 2 6255
10 6 3 7027
10 6 4 3064
10 6 5 6074
10 6 6 0
10 6 7 4481
10 6 8 5318
10 6 9 2490
10 6 10 0
10 7 0 6055
10 7 1 9229
10 7 2 9159
10 7 3 4818
10 7 4 6276
10 7 5 9016
10 7 6 6192
10 7 7 0
10 7 8 4756
10 7 9 7545
10 7 10 0
10 8 0 3591
10 8 1 4992
10 8 2 3942
10 8 3 4653
10 8 4 2614
10 8 5 5423
10 8 6 5801
10 8 7 4764
10 8 8 0
10 8 9 5864
10 8 10 0
10 9 0 4473
10 9 1 6228
10 9 2 7206
10 9 3 4804
10 9 4 9081
10 9 5 5358
10 9 6 5478
10 9 7 5745
10 9 8 4320
10 9 9 0
10 9 10 0
10 10 0 0
10 10 1 0
10 10 2 0
10 10 3 0
10 10 4 0
10 10 5 0
10 10 6 0
10 10 7 0
10 10 8 0
10 10 9 0
10 10 10 0
