18
0 0 0 0
0 0 1 0
0 0 2 0
0 0 3 0
0 0 4 0
0 0 5 0
0 0 6 0
0 0 7 0
0 0 8 0
0 0 9 0
0 0 10 0
0 0 11 0
0 0 12 0
0 0 13 0
0 0 14 0
0 0 15 0
0 0 16 0
0 0 17 0
0 1 0 0
0 1 1 0
0 1 2 7452
0 1 3 5077
0 1 4 9440
0 1 5 7025
0 1 6 6125
0 1 7 9238
0 1 8 6943
0 1 9 7084
0 1 10 6818
0 1 11 9483
0 1 12 5309
0 1 13 6512
0 1 14 9459
0 1 15 6714
0 1 16 5890
0 1 17 6282
0 2 0 0
0 2 1 7155
0 2 2 0
0 2 3 3451
0 2 4 3880
0 2 5 5884
0 2 6 6745
0 2 7 3981
0 2 8 7508
0 2 9 3970
0 2 10 5648
0 2 11 6491
0 2 12 6773
0 2 13 3713
0 2 14 3774
0 2 15 7965
0 2 16 6310
0 2 17 5258
0 3 0 0
0 3 1 9019
0 3 2 8330
0 3 3 0
0 3 4 8669
0 3 5 6341
0 3 6 4153
0 3 7 4212
0 3 8 6861
0 3 9 6415
0 3 10 5890
0 3 11 6082
0 3 12 6502
0 3 13 8515
0 3 14 6430
0 3 15 4579
0 3 16 7242
0 3 17 5654
0 4 0 0
0 4 1 5925
0 4 2 4633
0 4 3 4049
0 4 4 0
0 4 5 5607
0 4 6 7306
0 4 7 6768
0 4 8 4209
0 4 9 8623
0 4 10 7629
0 4 11 6486
0 4 12 7412
0 4 13 6366
0 4 14 4612
0 4 15 3870
0 4 16 6585
0 4 17 3944
0 5 0 0
0 5 1 1719
0 5 2 3482
0 5 3 3161
0 5 4 4832
0 5 5 0
0 5 6 4554
0 5 7 1802
0 5 8 5385
0 5 9 1437
0 5 10 1763
0 5 11 3300
0 5 12 3358
0 5 13 4911
0 5 14 5484
0 5 15 1988
0 5 16 3028
0 5 17 4185
0 6 0 0
0 6 1 4328
0 6 2 4141
0 6 3 2710
0 6 4 6209
0 6 5 5209
0 6 6 0
0 6 7 2740
0 6 8 7544
0 6 9 6968
0 6 10 4776
0 6 11 4899
0 6 12 4045
0 6 13 4722
0 6 14 5837
0 6 15 7454
0 6 16 3696
0 6 17 5404
0 7 0 0
0 7 1 4917
0 7 2 4346
0 7 3 3953
0 7 4 4440
0 7 5 4210
0 7 6 3062
0 7 7 0
0 7 8 2426
0 7 9 5072
0 7 10 3373
0 7 11 1280
0 7 12 4217
0 7 13 4492
0 7 14 2724
0 7 15 2824
0 7 16 2831
0 7 17 4009
0 8 0 0
0 8 1 1581
0 8 2 4905
0 8 3 2056
0 8 4 4161
0 8 5 3813
0 8 6 3542
0 8 7 4047
0 8 8 0
0 8 9 3429
0 8 10 4827
0 8 11 5467
0 8 12 4192
0 8 13 5949
0 8 14 4912
0 8 15 4807
0 8 16 5860
0 8 17 4385
0 9 0 0
0 9 1 5038
0 9 2 6801
0 9 3 4816
0 9 4 4700
0 9 5 2631
0 9 6 5347
0 9 7 3498
0 9 8 2868
0 9 9 0
0 9 10 2694
0 9 11 5004
0 9 12 6459
0 9 13 4972
0 9 14 3100
0 9 15 2967
0 9 16 6315
0 9 17 6899
0 10 0 0
0 10 1 2178
0 10 2 2789
0 10 3 5125
0 10 4 3336
0 10 5 2465
0 10 6 1777
0 10 7 1372
0 10 8 5292
0 10 9 1907
0 10 10 0
0 10 11 1008
0 10 12 3148
0 10 13 5438
0 10 14 1510
0 10 15 2791
0 10 16 5223
0 10 17 1850
0 11 0 0
0 11 1 3916
0 11 2 4106
0 11 3 2506
0 11 4 5802
0 11 5 2870
0 11 6 3186
0 11 7 3820
0 11 8 5471
0 11 9 6773
0 11 10 5645
0 11 11 0
0 11 12 3931
0 11 13 3499
0 11 14 6273
0 11 15 3919
0 11 16 5233
0 11 17 3769
0 12 0 0
0 12 1 6298
0 12 2 6478
0 12 3 5871
0 12 4 6002
0 12 5 6786
0 12 6 3513
0 12 7 3466
0 12 8 3518
0 12 9 4281
0 12 10 4514
0 12 11 4151
0 12 12 0
0 12 13 2479
0 12 14 4849
0 12 15 4496
0 12 16 4074
0 12 17 3653
0 13 0 0
0 13 1 5931
0 13 2 4061
0 13 3 7366
0 13 4 7078
0 13 5 5671
0 13 6 4050
0 13 7 7341
0 13 8 5906
0 13 9 4488
0 13 10 8310
0 13 11 8607
0 13 12 5734
0 13 13 0
0 13 14 6330
0 13 15 5982
0 13 16 8124
0 13 17 7481
0 14 0 0
0 14 1 2703
0 14 2 2159
0 14 3 1586
0 14 4 6001
0 14 5 3257
0 14 6 5369
0 14 7 5861
0 14 8 5800
0 14 9 5821
0 14 10 2536
0 14 11 2509
0 14 12 2500
0 14 13 3196
0 14 14 0
0 14 15 2046
0 14 16 4630
0 14 17 4017
0 15 0 0
0 15 1 5587
0 15 2 4210
0 15 3 7737
0 15 4 8665
0 15 5 4090
0 15 6 8162
0 15 7 8511
0 15 8 6229
0 15 9 4505
0 15 10 8774
0 15 11 4695
0 15 12 6795
0 15 13 5096
0 15 14 5383
0 15 15 0
0 15 16 6639
0 15 17 5387
0 16 0 0
0 16 1 4419
0 16 2 6770
0 16 3 7891
0 16 4 5134
0 16 5 8981
0 16 6 6154
0 16 7 6509
0 16 8 7309
0 16 9 6645
0 16 10 5785
0 16 11 7867
0 16 12 7411
0 16 13 4332
0 16 14 5286
0 16 15 6097
0 16 16 0
0 16 17 7285
0 17 0 0
0 17 1 5309
0 17 2 6498
0 17 3 5924
0 17 4 4101
0 17 5 6167
0 17 6 3738
0 17 7 5633
0 17 8 5932
0 17 9 5757
0 17 10 6818
0 17 11 5591
0 17 12 5002
0 17 13 6115
0 17 14 5361
0 17 15 6740
0 17 16 7873
0 17 17 0
1 0 0 0
1 0 1 0
1 0 2 7264
1 0 3 8391
1 0 4 8017
1 0 5 5511
1 0 6 6867
1 0 7 5338
1 0 8 5755
1 0 9 6633
1 0 10 5237
1 0 11 6059
1 0 12 6547
1 0 13 7980
1 0 14 5477
1 0 15 8187
1 0 16 8537
1 0 17 7433
1 1 0 0
1 1 1 0
1 1 2 0
1 1 3 0
1 1 4 0
1 1 5 0
1 1 6 0
1 1 7 0
1 1 8 0
1 1 9 0
1 1 10 0
1 1 11 0
1 1 12 0
1 1 13 0
1 1 14 0
1 1 15 0
1 1 16 0
1 1 17 0
1 2 0 7155
1 2 1 0
1 2 2 0
1 2 3 3043
1 2 4 3472
1 2 5 5476
1 2 6 6337
1 2 7 3573
1 2 8 7100
1 2 9 3562
1 2 10 5240
1 2 11 6083
1 2 12 6365
1 2 13 3305
1 2 14 3366
1 2 15 7557
1 2 16 5902
1 2 17 4850
1 3 0 9019
1 3 1 0
1 3 2 4420
1 3 3 0
1 3 4 4759
1 3 5 2431
1 3 6 243
1 3 7 302
1 3 8 2951
1 3 9 2505
1 3 10 1980
1 3 11 2172
1 3 12 2592
1 3 13 4605
1 3 14 2520
1 3 15 669
1 3 16 3332
1 3 17 1744
1 4 0 5925
1 4 1 0
1 4 2 5460
1 4 3 4876
1 4 4 0
1 4 5 6434
1 4 6 8133
1 4 7 7595
1 4 8 5036
1 4 9 9450
1 4 10 8456
1 4 11 7313
1 4 12 8239
1 4 13 7193
1 4 14 5439
1 4 15 4697
1 4 16 7412
1 4 17 4771
1 5 0 1719
1 5 1 0
1 5 2 4400
1 5 3 4079
1 5 4 5750
1 5 5 0
1 5 6 5472
1 5 7 2720
1 5 8 6303
1 5 9 2355
1 5 10 2681
1 5 11 4218
1 5 12 4276
1 5 13 5829
1 5 14 6402
1 5 15 2906
1 5 16 3946
1 5 17 5103
1 6 0 4328
1 6 1 0
1 6 2 2803
1 6 3 1372
1 6 4 4871
1 6 5 3871
1 6 6 0
1 6 7 1402
1 6 8 6206
1 6 9 5630
1 6 10 3438
1 6 11 3561
1 6 12 2707
1 6 13 3384
1 6 14 4499
1 6 15 6116
1 6 16 2358
1 6 17 4066
1 7 0 4917
1 7 1 0
1 7 2 7650
1 7 3 7257
1 7 4 7744
1 7 5 7514
1 7 6 6366
1 7 7 0
1 7 8 5730
1 7 9 8376
1 7 10 6677
1 7 11 4584
1 7 12 7521
1 7 13 7796
1 7 14 6028
1 7 15 6128
1 7 16 6135
1 7 17 7313
1 8 0 1581
1 8 1 0
1 8 2 5497
1 8 3 2648
1 8 4 4753
1 8 5 4405
1 8 6 4134
1 8 7 4639
1 8 8 0
1 8 9 4021
1 8 10 5419
1 8 11 6059
1 8 12 4784
1 8 13 6541
1 8 14 5504
1 8 15 5399
1 8 16 6452
1 8 17 4977
1 9 0 5038
1 9 1 0
1 9 2 6656
1 9 3 4671
1 9 4 4555
1 9 5 2486
1 9 6 5202
1 9 7 3353
1 9 8 2723
1 9 9 0
1 9 10 2549
1 9 11 4859
1 9 12 6314
1 9 13 4827
1 9 14 2955
1 9 15 2822
1 9 16 6170
1 9 17 6754
1 10 0 2178
1 10 1 0
1 10 2 3774
1 10 3 6110
1 10 4 4321
1 10 5 3450
1 10 6 2762
1 10 7 2357
1 10 8 6277
1 10 9 2892
1 10 10 0
1 10 11 1993
1 10 12 4133
1 10 13 6423
1 10 14 2495
1 10 15 3776
1 10 16 6208
1 10 17 2835
1 11 0 3916
1 11 1 0
1 11 2 6934
1 11 3 5334
1 11 4 8630
1 11 5 5698
1 11 6 6014
1 11 7 6648
1 11 8 8299
1 11 9 9601
1 11 10 8473
1 11 11 0
1 11 12 6759
1 11 13 6327
1 11 14 9101
1 11 15 6747
1 11 16 8061
1 11 17 6597
1 12 0 6298
1 12 1 0
1 12 2 4644
1 12 3 4037
1 12 4 4168
1 12 5 4952
1 12 6 1679
1 12 7 1632
1 12 8 1684
1 12 9 2447
1 12 10 2680
1 12 11 2317
1 12 12 0
1 12 13 645
1 12 14 3015
1 12 15 2662
1 12 16 2240
1 12 17 1819
1 13 0 5931
1 13 1 0
1 13 2 1997
1 13 3 5302
1 13 4 5014
1 13 5 3607
1 13 6 1986
1 13 7 5277
1 13 8 3842
1 13 9 2424
1 13 10 6246
1 13 11 6543
1 13 12 3670
1 13 13 0
1 13 14 4266
1 13 15 3918
1 13 16 6060
1 13 17 5417
1 14 0 2703
1 14 1 0
1 14 2 5545
1 14 3 4972
1 14 4 9387
1 14 5 6643
1 14 6 8755
1 14 7 9247
1 14 8 9186
1 14 9 9207
1 14 10 5922
1 14 11 5895
1 14 12 5886
1 14 13 6582
1 14 14 0
1 14 15 5432
1 14 16 8016
1 14 17 7403
1 15 0 5587
1 15 1 0
1 15 2 2141
1 15 3 5668
1 15 4 6596
1 15 5 2021
1 15 6 6093
1 15 7 6442
1 15 8 4160
1 15 9 2436
1 15 10 6705
1 15 11 2626
1 15 12 4726
1 15 13 3027
1 15 14 3314
1 15 15 0
1 15 16 4570
1 15 17 3318
1 16 0 4419
1 16 1 0
1 16 2 3527
1 16 3 4648
1 16 4 1891
1 16 5 5738
1 16 6 2911
1 16 7 3266
1 16 8 4066
1 16 9 3402
1 16 10 2542
1 16 11 4624
1 16 12 4168
1 16 13 1089
1 16 14 2043
1 16 15 2854
1 16 16 0
1 16 17 4042
1 17 0 5309
1 17 1 0
1 17 2 4751
1 17 3 4177
1 17 4 2354
1 17 5 4420
1 17 6 1991
1 17 7 3886
1 17 8 4185
1 17 9 4010
1 17 10 5071
1 17 11 3844
1 17 12 3255
1 17 13 4368
1 17 14 3614
1 17 15 4993
1 17 16 6126
1 17 17 0
2 0 0 0
2 0 1 7264
2 0 2 0
2 0 3 7452
2 0 4 7078
2 0 5 4572
2 0 6 5928
2 0 7 4399
2 0 8 4816
2 0 9 5694
2 0 10 4298
2 0 11 5120
2 0 12 5608
2 0 13 7041
2 0 14 4538
2 0 15 7248
2 0 16 7598
2 0 17 6494
2 1 0 7452
2 1 1 0
2 1 2 0
2 1 3 4372
2 1 4 8735
2 1 5 6320
2 1 6 5420
2 1 7 8533
2 1 8 6238
2 1 9 6379
2 1 10 6113
2 1 11 8778
2 1 12 4604
2 1 13 5807
2 1 14 8754
2 1 15 6009
2 1 16 5185
2 1 17 5577
2 2 0 0
2 2 1 0
2 2 2 0
2 2 3 0
2 2 4 0
2 2 5 0
2 2 6 0
2 2 7 0
2 2 8 0
2 2 9 0
2 2 10 0
2 2 11 0
2 2 12 0
2 2 13 0
2 2 14 0
2 2 15 0
2 2 16 0
2 2 17 0
2 3 0 8330
2 3 1 4420
2 3 2 0
2 3 3 0
2 3 4 4989
2 3 5 2661
2 3 6 473
2 3 7 532
2 3 8 3181
2 3 9 2735
2 3 10 2210
2 3 11 2402
2 3 12 2822
2 3 13 4835
2 3 14 2750
2 3 15 899
2 3 16 3562
2 3 17 1974
2 4 0 4633
2 4 1 5460
2 4 2 0
2 4 3 1172
2 4 4 0
2 4 5 2730
2 4 6 4429
2 4 7 3891
2 4 8 1332
2 4 9 5746
2 4 10 4752
2 4 11 3609
2 4 12 4535
2 4 13 3489
2 4 14 1735
2 4 15 993
2 4 16 3708
2 4 17 1067
2 5 0 3482
2 5 1 4400
2 5 2 0
2 5 3 4794
2 5 4 6465
2 5 5 0
2 5 6 6187
2 5 7 3435
2 5 8 7018
2 5 9 3070
2 5 10 3396
2 5 11 4933
2 5 12 4991
2 5 13 6544
2 5 14 7117
2 5 15 3621
2 5 16 4661
2 5 17 5818
2 6 0 4141
2 6 1 2803
2 6 2 0
2 6 3 3848
2 6 4 7347
2 6 5 6347
2 6 6 0
2 6 7 3878
2 6 8 8682
2 6 9 8106
2 6 10 5914
2 6 11 6037
2 6 12 5183
2 6 13 5860
2 6 14 6975
2 6 15 8592
2 6 16 4834
2 6 17 6542
2 7 0 4346
2 7 1 7650
2 7 2 0
2 7 3 3856
2 7 4 4343
2 7 5 4113
2 7 6 2965
2 7 7 0
2 7 8 2329
2 7 9 4975
2 7 10 3276
2 7 11 1183
2 7 12 4120
2 7 13 4395
2 7 14 2627
2 7 15 2727
2 7 16 2734
2 7 17 3912
2 8 0 4905
2 8 1 5497
2 8 2 0
2 8 3 5069
2 8 4 7174
2 8 5 6826
2 8 6 6555
2 8 7 7060
2 8 8 0
2 8 9 6442
2 8 10 7840
2 8 11 8480
2 8 12 7205
2 8 13 8962
2 8 14 7925
2 8 15 7820
2 8 16 8873
2 8 17 7398
2 9 0 6801
2 9 1 6656
2 9 2 0
2 9 3 3413
2 9 4 3297
2 9 5 1228
2 9 6 3944
2 9 7 2095
2 9 8 1465
2 9 9 0
2 9 10 1291
2 9 11 3601
2 9 12 5056
2 9 13 3569
2 9 14 1697
2 9 15 1564
2 9 16 4912
2 9 17 5496
2 10 0 2789
2 10 1 3774
2 10 2 0
2 10 3 6796
2 10 4 5007
2 10 5 4136
2 10 6 3448
2 10 7 3043
2 10 8 6963
2 10 9 3578
2 10 10 0
2 10 11 2679
2 10 12 4819
2 10 13 7109
2 10 14 3181
2 10 15 4462
2 10 16 6894
2 10 17 3521
2 11 0 4106
2 11 1 6934
2 11 2 0
2 11 3 4198
2 11 4 7494
2 11 5 4562
2 11 6 4878
2 11 7 5512
2 11 8 7163
2 11 9 8465
2 11 10 7337
2 11 11 0
2 11 12 5623
2 11 13 5191
2 11 14 7965
2 11 15 5611
2 11 16 6925
2 11 17 5461
2 12 0 6478
2 12 1 4644
2 12 2 0
2 12 3 7357
2 12 4 7488
2 12 5 8272
2 12 6 4999
2 12 7 4952
2 12 8 5004
2 12 9 5767
2 12 10 6000
2 12 11 5637
2 12 12 0
2 12 13 3965
2 12 14 6335
2 12 15 5982
2 12 16 5560
2 12 17 5139
2 13 0 4061
2 13 1 1997
2 13 2 0
2 13 3 4359
2 13 4 4071
2 13 5 2664
2 13 6 1043
2 13 7 4334
2 13 8 2899
2 13 9 1481
2 13 10 5303
2 13 11 5600
2 13 12 2727
2 13 13 0
2 13 14 3323
2 13 15 2975
2 13 16 5117
2 13 17 4474
2 14 0 2159
2 14 1 5545
2 14 2 0
2 14 3 1143
2 14 4 5558
2 14 5 2814
2 14 6 4926
2 14 7 5418
2 14 8 5357
2 14 9 5378
2 14 10 2093
2 14 11 2066
2 14 12 2057
2 14 13 2753
2 14 14 0
2 14 15 1603
2 14 16 4187
2 14 17 3574
2 15 0 4210
2 15 1 2141
2 15 2 0
2 15 3 8775
2 15 4 9703
2 15 5 5128
2 15 6 9200
2 15 7 9549
2 15 8 7267
2 15 9 5543
2 15 10 9812
2 15 11 5733
2 15 12 7833
2 15 13 6134
2 15 14 6421
2 15 15 0
2 15 16 7677
2 15 17 6425
2 16 0 6770
2 16 1 3527
2 16 2 0
2 16 3 6924
2 16 4 4167
2 16 5 8014
2 16 6 5187
2 16 7 5542
2 16 8 6342
2 16 9 5678
2 16 10 4818
2 16 11 6900
2 16 12 6444
2 16 13 3365
2 16 14 4319
2 16 15 5130
2 16 16 0
2 16 17 6318
2 17 0 6498
2 17 1 4751
2 17 2 0
2 17 3 5009
2 17 4 3186
2 17 5 5252
2 17 6 2823
2 17 7 4718
2 17 8 5017
2 17 9 4842
2 17 10 5903
2 17 11 4676
2 17 12 4087
2 17 13 5200
2 17 14 4446
2 17 15 5825
2 17 16 6958
2 17 17 0
3 0 0 0
3 0 1 8391
3 0 2 7452
3 0 3 0
3 0 4 7885
3 0 5 5379
3 0 6 6735
3 0 7 5206
3 0 8 5623
3 0 9 6501
3 0 10 5105
3 0 11 5927
3 0 12 6415
3 0 13 7848
3 0 14 5345
3 0 15 8055
3 0 16 8405
3 0 17 7301
3 1 0 5077
3 1 1 0
3 1 2 4372
3 1 3 0
3 1 4 9472
3 1 5 7057
3 1 6 6157
3 1 7 9270
3 1 8 6975
3 1 9 7116
3 1 10 6850
3 1 11 9515
3 1 12 5341
3 1 13 6544
3 1 14 9491
3 1 15 6746
3 1 16 5922
3 1 17 6314
3 2 0 3451
3 2 1 3043
3 2 2 0
3 2 3 0
3 2 4 5079
3 2 5 7083
3 2 6 7944
3 2 7 5180
3 2 8 8707
3 2 9 5169
3 2 10 6847
3 2 11 7690
3 2 12 7972
3 2 13 4912
3 2 14 4973
3 2 15 9164
3 2 16 7509
3 2 17 6457
3 3 0 0
3 3 1 0
3 3 2 0
3 3 3 0
3 3 4 0
3 3 5 0
3 3 6 0
3 3 7 0
3 3 8 0
3 3 9 0
3 3 10 0
3 3 11 0
3 3 12 0
3 3 13 0
3 3 14 0
3 3 15 0
3 3 16 0
3 3 17 0
3 4 0 4049
3 4 1 4876
3 4 2 1172
3 4 3 0
3 4 4 0
3 4 5 6392
3 4 6 8091
3 4 7 7553
3 4 8 4994
3 4 9 9408
3 4 10 8414
3 4 11 7271
3 4 12 8197
3 4 13 7151
3 4 14 5397
3 4 15 4655
3 4 16 7370
3 4 17 4729
3 5 0 3161
3 5 1 4079
3 5 2 4794
3 5 3 0
3 5 4 5795
3 5 5 0
3 5 6 5517
3 5 7 2765
3 5 8 6348
3 5 9 2400
3 5 10 2726
3 5 11 4263
3 5 12 4321
3 5 13 5874
3 5 14 6447
3 5 15 2951
3 5 16 3991
3 5 17 5148
3 6 0 2710
3 6 1 1372
3 6 2 3848
3 6 3 0
3 6 4 3628
3 6 5 2628
3 6 6 0
3 6 7 159
3 6 8 4963
3 6 9 4387
3 6 10 2195
3 6 11 2318
3 6 12 1464
3 6 13 2141
3 6 14 3256
3 6 15 4873
3 6 16 1115
3 6 17 2823
3 7 0 3953
3 7 1 7257
3 7 2 3856
3 7 3 0
3 7 4 3447
3 7 5 3217
3 7 6 2069
3 7 7 0
3 7 8 1433
3 7 9 4079
3 7 10 2380
3 7 11 287
3 7 12 3224
3 7 13 3499
3 7 14 1731
3 7 15 1831
3 7 16 1838
3 7 17 3016
3 8 0 2056
3 8 1 2648
3 8 2 5069
3 8 3 0
3 8 4 5400
3 8 5 5052
3 8 6 4781
3 8 7 5286
3 8 8 0
3 8 9 4668
3 8 10 6066
3 8 11 6706
3 8 12 5431
3 8 13 7188
3 8 14 6151
3 8 15 6046
3 8 16 7099
3 8 17 5624
3 9 0 4816
3 9 1 4671
3 9 2 3413
3 9 3 0
3 9 4 4615
3 9 5 2546
3 9 6 5262
3 9 7 3413
3 9 8 2783
3 9 9 0
3 9 10 2609
3 9 11 4919
3 9 12 6374
3 9 13 4887
3 9 14 3015
3 9 15 2882
3 9 16 6230
3 9 17 6814
3 10 0 5125
3 10 1 6110
3 10 2 6796
3 10 3 0
3 10 4 4122
3 10 5 3251
3 10 6 2563
3 10 7 2158
3 10 8 6078
3 10 9 2693
3 10 10 0
3 10 11 1794
3 10 12 3934
3 10 13 6224
3 10 14 2296
3 10 15 3577
3 10 16 6009
3 10 17 2636
3 11 0 2506
3 11 1 5334
3 11 2 4198
3 11 3 0
3 11 4 5958
3 11 5 3026
3 11 6 3342
3 11 7 3976
3 11 8 5627
3 11 9 6929
3 11 10 5801
3 11 11 0
3 11 12 4087
3 11 13 3655
3 11 14 6429
3 11 15 4075
3 11 16 5389
3 11 17 3925
3 12 0 5871
3 12 1 4037
3 12 2 7357
3 12 3 0
3 12 4 6090
3 12 5 6874
3 12 6 3601
3 12 7 3554
3 12 8 3606
3 12 9 4369
3 12 10 4602
3 12 11 4239
3 12 12 0
3 12 13 2567
3 12 14 4937
3 12 15 4584
3 12 16 4162
3 12 17 3741
3 13 0 7366
3 13 1 5302
3 13 2 4359
3 13 3 0
3 13 4 7746
3 13 5 6339
3 13 6 4718
3 13 7 8009
3 13 8 6574
3 13 9 5156
3 13 10 8978
3 13 11 9275
3 13 12 6402
3 13 13 0
3 13 14 6998
3 13 15 6650
3 13 16 8792
3 13 17 8149
3 14 0 1586
3 14 1 4972
3 14 2 1143
3 14 3 0
3 14 4 7087
3 14 5 4343
3 14 6 6455
3 14 7 6947
3 14 8 6886
3 14 9 6907
3 14 10 3622
3 14 11 3595
3 14 12 3586
3 14 13 4282
3 14 14 0
3 14 15 3132
3 14 16 5716
3 14 17 5103
3 15 0 7737
3 15 1 5668
3 15 2 8775
3 15 3 0
3 15 4 5190
3 15 5 615
3 15 6 4687
3 15 7 5036
3 15 8 2754
3 15 9 1030
3 15 10 5299
3 15 11 1220
3 15 12 3320
3 15 13 1621
3 15 14 1908
3 15 15 0
3 15 16 3164
3 15 17 1912
3 16 0 7891
3 16 1 4648
3 16 2 6924
3 16 3 0
3 16 4 3972
3 16 5 7819
3 16 6 4992
3 16 7 5347
3 16 8 6147
3 16 9 5483
3 16 10 4623
3 16 11 6705
3 16 12 6249
3 16 13 3170
3 16 14 4124
3 16 15 4935
3 16 16 0
3 16 17 6123
3 17 0 5924
3 17 1 4177
3 17 2 5009
3 17 3 0
3 17 4 2455
3 17 5 4521
3 17 6 2092
3 17 7 3987
3 17 8 4286
3 17 9 4111
3 17 10 5172
3 17 11 3945
3 17 12 3356
3 17 13 4469
3 17 14 3715
3 17 15 5094
3 17 16 6227
3 17 17 0
4 0 0 0
4 0 1 8017
4 0 2 7078
4 0 3 7885
4 0 4 0
4 0 5 5156
4 0 6 6512
4 0 7 4983
4 0 8 5400
4 0 9 6278
4 0 10 4882
4 0 11 5704
4 0 12 6192
4 0 13 7625
4 0 14 5122
4 0 15 7832
4 0 16 8182
4 0 17 7078
4 1 0 9440
4 1 1 0
4 1 2 8735
4 1 3 9472
4 1 4 0
4 1 5 4337
4 1 6 3437
4 1 7 6550
4 1 8 4255
4 1 9 4396
4 1 10 4130
4 1 11 6795
4 1 12 2621
4 1 13 3824
4 1 14 6771
4 1 15 4026
4 1 16 3202
4 1 17 3594
4 2 0 3880
4 2 1 3472
4 2 2 0
4 2 3 5079
4 2 4 0
4 2 5 3760
4 2 6 4621
4 2 7 1857
4 2 8 5384
4 2 9 1846
4 2 10 3524
4 2 11 4367
4 2 12 4649
4 2 13 1589
4 2 14 1650
4 2 15 5841
4 2 16 4186
4 2 17 3134
4 3 0 8669
4 3 1 4759
4 3 2 4989
4 3 3 0
4 3 4 0
4 3 5 2506
4 3 6 318
4 3 7 377
4 3 8 3026
4 3 9 2580
4 3 10 2055
4 3 11 2247
4 3 12 2667
4 3 13 4680
4 3 14 2595
4 3 15 744
4 3 16 3407
4 3 17 1819
4 4 0 0
4 4 1 0
4 4 2 0
4 4 3 0
4 4 4 0
4 4 5 0
4 4 6 0
4 4 7 0
4 4 8 0
4 4 9 0
4 4 10 0
4 4 11 0
4 4 12 0
4 4 13 0
4 4 14 0
4 4 15 0
4 4 16 0
4 4 17 0
4 5 0 4832
4 5 1 5750
4 5 2 6465
4 5 3 5795
4 5 4 0
4 5 5 0
4 5 6 5157
4 5 7 2405
4 5 8 5988
4 5 9 2040
4 5 10 2366
4 5 11 3903
4 5 12 3961
4 5 13 5514
4 5 14 6087
4 5 15 2591
4 5 16 3631
4 5 17 4788
4 6 0 6209
4 6 1 4871
4 6 2 7347
4 6 3 3628
4 6 4 0
4 6 5 6155
4 6 6 0
4 6 7 3686
4 6 8 8490
4 6 9 7914
4 6 10 5722
4 6 11 5845
4 6 12 4991
4 6 13 5668
4 6 14 6783
4 6 15 8400
4 6 16 4642
4 6 17 6350
4 7 0 4440
4 7 1 7744
4 7 2 4343
4 7 3 3447
4 7 4 0
4 7 5 6147
4 7 6 4999
4 7 7 0
4 7 8 4363
4 7 9 7009
4 7 10 5310
4 7 11 3217
4 7 12 6154
4 7 13 6429
4 7 14 4661
4 7 15 4761
4 7 16 4768
4 7 17 5946
4 8 0 4161
4 8 1 4753
4 8 2 7174
4 8 3 5400
4 8 4 0
4 8 5 2774
4 8 6 2503
4 8 7 3008
4 8 8 0
4 8 9 2390
4 8 10 3788
4 8 11 4428
4 8 12 3153
4 8 13 4910
4 8 14 3873
4 8 15 3768
4 8 16 4821
4 8 17 3346
4 9 0 4700
4 9 1 4555
4 9 2 3297
4 9 3 4615
4 9 4 0
4 9 5 5128
4 9 6 7844
4 9 7 5995
4 9 8 5365
4 9 9 0
4 9 10 5191
4 9 11 7501
4 9 12 8956
4 9 13 7469
4 9 14 5597
4 9 15 5464
4 9 16 8812
4 9 17 9396
4 10 0 3336
4 10 1 4321
4 10 2 5007
4 10 3 4122
4 10 4 0
4 10 5 5364
4 10 6 4676
4 10 7 4271
4 10 8 8191
4 10 9 4806
4 10 10 0
4 10 11 3907
4 10 12 6047
4 10 13 8337
4 10 14 4409
4 10 15 5690
4 10 16 8122
4 10 17 4749
4 11 0 5802
4 11 1 8630
4 11 2 7494
4 11 3 5958
4 11 4 0
4 11 5 3804
4 11 6 4120
4 11 7 4754
4 11 8 6405
4 11 9 7707
4 11 10 6579
4 11 11 0
4 11 12 4865
4 11 13 4433
4 11 14 7207
4 11 15 4853
4 11 16 6167
4 11 17 4703
4 12 0 6002
4 12 1 4168
4 12 2 7488
4 12 3 6090
4 12 4 0
4 12 5 8158
4 12 6 4885
4 12 7 4838
4 12 8 4890
4 12 9 5653
4 12 10 5886
4 12 11 5523
4 12 12 0
4 12 13 3851
4 12 14 6221
4 12 15 5868
4 12 16 5446
4 12 17 5025
4 13 0 7078
4 13 1 5014
4 13 2 4071
4 13 3 7746
4 13 4 0
4 13 5 4564
4 13 6 2943
4 13 7 6234
4 13 8 4799
4 13 9 3381
4 13 10 7203
4 13 11 7500
4 13 12 4627
4 13 13 0
4 13 14 5223
4 13 15 4875
4 13 16 7017
4 13 17 6374
4 14 0 6001
4 14 1 9387
4 14 2 5558
4 14 3 7087
4 14 4 0
4 14 5 2899
4 14 6 5011
4 14 7 5503
4 14 8 5442
4 14 9 5463
4 14 10 2178
4 14 11 2151
4 14 12 2142
4 14 13 2838
4 14 14 0
4 14 15 1688
4 14 16 4272
4 14 17 3659
4 15 0 8665
4 15 1 6596
4 15 2 9703
4 15 3 5190
4 15 4 0
4 15 5 280
4 15 6 4352
4 15 7 4701
4 15 8 2419
4 15 9 695
4 15 10 4964
4 15 11 885
4 15 12 2985
4 15 13 1286
4 15 14 1573
4 15 15 0
4 15 16 2829
4 15 17 1577
4 16 0 5134
4 16 1 1891
4 16 2 4167
4 16 3 3972
4 16 4 0
4 16 5 7536
4 16 6 4709
4 16 7 5064
4 16 8 5864
4 16 9 5200
4 16 10 4340
4 16 11 6422
4 16 12 5966
4 16 13 2887
4 16 14 3841
4 16 15 4652
4 16 16 0
4 16 17 5840
4 17 0 4101
4 17 1 2354
4 17 2 3186
4 17 3 2455
4 17 4 0
4 17 5 3185
4 17 6 756
4 17 7 2651
4 17 8 2950
4 17 9 2775
4 17 10 3836
4 17 11 2609
4 17 12 2020
4 17 13 3133
4 17 14 2379
4 17 15 3758
4 17 16 4891
4 17 17 0
5 0 0 0
5 0 1 5511
5 0 2 4572
5 0 3 5379
5 0 4 5156
5 0 5 0
5 0 6 5410
5 0 7 3881
5 0 8 4298
5 0 9 5176
5 0 10 3780
5 0 11 4602
5 0 12 5090
5 0 13 6523
5 0 14 4020
5 0 15 6730
5 0 16 7080
5 0 17 5976
5 1 0 7025
5 1 1 0
5 1 2 6320
5 1 3 7057
5 1 4 4337
5 1 5 0
5 1 6 1737
5 1 7 4850
5 1 8 2555
5 1 9 2696
5 1 10 2430
5 1 11 5095
5 1 12 921
5 1 13 2124
5 1 14 5071
5 1 15 2326
5 1 16 1502
5 1 17 1894
5 2 0 5884
5 2 1 5476
5 2 2 0
5 2 3 7083
5 2 4 3760
5 2 5 0
5 2 6 5976
5 2 7 3212
5 2 8 6739
5 2 9 3201
5 2 10 4879
5 2 11 5722
5 2 12 6004
5 2 13 2944
5 2 14 3005
5 2 15 7196
5 2 16 5541
5 2 17 4489
5 3 0 6341
5 3 1 2431
5 3 2 2661
5 3 3 0
5 3 4 2506
5 3 5 0
5 3 6 1936
5 3 7 1995
5 3 8 4644
5 3 9 4198
5 3 10 3673
5 3 11 3865
5 3 12 4285
5 3 13 6298
5 3 14 4213
5 3 15 2362
5 3 16 5025
5 3 17 3437
5 4 0 5607
5 4 1 6434
5 4 2 2730
5 4 3 6392
5 4 4 0
5 4 5 0
5 4 6 7134
5 4 7 6596
5 4 8 4037
5 4 9 8451
5 4 10 7457
5 4 11 6314
5 4 12 7240
5 4 13 6194
5 4 14 4440
5 4 15 3698
5 4 16 6413
5 4 17 3772
5 5 0 0
5 5 1 0
5 5 2 0
5 5 3 0
5 5 4 0
5 5 5 0
5 5 6 0
5 5 7 0
5 5 8 0
5 5 9 0
5 5 10 0
5 5 11 0
5 5 12 0
5 5 13 0
5 5 14 0
5 5 15 0
5 5 16 0
5 5 17 0
5 6 0 5209
5 6 1 3871
5 6 2 6347
5 6 3 2628
5 6 4 6155
5 6 5 0
5 6 6 0
5 6 7 3440
5 6 8 8244
5 6 9 7668
5 6 10 5476
5 6 11 5599
5 6 12 4745
5 6 13 5422
5 6 14 6537
5 6 15 8154
5 6 16 4396
5 6 17 6104
5 7 0 4210
5 7 1 7514
5 7 2 4113
5 7 3 3217
5 7 4 6147
5 7 5 0
5 7 6 2539
5 7 7 0
5 7 8 1903
5 7 9 4549
5 7 10 2850
5 7 11 757
5 7 12 3694
5 7 13 3969
5 7 14 2201
5 7 15 2301
5 7 16 2308
5 7 17 3486
5 8 0 3813
5 8 1 4405
5 8 2 6826
5 8 3 5052
5 8 4 2774
5 8 5 0
5 8 6 6185
5 8 7 6690
5 8 8 0
5 8 9 6072
5 8 10 7470
5 8 11 8110
5 8 12 6835
5 8 13 8592
5 8 14 7555
5 8 15 7450
5 8 16 8503
5 8 17 7028
5 9 0 2631
5 9 1 2486
5 9 2 1228
5 9 3 2546
5 9 4 5128
5 9 5 0
5 9 6 3164
5 9 7 1315
5 9 8 685
5 9 9 0
5 9 10 511
5 9 11 2821
5 9 12 4276
5 9 13 2789
5 9 14 917
5 9 15 784
5 9 16 4132
5 9 17 4716
5 10 0 2465
5 10 1 3450
5 10 2 4136
5 10 3 3251
5 10 4 5364
5 10 5 0
5 10 6 1316
5 10 7 911
5 10 8 4831
5 10 9 1446
5 10 10 0
5 10 11 547
5 10 12 2687
5 10 13 4977
5 10 14 1049
5 10 15 2330
5 10 16 4762
5 10 17 1389
5 11 0 2870
5 11 1 5698
5 11 2 4562
5 11 3 3026
5 11 4 3804
5 11 5 0
5 11 6 3440
5 11 7 4074
5 11 8 5725
5 11 9 7027
5 11 10 5899
5 11 11 0
5 11 12 4185
5 11 13 3753
5 11 14 6527
5 11 15 4173
5 11 16 5487
5 11 17 4023
5 12 0 6786
5 12 1 4952
5 12 2 8272
5 12 3 6874
5 12 4 8158
5 12 5 0
5 12 6 3337
5 12 7 3290
5 12 8 3342
5 12 9 4105
5 12 10 4338
5 12 11 3975
5 12 12 0
5 12 13 2303
5 12 14 4673
5 12 15 4320
5 12 16 3898
5 12 17 3477
5 13 0 5671
5 13 1 3607
5 13 2 2664
5 13 3 6339
5 13 4 4564
5 13 5 0
5 13 6 3994
5 13 7 7285
5 13 8 5850
5 13 9 4432
5 13 10 8254
5 13 11 8551
5 13 12 5678
5 13 13 0
5 13 14 6274
5 13 15 5926
5 13 16 8068
5 13 17 7425
5 14 0 3257
5 14 1 6643
5 14 2 2814
5 14 3 4343
5 14 4 2899
5 14 5 0
5 14 6 8389
5 14 7 8881
5 14 8 8820
5 14 9 8841
5 14 10 5556
5 14 11 5529
5 14 12 5520
5 14 13 6216
5 14 14 0
5 14 15 5066
5 14 16 7650
5 14 17 7037
5 15 0 4090
5 15 1 2021
5 15 2 5128
5 15 3 615
5 15 4 280
5 15 5 0
5 15 6 4976
5 15 7 5325
5 15 8 3043
5 15 9 1319
5 15 10 5588
5 15 11 1509
5 15 12 3609
5 15 13 1910
5 15 14 2197
5 15 15 0
5 15 16 3453
5 15 17 2201
5 16 0 8981
5 16 1 5738
5 16 2 8014
5 16 3 7819
5 16 4 7536
5 16 5 0
5 16 6 3658
5 16 7 4013
5 16 8 4813
5 16 9 4149
5 16 10 3289
5 16 11 5371
5 16 12 4915
5 16 13 1836
5 16 14 2790
5 16 15 3601
5 16 16 0
5 16 17 4789
5 17 0 6167
5 17 1 4420
5 17 2 5252
5 17 3 4521
5 17 4 3185
5 17 5 0
5 17 6 3503
5 17 7 5398
5 17 8 5697
5 17 9 5522
5 17 10 6583
5 17 11 5356
5 17 12 4767
5 17 13 5880
5 17 14 5126
5 17 15 6505
5 17 16 7638
5 17 17 0
6 0 0 0
6 0 1 6867
6 0 2 5928
6 0 3 6735
6 0 4 6512
6 0 5 5410
6 0 6 0
6 0 7 2713
6 0 8 3130
6 0 9 4008
6 0 10 2612
6 0 11 3434
6 0 12 3922
6 0 13 5355
6 0 14 2852
6 0 15 5562
6 0 16 5912
6 0 17 4808
6 1 0 6125
6 1 1 0
6 1 2 5420
6 1 3 6157
6 1 4 3437
6 1 5 1737
6 1 6 0
6 1 7 6103
6 1 8 3808
6 1 9 3949
6 1 10 3683
6 1 11 6348
6 1 12 2174
6 1 13 3377
6 1 14 6324
6 1 15 3579
6 1 16 2755
6 1 17 3147
6 2 0 6745
6 2 1 6337
6 2 2 0
6 2 3 7944
6 2 4 4621
6 2 5 5976
6 2 6 0
6 2 7 2515
6 2 8 6042
6 2 9 2504
6 2 10 4182
6 2 11 5025
6 2 12 5307
6 2 13 2247
6 2 14 2308
6 2 15 6499
6 2 16 4844
6 2 17 3792
6 3 0 4153
6 3 1 243
6 3 2 473
6 3 3 0
6 3 4 318
6 3 5 1936
6 3 6 0
6 3 7 188
6 3 8 2837
6 3 9 2391
6 3 10 1866
6 3 11 2058
6 3 12 2478
6 3 13 4491
6 3 14 2406
6 3 15 555
6 3 16 3218
6 3 17 1630
6 4 0 7306
6 4 1 8133
6 4 2 4429
6 4 3 8091
6 4 4 0
6 4 5 7134
6 4 6 0
6 4 7 6617
6 4 8 4058
6 4 9 8472
6 4 10 7478
6 4 11 6335
6 4 12 7261
6 4 13 6215
6 4 14 4461
6 4 15 3719
6 4 16 6434
6 4 17 3793
6 5 0 4554
6 5 1 5472
6 5 2 6187
6 5 3 5517
6 5 4 5157
6 5 5 0
6 5 6 0
6 5 7 3157
6 5 8 6740
6 5 9 2792
6 5 10 3118
6 5 11 4655
6 5 12 4713
6 5 13 6266
6 5 14 6839
6 5 15 3343
6 5 16 4383
6 5 17 5540
6 6 0 0
6 6 1 0
6 6 2 0
6 6 3 0
6 6 4 0
6 6 5 0
6 6 6 0
6 6 7 0
6 6 8 0
6 6 9 0
6 6 10 0
6 6 11 0
6 6 12 0
6 6 13 0
6 6 14 0
6 6 15 0
6 6 16 0
6 6 17 0
6 7 0 3062
6 7 1 6366
6 7 2 2965
6 7 3 2069
6 7 4 4999
6 7 5 2539
6 7 6 0
6 7 7 0
6 7 8 1485
6 7 9 4131
6 7 10 2432
6 7 11 339
6 7 12 3276
6 7 13 3551
6 7 14 1783
6 7 15 1883
6 7 16 1890
6 7 17 3068
6 8 0 3542
6 8 1 4134
6 8 2 6555
6 8 3 4781
6 8 4 2503
6 8 5 6185
6 8 6 0
6 8 7 7493
6 8 8 0
6 8 9 6875
6 8 10 8273
6 8 11 8913
6 8 12 7638
6 8 13 9395
6 8 14 8358
6 8 15 8253
6 8 16 9306
6 8 17 7831
6 9 0 5347
6 9 1 5202
6 9 2 3944
6 9 3 5262
6 9 4 7844
6 9 5 3164
6 9 6 0
6 9 7 5490
6 9 8 4860
6 9 9 0
6 9 10 4686
6 9 11 6996
6 9 12 8451
6 9 13 6964
6 9 14 5092
6 9 15 4959
6 9 16 8307
6 9 17 8891
6 10 0 1777
6 10 1 2762
6 10 2 3448
6 10 3 2563
6 10 4 4676
6 10 5 1316
6 10 6 0
6 10 7 2568
6 10 8 6488
6 10 9 3103
6 10 10 0
6 10 11 2204
6 10 12 4344
6 10 13 6634
6 10 14 2706
6 10 15 3987
6 10 16 6419
6 10 17 3046
6 11 0 3186
6 11 1 6014
6 11 2 4878
6 11 3 3342
6 11 4 4120
6 11 5 3440
6 11 6 0
6 11 7 4317
6 11 8 5968
6 11 9 7270
6 11 10 6142
6 11 11 0
6 11 12 4428
6 11 13 3996
6 11 14 6770
6 11 15 4416
6 11 16 5730
6 11 17 4266
6 12 0 3513
6 12 1 1679
6 12 2 4999
6 12 3 3601
6 12 4 4885
6 12 5 3337
6 12 6 0
6 12 7 2621
6 12 8 2673
6 12 9 3436
6 12 10 3669
6 12 11 3306
6 12 12 0
6 12 13 1634
6 12 14 4004
6 12 15 3651
6 12 16 3229
6 12 17 2808
6 13 0 4050
6 13 1 1986
6 13 2 1043
6 13 3 4718
6 13 4 2943
6 13 5 3994
6 13 6 0
6 13 7 5740
6 13 8 4305
6 13 9 2887
6 13 10 6709
6 13 11 7006
6 13 12 4133
6 13 13 0
6 13 14 4729
6 13 15 4381
6 13 16 6523
6 13 17 5880
6 14 0 5369
6 14 1 8755
6 14 2 4926
6 14 3 6455
6 14 4 5011
6 14 5 8389
6 14 6 0
6 14 7 7878
6 14 8 7817
6 14 9 7838
6 14 10 4553
6 14 11 4526
6 14 12 4517
6 14 13 5213
6 14 14 0
6 14 15 4063
6 14 16 6647
6 14 17 6034
6 15 0 8162
6 15 1 6093
6 15 2 9200
6 15 3 4687
6 15 4 4352
6 15 5 4976
6 15 6 0
6 15 7 9435
6 15 8 7153
6 15 9 5429
6 15 10 9698
6 15 11 5619
6 15 12 7719
6 15 13 6020
6 15 14 6307
6 15 15 0
6 15 16 7563
6 15 17 6311
6 16 0 6154
6 16 1 2911
6 16 2 5187
6 16 3 4992
6 16 4 4709
6 16 5 3658
6 16 6 0
6 16 7 3325
6 16 8 4125
6 16 9 3461
6 16 10 2601
6 16 11 4683
6 16 12 4227
6 16 13 1148
6 16 14 2102
6 16 15 2913
6 16 16 0
6 16 17 4101
6 17 0 3738
6 17 1 1991
6 17 2 2823
6 17 3 2092
6 17 4 756
6 17 5 3503
6 17 6 0
6 17 7 5261
6 17 8 5560
6 17 9 5385
6 17 10 6446
6 17 11 5219
6 17 12 4630
6 17 13 5743
6 17 14 4989
6 17 15 6368
6 17 16 7501
6 17 17 0
7 0 0 0
7 0 1 5338
7 0 2 4399
7 0 3 5206
7 0 4 4983
7 0 5 3881
7 0 6 2713
7 0 7 0
7 0 8 5253
7 0 9 6131
7 0 10 4735
7 0 11 5557
7 0 12 6045
7 0 13 7478
7 0 14 4975
7 0 15 7685
7 0 16 8035
7 0 17 6931
7 1 0 9238
7 1 1 0
7 1 2 8533
7 1 3 9270
7 1 4 6550
7 1 5 4850
7 1 6 6103
7 1 7 0
7 1 8 5926
7 1 9 6067
7 1 10 5801
7 1 11 8466
7 1 12 4292
7 1 13 5495
7 1 14 8442
7 1 15 5697
7 1 16 4873
7 1 17 5265
7 2 0 3981
7 2 1 3573
7 2 2 0
7 2 3 5180
7 2 4 1857
7 2 5 3212
7 2 6 2515
7 2 7 0
7 2 8 7776
7 2 9 4238
7 2 10 5916
7 2 11 6759
7 2 12 7041
7 2 13 3981
7 2 14 4042
7 2 15 8233
7 2 16 6578
7 2 17 5526
7 3 0 4212
7 3 1 302
7 3 2 532
7 3 3 0
7 3 4 377
7 3 5 1995
7 3 6 188
7 3 7 0
7 3 8 5609
7 3 9 5163
7 3 10 4638
7 3 11 4830
7 3 12 5250
7 3 13 7263
7 3 14 5178
7 3 15 3327
7 3 16 5990
7 3 17 4402
7 4 0 6768
7 4 1 7595
7 4 2 3891
7 4 3 7553
7 4 4 0
7 4 5 6596
7 4 6 6617
7 4 7 0
7 4 8 3818
7 4 9 8232
7 4 10 7238
7 4 11 6095
7 4 12 7021
7 4 13 5975
7 4 14 4221
7 4 15 3479
7 4 16 6194
7 4 17 3553
7 5 0 1802
7 5 1 2720
7 5 2 3435
7 5 3 2765
7 5 4 2405
7 5 5 0
7 5 6 3157
7 5 7 0
7 5 8 7270
7 5 9 3322
7 5 10 3648
7 5 11 5185
7 5 12 5243
7 5 13 6796
7 5 14 7369
7 5 15 3873
7 5 16 4913
7 5 17 6070
7 6 0 2740
7 6 1 1402
7 6 2 3878
7 6 3 159
7 6 4 3686
7 6 5 3440
7 6 6 0
7 6 7 0
7 6 8 6925
7 6 9 6349
7 6 10 4157
7 6 11 4280
7 6 12 3426
7 6 13 4103
7 6 14 5218
7 6 15 6835
7 6 16 3077
7 6 17 4785
7 7 0 0
7 7 1 0
7 7 2 0
7 7 3 0
7 7 4 0
7 7 5 0
7 7 6 0
7 7 7 0
7 7 8 0
7 7 9 0
7 7 10 0
7 7 11 0
7 7 12 0
7 7 13 0
7 7 14 0
7 7 15 0
7 7 16 0
7 7 17 0
7 8 0 4047
7 8 1 4639
7 8 2 7060
7 8 3 5286
7 8 4 3008
7 8 5 6690
7 8 6 7493
7 8 7 0
7 8 8 0
7 8 9 3286
7 8 10 4684
7 8 11 5324
7 8 12 4049
7 8 13 5806
7 8 14 4769
7 8 15 4664
7 8 16 5717
7 8 17 4242
7 9 0 3498
7 9 1 3353
7 9 2 2095
7 9 3 3413
7 9 4 5995
7 9 5 1315
7 9 6 5490
7 9 7 0
7 9 8 4493
7 9 9 0
7 9 10 4319
7 9 11 6629
7 9 12 8084
7 9 13 6597
7 9 14 4725
7 9 15 4592
7 9 16 7940
7 9 17 8524
7 10 0 1372
7 10 1 2357
7 10 2 3043
7 10 3 2158
7 10 4 4271
7 10 5 911
7 10 6 2568
7 10 7 0
7 10 8 6614
7 10 9 3229
7 10 10 0
7 10 11 2330
7 10 12 4470
7 10 13 6760
7 10 14 2832
7 10 15 4113
7 10 16 6545
7 10 17 3172
7 11 0 3820
7 11 1 6648
7 11 2 5512
7 11 3 3976
7 11 4 4754
7 11 5 4074
7 11 6 4317
7 11 7 0
7 11 8 3878
7 11 9 5180
7 11 10 4052
7 11 11 0
7 11 12 2338
7 11 13 1906
7 11 14 4680
7 11 15 2326
7 11 16 3640
7 11 17 2176
7 12 0 3466
7 12 1 1632
7 12 2 4952
7 12 3 3554
7 12 4 4838
7 12 5 3290
7 12 6 2621
7 12 7 0
7 12 8 4374
7 12 9 5137
7 12 10 5370
7 12 11 5007
7 12 12 0
7 12 13 3335
7 12 14 5705
7 12 15 5352
7 12 16 4930
7 12 17 4509
7 13 0 7341
7 13 1 5277
7 13 2 4334
7 13 3 8009
7 13 4 6234
7 13 5 7285
7 13 6 5740
7 13 7 0
7 13 8 5604
7 13 9 4186
7 13 10 8008
7 13 11 8305
7 13 12 5432
7 13 13 0
7 13 14 6028
7 13 15 5680
7 13 16 7822
7 13 17 7179
7 14 0 5861
7 14 1 9247
7 14 2 5418
7 14 3 6947
7 14 4 5503
7 14 5 8881
7 14 6 7878
7 14 7 0
7 14 8 6233
7 14 9 6254
7 14 10 2969
7 14 11 2942
7 14 12 2933
7 14 13 3629
7 14 14 0
7 14 15 2479
7 14 16 5063
7 14 17 4450
7 15 0 8511
7 15 1 6442
7 15 2 9549
7 15 3 5036
7 15 4 4701
7 15 5 5325
7 15 6 9435
7 15 7 0
7 15 8 4052
7 15 9 2328
7 15 10 6597
7 15 11 2518
7 15 12 4618
7 15 13 2919
7 15 14 3206
7 15 15 0
7 15 16 4462
7 15 17 3210
7 16 0 6509
7 16 1 3266
7 16 2 5542
7 16 3 5347
7 16 4 5064
7 16 5 4013
7 16 6 3325
7 16 7 0
7 16 8 4789
7 16 9 4125
7 16 10 3265
7 16 11 5347
7 16 12 4891
7 16 13 1812
7 16 14 2766
7 16 15 3577
7 16 16 0
7 16 17 4765
7 17 0 5633
7 17 1 3886
7 17 2 4718
7 17 3 3987
7 17 4 2651
7 17 5 5398
7 17 6 5261
7 17 7 0
7 17 8 5694
7 17 9 5519
7 17 10 6580
7 17 11 5353
7 17 12 4764
7 17 13 5877
7 17 14 5123
7 17 15 6502
7 17 16 7635
7 17 17 0
8 0 0 0
8 0 1 5755
8 0 2 4816
8 0 3 5623
8 0 4 5400
8 0 5 4298
8 0 6 3130
8 0 7 5253
8 0 8 0
8 0 9 6121
8 0 10 4725
8 0 11 5547
8 0 12 6035
8 0 13 7468
8 0 14 4965
8 0 15 7675
8 0 16 8025
8 0 17 6921
8 1 0 6943
8 1 1 0
8 1 2 6238
8 1 3 6975
8 1 4 4255
8 1 5 2555
8 1 6 3808
8 1 7 5926
8 1 8 0
8 1 9 2314
8 1 10 2048
8 1 11 4713
8 1 12 539
8 1 13 1742
8 1 14 4689
8 1 15 1944
8 1 16 1120
8 1 17 1512
8 2 0 7508
8 2 1 7100
8 2 2 0
8 2 3 8707
8 2 4 5384
8 2 5 6739
8 2 6 6042
8 2 7 7776
8 2 8 0
8 2 9 4380
8 2 10 6058
8 2 11 6901
8 2 12 7183
8 2 13 4123
8 2 14 4184
8 2 15 8375
8 2 16 6720
8 2 17 5668
8 3 0 6861
8 3 1 2951
8 3 2 3181
8 3 3 0
8 3 4 3026
8 3 5 4644
8 3 6 2837
8 3 7 5609
8 3 8 0
8 3 9 2849
8 3 10 2324
8 3 11 2516
8 3 12 2936
8 3 13 4949
8 3 14 2864
8 3 15 1013
8 3 16 3676
8 3 17 2088
8 4 0 4209
8 4 1 5036
8 4 2 1332
8 4 3 4994
8 4 4 0
8 4 5 4037
8 4 6 4058
8 4 7 3818
8 4 8 0
8 4 9 7536
8 4 10 6542
8 4 11 5399
8 4 12 6325
8 4 13 5279
8 4 14 3525
8 4 15 2783
8 4 16 5498
8 4 17 2857
8 5 0 5385
8 5 1 6303
8 5 2 7018
8 5 3 6348
8 5 4 5988
8 5 5 0
8 5 6 6740
8 5 7 7270
8 5 8 0
8 5 9 2508
8 5 10 2834
8 5 11 4371
8 5 12 4429
8 5 13 5982
8 5 14 6555
8 5 15 3059
8 5 16 4099
8 5 17 5256
8 6 0 7544
8 6 1 6206
8 6 2 8682
8 6 3 4963
8 6 4 8490
8 6 5 8244
8 6 6 0
8 6 7 6925
8 6 8 0
8 6 9 6412
8 6 10 4220
8 6 11 4343
8 6 12 3489
8 6 13 4166
8 6 14 5281
8 6 15 6898
8 6 16 3140
8 6 17 4848
8 7 0 2426
8 7 1 5730
8 7 2 2329
8 7 3 1433
8 7 4 4363
8 7 5 1903
8 7 6 1485
8 7 7 0
8 7 8 0
8 7 9 6550
8 7 10 4851
8 7 11 2758
8 7 12 5695
8 7 13 5970
8 7 14 4202
8 7 15 4302
8 7 16 4309
8 7 17 5487
8 8 0 0
8 8 1 0
8 8 2 0
8 8 3 0
8 8 4 0
8 8 5 0
8 8 6 0
8 8 7 0
8 8 8 0
8 8 9 0
8 8 10 0
8 8 11 0
8 8 12 0
8 8 13 0
8 8 14 0
8 8 15 0
8 8 16 0
8 8 17 0
8 9 0 2868
8 9 1 2723
8 9 2 1465
8 9 3 2783
8 9 4 5365
8 9 5 685
8 9 6 4860
8 9 7 4493
8 9 8 0
8 9 9 0
8 9 10 2259
8 9 11 4569
8 9 12 6024
8 9 13 4537
8 9 14 2665
8 9 15 2532
8 9 16 5880
8 9 17 6464
8 10 0 5292
8 10 1 6277
8 10 2 6963
8 10 3 6078
8 10 4 8191
8 10 5 4831
8 10 6 6488
8 10 7 6614
8 10 8 0
8 10 9 4266
8 10 10 0
8 10 11 3367
8 10 12 5507
8 10 13 7797
8 10 14 3869
8 10 15 5150
8 10 16 7582
8 10 17 4209
8 11 0 5471
8 11 1 8299
8 11 2 7163
8 11 3 5627
8 11 4 6405
8 11 5 5725
8 11 6 5968
8 11 7 3878
8 11 8 0
8 11 9 8950
8 11 10 7822
8 11 11 0
8 11 12 6108
8 11 13 5676
8 11 14 8450
8 11 15 6096
8 11 16 7410
8 11 17 5946
8 12 0 3518
8 12 1 1684
8 12 2 5004
8 12 3 3606
8 12 4 4890
8 12 5 3342
8 12 6 2673
8 12 7 4374
8 12 8 0
8 12 9 4695
8 12 10 4928
8 12 11 4565
8 12 12 0
8 12 13 2893
8 12 14 5263
8 12 15 4910
8 12 16 4488
8 12 17 4067
8 13 0 5906
8 13 1 3842
8 13 2 2899
8 13 3 6574
8 13 4 4799
8 13 5 5850
8 13 6 4305
8 13 7 5604
8 13 8 0
8 13 9 5226
8 13 10 9048
8 13 11 9345
8 13 12 6472
8 13 13 0
8 13 14 7068
8 13 15 6720
8 13 16 8862
8 13 17 8219
8 14 0 5800
8 14 1 9186
8 14 2 5357
8 14 3 6886
8 14 4 5442
8 14 5 8820
8 14 6 7817
8 14 7 6233
8 14 8 0
8 14 9 8025
8 14 10 4740
8 14 11 4713
8 14 12 4704
8 14 13 5400
8 14 14 0
8 14 15 4250
8 14 16 6834
8 14 17 6221
8 15 0 6229
8 15 1 4160
8 15 2 7267
8 15 3 2754
8 15 4 2419
8 15 5 3043
8 15 6 7153
8 15 7 4052
8 15 8 0
8 15 9 3894
8 15 10 8163
8 15 11 4084
8 15 12 6184
8 15 13 4485
8 15 14 4772
8 15 15 0
8 15 16 6028
8 15 17 4776
8 16 0 7309
8 16 1 4066
8 16 2 6342
8 16 3 6147
8 16 4 5864
8 16 5 4813
8 16 6 4125
8 16 7 4789
8 16 8 0
8 16 9 6737
8 16 10 5877
8 16 11 7959
8 16 12 7503
8 16 13 4424
8 16 14 5378
8 16 15 6189
8 16 16 0
8 16 17 7377
8 17 0 5932
8 17 1 4185
8 17 2 5017
8 17 3 4286
8 17 4 2950
8 17 5 5697
8 17 6 5560
8 17 7 5694
8 17 8 0
8 17 9 5478
8 17 10 6539
8 17 11 5312
8 17 12 4723
8 17 13 5836
8 17 14 5082
8 17 15 6461
8 17 16 7594
8 17 17 0
9 0 0 0
9 0 1 6633
9 0 2 5694
9 0 3 6501
9 0 4 6278
9 0 5 5176
9 0 6 4008
9 0 7 6131
9 0 8 6121
9 0 9 0
9 0 10 1334
9 0 11 2156
9 0 12 2644
9 0 13 4077
9 0 14 1574
9 0 15 4284
9 0 16 4634
9 0 17 3530
9 1 0 7084
9 1 1 0
9 1 2 6379
9 1 3 7116
9 1 4 4396
9 1 5 2696
9 1 6 3949
9 1 7 6067
9 1 8 2314
9 1 9 0
9 1 10 4627
9 1 11 7292
9 1 12 3118
9 1 13 4321
9 1 14 7268
9 1 15 4523
9 1 16 3699
9 1 17 4091
9 2 0 3970
9 2 1 3562
9 2 2 0
9 2 3 5169
9 2 4 1846
9 2 5 3201
9 2 6 2504
9 2 7 4238
9 2 8 4380
9 2 9 0
9 2 10 7076
9 2 11 7919
9 2 12 8201
9 2 13 5141
9 2 14 5202
9 2 15 9393
9 2 16 7738
9 2 17 6686
9 3 0 6415
9 3 1 2505
9 3 2 2735
9 3 3 0
9 3 4 2580
9 3 5 4198
9 3 6 2391
9 3 7 5163
9 3 8 2849
9 3 9 0
9 3 10 4206
9 3 11 4398
9 3 12 4818
9 3 13 6831
9 3 14 4746
9 3 15 2895
9 3 16 5558
9 3 17 3970
9 4 0 8623
9 4 1 9450
9 4 2 5746
9 4 3 9408
9 4 4 0
9 4 5 8451
9 4 6 8472
9 4 7 8232
9 4 8 7536
9 4 9 0
9 4 10 6203
9 4 11 5060
9 4 12 5986
9 4 13 4940
9 4 14 3186
9 4 15 2444
9 4 16 5159
9 4 17 2518
9 5 0 1437
9 5 1 2355
9 5 2 3070
9 5 3 2400
9 5 4 2040
9 5 5 0
9 5 6 2792
9 5 7 3322
9 5 8 2508
9 5 9 0
9 5 10 774
9 5 11 2311
9 5 12 2369
9 5 13 3922
9 5 14 4495
9 5 15 999
9 5 16 2039
9 5 17 3196
9 6 0 6968
9 6 1 5630
9 6 2 8106
9 6 3 4387
9 6 4 7914
9 6 5 7668
9 6 6 0
9 6 7 6349
9 6 8 6412
9 6 9 0
9 6 10 5147
9 6 11 5270
9 6 12 4416
9 6 13 5093
9 6 14 6208
9 6 15 7825
9 6 16 4067
9 6 17 5775
9 7 0 5072
9 7 1 8376
9 7 2 4975
9 7 3 4079
9 7 4 7009
9 7 5 4549
9 7 6 4131
9 7 7 0
9 7 8 6550
9 7 9 0
9 7 10 3424
9 7 11 1331
9 7 12 4268
9 7 13 4543
9 7 14 2775
9 7 15 2875
9 7 16 2882
9 7 17 4060
9 8 0 3429
9 8 1 4021
9 8 2 6442
9 8 3 4668
9 8 4 2390
9 8 5 6072
9 8 6 6875
9 8 7 3286
9 8 8 0
9 8 9 0
9 8 10 3831
9 8 11 4471
9 8 12 3196
9 8 13 4953
9 8 14 3916
9 8 15 3811
9 8 16 4864
9 8 17 3389
9 9 0 0
9 9 1 0
9 9 2 0
9 9 3 0
9 9 4 0
9 9 5 0
9 9 6 0
9 9 7 0
9 9 8 0
9 9 9 0
9 9 10 0
9 9 11 0
9 9 12 0
9 9 13 0
9 9 14 0
9 9 15 0
9 9 16 0
9 9 17 0
9 10 0 1907
9 10 1 2892
9 10 2 3578
9 10 3 2693
9 10 4 4806
9 10 5 1446
9 10 6 3103
9 10 7 3229
9 10 8 4266
9 10 9 0
9 10 10 0
9 10 11 356
9 10 12 2496
9 10 13 4786
9 10 14 858
9 10 15 2139
9 10 16 4571
9 10 17 1198
9 11 0 6773
9 11 1 9601
9 11 2 8465
9 11 3 6929
9 11 4 7707
9 11 5 7027
9 11 6 7270
9 11 7 5180
9 11 8 8950
9 11 9 0
9 11 10 6481
9 11 11 0
9 11 12 4767
9 11 13 4335
9 11 14 7109
9 11 15 4755
9 11 16 6069
9 11 17 4605
9 12 0 4281
9 12 1 2447
9 12 2 5767
9 12 3 4369
9 12 4 5653
9 12 5 4105
9 12 6 3436
9 12 7 5137
9 12 8 4695
9 12 9 0
9 12 10 6317
9 12 11 5954
9 12 12 0
9 12 13 4282
9 12 14 6652
9 12 15 6299
9 12 16 5877
9 12 17 5456
9 13 0 4488
9 13 1 2424
9 13 2 1481
9 13 3 5156
9 13 4 3381
9 13 5 4432
9 13 6 2887
9 13 7 4186
9 13 8 5226
9 13 9 0
9 13 10 7193
9 13 11 7490
9 13 12 4617
9 13 13 0
9 13 14 5213
9 13 15 4865
9 13 16 7007
9 13 17 6364
9 14 0 5821
9 14 1 9207
9 14 2 5378
9 14 3 6907
9 14 4 5463
9 14 5 8841
9 14 6 7838
9 14 7 6254
9 14 8 8025
9 14 9 0
9 14 10 2050
9 14 11 2023
9 14 12 2014
9 14 13 2710
9 14 14 0
9 14 15 1560
9 14 16 4144
9 14 17 3531
9 15 0 4505
9 15 1 2436
9 15 2 5543
9 15 3 1030
9 15 4 695
9 15 5 1319
9 15 6 5429
9 15 7 2328
9 15 8 3894
9 15 9 0
9 15 10 5445
9 15 11 1366
9 15 12 3466
9 15 13 1767
9 15 14 2054
9 15 15 0
9 15 16 3310
9 15 17 2058
9 16 0 6645
9 16 1 3402
9 16 2 5678
9 16 3 5483
9 16 4 5200
9 16 5 4149
9 16 6 3461
9 16 7 4125
9 16 8 6737
9 16 9 0
9 16 10 5454
9 16 11 7536
9 16 12 7080
9 16 13 4001
9 16 14 4955
9 16 15 5766
9 16 16 0
9 16 17 6954
9 17 0 5757
9 17 1 4010
9 17 2 4842
9 17 3 4111
9 17 4 2775
9 17 5 5522
9 17 6 5385
9 17 7 5519
9 17 8 5478
9 17 9 0
9 17 10 8175
9 17 11 6948
9 17 12 6359
9 17 13 7472
9 17 14 6718
9 17 15 8097
9 17 16 9230
9 17 17 0
10 0 0 0
10 0 1 5237
10 0 2 4298
10 0 3 5105
10 0 4 4882
10 0 5 3780
10 0 6 2612
10 0 7 4735
10 0 8 4725
10 0 9 1334
10 0 10 0
10 0 11 3989
10 0 12 4477
10 0 13 5910
10 0 14 3407
10 0 15 6117
10 0 16 6467
10 0 17 5363
10 1 0 6818
10 1 1 0
10 1 2 6113
10 1 3 6850
10 1 4 4130
10 1 5 2430
10 1 6 3683
10 1 7 5801
10 1 8 2048
10 1 9 4627
10 1 10 0
10 1 11 5828
10 1 12 1654
10 1 13 2857
10 1 14 5804
10 1 15 3059
10 1 16 2235
10 1 17 2627
10 2 0 5648
10 2 1 5240
10 2 2 0
10 2 3 6847
10 2 4 3524
10 2 5 4879
10 2 6 4182
10 2 7 5916
10 2 8 6058
10 2 9 7076
10 2 10 0
10 2 11 5303
10 2 12 5585
10 2 13 2525
10 2 14 2586
10 2 15 6777
10 2 16 5122
10 2 17 4070
10 3 0 5890
10 3 1 1980
10 3 2 2210
10 3 3 0
10 3 4 2055
10 3 5 3673
10 3 6 1866
10 3 7 4638
10 3 8 2324
10 3 9 4206
10 3 10 0
10 3 11 6103
10 3 12 6523
10 3 13 8536
10 3 14 6451
10 3 15 4600
10 3 16 7263
10 3 17 5675
10 4 0 7629
10 4 1 8456
10 4 2 4752
10 4 3 8414
10 4 4 0
10 4 5 7457
10 4 6 7478
10 4 7 7238
10 4 8 6542
10 4 9 6203
10 4 10 0
10 4 11 5092
10 4 12 6018
10 4 13 4972
10 4 14 3218
10 4 15 2476
10 4 16 5191
10 4 17 2550
10 5 0 1763
10 5 1 2681
10 5 2 3396
10 5 3 2726
10 5 4 2366
10 5 5 0
10 5 6 3118
10 5 7 3648
10 5 8 2834
10 5 9 774
10 5 10 0
10 5 11 3541
10 5 12 3599
10 5 13 5152
10 5 14 5725
10 5 15 2229
10 5 16 3269
10 5 17 4426
10 6 0 4776
10 6 1 3438
10 6 2 5914
10 6 3 2195
10 6 4 5722
10 6 5 5476
10 6 6 0
10 6 7 4157
10 6 8 4220
10 6 9 5147
10 6 10 0
10 6 11 3096
10 6 12 2242
10 6 13 2919
10 6 14 4034
10 6 15 5651
10 6 16 1893
10 6 17 3601
10 7 0 3373
10 7 1 6677
10 7 2 3276
10 7 3 2380
10 7 4 5310
10 7 5 2850
10 7 6 2432
10 7 7 0
10 7 8 4851
10 7 9 3424
10 7 10 0
10 7 11 601
10 7 12 3538
10 7 13 3813
10 7 14 2045
10 7 15 2145
10 7 16 2152
10 7 17 3330
10 8 0 4827
10 8 1 5419
10 8 2 7840
10 8 3 6066
10 8 4 3788
10 8 5 7470
10 8 6 8273
10 8 7 4684
10 8 8 0
10 8 9 3831
10 8 10 0
10 8 11 8291
10 8 12 7016
10 8 13 8773
10 8 14 7736
10 8 15 7631
10 8 16 8684
10 8 17 7209
10 9 0 2694
10 9 1 2549
10 9 2 1291
10 9 3 2609
10 9 4 5191
10 9 5 511
10 9 6 4686
10 9 7 4319
10 9 8 2259
10 9 9 0
10 9 10 0
10 9 11 3565
10 9 12 5020
10 9 13 3533
10 9 14 1661
10 9 15 1528
10 9 16 4876
10 9 17 5460
10 10 0 0
10 10 1 0
10 10 2 0
10 10 3 0
10 10 4 0
10 10 5 0
10 10 6 0
10 10 7 0
10 10 8 0
10 10 9 0
10 10 10 0
10 10 11 0
10 10 12 0
10 10 13 0
10 10 14 0
10 10 15 0
10 10 16 0
10 10 17 0
10 11 0 5645
10 11 1 8473
10 11 2 7337
10 11 3 5801
10 11 4 6579
10 11 5 5899
10 11 6 6142
10 11 7 4052
10 11 8 7822
10 11 9 6481
10 11 10 0
10 11 11 0
10 11 12 2167
10 11 13 1735
10 11 14 4509
10 11 15 2155
10 11 16 3469
10 11 17 2005
10 12 0 4514
10 12 1 2680
10 12 2 6000
10 12 3 4602
10 12 4 5886
10 12 5 4338
10 12 6 3669
10 12 7 5370
10 12 8 4928
10 12 9 6317
10 12 10 0
10 12 11 4039
10 12 12 0
10 12 13 2367
10 12 14 4737
10 12 15 4384
10 12 16 3962
10 12 17 3541
10 13 0 8310
10 13 1 6246
10 13 2 5303
10 13 3 8978
10 13 4 7203
10 13 5 8254
10 13 6 6709
10 13 7 8008
10 13 8 9048
10 13 9 7193
10 13 10 0
10 13 11 9352
10 13 12 6479
10 13 13 0
10 13 14 7075
10 13 15 6727
10 13 16 8869
10 13 17 8226
10 14 0 2536
10 14 1 5922
10 14 2 2093
10 14 3 3622
10 14 4 2178
10 14 5 5556
10 14 6 4553
10 14 7 2969
10 14 8 4740
10 14 9 2050
10 14 10 0
10 14 11 1829
10 14 12 1820
10 14 13 2516
10 14 14 0
10 14 15 1366
10 14 16 3950
10 14 17 3337
10 15 0 8774
10 15 1 6705
10 15 2 9812
10 15 3 5299
10 15 4 4964
10 15 5 5588
10 15 6 9698
10 15 7 6597
10 15 8 8163
10 15 9 5445
10 15 10 0
10 15 11 2586
10 15 12 4686
10 15 13 2987
10 15 14 3274
10 15 15 0
10 15 16 4530
10 15 17 3278
10 16 0 5785
10 16 1 2542
10 16 2 4818
10 16 3 4623
10 16 4 4340
10 16 5 3289
10 16 6 2601
10 16 7 3265
10 16 8 5877
10 16 9 5454
10 16 10 0
10 16 11 7840
10 16 12 7384
10 16 13 4305
10 16 14 5259
10 16 15 6070
10 16 16 0
10 16 17 7258
10 17 0 6818
10 17 1 5071
10 17 2 5903
10 17 3 5172
10 17 4 3836
10 17 5 6583
10 17 6 6446
10 17 7 6580
10 17 8 6539
10 17 9 8175
10 17 10 0
10 17 11 3295
10 17 12 2706
10 17 13 3819
10 17 14 3065
10 17 15 4444
10 17 16 5577
10 17 17 0
11 0 0 0
11 0 1 6059
11 0 2 5120
11 0 3 5927
11 0 4 5704
11 0 5 4602
11 0 6 3434
11 0 7 5557
11 0 8 5547
11 0 9 2156
11 0 10 3989
11 0 11 0
11 0 12 6467
11 0 13 7900
11 0 14 5397
11 0 15 8107
11 0 16 8457
11 0 17 7353
11 1 0 9483
11 1 1 0
11 1 2 8778
11 1 3 9515
11 1 4 6795
11 1 5 5095
11 1 6 6348
11 1 7 8466
11 1 8 4713
11 1 9 7292
11 1 10 5828
11 1 11 0
11 1 12 2570
11 1 13 3773
11 1 14 6720
11 1 15 3975
11 1 16 3151
11 1 17 3543
11 2 0 6491
11 2 1 6083
11 2 2 0
11 2 3 7690
11 2 4 4367
11 2 5 5722
11 2 6 5025
11 2 7 6759
11 2 8 6901
11 2 9 7919
11 2 10 5303
11 2 11 0
11 2 12 6080
11 2 13 3020
11 2 14 3081
11 2 15 7272
11 2 16 5617
11 2 17 4565
11 3 0 6082
11 3 1 2172
11 3 2 2402
11 3 3 0
11 3 4 2247
11 3 5 3865
11 3 6 2058
11 3 7 4830
11 3 8 2516
11 3 9 4398
11 3 10 6103
11 3 11 0
11 3 12 3082
11 3 13 5095
11 3 14 3010
11 3 15 1159
11 3 16 3822
11 3 17 2234
11 4 0 6486
11 4 1 7313
11 4 2 3609
11 4 3 7271
11 4 4 0
11 4 5 6314
11 4 6 6335
11 4 7 6095
11 4 8 5399
11 4 9 5060
11 4 10 5092
11 4 11 0
11 4 12 7662
11 4 13 6616
11 4 14 4862
11 4 15 4120
11 4 16 6835
11 4 17 4194
11 5 0 3300
11 5 1 4218
11 5 2 4933
11 5 3 4263
11 5 4 3903
11 5 5 0
11 5 6 4655
11 5 7 5185
11 5 8 4371
11 5 9 2311
11 5 10 3541
11 5 11 0
11 5 12 3182
11 5 13 4735
11 5 14 5308
11 5 15 1812
11 5 16 2852
11 5 17 4009
11 6 0 4899
11 6 1 3561
11 6 2 6037
11 6 3 2318
11 6 4 5845
11 6 5 5599
11 6 6 0
11 6 7 4280
11 6 8 4343
11 6 9 5270
11 6 10 3096
11 6 11 0
11 6 12 2829
11 6 13 3506
11 6 14 4621
11 6 15 6238
11 6 16 2480
11 6 17 4188
11 7 0 1280
11 7 1 4584
11 7 2 1183
11 7 3 287
11 7 4 3217
11 7 5 757
11 7 6 339
11 7 7 0
11 7 8 2758
11 7 9 1331
11 7 10 601
11 7 11 0
11 7 12 5164
11 7 13 5439
11 7 14 3671
11 7 15 3771
11 7 16 3778
11 7 17 4956
11 8 0 5467
11 8 1 6059
11 8 2 8480
11 8 3 6706
11 8 4 4428
11 8 5 8110
11 8 6 8913
11 8 7 5324
11 8 8 0
11 8 9 4471
11 8 10 8291
11 8 11 0
11 8 12 6373
11 8 13 8130
11 8 14 7093
11 8 15 6988
11 8 16 8041
11 8 17 6566
11 9 0 5004
11 9 1 4859
11 9 2 3601
11 9 3 4919
11 9 4 7501
11 9 5 2821
11 9 6 6996
11 9 7 6629
11 9 8 4569
11 9 9 0
11 9 10 3565
11 9 11 0
11 9 12 9064
11 9 13 7577
11 9 14 5705
11 9 15 5572
11 9 16 8920
11 9 17 9504
11 10 0 1008
11 10 1 1993
11 10 2 2679
11 10 3 1794
11 10 4 3907
11 10 5 547
11 10 6 2204
11 10 7 2330
11 10 8 3367
11 10 9 356
11 10 10 0
11 10 11 0
11 10 12 6021
11 10 13 8311
11 10 14 4383
11 10 15 5664
11 10 16 8096
11 10 17 4723
11 11 0 0
11 11 1 0
11 11 2 0
11 11 3 0
11 11 4 0
11 11 5 0
11 11 6 0
11 11 7 0
11 11 8 0
11 11 9 0
11 11 10 0
11 11 11 0
11 11 12 0
11 11 13 0
11 11 14 0
11 11 15 0
11 11 16 0
11 11 17 0
11 12 0 4151
11 12 1 2317
11 12 2 5637
11 12 3 4239
11 12 4 5523
11 12 5 3975
11 12 6 3306
11 12 7 5007
11 12 8 4565
11 12 9 5954
11 12 10 4039
11 12 11 0
11 12 12 0
11 12 13 2328
11 12 14 4698
11 12 15 4345
11 12 16 3923
11 12 17 3502
11 13 0 8607
11 13 1 6543
11 13 2 5600
11 13 3 9275
11 13 4 7500
11 13 5 8551
11 13 6 7006
11 13 7 8305
11 13 8 9345
11 13 9 7490
11 13 10 9352
11 13 11 0
11 13 12 3718
11 13 13 0
11 13 14 4314
11 13 15 3966
11 13 16 6108
11 13 17 5465
11 14 0 2509
11 14 1 5895
11 14 2 2066
11 14 3 3595
11 14 4 2151
11 14 5 5529
11 14 6 4526
11 14 7 2942
11 14 8 4713
11 14 9 2023
11 14 10 1829
11 14 11 0
11 14 12 5761
11 14 13 6457
11 14 14 0
11 14 15 5307
11 14 16 7891
11 14 17 7278
11 15 0 4695
11 15 1 2626
11 15 2 5733
11 15 3 1220
11 15 4 885
11 15 5 1509
11 15 6 5619
11 15 7 2518
11 15 8 4084
11 15 9 1366
11 15 10 2586
11 15 11 0
11 15 12 4992
11 15 13 3293
11 15 14 3580
11 15 15 0
11 15 16 4836
11 15 17 3584
11 16 0 7867
11 16 1 4624
11 16 2 6900
11 16 3 6705
11 16 4 6422
11 16 5 5371
11 16 6 4683
11 16 7 5347
11 16 8 7959
11 16 9 7536
11 16 10 7840
11 16 11 0
11 16 12 6572
11 16 13 3493
11 16 14 4447
11 16 15 5258
11 16 16 0
11 16 17 6446
11 17 0 5591
11 17 1 3844
11 17 2 4676
11 17 3 3945
11 17 4 2609
11 17 5 5356
11 17 6 5219
11 17 7 5353
11 17 8 5312
11 17 9 6948
11 17 10 3295
11 17 11 0
11 17 12 3803
11 17 13 4916
11 17 14 4162
11 17 15 5541
11 17 16 6674
11 17 17 0
12 0 0 0
12 0 1 6547
12 0 2 5608
12 0 3 6415
12 0 4 6192
12 0 5 5090
12 0 6 3922
12 0 7 6045
12 0 8 6035
12 0 9 2644
12 0 10 4477
12 0 11 6467
12 0 12 0
12 0 13 6455
12 0 14 3952
12 0 15 6662
12 0 16 7012
12 0 17 5908
12 1 0 5309
12 1 1 0
12 1 2 4604
12 1 3 5341
12 1 4 2621
12 1 5 921
12 1 6 2174
12 1 7 4292
12 1 8 539
12 1 9 3118
12 1 10 1654
12 1 11 2570
12 1 12 0
12 1 13 5667
12 1 14 8614
12 1 15 5869
12 1 16 5045
12 1 17 5437
12 2 0 6773
12 2 1 6365
12 2 2 0
12 2 3 7972
12 2 4 4649
12 2 5 6004
12 2 6 5307
12 2 7 7041
12 2 8 7183
12 2 9 8201
12 2 10 5585
12 2 11 6080
12 2 12 0
12 2 13 4904
12 2 14 4965
12 2 15 9156
12 2 16 7501
12 2 17 6449
12 3 0 6502
12 3 1 2592
12 3 2 2822
12 3 3 0
12 3 4 2667
12 3 5 4285
12 3 6 2478
12 3 7 5250
12 3 8 2936
12 3 9 4818
12 3 10 6523
12 3 11 3082
12 3 12 0
12 3 13 7972
12 3 14 5887
12 3 15 4036
12 3 16 6699
12 3 17 5111
12 4 0 7412
12 4 1 8239
12 4 2 4535
12 4 3 8197
12 4 4 0
12 4 5 7240
12 4 6 7261
12 4 7 7021
12 4 8 6325
12 4 9 5986
12 4 10 6018
12 4 11 7662
12 4 12 0
12 4 13 6328
12 4 14 4574
12 4 15 3832
12 4 16 6547
12 4 17 3906
12 5 0 3358
12 5 1 4276
12 5 2 4991
12 5 3 4321
12 5 4 3961
12 5 5 0
12 5 6 4713
12 5 7 5243
12 5 8 4429
12 5 9 2369
12 5 10 3599
12 5 11 3182
12 5 12 0
12 5 13 8163
12 5 14 8736
12 5 15 5240
12 5 16 6280
12 5 17 7437
12 6 0 4045
12 6 1 2707
12 6 2 5183
12 6 3 1464
12 6 4 4991
12 6 5 4745
12 6 6 0
12 6 7 3426
12 6 8 3489
12 6 9 4416
12 6 10 2242
12 6 11 2829
12 6 12 0
12 6 13 3345
12 6 14 4460
12 6 15 6077
12 6 16 2319
12 6 17 4027
12 7 0 4217
12 7 1 7521
12 7 2 4120
12 7 3 3224
12 7 4 6154
12 7 5 3694
12 7 6 3276
12 7 7 0
12 7 8 5695
12 7 9 4268
12 7 10 3538
12 7 11 5164
12 7 12 0
12 7 13 4597
12 7 14 2829
12 7 15 2929
12 7 16 2936
12 7 17 4114
12 8 0 4192
12 8 1 4784
12 8 2 7205
12 8 3 5431
12 8 4 3153
12 8 5 6835
12 8 6 7638
12 8 7 4049
12 8 8 0
12 8 9 3196
12 8 10 7016
12 8 11 6373
12 8 12 0
12 8 13 5689
12 8 14 4652
12 8 15 4547
12 8 16 5600
12 8 17 4125
12 9 0 6459
12 9 1 6314
12 9 2 5056
12 9 3 6374
12 9 4 8956
12 9 5 4276
12 9 6 8451
12 9 7 8084
12 9 8 6024
12 9 9 0
12 9 10 5020
12 9 11 9064
12 9 12 0
12 9 13 4597
12 9 14 2725
12 9 15 2592
12 9 16 5940
12 9 17 6524
12 10 0 3148
12 10 1 4133
12 10 2 4819
12 10 3 3934
12 10 4 6047
12 10 5 2687
12 10 6 4344
12 10 7 4470
12 10 8 5507
12 10 9 2496
12 10 10 0
12 10 11 6021
12 10 12 0
12 10 13 6692
12 10 14 2764
12 10 15 4045
12 10 16 6477
12 10 17 3104
12 11 0 3931
12 11 1 6759
12 11 2 5623
12 11 3 4087
12 11 4 4865
12 11 5 4185
12 11 6 4428
12 11 7 2338
12 11 8 6108
12 11 9 4767
12 11 10 2167
12 11 11 0
12 11 12 0
12 11 13 3568
12 11 14 6342
12 11 15 3988
12 11 16 5302
12 11 17 3838
12 12 0 0
12 12 1 0
12 12 2 0
12 12 3 0
12 12 4 0
12 12 5 0
12 12 6 0
12 12 7 0
12 12 8 0
12 12 9 0
12 12 10 0
12 12 11 0
12 12 12 0
12 12 13 0
12 12 14 0
12 12 15 0
12 12 16 0
12 12 17 0
12 13 0 5734
12 13 1 3670
12 13 2 2727
12 13 3 6402
12 13 4 4627
12 13 5 5678
12 13 6 4133
12 13 7 5432
12 13 8 6472
12 13 9 4617
12 13 10 6479
12 13 11 3718
12 13 12 0
12 13 13 0
12 13 14 2806
12 13 15 2458
12 13 16 4600
12 13 17 3957
12 14 0 2500
12 14 1 5886
12 14 2 2057
12 14 3 3586
12 14 4 2142
12 14 5 5520
12 14 6 4517
12 14 7 2933
12 14 8 4704
12 14 9 2014
12 14 10 1820
12 14 11 5761
12 14 12 0
12 14 13 4545
12 14 14 0
12 14 15 3395
12 14 16 5979
12 14 17 5366
12 15 0 6795
12 15 1 4726
12 15 2 7833
12 15 3 3320
12 15 4 2985
12 15 5 3609
12 15 6 7719
12 15 7 4618
12 15 8 6184
12 15 9 3466
12 15 10 4686
12 15 11 4992
12 15 12 0
12 15 13 3382
12 15 14 3669
12 15 15 0
12 15 16 4925
12 15 17 3673
12 16 0 7411
12 16 1 4168
12 16 2 6444
12 16 3 6249
12 16 4 5966
12 16 5 4915
12 16 6 4227
12 16 7 4891
12 16 8 7503
12 16 9 7080
12 16 10 7384
12 16 11 6572
12 16 12 0
12 16 13 1846
12 16 14 2800
12 16 15 3611
12 16 16 0
12 16 17 4799
12 17 0 5002
12 17 1 3255
12 17 2 4087
12 17 3 3356
12 17 4 2020
12 17 5 4767
12 17 6 4630
12 17 7 4764
12 17 8 4723
12 17 9 6359
12 17 10 2706
12 17 11 3803
12 17 12 0
12 17 13 4312
12 17 14 3558
12 17 15 4937
12 17 16 6070
12 17 17 0
13 0 0 0
13 0 1 7980
13 0 2 7041
13 0 3 7848
13 0 4 7625
13 0 5 6523
13 0 6 5355
13 0 7 7478
13 0 8 7468
13 0 9 4077
13 0 10 5910
13 0 11 7900
13 0 12 6455
13 0 13 0
13 0 14 2235
13 0 15 4945
13 0 16 5295
13 0 17 4191
13 1 0 6512
13 1 1 0
13 1 2 5807
13 1 3 6544
13 1 4 3824
13 1 5 2124
13 1 6 3377
13 1 7 5495
13 1 8 1742
13 1 9 4321
13 1 10 2857
13 1 11 3773
13 1 12 5667
13 1 13 0
13 1 14 6814
13 1 15 4069
13 1 16 3245
13 1 17 3637
13 2 0 3713
13 2 1 3305
13 2 2 0
13 2 3 4912
13 2 4 1589
13 2 5 2944
13 2 6 2247
13 2 7 3981
13 2 8 4123
13 2 9 5141
13 2 10 2525
13 2 11 3020
13 2 12 4904
13 2 13 0
13 2 14 1115
13 2 15 5306
13 2 16 3651
13 2 17 2599
13 3 0 8515
13 3 1 4605
13 3 2 4835
13 3 3 0
13 3 4 4680
13 3 5 6298
13 3 6 4491
13 3 7 7263
13 3 8 4949
13 3 9 6831
13 3 10 8536
13 3 11 5095
13 3 12 7972
13 3 13 0
13 3 14 5949
13 3 15 4098
13 3 16 6761
13 3 17 5173
13 4 0 6366
13 4 1 7193
13 4 2 3489
13 4 3 7151
13 4 4 0
13 4 5 6194
13 4 6 6215
13 4 7 5975
13 4 8 5279
13 4 9 4940
13 4 10 4972
13 4 11 6616
13 4 12 6328
13 4 13 0
13 4 14 4217
13 4 15 3475
13 4 16 6190
13 4 17 3549
13 5 0 4911
13 5 1 5829
13 5 2 6544
13 5 3 5874
13 5 4 5514
13 5 5 0
13 5 6 6266
13 5 7 6796
13 5 8 5982
13 5 9 3922
13 5 10 5152
13 5 11 4735
13 5 12 8163
13 5 13 0
13 5 14 6188
13 5 15 2692
13 5 16 3732
13 5 17 4889
13 6 0 4722
13 6 1 3384
13 6 2 5860
13 6 3 2141
13 6 4 5668
13 6 5 5422
13 6 6 0
13 6 7 4103
13 6 8 4166
13 6 9 5093
13 6 10 2919
13 6 11 3506
13 6 12 3345
13 6 13 0
13 6 14 3564
13 6 15 5181
13 6 16 1423
13 6 17 3131
13 7 0 4492
13 7 1 7796
13 7 2 4395
13 7 3 3499
13 7 4 6429
13 7 5 3969
13 7 6 3551
13 7 7 0
13 7 8 5970
13 7 9 4543
13 7 10 3813
13 7 11 5439
13 7 12 4597
13 7 13 0
13 7 14 5271
13 7 15 5371
13 7 16 5378
13 7 17 6556
13 8 0 5949
13 8 1 6541
13 8 2 8962
13 8 3 7188
13 8 4 4910
13 8 5 8592
13 8 6 9395
13 8 7 5806
13 8 8 0
13 8 9 4953
13 8 10 8773
13 8 11 8130
13 8 12 5689
13 8 13 0
13 8 14 5607
13 8 15 5502
13 8 16 6555
13 8 17 5080
13 9 0 4972
13 9 1 4827
13 9 2 3569
13 9 3 4887
13 9 4 7469
13 9 5 2789
13 9 6 6964
13 9 7 6597
13 9 8 4537
13 9 9 0
13 9 10 3533
13 9 11 7577
13 9 12 4597
13 9 13 0
13 9 14 1499
13 9 15 1366
13 9 16 4714
13 9 17 5298
13 10 0 5438
13 10 1 6423
13 10 2 7109
13 10 3 6224
13 10 4 8337
13 10 5 4977
13 10 6 6634
13 10 7 6760
13 10 8 7797
13 10 9 4786
13 10 10 0
13 10 11 8311
13 10 12 6692
13 10 13 0
13 10 14 5127
13 10 15 6408
13 10 16 8840
13 10 17 5467
13 11 0 3499
13 11 1 6327
13 11 2 5191
13 11 3 3655
13 11 4 4433
13 11 5 3753
13 11 6 3996
13 11 7 1906
13 11 8 5676
13 11 9 4335
13 11 10 1735
13 11 11 0
13 11 12 3568
13 11 13 0
13 11 14 9365
13 11 15 7011
13 11 16 8325
13 11 17 6861
13 12 0 2479
13 12 1 645
13 12 2 3965
13 12 3 2567
13 12 4 3851
13 12 5 2303
13 12 6 1634
13 12 7 3335
13 12 8 2893
13 12 9 4282
13 12 10 2367
13 12 11 2328
13 12 12 0
13 12 13 0
13 12 14 4580
13 12 15 4227
13 12 16 3805
13 12 17 3384
13 13 0 0
13 13 1 0
13 13 2 0
13 13 3 0
13 13 4 0
13 13 5 0
13 13 6 0
13 13 7 0
13 13 8 0
13 13 9 0
13 13 10 0
13 13 11 0
13 13 12 0
13 13 13 0
13 13 14 0
13 13 15 0
13 13 16 0
13 13 17 0
13 14 0 3196
13 14 1 6582
13 14 2 2753
13 14 3 4282
13 14 4 2838
13 14 5 6216
13 14 6 5213
13 14 7 3629
13 14 8 5400
13 14 9 2710
13 14 10 2516
13 14 11 6457
13 14 12 4545
13 14 13 0
13 14 14 0
13 14 15 3443
13 14 16 6027
13 14 17 5414
13 15 0 5096
13 15 1 3027
13 15 2 6134
13 15 3 1621
13 15 4 1286
13 15 5 1910
13 15 6 6020
13 15 7 2919
13 15 8 4485
13 15 9 1767
13 15 10 2987
13 15 11 3293
13 15 12 3382
13 15 13 0
13 15 14 3722
13 15 15 0
13 15 16 4978
13 15 17 3726
13 16 0 4332
13 16 1 1089
13 16 2 3365
13 16 3 3170
13 16 4 2887
13 16 5 1836
13 16 6 1148
13 16 7 1812
13 16 8 4424
13 16 9 4001
13 16 10 4305
13 16 11 3493
13 16 12 1846
13 16 13 0
13 16 14 5417
13 16 15 6228
13 16 16 0
13 16 17 7416
13 17 0 6115
13 17 1 4368
13 17 2 5200
13 17 3 4469
13 17 4 3133
13 17 5 5880
13 17 6 5743
13 17 7 5877
13 17 8 5836
13 17 9 7472
13 17 10 3819
13 17 11 4916
13 17 12 4312
13 17 13 0
13 17 14 5953
13 17 15 7332
13 17 16 8465
13 17 17 0
14 0 0 0
14 0 1 5477
14 0 2 4538
14 0 3 5345
14 0 4 5122
14 0 5 4020
14 0 6 2852
14 0 7 4975
14 0 8 4965
14 0 9 1574
14 0 10 3407
14 0 11 5397
14 0 12 3952
14 0 13 2235
14 0 14 0
14 0 15 7960
14 0 16 8310
14 0 17 7206
14 1 0 9459
14 1 1 0
14 1 2 8754
14 1 3 9491
14 1 4 6771
14 1 5 5071
14 1 6 6324
14 1 7 8442
14 1 8 4689
14 1 9 7268
14 1 10 5804
14 1 11 6720
14 1 12 8614
14 1 13 6814
14 1 14 0
14 1 15 3344
14 1 16 2520
14 1 17 2912
14 2 0 3774
14 2 1 3366
14 2 2 0
14 2 3 4973
14 2 4 1650
14 2 5 3005
14 2 6 2308
14 2 7 4042
14 2 8 4184
14 2 9 5202
14 2 10 2586
14 2 11 3081
14 2 12 4965
14 2 13 1115
14 2 14 0
14 2 15 5907
14 2 16 4252
14 2 17 3200
14 3 0 6430
14 3 1 2520
14 3 2 2750
14 3 3 0
14 3 4 2595
14 3 5 4213
14 3 6 2406
14 3 7 5178
14 3 8 2864
14 3 9 4746
14 3 10 6451
14 3 11 3010
14 3 12 5887
14 3 13 5949
14 3 14 0
14 3 15 821
14 3 16 3484
14 3 17 1896
14 4 0 4612
14 4 1 5439
14 4 2 1735
14 4 3 5397
14 4 4 0
14 4 5 4440
14 4 6 4461
14 4 7 4221
14 4 8 3525
14 4 9 3186
14 4 10 3218
14 4 11 4862
14 4 12 4574
14 4 13 4217
14 4 14 0
14 4 15 4901
14 4 16 7616
14 4 17 4975
14 5 0 5484
14 5 1 6402
14 5 2 7117
14 5 3 6447
14 5 4 6087
14 5 5 0
14 5 6 6839
14 5 7 7369
14 5 8 6555
14 5 9 4495
14 5 10 5725
14 5 11 5308
14 5 12 8736
14 5 13 6188
14 5 14 0
14 5 15 2781
14 5 16 3821
14 5 17 4978
14 6 0 5837
14 6 1 4499
14 6 2 6975
14 6 3 3256
14 6 4 6783
14 6 5 6537
14 6 6 0
14 6 7 5218
14 6 8 5281
14 6 9 6208
14 6 10 4034
14 6 11 4621
14 6 12 4460
14 6 13 3564
14 6 14 0
14 6 15 9003
14 6 16 5245
14 6 17 6953
14 7 0 2724
14 7 1 6028
14 7 2 2627
14 7 3 1731
14 7 4 4661
14 7 5 2201
14 7 6 1783
14 7 7 0
14 7 8 4202
14 7 9 2775
14 7 10 2045
14 7 11 3671
14 7 12 2829
14 7 13 5271
14 7 14 0
14 7 15 6394
14 7 16 6401
14 7 17 7579
14 8 0 4912
14 8 1 5504
14 8 2 7925
14 8 3 6151
14 8 4 3873
14 8 5 7555
14 8 6 8358
14 8 7 4769
14 8 8 0
14 8 9 3916
14 8 10 7736
14 8 11 7093
14 8 12 4652
14 8 13 5607
14 8 14 0
14 8 15 7899
14 8 16 8952
14 8 17 7477
14 9 0 3100
14 9 1 2955
14 9 2 1697
14 9 3 3015
14 9 4 5597
14 9 5 917
14 9 6 5092
14 9 7 4725
14 9 8 2665
14 9 9 0
14 9 10 1661
14 9 11 5705
14 9 12 2725
14 9 13 1499
14 9 14 0
14 9 15 5202
14 9 16 8550
14 9 17 9134
14 10 0 1510
14 10 1 2495
14 10 2 3181
14 10 3 2296
14 10 4 4409
14 10 5 1049
14 10 6 2706
14 10 7 2832
14 10 8 3869
14 10 9 858
14 10 10 0
14 10 11 4383
14 10 12 2764
14 10 13 5127
14 10 14 0
14 10 15 3137
14 10 16 5569
14 10 17 2196
14 11 0 6273
14 11 1 9101
14 11 2 7965
14 11 3 6429
14 11 4 7207
14 11 5 6527
14 11 6 6770
14 11 7 4680
14 11 8 8450
14 11 9 7109
14 11 10 4509
14 11 11 0
14 11 12 6342
14 11 13 9365
14 11 14 0
14 11 15 3416
14 11 16 4730
14 11 17 3266
14 12 0 4849
14 12 1 3015
14 12 2 6335
14 12 3 4937
14 12 4 6221
14 12 5 4673
14 12 6 4004
14 12 7 5705
14 12 8 5263
14 12 9 6652
14 12 10 4737
14 12 11 4698
14 12 12 0
14 12 13 4580
14 12 14 0
14 12 15 3496
14 12 16 3074
14 12 17 2653
14 13 0 6330
14 13 1 4266
14 13 2 3323
14 13 3 6998
14 13 4 5223
14 13 5 6274
14 13 6 4729
14 13 7 6028
14 13 8 7068
14 13 9 5213
14 13 10 7075
14 13 11 4314
14 13 12 2806
14 13 13 0
14 13 14 0
14 13 15 4245
14 13 16 6387
14 13 17 5744
14 14 0 0
14 14 1 0
14 14 2 0
14 14 3 0
14 14 4 0
14 14 5 0
14 14 6 0
14 14 7 0
14 14 8 0
14 14 9 0
14 14 10 0
14 14 11 0
14 14 12 0
14 14 13 0
14 14 14 0
14 14 15 0
14 14 16 0
14 14 17 0
14 15 0 5383
14 15 1 3314
14 15 2 6421
14 15 3 1908
14 15 4 1573
14 15 5 2197
14 15 6 6307
14 15 7 3206
14 15 8 4772
14 15 9 2054
14 15 10 3274
14 15 11 3580
14 15 12 3669
14 15 13 3722
14 15 14 0
14 15 15 0
14 15 16 3545
14 15 17 2293
14 16 0 5286
14 16 1 2043
14 16 2 4319
14 16 3 4124
14 16 4 3841
14 16 5 2790
14 16 6 2102
14 16 7 2766
14 16 8 5378
14 16 9 4955
14 16 10 5259
14 16 11 4447
14 16 12 2800
14 16 13 5417
14 16 14 0
14 16 15 5237
14 16 16 0
14 16 17 6425
14 17 0 5361
14 17 1 3614
14 17 2 4446
14 17 3 3715
14 17 4 2379
14 17 5 5126
14 17 6 4989
14 17 7 5123
14 17 8 5082
14 17 9 6718
14 17 10 3065
14 17 11 4162
14 17 12 3558
14 17 13 5953
14 17 14 0
14 17 15 6371
14 17 16 7504
14 17 17 0
15 0 0 0
15 0 1 8187
15 0 2 7248
15 0 3 8055
15 0 4 7832
15 0 5 6730
15 0 6 5562
15 0 7 7685
15 0 8 7675
15 0 9 4284
15 0 10 6117
15 0 11 8107
15 0 12 6662
15 0 13 4945
15 0 14 7960
15 0 15 0
15 0 16 6446
15 0 17 5342
15 1 0 6714
15 1 1 0
15 1 2 6009
15 1 3 6746
15 1 4 4026
15 1 5 2326
15 1 6 3579
15 1 7 5697
15 1 8 1944
15 1 9 4523
15 1 10 3059
15 1 11 3975
15 1 12 5869
15 1 13 4069
15 1 14 3344
15 1 15 0
15 1 16 2694
15 1 17 3086
15 2 0 7965
15 2 1 7557
15 2 2 0
15 2 3 9164
15 2 4 5841
15 2 5 7196
15 2 6 6499
15 2 7 8233
15 2 8 8375
15 2 9 9393
15 2 10 6777
15 2 11 7272
15 2 12 9156
15 2 13 5306
15 2 14 5907
15 2 15 0
15 2 16 3593
15 2 17 2541
15 3 0 4579
15 3 1 669
15 3 2 899
15 3 3 0
15 3 4 744
15 3 5 2362
15 3 6 555
15 3 7 3327
15 3 8 1013
15 3 9 2895
15 3 10 4600
15 3 11 1159
15 3 12 4036
15 3 13 4098
15 3 14 821
15 3 15 0
15 3 16 6925
15 3 17 5337
15 4 0 3870
15 4 1 4697
15 4 2 993
15 4 3 4655
15 4 4 0
15 4 5 3698
15 4 6 3719
15 4 7 3479
15 4 8 2783
15 4 9 2444
15 4 10 2476
15 4 11 4120
15 4 12 3832
15 4 13 3475
15 4 14 4901
15 4 15 0
15 4 16 7570
15 4 17 4929
15 5 0 1988
15 5 1 2906
15 5 2 3621
15 5 3 2951
15 5 4 2591
15 5 5 0
15 5 6 3343
15 5 7 3873
15 5 8 3059
15 5 9 999
15 5 10 2229
15 5 11 1812
15 5 12 5240
15 5 13 2692
15 5 14 2781
15 5 15 0
15 5 16 1944
15 5 17 3101
15 6 0 7454
15 6 1 6116
15 6 2 8592
15 6 3 4873
15 6 4 8400
15 6 5 8154
15 6 6 0
15 6 7 6835
15 6 8 6898
15 6 9 7825
15 6 10 5651
15 6 11 6238
15 6 12 6077
15 6 13 5181
15 6 14 9003
15 6 15 0
15 6 16 5328
15 6 17 7036
15 7 0 2824
15 7 1 6128
15 7 2 2727
15 7 3 1831
15 7 4 4761
15 7 5 2301
15 7 6 1883
15 7 7 0
15 7 8 4302
15 7 9 2875
15 7 10 2145
15 7 11 3771
15 7 12 2929
15 7 13 5371
15 7 14 6394
15 7 15 0
15 7 16 6341
15 7 17 7519
15 8 0 4807
15 8 1 5399
15 8 2 7820
15 8 3 6046
15 8 4 3768
15 8 5 7450
15 8 6 8253
15 8 7 4664
15 8 8 0
15 8 9 3811
15 8 10 7631
15 8 11 6988
15 8 12 4547
15 8 13 5502
15 8 14 7899
15 8 15 0
15 8 16 6671
15 8 17 5196
15 9 0 2967
15 9 1 2822
15 9 2 1564
15 9 3 2882
15 9 4 5464
15 9 5 784
15 9 6 4959
15 9 7 4592
15 9 8 2532
15 9 9 0
15 9 10 1528
15 9 11 5572
15 9 12 2592
15 9 13 1366
15 9 14 5202
15 9 15 0
15 9 16 4524
15 9 17 5108
15 10 0 2791
15 10 1 3776
15 10 2 4462
15 10 3 3577
15 10 4 5690
15 10 5 2330
15 10 6 3987
15 10 7 4113
15 10 8 5150
15 10 9 2139
15 10 10 0
15 10 11 5664
15 10 12 4045
15 10 13 6408
15 10 14 3137
15 10 15 0
15 10 16 9097
15 10 17 5724
15 11 0 3919
15 11 1 6747
15 11 2 5611
15 11 3 4075
15 11 4 4853
15 11 5 4173
15 11 6 4416
15 11 7 2326
15 11 8 6096
15 11 9 4755
15 11 10 2155
15 11 11 0
15 11 12 3988
15 11 13 7011
15 11 14 3416
15 11 15 0
15 11 16 4206
15 11 17 2742
15 12 0 4496
15 12 1 2662
15 12 2 5982
15 12 3 4584
15 12 4 5868
15 12 5 4320
15 12 6 3651
15 12 7 5352
15 12 8 4910
15 12 9 6299
15 12 10 4384
15 12 11 4345
15 12 12 0
15 12 13 4227
15 12 14 3496
15 12 15 0
15 12 16 4659
15 12 17 4238
15 13 0 5982
15 13 1 3918
15 13 2 2975
15 13 3 6650
15 13 4 4875
15 13 5 5926
15 13 6 4381
15 13 7 5680
15 13 8 6720
15 13 9 4865
15 13 10 6727
15 13 11 3966
15 13 12 2458
15 13 13 0
15 13 14 4245
15 13 15 0
15 13 16 5577
15 13 17 4934
15 14 0 2046
15 14 1 5432
15 14 2 1603
15 14 3 3132
15 14 4 1688
15 14 5 5066
15 14 6 4063
15 14 7 2479
15 14 8 4250
15 14 9 1560
15 14 10 1366
15 14 11 5307
15 14 12 3395
15 14 13 3443
15 14 14 0
15 14 15 0
15 14 16 4873
15 14 17 4260
15 15 0 0
15 15 1 0
15 15 2 0
15 15 3 0
15 15 4 0
15 15 5 0
15 15 6 0
15 15 7 0
15 15 8 0
15 15 9 0
15 15 10 0
15 15 11 0
15 15 12 0
15 15 13 0
15 15 14 0
15 15 15 0
15 15 16 0
15 15 17 0
15 16 0 6097
15 16 1 2854
15 16 2 5130
15 16 3 4935
15 16 4 4652
15 16 5 3601
15 16 6 2913
15 16 7 3577
15 16 8 6189
15 16 9 5766
15 16 10 6070
15 16 11 5258
15 16 12 3611
15 16 13 6228
15 16 14 5237
15 16 15 0
15 16 16 0
15 16 17 5724
15 17 0 6740
15 17 1 4993
15 17 2 5825
15 17 3 5094
15 17 4 3758
15 17 5 6505
15 17 6 6368
15 17 7 6502
15 17 8 6461
15 17 9 8097
15 17 10 4444
15 17 11 5541
15 17 12 4937
15 17 13 7332
15 17 14 6371
15 17 15 0
15 17 16 6164
15 17 17 0
16 0 0 0
16 0 1 8537
16 0 2 7598
16 0 3 8405
16 0 4 8182
16 0 5 7080
16 0 6 5912
16 0 7 8035
16 0 8 8025
16 0 9 4634
16 0 10 6467
16 0 11 8457
16 0 12 7012
16 0 13 5295
16 0 14 8310
16 0 15 6446
16 0 16 0
16 0 17 4875
16 1 0 5890
16 1 1 0
16 1 2 5185
16 1 3 5922
16 1 4 3202
16 1 5 1502
16 1 6 2755
16 1 7 4873
16 1 8 1120
16 1 9 3699
16 1 10 2235
16 1 11 3151
16 1 12 5045
16 1 13 3245
16 1 14 2520
16 1 15 2694
16 1 16 0
16 1 17 1568
16 2 0 6310
16 2 1 5902
16 2 2 0
16 2 3 7509
16 2 4 4186
16 2 5 5541
16 2 6 4844
16 2 7 6578
16 2 8 6720
16 2 9 7738
16 2 10 5122
16 2 11 5617
16 2 12 7501
16 2 13 3651
16 2 14 4252
16 2 15 3593
16 2 16 0
16 2 17 4751
16 3 0 7242
16 3 1 3332
16 3 2 3562
16 3 3 0
16 3 4 3407
16 3 5 5025
16 3 6 3218
16 3 7 5990
16 3 8 3676
16 3 9 5558
16 3 10 7263
16 3 11 3822
16 3 12 6699
16 3 13 6761
16 3 14 3484
16 3 15 6925
16 3 16 0
16 3 17 5141
16 4 0 6585
16 4 1 7412
16 4 2 3708
16 4 3 7370
16 4 4 0
16 4 5 6413
16 4 6 6434
16 4 7 6194
16 4 8 5498
16 4 9 5159
16 4 10 5191
16 4 11 6835
16 4 12 6547
16 4 13 6190
16 4 14 7616
16 4 15 7570
16 4 16 0
16 4 17 1048
16 5 0 3028
16 5 1 3946
16 5 2 4661
16 5 3 3991
16 5 4 3631
16 5 5 0
16 5 6 4383
16 5 7 4913
16 5 8 4099
16 5 9 2039
16 5 10 3269
16 5 11 2852
16 5 12 6280
16 5 13 3732
16 5 14 3821
16 5 15 1944
16 5 16 0
16 5 17 7642
16 6 0 3696
16 6 1 2358
16 6 2 4834
16 6 3 1115
16 6 4 4642
16 6 5 4396
16 6 6 0
16 6 7 3077
16 6 8 3140
16 6 9 4067
16 6 10 1893
16 6 11 2480
16 6 12 2319
16 6 13 1423
16 6 14 5245
16 6 15 5328
16 6 16 0
16 6 17 4678
16 7 0 2831
16 7 1 6135
16 7 2 2734
16 7 3 1838
16 7 4 4768
16 7 5 2308
16 7 6 1890
16 7 7 0
16 7 8 4309
16 7 9 2882
16 7 10 2152
16 7 11 3778
16 7 12 2936
16 7 13 5378
16 7 14 6401
16 7 15 6341
16 7 16 0
16 7 17 5167
16 8 0 5860
16 8 1 6452
16 8 2 8873
16 8 3 7099
16 8 4 4821
16 8 5 8503
16 8 6 9306
16 8 7 5717
16 8 8 0
16 8 9 4864
16 8 10 8684
16 8 11 8041
16 8 12 5600
16 8 13 6555
16 8 14 8952
16 8 15 6671
16 8 16 0
16 8 17 5926
16 9 0 6315
16 9 1 6170
16 9 2 4912
16 9 3 6230
16 9 4 8812
16 9 5 4132
16 9 6 8307
16 9 7 7940
16 9 8 5880
16 9 9 0
16 9 10 4876
16 9 11 8920
16 9 12 5940
16 9 13 4714
16 9 14 8550
16 9 15 4524
16 9 16 0
16 9 17 6898
16 10 0 5223
16 10 1 6208
16 10 2 6894
16 10 3 6009
16 10 4 8122
16 10 5 4762
16 10 6 6419
16 10 7 6545
16 10 8 7582
16 10 9 4571
16 10 10 0
16 10 11 8096
16 10 12 6477
16 10 13 8840
16 10 14 5569
16 10 15 9097
16 10 16 0
16 10 17 2385
16 11 0 5233
16 11 1 8061
16 11 2 6925
16 11 3 5389
16 11 4 6167
16 11 5 5487
16 11 6 5730
16 11 7 3640
16 11 8 7410
16 11 9 6069
16 11 10 3469
16 11 11 0
16 11 12 5302
16 11 13 8325
16 11 14 4730
16 11 15 4206
16 11 16 0
16 11 17 5564
16 12 0 4074
16 12 1 2240
16 12 2 5560
16 12 3 4162
16 12 4 5446
16 12 5 3898
16 12 6 3229
16 12 7 4930
16 12 8 4488
16 12 9 5877
16 12 10 3962
16 12 11 3923
16 12 12 0
16 12 13 3805
16 12 14 3074
16 12 15 4659
16 12 16 0
16 12 17 4504
16 13 0 8124
16 13 1 6060
16 13 2 5117
16 13 3 8792
16 13 4 7017
16 13 5 8068
16 13 6 6523
16 13 7 7822
16 13 8 8862
16 13 9 7007
16 13 10 8869
16 13 11 6108
16 13 12 4600
16 13 13 0
16 13 14 6387
16 13 15 5577
16 13 16 0
16 13 17 3820
16 14 0 4630
16 14 1 8016
16 14 2 4187
16 14 3 5716
16 14 4 4272
16 14 5 7650
16 14 6 6647
16 14 7 5063
16 14 8 6834
16 14 9 4144
16 14 10 3950
16 14 11 7891
16 14 12 5979
16 14 13 6027
16 14 14 0
16 14 15 4873
16 14 16 0
16 14 17 3813
16 15 0 6639
16 15 1 4570
16 15 2 7677
16 15 3 3164
16 15 4 2829
16 15 5 3453
16 15 6 7563
16 15 7 4462
16 15 8 6028
16 15 9 3310
16 15 10 4530
16 15 11 4836
16 15 12 4925
16 15 13 4978
16 15 14 3545
16 15 15 0
16 15 16 0
16 15 17 3284
16 16 0 0
16 16 1 0
16 16 2 0
16 16 3 0
16 16 4 0
16 16 5 0
16 16 6 0
16 16 7 0
16 16 8 0
16 16 9 0
16 16 10 0
16 16 11 0
16 16 12 0
16 16 13 0
16 16 14 0
16 16 15 0
16 16 16 0
16 16 17 0
16 17 0 7873
16 17 1 6126
16 17 2 6958
16 17 3 6227
16 17 4 4891
16 17 5 7638
16 17 6 7501
16 17 7 7635
16 17 8 7594
16 17 9 9230
16 17 10 5577
16 17 11 6674
16 17 12 6070
16 17 13 8465
16 17 14 7504
16 17 15 6164
16 17 16 0
16 17 17 0
17 0 0 0
17 0 1 7433
17 0 2 6494
17 0 3 7301
17 0 4 7078
17 0 5 5976
17 0 6 4808
17 0 7 6931
17 0 8 6921
17 0 9 3530
17 0 10 5363
17 0 11 7353
17 0 12 5908
17 0 13 4191
17 0 14 7206
17 0 15 5342
17 0 16 4875
17 0 17 0
17 1 0 6282
17 1 1 0
17 1 2 5577
17 1 3 6314
17 1 4 3594
17 1 5 1894
17 1 6 3147
17 1 7 5265
17 1 8 1512
17 1 9 4091
17 1 10 2627
17 1 11 3543
17 1 12 5437
17 1 13 3637
17 1 14 2912
17 1 15 3086
17 1 16 1568
17 1 17 0
17 2 0 5258
17 2 1 4850
17 2 2 0
17 2 3 6457
17 2 4 3134
17 2 5 4489
17 2 6 3792
17 2 7 5526
17 2 8 5668
17 2 9 6686
17 2 10 4070
17 2 11 4565
17 2 12 6449
17 2 13 2599
17 2 14 3200
17 2 15 2541
17 2 16 4751
17 2 17 0
17 3 0 5654
17 3 1 1744
17 3 2 1974
17 3 3 0
17 3 4 1819
17 3 5 3437
17 3 6 1630
17 3 7 4402
17 3 8 2088
17 3 9 3970
17 3 10 5675
17 3 11 2234
17 3 12 5111
17 3 13 5173
17 3 14 1896
17 3 15 5337
17 3 16 5141
17 3 17 0
17 4 0 3944
17 4 1 4771
17 4 2 1067
17 4 3 4729
17 4 4 0
17 4 5 3772
17 4 6 3793
17 4 7 3553
17 4 8 2857
17 4 9 2518
17 4 10 2550
17 4 11 4194
17 4 12 3906
17 4 13 3549
17 4 14 4975
17 4 15 4929
17 4 16 1048
17 4 17 0
17 5 0 4185
17 5 1 5103
17 5 2 5818
17 5 3 5148
17 5 4 4788
17 5 5 0
17 5 6 5540
17 5 7 6070
17 5 8 5256
17 5 9 3196
17 5 10 4426
17 5 11 4009
17 5 12 7437
17 5 13 4889
17 5 14 4978
17 5 15 3101
17 5 16 7642
17 5 17 0
17 6 0 5404
17 6 1 4066
17 6 2 6542
17 6 3 2823
17 6 4 6350
17 6 5 6104
17 6 6 0
17 6 7 4785
17 6 8 4848
17 6 9 5775
17 6 10 3601
17 6 11 4188
17 6 12 4027
17 6 13 3131
17 6 14 6953
17 6 15 7036
17 6 16 4678
17 6 17 0
17 7 0 4009
17 7 1 7313
17 7 2 3912
17 7 3 3016
17 7 4 5946
17 7 5 3486
17 7 6 3068
17 7 7 0
17 7 8 5487
17 7 9 4060
17 7 10 3330
17 7 11 4956
17 7 12 4114
17 7 13 6556
17 7 14 7579
17 7 15 7519
17 7 16 5167
17 7 17 0
17 8 0 4385
17 8 1 4977
17 8 2 7398
17 8 3 5624
17 8 4 3346
17 8 5 7028
17 8 6 7831
17 8 7 4242
17 8 8 0
17 8 9 3389
17 8 10 7209
17 8 11 6566
17 8 12 4125
17 8 13 5080
17 8 14 7477
17 8 15 5196
17 8 16 5926
17 8 17 0
17 9 0 6899
17 9 1 6754
17 9 2 5496
17 9 3 6814
17 9 4 9396
17 9 5 4716
17 9 6 8891
17 9 7 8524
17 9 8 6464
17 9 9 0
17 9 10 5460
17 9 11 9504
17 9 12 6524
17 9 13 5298
17 9 14 9134
17 9 15 5108
17 9 16 6898
17 9 17 0
17 10 0 1850
17 10 1 2835
17 10 2 3521
17 10 3 2636
17 10 4 4749
17 10 5 1389
17 10 6 3046
17 10 7 3172
17 10 8 4209
17 10 9 1198
17 10 10 0
17 10 11 4723
17 10 12 3104
17 10 13 5467
17 10 14 2196
17 10 15 5724
17 10 16 2385
17 10 17 0
17 11 0 3769
17 11 1 6597
17 11 2 5461
17 11 3 3925
17 11 4 4703
17 11 5 4023
17 11 6 4266
17 11 7 2176
17 11 8 5946
17 11 9 4605
17 11 10 2005
17 11 11 0
17 11 12 3838
17 11 13 6861
17 11 14 3266
17 11 15 2742
17 11 16 5564
17 11 17 0
17 12 0 3653
17 12 1 1819
17 12 2 5139
17 12 3 3741
17 12 4 5025
17 12 5 3477
17 12 6 2808
17 12 7 4509
17 12 8 4067
17 12 9 5456
17 12 10 3541
17 12 11 3502
17 12 12 0
17 12 13 3384
17 12 14 2653
17 12 15 4238
17 12 16 4504
17 12 17 0
17 13 0 7481
17 13 1 5417
17 13 2 4474
17 13 3 8149
17 13 4 6374
17 13 5 7425
17 13 6 5880
17 13 7 7179
17 13 8 8219
17 13 9 6364
17 13 10 8226
17 13 11 5465
17 13 12 3957
17 13 13 0
17 13 14 5744
17 13 15 4934
17 13 16 3820
17 13 17 0
17 14 0 4017
17 14 1 7403
17 14 2 3574
17 14 3 5103
17 14 4 3659
17 14 5 7037
17 14 6 6034
17 14 7 4450
17 14 8 6221
17 14 9 3531
17 14 10 3337
17 14 11 7278
17 14 12 5366
17 14 13 5414
17 14 14 0
17 14 15 4260
17 14 16 3813
17 14 17 0
17 15 0 5387
17 15 1 3318
17 15 2 6425
17 15 3 1912
17 15 4 1577
17 15 5 2201
17 15 6 6311
17 15 7 3210
17 15 8 4776
17 15 9 2058
17 15 10 3278
17 15 11 3584
17 15 12 3673
17 15 13 3726
17 15 14 2293
17 15 15 0
17 15 16 3284
17 15 17 0
17 16 0 7285
17 16 1 4042
17 16 2 6318
17 16 3 6123
17 16 4 5840
17 16 5 4789
17 16 6 4101
17 16 7 4765
17 16 8 7377
17 16 9 6954
17 16 10 7258
17 16 11 6446
17 16 12 4799
17 16 13 7416
17 16 14 6425
17 16 15 5724
17 16 16 0
17 16 17 0
17 17 0 0
17 17 1 0
17 17 2 0
17 17 3 0
17 17 4 0
17 17 5 0
17 17 6 0
17 17 7 0
17 17 8 0
17 17 9 0
17 17 10 0
17 17 11 0
17 17 12 0
17 17 13 0
17 17 14 0
17 17 15 0
17 17 16 0
17 17 17 0
