10
0 0 0 0
0 0 1 0
0 0 2 0
0 0 3 0
0 0 4 0
0 0 5 0
0 0 6 0
0 0 7 0
0 0 8 0
0 0 9 0
0 1 0 0
0 1 1 0
0 1 2 3234
0 1 3 5313
0 1 4 7658
0 1 5 4855
0 1 6 6079
0 1 7 3249
0 1 8 5691
0 1 9 3518
0 2 0 0
0 2 1 4297
0 2 2 0
0 2 3 6852
0 2 4 6421
0 2 5 5031
0 2 6 8100
0 2 7 7412
0 2 8 4287
0 2 9 4704
0 3 0 0
0 3 1 3204
0 3 2 7019
0 3 3 0
0 3 4 6961
0 3 5 2337
0 3 6 6549
0 3 7 5478
0 3 8 2449
0 3 9 6006
0 4 0 0
0 4 1 4837
0 4 2 6750
0 4 3 6977
0 4 4 0
0 4 5 6679
0 4 6 2953
0 4 7 4450
0 4 8 4509
0 4 9 4903
0 5 0 0
0 5 1 2333
0 5 2 3697
0 5 3 3825
0 5 4 3583
0 5 5 0
0 5 6 2448
0 5 7 2357
0 5 8 4912
0 5 9 4482
0 6 0 0
0 6 1 4424
0 6 2 1569
0 6 3 1273
0 6 4 4392
0 6 5 1524
0 6 6 0
0 6 7 3783
0 6 8 2710
0 6 9 2197
0 7 0 0
0 7 1 4836
0 7 2 5180
0 7 3 801
0 7 4 1242
0 7 5 1207
0 7 6 1026
0 7 7 0
0 7 8 706
0 7 9 1070
0 8 0 0
0 8 1 5311
0 8 2 1825
0 8 3 3830
0 8 4 1927
0 8 5 4648
0 8 6 1440
0 8 7 3055
0 8 8 0
0 8 9 3686
0 9 0 0
0 9 1 7098
0 9 2 3851
0 9 3 4381
0 9 4 4444
0 9 5 7056
0 9 6 4206
0 9 7 4711
0 9 8 3563
0 9 9 0
1 0 0 0
1 0 1 0
1 0 2 8057
1 0 3 5959
1 0 4 5918
1 0 5 6073
1 0 6 4156
1 0 7 4456
1 0 8 5327
1 0 9 6919
1 1 0 0
1 1 1 0
1 1 2 0
1 1 3 0
1 1 4 0
1 1 5 0
1 1 6 0
1 1 7 0
1 1 8 0
1 1 9 0
1 2 0 4297
1 2 1 0
1 2 2 0
1 2 3 2945
1 2 4 2514
1 2 5 1124
1 2 6 4193
1 2 7 3505
1 2 8 380
1 2 9 797
1 3 0 3204
1 3 1 0
1 3 2 7289
1 3 3 0
1 3 4 7231
1 3 5 2607
1 3 6 6819
1 3 7 5748
1 3 8 2719
1 3 9 6276
1 4 0 4837
1 4 1 0
1 4 2 9406
1 4 3 9633
1 4 4 0
1 4 5 9335
1 4 6 5609
1 4 7 7106
1 4 8 7165
1 4 9 7559
1 5 0 2333
1 5 1 0
1 5 2 3395
1 5 3 3523
1 5 4 3281
1 5 5 0
1 5 6 2146
1 5 7 2055
1 5 8 4610
1 5 9 4180
1 6 0 4424
1 6 1 0
1 6 2 4408
1 6 3 4112
1 6 4 7231
1 6 5 4363
1 6 6 0
1 6 7 6622
1 6 8 5549
1 6 9 5036
1 7 0 4836
1 7 1 0
1 7 2 4889
1 7 3 510
1 7 4 951
1 7 5 916
1 7 6 735
1 7 7 0
1 7 8 415
1 7 9 779
1 8 0 5311
1 8 1 0
1 8 2 3105
1 8 3 5110
1 8 4 3207
1 8 5 5928
1 8 6 2720
1 8 7 4335
1 8 8 0
1 8 9 4966
1 9 0 7098
1 9 1 0
1 9 2 1366
1 9 3 1896
1 9 4 1959
1 9 5 4571
1 9 6 1721
1 9 7 2226
1 9 8 1078
1 9 9 0
2 0 0 0
2 0 1 8057
2 0 2 0
2 0 3 2922
2 0 4 2881
2 0 5 3036
2 0 6 1119
2 0 7 1419
2 0 8 2290
2 0 9 3882
2 1 0 3234
2 1 1 0
2 1 2 0
2 1 3 2469
2 1 4 4814
2 1 5 2011
2 1 6 3235
2 1 7 405
2 1 8 2847
2 1 9 674
2 2 0 0
2 2 1 0
2 2 2 0
2 2 3 0
2 2 4 0
2 2 5 0
2 2 6 0
2 2 7 0
2 2 8 0
2 2 9 0
2 3 0 7019
2 3 1 7289
2 3 2 0
2 3 3 0
2 3 4 7581
2 3 5 2957
2 3 6 7169
2 3 7 6098
2 3 8 3069
2 3 9 6626
2 4 0 6750
2 4 1 9406
2 4 2 0
2 4 3 7207
2 4 4 0
2 4 5 6909
2 4 6 3183
2 4 7 4680
2 4 8 4739
2 4 9 5133
2 5 0 3697
2 5 1 3395
2 5 2 0
2 5 3 2510
2 5 4 2268
2 5 5 0
2 5 6 1133
2 5 7 1042
2 5 8 3597
2 5 9 3167
2 6 0 1569
2 6 1 4408
2 6 2 0
2 6 3 4944
2 6 4 8063
2 6 5 5195
2 6 6 0
2 6 7 7454
2 6 8 6381
2 6 9 5868
2 7 0 5180
2 7 1 4889
2 7 2 0
2 7 3 3484
2 7 4 3925
2 7 5 3890
2 7 6 3709
2 7 7 0
2 7 8 3389
2 7 9 3753
2 8 0 1825
2 8 1 3105
2 8 2 0
2 8 3 2517
2 8 4 614
2 8 5 3335
2 8 6 127
2 8 7 1742
2 8 8 0
2 8 9 2373
2 9 0 3851
2 9 1 1366
2 9 2 0
2 9 3 1893
2 9 4 1956
2 9 5 4568
2 9 6 1718
2 9 7 2223
2 9 8 1075
2 9 9 0
3 0 0 0
3 0 1 5959
3 0 2 2922
3 0 3 0
3 0 4 4248
3 0 5 4403
3 0 6 2486
3 0 7 2786
3 0 8 3657
3 0 9 5249
3 1 0 5313
3 1 1 0
3 1 2 2469
3 1 3 0
3 1 4 5819
3 1 5 3016
3 1 6 4240
3 1 7 1410
3 1 8 3852
3 1 9 1679
3 2 0 6852
3 2 1 2945
3 2 2 0
3 2 3 0
3 2 4 7208
3 2 5 5818
3 2 6 8887
3 2 7 8199
3 2 8 5074
3 2 9 5491
3 3 0 0
3 3 1 0
3 3 2 0
3 3 3 0
3 3 4 0
3 3 5 0
3 3 6 0
3 3 7 0
3 3 8 0
3 3 9 0
3 4 0 6977
3 4 1 9633
3 4 2 7207
3 4 3 0
3 4 4 0
3 4 5 9547
3 4 6 5821
3 4 7 7318
3 4 8 7377
3 4 9 7771
3 5 0 3825
3 5 1 3523
3 5 2 2510
3 5 3 0
3 5 4 1672
3 5 5 0
3 5 6 537
3 5 7 446
3 5 8 3001
3 5 9 2571
3 6 0 1273
3 6 1 4112
3 6 2 4944
3 6 3 0
3 6 4 8610
3 6 5 5742
3 6 6 0
3 6 7 8001
3 6 8 6928
3 6 9 6415
3 7 0 801
3 7 1 510
3 7 2 3484
3 7 3 0
3 7 4 4089
3 7 5 4054
3 7 6 3873
3 7 7 0
3 7 8 3553
3 7 9 3917
3 8 0 3830
3 8 1 5110
3 8 2 2517
3 8 3 0
3 8 4 874
3 8 5 3595
3 8 6 387
3 8 7 2002
3 8 8 0
3 8 9 2633
3 9 0 4381
3 9 1 1896
3 9 2 1893
3 9 3 0
3 9 4 5356
3 9 5 7968
3 9 6 5118
3 9 7 5623
3 9 8 4475
3 9 9 0
4 0 0 0
4 0 1 5918
4 0 2 2881
4 0 3 4248
4 0 4 0
4 0 5 3585
4 0 6 1668
4 0 7 1968
4 0 8 2839
4 0 9 4431
4 1 0 7658
4 1 1 0
4 1 2 4814
4 1 3 5819
4 1 4 0
4 1 5 4690
4 1 6 5914
4 1 7 3084
4 1 8 5526
4 1 9 3353
4 2 0 6421
4 2 1 2514
4 2 2 0
4 2 3 7208
4 2 4 0
4 2 5 5590
4 2 6 8659
4 2 7 7971
4 2 8 4846
4 2 9 5263
4 3 0 6961
4 3 1 7231
4 3 2 7581
4 3 3 0
4 3 4 0
4 3 5 5221
4 3 6 9433
4 3 7 8362
4 3 8 5333
4 3 9 8890
4 4 0 0
4 4 1 0
4 4 2 0
4 4 3 0
4 4 4 0
4 4 5 0
4 4 6 0
4 4 7 0
4 4 8 0
4 4 9 0
4 5 0 3583
4 5 1 3281
4 5 2 2268
4 5 3 1672
4 5 4 0
4 5 5 0
4 5 6 4920
4 5 7 4829
4 5 8 7384
4 5 9 6954
4 6 0 4392
4 6 1 7231
4 6 2 8063
4 6 3 8610
4 6 4 0
4 6 5 2187
4 6 6 0
4 6 7 4446
4 6 8 3373
4 6 9 2860
4 7 0 1242
4 7 1 951
4 7 2 3925
4 7 3 4089
4 7 4 0
4 7 5 3067
4 7 6 2886
4 7 7 0
4 7 8 2566
4 7 9 2930
4 8 0 1927
4 8 1 3207
4 8 2 614
4 8 3 874
4 8 4 0
4 8 5 5696
4 8 6 2488
4 8 7 4103
4 8 8 0
4 8 9 4734
4 9 0 4444
4 9 1 1959
4 9 2 1956
4 9 3 5356
4 9 4 0
4 9 5 6906
4 9 6 4056
4 9 7 4561
4 9 8 3413
4 9 9 0
5 0 0 0
5 0 1 6073
5 0 2 3036
5 0 3 4403
5 0 4 3585
5 0 5 0
5 0 6 2508
5 0 7 2808
5 0 8 3679
5 0 9 5271
5 1 0 4855
5 1 1 0
5 1 2 2011
5 1 3 3016
5 1 4 4690
5 1 5 0
5 1 6 3255
5 1 7 425
5 1 8 2867
5 1 9 694
5 2 0 5031
5 2 1 1124
5 2 2 0
5 2 3 5818
5 2 4 5590
5 2 5 0
5 2 6 5451
5 2 7 4763
5 2 8 1638
5 2 9 2055
5 3 0 2337
5 3 1 2607
5 3 2 2957
5 3 3 0
5 3 4 5221
5 3 5 0
5 3 6 6126
5 3 7 5055
5 3 8 2026
5 3 9 5583
5 4 0 6679
5 4 1 9335
5 4 2 6909
5 4 3 9547
5 4 4 0
5 4 5 0
5 4 6 2329
5 4 7 3826
5 4 8 3885
5 4 9 4279
5 5 0 0
5 5 1 0
5 5 2 0
5 5 3 0
5 5 4 0
5 5 5 0
5 5 6 0
5 5 7 0
5 5 8 0
5 5 9 0
5 6 0 1524
5 6 1 4363
5 6 2 5195
5 6 3 5742
5 6 4 2187
5 6 5 0
5 6 6 0
5 6 7 3786
5 6 8 2713
5 6 9 2200
5 7 0 1207
5 7 1 916
5 7 2 3890
5 7 3 4054
5 7 4 3067
5 7 5 0
5 7 6 638
5 7 7 0
5 7 8 318
5 7 9 682
5 8 0 4648
5 8 1 5928
5 8 2 3335
5 8 3 3595
5 8 4 5696
5 8 5 0
5 8 6 2736
5 8 7 4351
5 8 8 0
5 8 9 4982
5 9 0 7056
5 9 1 4571
5 9 2 4568
5 9 3 7968
5 9 4 6906
5 9 5 0
5 9 6 3480
5 9 7 3985
5 9 8 2837
5 9 9 0
6 0 0 0
6 0 1 4156
6 0 2 1119
6 0 3 2486
6 0 4 1668
6 0 5 2508
6 0 6 0
6 0 7 5300
6 0 8 6171
6 0 9 7763
6 1 0 6079
6 1 1 0
6 1 2 3235
6 1 3 4240
6 1 4 5914
6 1 5 3255
6 1 6 0
6 1 7 4433
6 1 8 6875
6 1 9 4702
6 2 0 8100
6 2 1 4193
6 2 2 0
6 2 3 8887
6 2 4 8659
6 2 5 5451
6 2 6 0
6 2 7 4552
6 2 8 1427
6 2 9 1844
6 3 0 6549
6 3 1 6819
6 3 2 7169
6 3 3 0
6 3 4 9433
6 3 5 6126
6 3 6 0
6 3 7 4420
6 3 8 1391
6 3 9 4948
6 4 0 2953
6 4 1 5609
6 4 2 3183
6 4 3 5821
6 4 4 0
6 4 5 2329
6 4 6 0
6 4 7 6552
6 4 8 6611
6 4 9 7005
6 5 0 2448
6 5 1 2146
6 5 2 1133
6 5 3 537
6 5 4 4920
6 5 5 0
6 5 6 0
6 5 7 1436
6 5 8 3991
6 5 9 3561
6 6 0 0
6 6 1 0
6 6 2 0
6 6 3 0
6 6 4 0
6 6 5 0
6 6 6 0
6 6 7 0
6 6 8 0
6 6 9 0
6 7 0 1026
6 7 1 735
6 7 2 3709
6 7 3 3873
6 7 4 2886
6 7 5 638
6 7 6 0
6 7 7 0
6 7 8 3661
6 7 9 4025
6 8 0 1440
6 8 1 2720
6 8 2 127
6 8 3 387
6 8 4 2488
6 8 5 2736
6 8 6 0
6 8 7 4066
6 8 8 0
6 8 9 4697
6 9 0 4206
6 9 1 1721
6 9 2 1718
6 9 3 5118
6 9 4 4056
6 9 5 3480
6 9 6 0
6 9 7 3617
6 9 8 2469
6 9 9 0
7 0 0 0
7 0 1 4456
7 0 2 1419
7 0 3 2786
7 0 4 1968
7 0 5 2808
7 0 6 5300
7 0 7 0
7 0 8 5196
7 0 9 6788
7 1 0 3249
7 1 1 0
7 1 2 405
7 1 3 1410
7 1 4 3084
7 1 5 425
7 1 6 4433
7 1 7 0
7 1 8 6987
7 1 9 4814
7 2 0 7412
7 2 1 3505
7 2 2 0
7 2 3 8199
7 2 4 7971
7 2 5 4763
7 2 6 4552
7 2 7 0
7 2 8 4738
7 2 9 5155
7 3 0 5478
7 3 1 5748
7 3 2 6098
7 3 3 0
7 3 4 8362
7 3 5 5055
7 3 6 4420
7 3 7 0
7 3 8 619
7 3 9 4176
7 4 0 4450
7 4 1 7106
7 4 2 4680
7 4 3 7318
7 4 4 0
7 4 5 3826
7 4 6 6552
7 4 7 0
7 4 8 3161
7 4 9 3555
7 5 0 2357
7 5 1 2055
7 5 2 1042
7 5 3 446
7 5 4 4829
7 5 5 0
7 5 6 1436
7 5 7 0
7 5 8 3374
7 5 9 2944
7 6 0 3783
7 6 1 6622
7 6 2 7454
7 6 3 8001
7 6 4 4446
7 6 5 3786
7 6 6 0
7 6 7 0
7 6 8 2908
7 6 9 2395
7 7 0 0
7 7 1 0
7 7 2 0
7 7 3 0
7 7 4 0
7 7 5 0
7 7 6 0
7 7 7 0
7 7 8 0
7 7 9 0
7 8 0 3055
7 8 1 4335
7 8 2 1742
7 8 3 2002
7 8 4 4103
7 8 5 4351
7 8 6 4066
7 8 7 0
7 8 8 0
7 8 9 2393
7 9 0 4711
7 9 1 2226
7 9 2 2223
7 9 3 5623
7 9 4 4561
7 9 5 3985
7 9 6 3617
7 9 7 0
7 9 8 1042
7 9 9 0
8 0 0 0
8 0 1 5327
8 0 2 2290
8 0 3 3657
8 0 4 2839
8 0 5 3679
8 0 6 6171
8 0 7 5196
8 0 8 0
8 0 9 5624
8 1 0 5691
8 1 1 0
8 1 2 2847
8 1 3 3852
8 1 4 5526
8 1 5 2867
8 1 6 6875
8 1 7 6987
8 1 8 0
8 1 9 4418
8 2 0 4287
8 2 1 380
8 2 2 0
8 2 3 5074
8 2 4 4846
8 2 5 1638
8 2 6 1427
8 2 7 4738
8 2 8 0
8 2 9 929
8 3 0 2449
8 3 1 2719
8 3 2 3069
8 3 3 0
8 3 4 5333
8 3 5 2026
8 3 6 1391
8 3 7 619
8 3 8 0
8 3 9 6334
8 4 0 4509
8 4 1 7165
8 4 2 4739
8 4 3 7377
8 4 4 0
8 4 5 3885
8 4 6 6611
8 4 7 3161
8 4 8 0
8 4 9 3369
8 5 0 4912
8 5 1 4610
8 5 2 3597
8 5 3 3001
8 5 4 7384
8 5 5 0
8 5 6 3991
8 5 7 3374
8 5 8 0
8 5 9 5514
8 6 0 2710
8 6 1 5549
8 6 2 6381
8 6 3 6928
8 6 4 3373
8 6 5 2713
8 6 6 0
8 6 7 2908
8 6 8 0
8 6 9 1938
8 7 0 706
8 7 1 415
8 7 2 3389
8 7 3 3553
8 7 4 2566
8 7 5 318
8 7 6 3661
8 7 7 0
8 7 8 0
8 7 9 2126
8 8 0 0
8 8 1 0
8 8 2 0
8 8 3 0
8 8 4 0
8 8 5 0
8 8 6 0
8 8 7 0
8 8 8 0
8 8 9 0
8 9 0 3563
8 9 1 1078
8 9 2 1075
8 9 3 4475
8 9 4 3413
8 9 5 2837
8 9 6 2469
8 9 7 1042
8 9 8 0
8 9 9 0
9 0 0 0
9 0 1 6919
9 0 2 3882
9 0 3 5249
9 0 4 4431
9 0 5 5271
9 0 6 7763
9 0 7 6788
9 0 8 5624
9 0 9 0
9 1 0 3518
9 1 1 0
9 1 2 674
9 1 3 1679
9 1 4 3353
9 1 5 694
9 1 6 4702
9 1 7 4814
9 1 8 4418
9 1 9 0
9 2 0 4704
9 2 1 797
9 2 2 0
9 2 3 5491
9 2 4 5263
9 2 5 2055
9 2 6 1844
9 2 7 5155
9 2 8 929
9 2 9 0
9 3 0 6006
9 3 1 6276
9 3 2 6626
9 3 3 0
9 3 4 8890
9 3 5 5583
9 3 6 4948
9 3 7 4176
9 3 8 6334
9 3 9 0
9 4 0 4903
9 4 1 7559
9 4 2 5133
9 4 3 7771
9 4 4 0
9 4 5 4279
9 4 6 7005
9 4 7 3555
9 4 8 3369
9 4 9 0
9 5 0 4482
9 5 1 4180
9 5 2 3167
9 5 3 2571
9 5 4 6954
9 5 5 0
9 5 6 3561
9 5 7 2944
9 5 8 5514
9 5 9 0
9 6 0 2197
9 6 1 5036
9 6 2 5868
9 6 3 6415
9 6 4 2860
9 6 5 2200
9 6 6 0
9 6 7 2395
9 6 8 1938
9 6 9 0
9 7 0 1070
9 7 1 779
9 7 2 3753
9 7 3 3917
9 7 4 2930
9 7 5 682
9 7 6 4025
9 7 7 0
9 7 8 2126
9 7 9 0
9 8 0 3686
9 8 1 4966
9 8 2 2373
9 8 3 2633
9 8 4 4734
9 8 5 4982
9 8 6 4697
9 8 7 2393
9 8 8 0
9 8 9 0
9 9 0 0
9 9 1 0
9 9 2 0
9 9 3 0
9 9 4 0
9 9 5 0
9 9 6 0
9 9 7 0
9 9 8 0
9 9 9 0
