12
0 0 0 0
0 0 1 0
0 0 2 0
0 0 3 0
0 0 4 0
0 0 5 0
0 0 6 0
0 0 7 0
0 0 8 0
0 0 9 0
0 0 10 0
0 0 11 0
0 1 0 0
0 1 1 0
0 1 2 1512
0 1 3 3698
0 1 4 2606
0 1 5 3880
0 1 6 3730
0 1 7 1973
0 1 8 3898
0 1 9 4454
0 1 10 1543
0 1 11 2937
0 2 0 0
0 2 1 6001
0 2 2 0
0 2 3 5156
0 2 4 8295
0 2 5 6405
0 2 6 6209
0 2 7 4644
0 2 8 6352
0 2 9 7166
0 2 10 3708
0 2 11 7865
0 3 0 0
0 3 1 3610
0 3 2 586
0 3 3 0
0 3 4 4367
0 3 5 4413
0 3 6 3636
0 3 7 1415
0 3 8 2413
0 3 9 3828
0 3 10 3484
0 3 11 1636
0 4 0 0
0 4 1 4384
0 4 2 6613
0 4 3 6060
0 4 4 0
0 4 5 5349
0 4 6 3400
0 4 7 6572
0 4 8 7890
0 4 9 5605
0 4 10 3694
0 4 11 7215
0 5 0 0
0 5 1 6651
0 5 2 4709
0 5 3 5587
0 5 4 4906
0 5 5 0
0 5 6 5798
0 5 7 3962
0 5 8 5644
0 5 9 5601
0 5 10 6047
0 5 11 4417
0 6 0 0
0 6 1 2874
0 6 2 3965
0 6 3 4284
0 6 4 7504
0 6 5 3160
0 6 6 0
0 6 7 3311
0 6 8 7177
0 6 9 5409
0 6 10 6908
0 6 11 3269
0 7 0 0
0 7 1 4721
0 7 2 4895
0 7 3 5196
0 7 4 5511
0 7 5 5530
0 7 6 4829
0 7 7 0
0 7 8 3371
0 7 9 6439
0 7 10 5861
0 7 11 6248
0 8 0 0
0 8 1 7295
0 8 2 3404
0 8 3 5316
0 8 4 6534
0 8 5 2824
0 8 6 6821
0 8 7 4854
0 8 8 0
0 8 9 7124
0 8 10 5456
0 8 11 5959
0 9 0 0
0 9 1 4310
0 9 2 6547
0 9 3 6676
0 9 4 3624
0 9 5 3197
0 9 6 5888
0 9 7 3559
0 9 8 6127
0 9 9 0
0 9 10 6344
0 9 11 3903
0 10 0 0
0 10 1 6005
0 10 2 2091
0 10 3 4879
0 10 4 3947
0 10 5 2192
0 10 6 1945
0 10 7 3504
0 10 8 3455
0 10 9 5829
0 10 10 0
0 10 11 4647
0 11 0 0
0 11 1 6272
0 11 2 5561
0 11 3 7615
0 11 4 5529
0 11 5 6344
0 11 6 8512
0 11 7 7950
0 11 8 7125
0 11 9 6437
0 11 10 5255
0 11 11 0
1 0 0 0
1 0 1 0
1 0 2 3502
1 0 3 256
1 0 4 3271
1 0 5 3653
1 0 6 2619
1 0 7 3090
1 0 8 2790
1 0 9 2074
1 0 10 1374
1 0 11 3652
1 1 0 0
1 1 1 0
1 1 2 0
1 1 3 0
1 1 4 0
1 1 5 0
1 1 6 0
1 1 7 0
1 1 8 0
1 1 9 0
1 1 10 0
1 1 11 0
1 2 0 6001
1 2 1 0
1 2 2 0
1 2 3 2666
1 2 4 5805
1 2 5 3915
1 2 6 3719
1 2 7 2154
1 2 8 3862
1 2 9 4676
1 2 10 1218
1 2 11 5375
1 3 0 3610
1 3 1 0
1 3 2 3528
1 3 3 0
1 3 4 7309
1 3 5 7355
1 3 6 6578
1 3 7 4357
1 3 8 5355
1 3 9 6770
1 3 10 6426
1 3 11 4578
1 4 0 4384
1 4 1 0
1 4 2 5448
1 4 3 4895
1 4 4 0
1 4 5 4184
1 4 6 2235
1 4 7 5407
1 4 8 6725
1 4 9 4440
1 4 10 2529
1 4 11 6050
1 5 0 6651
1 5 1 0
1 5 2 4436
1 5 3 5314
1 5 4 4633
1 5 5 0
1 5 6 5525
1 5 7 3689
1 5 8 5371
1 5 9 5328
1 5 10 5774
1 5 11 4144
1 6 0 2874
1 6 1 0
1 6 2 4576
1 6 3 4895
1 6 4 8115
1 6 5 3771
1 6 6 0
1 6 7 3922
1 6 8 7788
1 6 9 6020
1 6 10 7519
1 6 11 3880
1 7 0 4721
1 7 1 0
1 7 2 3278
1 7 3 3579
1 7 4 3894
1 7 5 3913
1 7 6 3212
1 7 7 0
1 7 8 1754
1 7 9 4822
1 7 10 4244
1 7 11 4631
1 8 0 7295
1 8 1 0
1 8 2 4012
1 8 3 5924
1 8 4 7142
1 8 5 3432
1 8 6 7429
1 8 7 5462
1 8 8 0
1 8 9 7732
1 8 10 6064
1 8 11 6567
1 9 0 4310
1 9 1 0
1 9 2 8427
1 9 3 8556
1 9 4 5504
1 9 5 5077
1 9 6 7768
1 9 7 5439
1 9 8 8007
1 9 9 0
1 9 10 8224
1 9 11 5783
1 10 0 6005
1 10 1 0
1 10 2 1760
1 10 3 4548
1 10 4 3616
1 10 5 1861
1 10 6 1614
1 10 7 3173
1 10 8 3124
1 10 9 5498
1 10 10 0
1 10 11 4316
1 11 0 6272
1 11 1 0
1 11 2 4346
1 11 3 6400
1 11 4 4314
1 11 5 5129
1 11 6 7297
1 11 7 6735
1 11 8 5910
1 11 9 5222
1 11 10 4040
1 11 11 0
2 0 0 0
2 0 1 3502
2 0 2 0
2 0 3 5201
2 0 4 8216
2 0 5 8598
2 0 6 7564
2 0 7 8035
2 0 8 7735
2 0 9 7019
2 0 10 6319
2 0 11 8597
2 1 0 1512
2 1 1 0
2 1 2 0
2 1 3 5697
2 1 4 4605
2 1 5 5879
2 1 6 5729
2 1 7 3972
2 1 8 5897
2 1 9 6453
2 1 10 3542
2 1 11 4936
2 2 0 0
2 2 1 0
2 2 2 0
2 2 3 0
2 2 4 0
2 2 5 0
2 2 6 0
2 2 7 0
2 2 8 0
2 2 9 0
2 2 10 0
2 2 11 0
2 3 0 586
2 3 1 3528
2 3 2 0
2 3 3 0
2 3 4 5851
2 3 5 5897
2 3 6 5120
2 3 7 2899
2 3 8 3897
2 3 9 5312
2 3 10 4968
2 3 11 3120
2 4 0 6613
2 4 1 5448
2 4 2 0
2 4 3 7668
2 4 4 0
2 4 5 6957
2 4 6 5008
2 4 7 8180
2 4 8 9498
2 4 9 7213
2 4 10 5302
2 4 11 8823
2 5 0 4709
2 5 1 4436
2 5 2 0
2 5 3 4923
2 5 4 4242
2 5 5 0
2 5 6 5134
2 5 7 3298
2 5 8 4980
2 5 9 4937
2 5 10 5383
2 5 11 3753
2 6 0 3965
2 6 1 4576
2 6 2 0
2 6 3 4458
2 6 4 7678
2 6 5 3334
2 6 6 0
2 6 7 3485
2 6 8 7351
2 6 9 5583
2 6 10 7082
2 6 11 3443
2 7 0 4895
2 7 1 3278
2 7 2 0
2 7 3 3334
2 7 4 3649
2 7 5 3668
2 7 6 2967
2 7 7 0
2 7 8 1509
2 7 9 4577
2 7 10 3999
2 7 11 4386
2 8 0 3404
2 8 1 4012
2 8 2 0
2 8 3 5462
2 8 4 6680
2 8 5 2970
2 8 6 6967
2 8 7 5000
2 8 8 0
2 8 9 7270
2 8 10 5602
2 8 11 6105
2 9 0 6547
2 9 1 8427
2 9 2 0
2 9 3 8352
2 9 4 5300
2 9 5 4873
2 9 6 7564
2 9 7 5235
2 9 8 7803
2 9 9 0
2 9 10 8020
2 9 11 5579
2 10 0 2091
2 10 1 1760
2 10 2 0
2 10 3 3797
2 10 4 2865
2 10 5 1110
2 10 6 863
2 10 7 2422
2 10 8 2373
2 10 9 4747
2 10 10 0
2 10 11 3565
2 11 0 5561
2 11 1 4346
2 11 2 0
2 11 3 8412
2 11 4 6326
2 11 5 7141
2 11 6 9309
2 11 7 8747
2 11 8 7922
2 11 9 7234
2 11 10 6052
2 11 11 0
3 0 0 0
3 0 1 256
3 0 2 5201
3 0 3 0
3 0 4 7679
3 0 5 8061
3 0 6 7027
3 0 7 7498
3 0 8 7198
3 0 9 6482
3 0 10 5782
3 0 11 8060
3 1 0 3698
3 1 1 0
3 1 2 5697
3 1 3 0
3 1 4 5460
3 1 5 6734
3 1 6 6584
3 1 7 4827
3 1 8 6752
3 1 9 7308
3 1 10 4397
3 1 11 5791
3 2 0 5156
3 2 1 2666
3 2 2 0
3 2 3 0
3 2 4 5209
3 2 5 3319
3 2 6 3123
3 2 7 1558
3 2 8 3266
3 2 9 4080
3 2 10 622
3 2 11 4779
3 3 0 0
3 3 1 0
3 3 2 0
3 3 3 0
3 3 4 0
3 3 5 0
3 3 6 0
3 3 7 0
3 3 8 0
3 3 9 0
3 3 10 0
3 3 11 0
3 4 0 6060
3 4 1 4895
3 4 2 7668
3 4 3 0
3 4 4 0
3 4 5 6275
3 4 6 4326
3 4 7 7498
3 4 8 8816
3 4 9 6531
3 4 10 4620
3 4 11 8141
3 5 0 5587
3 5 1 5314
3 5 2 4923
3 5 3 0
3 5 4 5496
3 5 5 0
3 5 6 6388
3 5 7 4552
3 5 8 6234
3 5 9 6191
3 5 10 6637
3 5 11 5007
3 6 0 4284
3 6 1 4895
3 6 2 4458
3 6 3 0
3 6 4 8351
3 6 5 4007
3 6 6 0
3 6 7 4158
3 6 8 8024
3 6 9 6256
3 6 10 7755
3 6 11 4116
3 7 0 5196
3 7 1 3579
3 7 2 3334
3 7 3 0
3 7 4 3666
3 7 5 3685
3 7 6 2984
3 7 7 0
3 7 8 1526
3 7 9 4594
3 7 10 4016
3 7 11 4403
3 8 0 5316
3 8 1 5924
3 8 2 5462
3 8 3 0
3 8 4 5987
3 8 5 2277
3 8 6 6274
3 8 7 4307
3 8 8 0
3 8 9 6577
3 8 10 4909
3 8 11 5412
3 9 0 6676
3 9 1 8556
3 9 2 8352
3 9 3 0
3 9 4 5208
3 9 5 4781
3 9 6 7472
3 9 7 5143
3 9 8 7711
3 9 9 0
3 9 10 7928
3 9 11 5487
3 10 0 4879
3 10 1 4548
3 10 2 3797
3 10 3 0
3 10 4 5887
3 10 5 4132
3 10 6 3885
3 10 7 5444
3 10 8 5395
3 10 9 7769
3 10 10 0
3 10 11 6587
3 11 0 7615
3 11 1 6400
3 11 2 8412
3 11 3 0
3 11 4 3343
3 11 5 4158
3 11 6 6326
3 11 7 5764
3 11 8 4939
3 11 9 4251
3 11 10 3069
3 11 11 0
4 0 0 0
4 0 1 3271
4 0 2 8216
4 0 3 7679
4 0 4 0
4 0 5 4875
4 0 6 3841
4 0 7 4312
4 0 8 4012
4 0 9 3296
4 0 10 2596
4 0 11 4874
4 1 0 2606
4 1 1 0
4 1 2 4605
4 1 3 5460
4 1 4 0
4 1 5 4493
4 1 6 4343
4 1 7 2586
4 1 8 4511
4 1 9 5067
4 1 10 2156
4 1 11 3550
4 2 0 8295
4 2 1 5805
4 2 2 0
4 2 3 5209
4 2 4 0
4 2 5 6331
4 2 6 6135
4 2 7 4570
4 2 8 6278
4 2 9 7092
4 2 10 3634
4 2 11 7791
4 3 0 4367
4 3 1 7309
4 3 2 5851
4 3 3 0
4 3 4 0
4 3 5 7032
4 3 6 6255
4 3 7 4034
4 3 8 5032
4 3 9 6447
4 3 10 6103
4 3 11 4255
4 4 0 0
4 4 1 0
4 4 2 0
4 4 3 0
4 4 4 0
4 4 5 0
4 4 6 0
4 4 7 0
4 4 8 0
4 4 9 0
4 4 10 0
4 4 11 0
4 5 0 4906
4 5 1 4633
4 5 2 4242
4 5 3 5496
4 5 4 0
4 5 5 0
4 5 6 4309
4 5 7 2473
4 5 8 4155
4 5 9 4112
4 5 10 4558
4 5 11 2928
4 6 0 7504
4 6 1 8115
4 6 2 7678
4 6 3 8351
4 6 4 0
4 6 5 756
4 6 6 0
4 6 7 907
4 6 8 4773
4 6 9 3005
4 6 10 4504
4 6 11 865
4 7 0 5511
4 7 1 3894
4 7 2 3649
4 7 3 3666
4 7 4 0
4 7 5 5827
4 7 6 5126
4 7 7 0
4 7 8 3668
4 7 9 6736
4 7 10 6158
4 7 11 6545
4 8 0 6534
4 8 1 7142
4 8 2 6680
4 8 3 5987
4 8 4 0
4 8 5 4739
4 8 6 8736
4 8 7 6769
4 8 8 0
4 8 9 9039
4 8 10 7371
4 8 11 7874
4 9 0 3624
4 9 1 5504
4 9 2 5300
4 9 3 5208
4 9 4 0
4 9 5 3543
4 9 6 6234
4 9 7 3905
4 9 8 6473
4 9 9 0
4 9 10 6690
4 9 11 4249
4 10 0 3947
4 10 1 3616
4 10 2 2865
4 10 3 5887
4 10 4 0
4 10 5 1327
4 10 6 1080
4 10 7 2639
4 10 8 2590
4 10 9 4964
4 10 10 0
4 10 11 3782
4 11 0 5529
4 11 1 4314
4 11 2 6326
4 11 3 3343
4 11 4 0
4 11 5 6722
4 11 6 8890
4 11 7 8328
4 11 8 7503
4 11 9 6815
4 11 10 5633
4 11 11 0
5 0 0 0
5 0 1 3653
5 0 2 8598
5 0 3 8061
5 0 4 4875
5 0 5 0
5 0 6 6539
5 0 7 7010
5 0 8 6710
5 0 9 5994
5 0 10 5294
5 0 11 7572
5 1 0 3880
5 1 1 0
5 1 2 5879
5 1 3 6734
5 1 4 4493
5 1 5 0
5 1 6 6228
5 1 7 4471
5 1 8 6396
5 1 9 6952
5 1 10 4041
5 1 11 5435
5 2 0 6405
5 2 1 3915
5 2 2 0
5 2 3 3319
5 2 4 6331
5 2 5 0
5 2 6 3849
5 2 7 2284
5 2 8 3992
5 2 9 4806
5 2 10 1348
5 2 11 5505
5 3 0 4413
5 3 1 7355
5 3 2 5897
5 3 3 0
5 3 4 7032
5 3 5 0
5 3 6 5400
5 3 7 3179
5 3 8 4177
5 3 9 5592
5 3 10 5248
5 3 11 3400
5 4 0 5349
5 4 1 4184
5 4 2 6957
5 4 3 6275
5 4 4 0
5 4 5 0
5 4 6 1468
5 4 7 4640
5 4 8 5958
5 4 9 3673
5 4 10 1762
5 4 11 5283
5 5 0 0
5 5 1 0
5 5 2 0
5 5 3 0
5 5 4 0
5 5 5 0
5 5 6 0
5 5 7 0
5 5 8 0
5 5 9 0
5 5 10 0
5 5 11 0
5 6 0 3160
5 6 1 3771
5 6 2 3334
5 6 3 4007
5 6 4 756
5 6 5 0
5 6 6 0
5 6 7 2923
5 6 8 6789
5 6 9 5021
5 6 10 6520
5 6 11 2881
5 7 0 5530
5 7 1 3913
5 7 2 3668
5 7 3 3685
5 7 4 5827
5 7 5 0
5 7 6 2134
5 7 7 0
5 7 8 676
5 7 9 3744
5 7 10 3166
5 7 11 3553
5 8 0 2824
5 8 1 3432
5 8 2 2970
5 8 3 2277
5 8 4 4739
5 8 5 0
5 8 6 6108
5 8 7 4141
5 8 8 0
5 8 9 6411
5 8 10 4743
5 8 11 5246
5 9 0 3197
5 9 1 5077
5 9 2 4873
5 9 3 4781
5 9 4 3543
5 9 5 0
5 9 6 5848
5 9 7 3519
5 9 8 6087
5 9 9 0
5 9 10 6304
5 9 11 3863
5 10 0 2192
5 10 1 1861
5 10 2 1110
5 10 3 4132
5 10 4 1327
5 10 5 0
5 10 6 3051
5 10 7 4610
5 10 8 4561
5 10 9 6935
5 10 10 0
5 10 11 5753
5 11 0 6344
5 11 1 5129
5 11 2 7141
5 11 3 4158
5 11 4 6722
5 11 5 0
5 11 6 5710
5 11 7 5148
5 11 8 4323
5 11 9 3635
5 11 10 2453
5 11 11 0
6 0 0 0
6 0 1 2619
6 0 2 7564
6 0 3 7027
6 0 4 3841
6 0 5 6539
6 0 6 0
6 0 7 7381
6 0 8 7081
6 0 9 6365
6 0 10 5665
6 0 11 7943
6 1 0 3730
6 1 1 0
6 1 2 5729
6 1 3 6584
6 1 4 4343
6 1 5 6228
6 1 6 0
6 1 7 1728
6 1 8 3653
6 1 9 4209
6 1 10 1298
6 1 11 2692
6 2 0 6209
6 2 1 3719
6 2 2 0
6 2 3 3123
6 2 4 6135
6 2 5 3849
6 2 6 0
6 2 7 2574
6 2 8 4282
6 2 9 5096
6 2 10 1638
6 2 11 5795
6 3 0 3636
6 3 1 6578
6 3 2 5120
6 3 3 0
6 3 4 6255
6 3 5 5400
6 3 6 0
6 3 7 2910
6 3 8 3908
6 3 9 5323
6 3 10 4979
6 3 11 3131
6 4 0 3400
6 4 1 2235
6 4 2 5008
6 4 3 4326
6 4 4 0
6 4 5 1468
6 4 6 0
6 4 7 8272
6 4 8 9590
6 4 9 7305
6 4 10 5394
6 4 11 8915
6 5 0 5798
6 5 1 5525
6 5 2 5134
6 5 3 6388
6 5 4 4309
6 5 5 0
6 5 6 0
6 5 7 936
6 5 8 2618
6 5 9 2575
6 5 10 3021
6 5 11 1391
6 6 0 0
6 6 1 0
6 6 2 0
6 6 3 0
6 6 4 0
6 6 5 0
6 6 6 0
6 6 7 0
6 6 8 0
6 6 9 0
6 6 10 0
6 6 11 0
6 7 0 4829
6 7 1 3212
6 7 2 2967
6 7 3 2984
6 7 4 5126
6 7 5 2134
6 7 6 0
6 7 7 0
6 7 8 1059
6 7 9 4127
6 7 10 3549
6 7 11 3936
6 8 0 6821
6 8 1 7429
6 8 2 6967
6 8 3 6274
6 8 4 8736
6 8 5 6108
6 8 6 0
6 8 7 6708
6 8 8 0
6 8 9 8978
6 8 10 7310
6 8 11 7813
6 9 0 5888
6 9 1 7768
6 9 2 7564
6 9 3 7472
6 9 4 6234
6 9 5 5848
6 9 6 0
6 9 7 4361
6 9 8 6929
6 9 9 0
6 9 10 7146
6 9 11 4705
6 10 0 1945
6 10 1 1614
6 10 2 863
6 10 3 3885
6 10 4 1080
6 10 5 3051
6 10 6 0
6 10 7 6505
6 10 8 6456
6 10 9 8830
6 10 10 0
6 10 11 7648
6 11 0 8512
6 11 1 7297
6 11 2 9309
6 11 3 6326
6 11 4 8890
6 11 5 5710
6 11 6 0
6 11 7 5034
6 11 8 4209
6 11 9 3521
6 11 10 2339
6 11 11 0
7 0 0 0
7 0 1 3090
7 0 2 8035
7 0 3 7498
7 0 4 4312
7 0 5 7010
7 0 6 7381
7 0 7 0
7 0 8 4283
7 0 9 3567
7 0 10 2867
7 0 11 5145
7 1 0 1973
7 1 1 0
7 1 2 3972
7 1 3 4827
7 1 4 2586
7 1 5 4471
7 1 6 1728
7 1 7 0
7 1 8 5029
7 1 9 5585
7 1 10 2674
7 1 11 4068
7 2 0 4644
7 2 1 2154
7 2 2 0
7 2 3 1558
7 2 4 4570
7 2 5 2284
7 2 6 2574
7 2 7 0
7 2 8 4741
7 2 9 5555
7 2 10 2097
7 2 11 6254
7 3 0 1415
7 3 1 4357
7 3 2 2899
7 3 3 0
7 3 4 4034
7 3 5 3179
7 3 6 2910
7 3 7 0
7 3 8 4349
7 3 9 5764
7 3 10 5420
7 3 11 3572
7 4 0 6572
7 4 1 5407
7 4 2 8180
7 4 3 7498
7 4 4 0
7 4 5 4640
7 4 6 8272
7 4 7 0
7 4 8 7126
7 4 9 4841
7 4 10 2930
7 4 11 6451
7 5 0 3962
7 5 1 3689
7 5 2 3298
7 5 3 4552
7 5 4 2473
7 5 5 0
7 5 6 936
7 5 7 0
7 5 8 4517
7 5 9 4474
7 5 10 4920
7 5 11 3290
7 6 0 3311
7 6 1 3922
7 6 2 3485
7 6 3 4158
7 6 4 907
7 6 5 2923
7 6 6 0
7 6 7 0
7 6 8 6383
7 6 9 4615
7 6 10 6114
7 6 11 2475
7 7 0 0
7 7 1 0
7 7 2 0
7 7 3 0
7 7 4 0
7 7 5 0
7 7 6 0
7 7 7 0
7 7 8 0
7 7 9 0
7 7 10 0
7 7 11 0
7 8 0 4854
7 8 1 5462
7 8 2 5000
7 8 3 4307
7 8 4 6769
7 8 5 4141
7 8 6 6708
7 8 7 0
7 8 8 0
7 8 9 4701
7 8 10 3033
7 8 11 3536
7 9 0 3559
7 9 1 5439
7 9 2 5235
7 9 3 5143
7 9 4 3905
7 9 5 3519
7 9 6 4361
7 9 7 0
7 9 8 7488
7 9 9 0
7 9 10 7705
7 9 11 5264
7 10 0 3504
7 10 1 3173
7 10 2 2422
7 10 3 5444
7 10 4 2639
7 10 5 4610
7 10 6 6505
7 10 7 0
7 10 8 4938
7 10 9 7312
7 10 10 0
7 10 11 6130
7 11 0 7950
7 11 1 6735
7 11 2 8747
7 11 3 5764
7 11 4 8328
7 11 5 5148
7 11 6 5034
7 11 7 0
7 11 8 6717
7 11 9 6029
7 11 10 4847
7 11 11 0
8 0 0 0
8 0 1 2790
8 0 2 7735
8 0 3 7198
8 0 4 4012
8 0 5 6710
8 0 6 7081
8 0 7 4283
8 0 8 0
8 0 9 5584
8 0 10 4884
8 0 11 7162
8 1 0 3898
8 1 1 0
8 1 2 5897
8 1 3 6752
8 1 4 4511
8 1 5 6396
8 1 6 3653
8 1 7 5029
8 1 8 0
8 1 9 8459
8 1 10 5548
8 1 11 6942
8 2 0 6352
8 2 1 3862
8 2 2 0
8 2 3 3266
8 2 4 6278
8 2 5 3992
8 2 6 4282
8 2 7 4741
8 2 8 0
8 2 9 4364
8 2 10 906
8 2 11 5063
8 3 0 2413
8 3 1 5355
8 3 2 3897
8 3 3 0
8 3 4 5032
8 3 5 4177
8 3 6 3908
8 3 7 4349
8 3 8 0
8 3 9 6184
8 3 10 5840
8 3 11 3992
8 4 0 7890
8 4 1 6725
8 4 2 9498
8 4 3 8816
8 4 4 0
8 4 5 5958
8 4 6 9590
8 4 7 7126
8 4 8 0
8 4 9 6164
8 4 10 4253
8 4 11 7774
8 5 0 5644
8 5 1 5371
8 5 2 4980
8 5 3 6234
8 5 4 4155
8 5 5 0
8 5 6 2618
8 5 7 4517
8 5 8 0
8 5 9 2068
8 5 10 2514
8 5 11 884
8 6 0 7177
8 6 1 7788
8 6 2 7351
8 6 3 8024
8 6 4 4773
8 6 5 6789
8 6 6 0
8 6 7 6383
8 6 8 0
8 6 9 6907
8 6 10 8406
8 6 11 4767
8 7 0 3371
8 7 1 1754
8 7 2 1509
8 7 3 1526
8 7 4 3668
8 7 5 676
8 7 6 1059
8 7 7 0
8 7 8 0
8 7 9 5499
8 7 10 4921
8 7 11 5308
8 8 0 0
8 8 1 0
8 8 2 0
8 8 3 0
8 8 4 0
8 8 5 0
8 8 6 0
8 8 7 0
8 8 8 0
8 8 9 0
8 8 10 0
8 8 11 0
8 9 0 6127
8 9 1 8007
8 9 2 7803
8 9 3 7711
8 9 4 6473
8 9 5 6087
8 9 6 6929
8 9 7 7488
8 9 8 0
8 9 9 0
8 9 10 8690
8 9 11 6249
8 10 0 3455
8 10 1 3124
8 10 2 2373
8 10 3 5395
8 10 4 2590
8 10 5 4561
8 10 6 6456
8 10 7 4938
8 10 8 0
8 10 9 7207
8 10 10 0
8 10 11 6025
8 11 0 7125
8 11 1 5910
8 11 2 7922
8 11 3 4939
8 11 4 7503
8 11 5 4323
8 11 6 4209
8 11 7 6717
8 11 8 0
8 11 9 6040
8 11 10 4858
8 11 11 0
9 0 0 0
9 0 1 2074
9 0 2 7019
9 0 3 6482
9 0 4 3296
9 0 5 5994
9 0 6 6365
9 0 7 3567
9 0 8 5584
9 0 9 0
9 0 10 3502
9 0 11 5780
9 1 0 4454
9 1 1 0
9 1 2 6453
9 1 3 7308
9 1 4 5067
9 1 5 6952
9 1 6 4209
9 1 7 5585
9 1 8 8459
9 1 9 0
9 1 10 3279
9 1 11 4673
9 2 0 7166
9 2 1 4676
9 2 2 0
9 2 3 4080
9 2 4 7092
9 2 5 4806
9 2 6 5096
9 2 7 5555
9 2 8 4364
9 2 9 0
9 2 10 4765
9 2 11 8922
9 3 0 3828
9 3 1 6770
9 3 2 5312
9 3 3 0
9 3 4 6447
9 3 5 5592
9 3 6 5323
9 3 7 5764
9 3 8 6184
9 3 9 0
9 3 10 7916
9 3 11 6068
9 4 0 5605
9 4 1 4440
9 4 2 7213
9 4 3 6531
9 4 4 0
9 4 5 3673
9 4 6 7305
9 4 7 4841
9 4 8 6164
9 4 9 0
9 4 10 2059
9 4 11 5580
9 5 0 5601
9 5 1 5328
9 5 2 4937
9 5 3 6191
9 5 4 4112
9 5 5 0
9 5 6 2575
9 5 7 4474
9 5 8 2068
9 5 9 0
9 5 10 3603
9 5 11 1973
9 6 0 5409
9 6 1 6020
9 6 2 5583
9 6 3 6256
9 6 4 3005
9 6 5 5021
9 6 6 0
9 6 7 4615
9 6 8 6907
9 6 9 0
9 6 10 8189
9 6 11 4550
9 7 0 6439
9 7 1 4822
9 7 2 4577
9 7 3 4594
9 7 4 6736
9 7 5 3744
9 7 6 4127
9 7 7 0
9 7 8 5499
9 7 9 0
9 7 10 4342
9 7 11 4729
9 8 0 7124
9 8 1 7732
9 8 2 7270
9 8 3 6577
9 8 4 9039
9 8 5 6411
9 8 6 8978
9 8 7 4701
9 8 8 0
9 8 9 0
9 8 10 6805
9 8 11 7308
9 9 0 0
9 9 1 0
9 9 2 0
9 9 3 0
9 9 4 0
9 9 5 0
9 9 6 0
9 9 7 0
9 9 8 0
9 9 9 0
9 9 10 0
9 9 11 0
9 10 0 5829
9 10 1 5498
9 10 2 4747
9 10 3 7769
9 10 4 4964
9 10 5 6935
9 10 6 8830
9 10 7 7312
9 10 8 7207
9 10 9 0
9 10 10 0
9 10 11 7629
9 11 0 6437
9 11 1 5222
9 11 2 7234
9 11 3 4251
9 11 4 6815
9 11 5 3635
9 11 6 3521
9 11 7 6029
9 11 8 6040
9 11 9 0
9 11 10 3518
9 11 11 0
10 0 0 0
10 0 1 1374
10 0 2 6319
10 0 3 5782
10 0 4 2596
10 0 5 5294
10 0 6 5665
10 0 7 2867
10 0 8 4884
10 0 9 3502
10 0 10 0
10 0 11 5857
10 1 0 1543
10 1 1 0
10 1 2 3542
10 1 3 4397
10 1 4 2156
10 1 5 4041
10 1 6 1298
10 1 7 2674
10 1 8 5548
10 1 9 3279
10 1 10 0
10 1 11 7068
10 2 0 3708
10 2 1 1218
10 2 2 0
10 2 3 622
10 2 4 3634
10 2 5 1348
10 2 6 1638
10 2 7 2097
10 2 8 906
10 2 9 4765
10 2 10 0
10 2 11 5166
10 3 0 3484
10 3 1 6426
10 3 2 4968
10 3 3 0
10 3 4 6103
10 3 5 5248
10 3 6 4979
10 3 7 5420
10 3 8 5840
10 3 9 7916
10 3 10 0
10 3 11 4971
10 4 0 3694
10 4 1 2529
10 4 2 5302
10 4 3 4620
10 4 4 0
10 4 5 1762
10 4 6 5394
10 4 7 2930
10 4 8 4253
10 4 9 2059
10 4 10 0
10 4 11 6603
10 5 0 6047
10 5 1 5774
10 5 2 5383
10 5 3 6637
10 5 4 4558
10 5 5 0
10 5 6 3021
10 5 7 4920
10 5 8 2514
10 5 9 3603
10 5 10 0
10 5 11 1668
10 6 0 6908
10 6 1 7519
10 6 2 7082
10 6 3 7755
10 6 4 4504
10 6 5 6520
10 6 6 0
10 6 7 6114
10 6 8 8406
10 6 9 8189
10 6 10 0
10 6 11 1307
10 7 0 5861
10 7 1 4244
10 7 2 3999
10 7 3 4016
10 7 4 6158
10 7 5 3166
10 7 6 3549
10 7 7 0
10 7 8 4921
10 7 9 4342
10 7 10 0
10 7 11 5374
10 8 0 5456
10 8 1 6064
10 8 2 5602
10 8 3 4909
10 8 4 7371
10 8 5 4743
10 8 6 7310
10 8 7 3033
10 8 8 0
10 8 9 6805
10 8 10 0
10 8 11 5336
10 9 0 6344
10 9 1 8224
10 9 2 8020
10 9 3 7928
10 9 4 6690
10 9 5 6304
10 9 6 7146
10 9 7 7705
10 9 8 8690
10 9 9 0
10 9 10 0
10 9 11 6370
10 10 0 0
10 10 1 0
10 10 2 0
10 10 3 0
10 10 4 0
10 10 5 0
10 10 6 0
10 10 7 0
10 10 8 0
10 10 9 0
10 10 10 0
10 10 11 0
10 11 0 5255
10 11 1 4040
10 11 2 6052
10 11 3 3069
10 11 4 5633
10 11 5 2453
10 11 6 2339
10 11 7 4847
10 11 8 4858
10 11 9 3518
10 11 10 0
10 11 11 0
11 0 0 0
11 0 1 3652
11 0 2 8597
11 0 3 8060
11 0 4 4874
11 0 5 7572
11 0 6 7943
11 0 7 5145
11 0 8 7162
11 0 9 5780
11 0 10 5857
11 0 11 0
11 1 0 2937
11 1 1 0
11 1 2 4936
11 1 3 5791
11 1 4 3550
11 1 5 5435
11 1 6 2692
11 1 7 4068
11 1 8 6942
11 1 9 4673
11 1 10 7068
11 1 11 0
11 2 0 7865
11 2 1 5375
11 2 2 0
11 2 3 4779
11 2 4 7791
11 2 5 5505
11 2 6 5795
11 2 7 6254
11 2 8 5063
11 2 9 8922
11 2 10 5166
11 2 11 0
11 3 0 1636
11 3 1 4578
11 3 2 3120
11 3 3 0
11 3 4 4255
11 3 5 3400
11 3 6 3131
11 3 7 3572
11 3 8 3992
11 3 9 6068
11 3 10 4971
11 3 11 0
11 4 0 7215
11 4 1 6050
11 4 2 8823
11 4 3 8141
11 4 4 0
11 4 5 5283
11 4 6 8915
11 4 7 6451
11 4 8 7774
11 4 9 5580
11 4 10 6603
11 4 11 0
11 5 0 4417
11 5 1 4144
11 5 2 3753
11 5 3 5007
11 5 4 2928
11 5 5 0
11 5 6 1391
11 5 7 3290
11 5 8 884
11 5 9 1973
11 5 10 1668
11 5 11 0
11 6 0 3269
11 6 1 3880
11 6 2 3443
11 6 3 4116
11 6 4 865
11 6 5 2881
11 6 6 0
11 6 7 2475
11 6 8 4767
11 6 9 4550
11 6 10 1307
11 6 11 0
11 7 0 6248
11 7 1 4631
11 7 2 4386
11 7 3 4403
11 7 4 6545
11 7 5 3553
11 7 6 3936
11 7 7 0
11 7 8 5308
11 7 9 4729
11 7 10 5374
11 7 11 0
11 8 0 5959
11 8 1 6567
11 8 2 6105
11 8 3 5412
11 8 4 7874
11 8 5 5246
11 8 6 7813
11 8 7 3536
11 8 8 0
11 8 9 7308
11 8 10 5336
11 8 11 0
11 9 0 3903
11 9 1 5783
11 9 2 5579
11 9 3 5487
11 9 4 4249
11 9 5 3863
11 9 6 4705
11 9 7 5264
11 9 8 6249
11 9 9 0
11 9 10 6370
11 9 11 0
11 10 0 4647
11 10 1 4316
11 10 2 3565
11 10 3 6587
11 10 4 3782
11 10 5 5753
11 10 6 7648
11 10 7 6130
11 10 8 6025
11 10 9 7629
11 10 10 0
11 10 11 0
11 11 0 0
11 11 1 0
11 11 2 0
11 11 3 0
11 11 4 0
11 11 5 0
11 11 6 0
11 11 7 0
11 11 8 0
11 11 9 0
11 11 10 0
11 11 11 0
