19
0 0 0 0
0 0 1 0
0 0 2 0
0 0 3 0
0 0 4 0
0 0 5 0
0 0 6 0
0 0 7 0
0 0 8 0
0 0 9 0
0 0 10 0
0 0 11 0
0 0 12 0
0 0 13 0
0 0 14 0
0 0 15 0
0 0 16 0
0 0 17 0
0 0 18 0
0 1 0 0
0 1 1 0
0 1 2 3793
0 1 3 4899
0 1 4 2019
0 1 5 3022
0 1 6 5462
0 1 7 6199
0 1 8 4352
0 1 9 6544
0 1 10 4648
0 1 11 4742
0 1 12 3933
0 1 13 3772
0 1 14 6111
0 1 15 5709
0 1 16 4626
0 1 17 5683
0 1 18 4150
0 2 0 0
0 2 1 3959
0 2 2 0
0 2 3 2715
0 2 4 4389
0 2 5 3223
0 2 6 2709
0 2 7 1852
0 2 8 4482
0 2 9 2342
0 2 10 2154
0 2 11 5051
0 2 12 3310
0 2 13 3623
0 2 14 4363
0 2 15 3514
0 2 16 2106
0 2 17 6229
0 2 18 1770
0 3 0 0
0 3 1 2614
0 3 2 4531
0 3 3 0
0 3 4 5672
0 3 5 3808
0 3 6 3297
0 3 7 5664
0 3 8 3024
0 3 9 2082
0 3 10 1540
0 3 11 1114
0 3 12 2321
0 3 13 1111
0 3 14 4255
0 3 15 1694
0 3 16 5191
0 3 17 4663
0 3 18 1411
0 4 0 0
0 4 1 1975
0 4 2 4732
0 4 3 4949
0 4 4 0
0 4 5 5862
0 4 6 4936
0 4 7 5407
0 4 8 5596
0 4 9 4100
0 4 10 5768
0 4 11 1719
0 4 12 4945
0 4 13 4619
0 4 14 5889
0 4 15 4050
0 4 16 3325
0 4 17 2485
0 4 18 5045
0 5 0 0
0 5 1 2031
0 5 2 2150
0 5 3 1673
0 5 4 2981
0 5 5 0
0 5 6 3784
0 5 7 5464
0 5 8 4067
0 5 9 4138
0 5 10 5236
0 5 11 5156
0 5 12 4674
0 5 13 5165
0 5 14 1688
0 5 15 5625
0 5 16 3194
0 5 17 5392
0 5 18 2339
0 6 0 0
0 6 1 8954
0 6 2 6866
0 6 3 7467
0 6 4 7545
0 6 5 4349
0 6 6 0
0 6 7 6703
0 6 8 6468
0 6 9 8106
0 6 10 5870
0 6 11 5132
0 6 12 6426
0 6 13 7479
0 6 14 5974
0 6 15 7428
0 6 16 5086
0 6 17 6090
0 6 18 4401
0 7 0 0
0 7 1 2233
0 7 2 3803
0 7 3 5294
0 7 4 5237
0 7 5 4339
0 7 6 3194
0 7 7 0
0 7 8 1893
0 7 9 2889
0 7 10 2616
0 7 11 1892
0 7 12 3703
0 7 13 4402
0 7 14 2855
0 7 15 4352
0 7 16 1982
0 7 17 3105
0 7 18 2736
0 8 0 0
0 8 1 7486
0 8 2 4887
0 8 3 5920
0 8 4 3596
0 8 5 4125
0 8 6 4285
0 8 7 7620
0 8 8 0
0 8 9 5236
0 8 10 3600
0 8 11 6310
0 8 12 5387
0 8 13 7312
0 8 14 2738
0 8 15 5145
0 8 16 5078
0 8 17 5836
0 8 18 3986
0 9 0 0
0 9 1 4983
0 9 2 2860
0 9 3 2574
0 9 4 3537
0 9 5 6376
0 9 6 2740
0 9 7 4116
0 9 8 2455
0 9 9 0
0 9 10 3941
0 9 11 3543
0 9 12 4842
0 9 13 6712
0 9 14 5324
0 9 15 6682
0 9 16 2863
0 9 17 5058
0 9 18 4650
0 10 0 0
0 10 1 4005
0 10 2 5277
0 10 3 6418
0 10 4 5468
0 10 5 4574
0 10 6 3296
0 10 7 5766
0 10 8 3954
0 10 9 4200
0 10 10 0
0 10 11 6472
0 10 12 4565
0 10 13 5646
0 10 14 2803
0 10 15 4983
0 10 16 3750
0 10 17 2892
0 10 18 2657
0 11 0 0
0 11 1 3546
0 11 2 3168
0 11 3 5227
0 11 4 3873
0 11 5 3258
0 11 6 4566
0 11 7 3518
0 11 8 4990
0 11 9 7458
0 11 10 5257
0 11 11 0
0 11 12 5735
0 11 13 6985
0 11 14 6625
0 11 15 5910
0 11 16 4345
0 11 17 6413
0 11 18 7375
0 12 0 0
0 12 1 175
0 12 2 1655
0 12 3 4394
0 12 4 4612
0 12 5 294
0 12 6 4133
0 12 7 2806
0 12 8 746
0 12 9 638
0 12 10 3236
0 12 11 1757
0 12 12 0
0 12 13 4221
0 12 14 1963
0 12 15 1403
0 12 16 2104
0 12 17 2055
0 12 18 4334
0 13 0 0
0 13 1 5738
0 13 2 3766
0 13 3 5333
0 13 4 5893
0 13 5 4256
0 13 6 1068
0 13 7 4986
0 13 8 2442
0 13 9 4648
0 13 10 5258
0 13 11 2765
0 13 12 5227
0 13 13 0
0 13 14 4215
0 13 15 2788
0 13 16 1707
0 13 17 4967
0 13 18 5197
0 14 0 0
0 14 1 5520
0 14 2 1529
0 14 3 1957
0 14 4 5524
0 14 5 4782
0 14 6 5454
0 14 7 1504
0 14 8 1233
0 14 9 2153
0 14 10 3493
0 14 11 2401
0 14 12 2226
0 14 13 2894
0 14 14 0
0 14 15 3249
0 14 16 1460
0 14 17 4864
0 14 18 2266
0 15 0 0
0 15 1 7494
0 15 2 7189
0 15 3 6367
0 15 4 5757
0 15 5 5386
0 15 6 6319
0 15 7 5943
0 15 8 3640
0 15 9 6818
0 15 10 6152
0 15 11 7050
0 15 12 6965
0 15 13 4312
0 15 14 5991
0 15 15 0
0 15 16 4275
0 15 17 5266
0 15 18 7944
0 16 0 0
0 16 1 3185
0 16 2 6599
0 16 3 2807
0 16 4 2888
0 16 5 5920
0 16 6 7387
0 16 7 4958
0 16 8 4098
0 16 9 3725
0 16 10 7279
0 16 11 7057
0 16 12 5867
0 16 13 7221
0 16 14 5584
0 16 15 4217
0 16 16 0
0 16 17 7372
0 16 18 2690
0 17 0 0
0 17 1 2351
0 17 2 2123
0 17 3 3162
0 17 4 2599
0 17 5 1649
0 17 6 2249
0 17 7 2049
0 17 8 4904
0 17 9 2869
0 17 10 3479
0 17 11 2954
0 17 12 637
0 17 13 2410
0 17 14 3643
0 17 15 5064
0 17 16 5194
0 17 17 0
0 17 18 2488
0 18 0 0
0 18 1 3513
0 18 2 4963
0 18 3 6117
0 18 4 5413
0 18 5 4514
0 18 6 2266
0 18 7 3629
0 18 8 2796
0 18 9 2372
0 18 10 3220
0 18 11 5041
0 18 12 3250
0 18 13 6514
0 18 14 3706
0 18 15 5758
0 18 16 2357
0 18 17 4514
0 18 18 0
1 0 0 0
1 0 1 0
1 0 2 3307
1 0 3 2835
1 0 4 2956
1 0 5 2564
1 0 6 5953
1 0 7 2265
1 0 8 4584
1 0 9 4247
1 0 10 3757
1 0 11 4631
1 0 12 2051
1 0 13 2927
1 0 14 3068
1 0 15 5226
1 0 16 4553
1 0 17 2290
1 0 18 3920
1 1 0 0
1 1 1 0
1 1 2 0
1 1 3 0
1 1 4 0
1 1 5 0
1 1 6 0
1 1 7 0
1 1 8 0
1 1 9 0
1 1 10 0
1 1 11 0
1 1 12 0
1 1 13 0
1 1 14 0
1 1 15 0
1 1 16 0
1 1 17 0
1 1 18 0
1 2 0 3959
1 2 1 0
1 2 2 0
1 2 3 3472
1 2 4 5146
1 2 5 3980
1 2 6 3466
1 2 7 2609
1 2 8 5239
1 2 9 3099
1 2 10 2911
1 2 11 5808
1 2 12 4067
1 2 13 4380
1 2 14 5120
1 2 15 4271
1 2 16 2863
1 2 17 6986
1 2 18 2527
1 3 0 2614
1 3 1 0
1 3 2 6866
1 3 3 0
1 3 4 8007
1 3 5 6143
1 3 6 5632
1 3 7 7999
1 3 8 5359
1 3 9 4417
1 3 10 3875
1 3 11 3449
1 3 12 4656
1 3 13 3446
1 3 14 6590
1 3 15 4029
1 3 16 7526
1 3 17 6998
1 3 18 3746
1 4 0 1975
1 4 1 0
1 4 2 4066
1 4 3 4283
1 4 4 0
1 4 5 5196
1 4 6 4270
1 4 7 4741
1 4 8 4930
1 4 9 3434
1 4 10 5102
1 4 11 1053
1 4 12 4279
1 4 13 3953
1 4 14 5223
1 4 15 3384
1 4 16 2659
1 4 17 1819
1 4 18 4379
1 5 0 2031
1 5 1 0
1 5 2 2879
1 5 3 2402
1 5 4 3710
1 5 5 0
1 5 6 4513
1 5 7 6193
1 5 8 4796
1 5 9 4867
1 5 10 5965
1 5 11 5885
1 5 12 5403
1 5 13 5894
1 5 14 2417
1 5 15 6354
1 5 16 3923
1 5 17 6121
1 5 18 3068
1 6 0 8954
1 6 1 0
1 6 2 6646
1 6 3 7247
1 6 4 7325
1 6 5 4129
1 6 6 0
1 6 7 6483
1 6 8 6248
1 6 9 7886
1 6 10 5650
1 6 11 4912
1 6 12 6206
1 6 13 7259
1 6 14 5754
1 6 15 7208
1 6 16 4866
1 6 17 5870
1 6 18 4181
1 7 0 2233
1 7 1 0
1 7 2 8008
1 7 3 9499
1 7 4 9442
1 7 5 8544
1 7 6 7399
1 7 7 0
1 7 8 6098
1 7 9 7094
1 7 10 6821
1 7 11 6097
1 7 12 7908
1 7 13 8607
1 7 14 7060
1 7 15 8557
1 7 16 6187
1 7 17 7310
1 7 18 6941
1 8 0 7486
1 8 1 0
1 8 2 4926
1 8 3 5959
1 8 4 3635
1 8 5 4164
1 8 6 4324
1 8 7 7659
1 8 8 0
1 8 9 5275
1 8 10 3639
1 8 11 6349
1 8 12 5426
1 8 13 7351
1 8 14 2777
1 8 15 5184
1 8 16 5117
1 8 17 5875
1 8 18 4025
1 9 0 4983
1 9 1 0
1 9 2 5428
1 9 3 5142
1 9 4 6105
1 9 5 8944
1 9 6 5308
1 9 7 6684
1 9 8 5023
1 9 9 0
1 9 10 6509
1 9 11 6111
1 9 12 7410
1 9 13 9280
1 9 14 7892
1 9 15 9250
1 9 16 5431
1 9 17 7626
1 9 18 7218
1 10 0 4005
1 10 1 0
1 10 2 6439
1 10 3 7580
1 10 4 6630
1 10 5 5736
1 10 6 4458
1 10 7 6928
1 10 8 5116
1 10 9 5362
1 10 10 0
1 10 11 7634
1 10 12 5727
1 10 13 6808
1 10 14 3965
1 10 15 6145
1 10 16 4912
1 10 17 4054
1 10 18 3819
1 11 0 3546
1 11 1 0
1 11 2 3550
1 11 3 5609
1 11 4 4255
1 11 5 3640
1 11 6 4948
1 11 7 3900
1 11 8 5372
1 11 9 7840
1 11 10 5639
1 11 11 0
1 11 12 6117
1 11 13 7367
1 11 14 7007
1 11 15 6292
1 11 16 4727
1 11 17 6795
1 11 18 7757
1 12 0 175
1 12 1 0
1 12 2 3808
1 12 3 6547
1 12 4 6765
1 12 5 2447
1 12 6 6286
1 12 7 4959
1 12 8 2899
1 12 9 2791
1 12 10 5389
1 12 11 3910
1 12 12 0
1 12 13 6374
1 12 14 4116
1 12 15 3556
1 12 16 4257
1 12 17 4208
1 12 18 6487
1 13 0 5738
1 13 1 0
1 13 2 4882
1 13 3 6449
1 13 4 7009
1 13 5 5372
1 13 6 2184
1 13 7 6102
1 13 8 3558
1 13 9 5764
1 13 10 6374
1 13 11 3881
1 13 12 6343
1 13 13 0
1 13 14 5331
1 13 15 3904
1 13 16 2823
1 13 17 6083
1 13 18 6313
1 14 0 5520
1 14 1 0
1 14 2 4843
1 14 3 5271
1 14 4 8838
1 14 5 8096
1 14 6 8768
1 14 7 4818
1 14 8 4547
1 14 9 5467
1 14 10 6807
1 14 11 5715
1 14 12 5540
1 14 13 6208
1 14 14 0
1 14 15 6563
1 14 16 4774
1 14 17 8178
1 14 18 5580
1 15 0 7494
1 15 1 0
1 15 2 7943
1 15 3 7121
1 15 4 6511
1 15 5 6140
1 15 6 7073
1 15 7 6697
1 15 8 4394
1 15 9 7572
1 15 10 6906
1 15 11 7804
1 15 12 7719
1 15 13 5066
1 15 14 6745
1 15 15 0
1 15 16 5029
1 15 17 6020
1 15 18 8698
1 16 0 3185
1 16 1 0
1 16 2 6943
1 16 3 3151
1 16 4 3232
1 16 5 6264
1 16 6 7731
1 16 7 5302
1 16 8 4442
1 16 9 4069
1 16 10 7623
1 16 11 7401
1 16 12 6211
1 16 13 7565
1 16 14 5928
1 16 15 4561
1 16 16 0
1 16 17 7716
1 16 18 3034
1 17 0 2351
1 17 1 0
1 17 2 5787
1 17 3 6826
1 17 4 6263
1 17 5 5313
1 17 6 5913
1 17 7 5713
1 17 8 8568
1 17 9 6533
1 17 10 7143
1 17 11 6618
1 17 12 4301
1 17 13 6074
1 17 14 7307
1 17 15 8728
1 17 16 8858
1 17 17 0
1 17 18 6152
1 18 0 3513
1 18 1 0
1 18 2 5464
1 18 3 6618
1 18 4 5914
1 18 5 5015
1 18 6 2767
1 18 7 4130
1 18 8 3297
1 18 9 2873
1 18 10 3721
1 18 11 5542
1 18 12 3751
1 18 13 7015
1 18 14 4207
1 18 15 6259
1 18 16 2858
1 18 17 5015
1 18 18 0
2 0 0 0
2 0 1 3307
2 0 2 0
2 0 3 5412
2 0 4 5533
2 0 5 5141
2 0 6 8530
2 0 7 4842
2 0 8 7161
2 0 9 6824
2 0 10 6334
2 0 11 7208
2 0 12 4628
2 0 13 5504
2 0 14 5645
2 0 15 7803
2 0 16 7130
2 0 17 4867
2 0 18 6497
2 1 0 3793
2 1 1 0
2 1 2 0
2 1 3 5822
2 1 4 2942
2 1 5 3945
2 1 6 6385
2 1 7 7122
2 1 8 5275
2 1 9 7467
2 1 10 5571
2 1 11 5665
2 1 12 4856
2 1 13 4695
2 1 14 7034
2 1 15 6632
2 1 16 5549
2 1 17 6606
2 1 18 5073
2 2 0 0
2 2 1 0
2 2 2 0
2 2 3 0
2 2 4 0
2 2 5 0
2 2 6 0
2 2 7 0
2 2 8 0
2 2 9 0
2 2 10 0
2 2 11 0
2 2 12 0
2 2 13 0
2 2 14 0
2 2 15 0
2 2 16 0
2 2 17 0
2 2 18 0
2 3 0 4531
2 3 1 6866
2 3 2 0
2 3 3 0
2 3 4 6029
2 3 5 4165
2 3 6 3654
2 3 7 6021
2 3 8 3381
2 3 9 2439
2 3 10 1897
2 3 11 1471
2 3 12 2678
2 3 13 1468
2 3 14 4612
2 3 15 2051
2 3 16 5548
2 3 17 5020
2 3 18 1768
2 4 0 4732
2 4 1 4066
2 4 2 0
2 4 3 6859
2 4 4 0
2 4 5 7772
2 4 6 6846
2 4 7 7317
2 4 8 7506
2 4 9 6010
2 4 10 7678
2 4 11 3629
2 4 12 6855
2 4 13 6529
2 4 14 7799
2 4 15 5960
2 4 16 5235
2 4 17 4395
2 4 18 6955
2 5 0 2150
2 5 1 2879
2 5 2 0
2 5 3 2809
2 5 4 4117
2 5 5 0
2 5 6 4920
2 5 7 6600
2 5 8 5203
2 5 9 5274
2 5 10 6372
2 5 11 6292
2 5 12 5810
2 5 13 6301
2 5 14 2824
2 5 15 6761
2 5 16 4330
2 5 17 6528
2 5 18 3475
2 6 0 6866
2 6 1 6646
2 6 2 0
2 6 3 4700
2 6 4 4778
2 6 5 1582
2 6 6 0
2 6 7 3936
2 6 8 3701
2 6 9 5339
2 6 10 3103
2 6 11 2365
2 6 12 3659
2 6 13 4712
2 6 14 3207
2 6 15 4661
2 6 16 2319
2 6 17 3323
2 6 18 1634
2 7 0 3803
2 7 1 8008
2 7 2 0
2 7 3 5358
2 7 4 5301
2 7 5 4403
2 7 6 3258
2 7 7 0
2 7 8 1957
2 7 9 2953
2 7 10 2680
2 7 11 1956
2 7 12 3767
2 7 13 4466
2 7 14 2919
2 7 15 4416
2 7 16 2046
2 7 17 3169
2 7 18 2800
2 8 0 4887
2 8 1 4926
2 8 2 0
2 8 3 6295
2 8 4 3971
2 8 5 4500
2 8 6 4660
2 8 7 7995
2 8 8 0
2 8 9 5611
2 8 10 3975
2 8 11 6685
2 8 12 5762
2 8 13 7687
2 8 14 3113
2 8 15 5520
2 8 16 5453
2 8 17 6211
2 8 18 4361
2 9 0 2860
2 9 1 5428
2 9 2 0
2 9 3 1146
2 9 4 2109
2 9 5 4948
2 9 6 1312
2 9 7 2688
2 9 8 1027
2 9 9 0
2 9 10 2513
2 9 11 2115
2 9 12 3414
2 9 13 5284
2 9 14 3896
2 9 15 5254
2 9 16 1435
2 9 17 3630
2 9 18 3222
2 10 0 5277
2 10 1 6439
2 10 2 0
2 10 3 5292
2 10 4 4342
2 10 5 3448
2 10 6 2170
2 10 7 4640
2 10 8 2828
2 10 9 3074
2 10 10 0
2 10 11 5346
2 10 12 3439
2 10 13 4520
2 10 14 1677
2 10 15 3857
2 10 16 2624
2 10 17 1766
2 10 18 1531
2 11 0 3168
2 11 1 3550
2 11 2 0
2 11 3 6124
2 11 4 4770
2 11 5 4155
2 11 6 5463
2 11 7 4415
2 11 8 5887
2 11 9 8355
2 11 10 6154
2 11 11 0
2 11 12 6632
2 11 13 7882
2 11 14 7522
2 11 15 6807
2 11 16 5242
2 11 17 7310
2 11 18 8272
2 12 0 1655
2 12 1 3808
2 12 2 0
2 12 3 6130
2 12 4 6348
2 12 5 2030
2 12 6 5869
2 12 7 4542
2 12 8 2482
2 12 9 2374
2 12 10 4972
2 12 11 3493
2 12 12 0
2 12 13 5957
2 12 14 3699
2 12 15 3139
2 12 16 3840
2 12 17 3791
2 12 18 6070
2 13 0 3766
2 13 1 4882
2 13 2 0
2 13 3 6506
2 13 4 7066
2 13 5 5429
2 13 6 2241
2 13 7 6159
2 13 8 3615
2 13 9 5821
2 13 10 6431
2 13 11 3938
2 13 12 6400
2 13 13 0
2 13 14 5388
2 13 15 3961
2 13 16 2880
2 13 17 6140
2 13 18 6370
2 14 0 1529
2 14 1 4843
2 14 2 0
2 14 3 3729
2 14 4 7296
2 14 5 6554
2 14 6 7226
2 14 7 3276
2 14 8 3005
2 14 9 3925
2 14 10 5265
2 14 11 4173
2 14 12 3998
2 14 13 4666
2 14 14 0
2 14 15 5021
2 14 16 3232
2 14 17 6636
2 14 18 4038
2 15 0 7189
2 15 1 7943
2 15 2 0
2 15 3 5132
2 15 4 4522
2 15 5 4151
2 15 6 5084
2 15 7 4708
2 15 8 2405
2 15 9 5583
2 15 10 4917
2 15 11 5815
2 15 12 5730
2 15 13 3077
2 15 14 4756
2 15 15 0
2 15 16 3040
2 15 17 4031
2 15 18 6709
2 16 0 6599
2 16 1 6943
2 16 2 0
2 16 3 837
2 16 4 918
2 16 5 3950
2 16 6 5417
2 16 7 2988
2 16 8 2128
2 16 9 1755
2 16 10 5309
2 16 11 5087
2 16 12 3897
2 16 13 5251
2 16 14 3614
2 16 15 2247
2 16 16 0
2 16 17 5402
2 16 18 720
2 17 0 2123
2 17 1 5787
2 17 2 0
2 17 3 7578
2 17 4 7015
2 17 5 6065
2 17 6 6665
2 17 7 6465
2 17 8 9320
2 17 9 7285
2 17 10 7895
2 17 11 7370
2 17 12 5053
2 17 13 6826
2 17 14 8059
2 17 15 9480
2 17 16 9610
2 17 17 0
2 17 18 6904
2 18 0 4963
2 18 1 5464
2 18 2 0
2 18 3 4444
2 18 4 3740
2 18 5 2841
2 18 6 593
2 18 7 1956
2 18 8 1123
2 18 9 699
2 18 10 1547
2 18 11 3368
2 18 12 1577
2 18 13 4841
2 18 14 2033
2 18 15 4085
2 18 16 684
2 18 17 2841
2 18 18 0
3 0 0 0
3 0 1 2835
3 0 2 5412
3 0 3 0
3 0 4 4526
3 0 5 4134
3 0 6 7523
3 0 7 3835
3 0 8 6154
3 0 9 5817
3 0 10 5327
3 0 11 6201
3 0 12 3621
3 0 13 4497
3 0 14 4638
3 0 15 6796
3 0 16 6123
3 0 17 3860
3 0 18 5490
3 1 0 4899
3 1 1 0
3 1 2 5822
3 1 3 0
3 1 4 2069
3 1 5 3072
3 1 6 5512
3 1 7 6249
3 1 8 4402
3 1 9 6594
3 1 10 4698
3 1 11 4792
3 1 12 3983
3 1 13 3822
3 1 14 6161
3 1 15 5759
3 1 16 4676
3 1 17 5733
3 1 18 4200
3 2 0 2715
3 2 1 3472
3 2 2 0
3 2 3 0
3 2 4 6562
3 2 5 5396
3 2 6 4882
3 2 7 4025
3 2 8 6655
3 2 9 4515
3 2 10 4327
3 2 11 7224
3 2 12 5483
3 2 13 5796
3 2 14 6536
3 2 15 5687
3 2 16 4279
3 2 17 8402
3 2 18 3943
3 3 0 0
3 3 1 0
3 3 2 0
3 3 3 0
3 3 4 0
3 3 5 0
3 3 6 0
3 3 7 0
3 3 8 0
3 3 9 0
3 3 10 0
3 3 11 0
3 3 12 0
3 3 13 0
3 3 14 0
3 3 15 0
3 3 16 0
3 3 17 0
3 3 18 0
3 4 0 4949
3 4 1 4283
3 4 2 6859
3 4 3 0
3 4 4 0
3 4 5 9527
3 4 6 8601
3 4 7 9072
3 4 8 9261
3 4 9 7765
3 4 10 9433
3 4 11 5384
3 4 12 8610
3 4 13 8284
3 4 14 9554
3 4 15 7715
3 4 16 6990
3 4 17 6150
3 4 18 8710
3 5 0 1673
3 5 1 2402
3 5 2 2809
3 5 3 0
3 5 4 5174
3 5 5 0
3 5 6 5977
3 5 7 7657
3 5 8 6260
3 5 9 6331
3 5 10 7429
3 5 11 7349
3 5 12 6867
3 5 13 7358
3 5 14 3881
3 5 15 7818
3 5 16 5387
3 5 17 7585
3 5 18 4532
3 6 0 7467
3 6 1 7247
3 6 2 4700
3 6 3 0
3 6 4 5838
3 6 5 2642
3 6 6 0
3 6 7 4996
3 6 8 4761
3 6 9 6399
3 6 10 4163
3 6 11 3425
3 6 12 4719
3 6 13 5772
3 6 14 4267
3 6 15 5721
3 6 16 3379
3 6 17 4383
3 6 18 2694
3 7 0 5294
3 7 1 9499
3 7 2 5358
3 7 3 0
3 7 4 9585
3 7 5 8687
3 7 6 7542
3 7 7 0
3 7 8 6241
3 7 9 7237
3 7 10 6964
3 7 11 6240
3 7 12 8051
3 7 13 8750
3 7 14 7203
3 7 15 8700
3 7 16 6330
3 7 17 7453
3 7 18 7084
3 8 0 5920
3 8 1 5959
3 8 2 6295
3 8 3 0
3 8 4 2985
3 8 5 3514
3 8 6 3674
3 8 7 7009
3 8 8 0
3 8 9 4625
3 8 10 2989
3 8 11 5699
3 8 12 4776
3 8 13 6701
3 8 14 2127
3 8 15 4534
3 8 16 4467
3 8 17 5225
3 8 18 3375
3 9 0 2574
3 9 1 5142
3 9 2 1146
3 9 3 0
3 9 4 2321
3 9 5 5160
3 9 6 1524
3 9 7 2900
3 9 8 1239
3 9 9 0
3 9 10 2725
3 9 11 2327
3 9 12 3626
3 9 13 5496
3 9 14 4108
3 9 15 5466
3 9 16 1647
3 9 17 3842
3 9 18 3434
3 10 0 6418
3 10 1 7580
3 10 2 5292
3 10 3 0
3 10 4 4200
3 10 5 3306
3 10 6 2028
3 10 7 4498
3 10 8 2686
3 10 9 2932
3 10 10 0
3 10 11 5204
3 10 12 3297
3 10 13 4378
3 10 14 1535
3 10 15 3715
3 10 16 2482
3 10 17 1624
3 10 18 1389
3 11 0 5227
3 11 1 5609
3 11 2 6124
3 11 3 0
3 11 4 1305
3 11 5 690
3 11 6 1998
3 11 7 950
3 11 8 2422
3 11 9 4890
3 11 10 2689
3 11 11 0
3 11 12 3167
3 11 13 4417
3 11 14 4057
3 11 15 3342
3 11 16 1777
3 11 17 3845
3 11 18 4807
3 12 0 4394
3 12 1 6547
3 12 2 6130
3 12 3 0
3 12 4 5831
3 12 5 1513
3 12 6 5352
3 12 7 4025
3 12 8 1965
3 12 9 1857
3 12 10 4455
3 12 11 2976
3 12 12 0
3 12 13 5440
3 12 14 3182
3 12 15 2622
3 12 16 3323
3 12 17 3274
3 12 18 5553
3 13 0 5333
3 13 1 6449
3 13 2 6506
3 13 3 0
3 13 4 5026
3 13 5 3389
3 13 6 201
3 13 7 4119
3 13 8 1575
3 13 9 3781
3 13 10 4391
3 13 11 1898
3 13 12 4360
3 13 13 0
3 13 14 3348
3 13 15 1921
3 13 16 840
3 13 17 4100
3 13 18 4330
3 14 0 1957
3 14 1 5271
3 14 2 3729
3 14 3 0
3 14 4 7660
3 14 5 6918
3 14 6 7590
3 14 7 3640
3 14 8 3369
3 14 9 4289
3 14 10 5629
3 14 11 4537
3 14 12 4362
3 14 13 5030
3 14 14 0
3 14 15 5385
3 14 16 3596
3 14 17 7000
3 14 18 4402
3 15 0 6367
3 15 1 7121
3 15 2 5132
3 15 3 0
3 15 4 3174
3 15 5 2803
3 15 6 3736
3 15 7 3360
3 15 8 1057
3 15 9 4235
3 15 10 3569
3 15 11 4467
3 15 12 4382
3 15 13 1729
3 15 14 3408
3 15 15 0
3 15 16 1692
3 15 17 2683
3 15 18 5361
3 16 0 2807
3 16 1 3151
3 16 2 837
3 16 3 0
3 16 4 4475
3 16 5 7507
3 16 6 8974
3 16 7 6545
3 16 8 5685
3 16 9 5312
3 16 10 8866
3 16 11 8644
3 16 12 7454
3 16 13 8808
3 16 14 7171
3 16 15 5804
3 16 16 0
3 16 17 8959
3 16 18 4277
3 17 0 3162
3 17 1 6826
3 17 2 7578
3 17 3 0
3 17 4 5921
3 17 5 4971
3 17 6 5571
3 17 7 5371
3 17 8 8226
3 17 9 6191
3 17 10 6801
3 17 11 6276
3 17 12 3959
3 17 13 5732
3 17 14 6965
3 17 15 8386
3 17 16 8516
3 17 17 0
3 17 18 5810
3 18 0 6117
3 18 1 6618
3 18 2 4444
3 18 3 0
3 18 4 3853
3 18 5 2954
3 18 6 706
3 18 7 2069
3 18 8 1236
3 18 9 812
3 18 10 1660
3 18 11 3481
3 18 12 1690
3 18 13 4954
3 18 14 2146
3 18 15 4198
3 18 16 797
3 18 17 2954
3 18 18 0
4 0 0 0
4 0 1 2956
4 0 2 5533
4 0 3 4526
4 0 4 0
4 0 5 1208
4 0 6 4597
4 0 7 909
4 0 8 3228
4 0 9 2891
4 0 10 2401
4 0 11 3275
4 0 12 695
4 0 13 1571
4 0 14 1712
4 0 15 3870
4 0 16 3197
4 0 17 934
4 0 18 2564
4 1 0 2019
4 1 1 0
4 1 2 2942
4 1 3 2069
4 1 4 0
4 1 5 2312
4 1 6 4752
4 1 7 5489
4 1 8 3642
4 1 9 5834
4 1 10 3938
4 1 11 4032
4 1 12 3223
4 1 13 3062
4 1 14 5401
4 1 15 4999
4 1 16 3916
4 1 17 4973
4 1 18 3440
4 2 0 4389
4 2 1 5146
4 2 2 0
4 2 3 6562
4 2 4 0
4 2 5 5476
4 2 6 4962
4 2 7 4105
4 2 8 6735
4 2 9 4595
4 2 10 4407
4 2 11 7304
4 2 12 5563
4 2 13 5876
4 2 14 6616
4 2 15 5767
4 2 16 4359
4 2 17 8482
4 2 18 4023
4 3 0 5672
4 3 1 8007
4 3 2 6029
4 3 3 0
4 3 4 0
4 3 5 6750
4 3 6 6239
4 3 7 8606
4 3 8 5966
4 3 9 5024
4 3 10 4482
4 3 11 4056
4 3 12 5263
4 3 13 4053
4 3 14 7197
4 3 15 4636
4 3 16 8133
4 3 17 7605
4 3 18 4353
4 4 0 0
4 4 1 0
4 4 2 0
4 4 3 0
4 4 4 0
4 4 5 0
4 4 6 0
4 4 7 0
4 4 8 0
4 4 9 0
4 4 10 0
4 4 11 0
4 4 12 0
4 4 13 0
4 4 14 0
4 4 15 0
4 4 16 0
4 4 17 0
4 4 18 0
4 5 0 2981
4 5 1 3710
4 5 2 4117
4 5 3 5174
4 5 4 0
4 5 5 0
4 5 6 7910
4 5 7 9590
4 5 8 8193
4 5 9 8264
4 5 10 9362
4 5 11 9282
4 5 12 8800
4 5 13 9291
4 5 14 5814
4 5 15 9751
4 5 16 7320
4 5 17 9518
4 5 18 6465
4 6 0 7545
4 6 1 7325
4 6 2 4778
4 6 3 5838
4 6 4 0
4 6 5 4160
4 6 6 0
4 6 7 6514
4 6 8 6279
4 6 9 7917
4 6 10 5681
4 6 11 4943
4 6 12 6237
4 6 13 7290
4 6 14 5785
4 6 15 7239
4 6 16 4897
4 6 17 5901
4 6 18 4212
4 7 0 5237
4 7 1 9442
4 7 2 5301
4 7 3 9585
4 7 4 0
4 7 5 8309
4 7 6 7164
4 7 7 0
4 7 8 5863
4 7 9 6859
4 7 10 6586
4 7 11 5862
4 7 12 7673
4 7 13 8372
4 7 14 6825
4 7 15 8322
4 7 16 5952
4 7 17 7075
4 7 18 6706
4 8 0 3596
4 8 1 3635
4 8 2 3971
4 8 3 2985
4 8 4 0
4 8 5 5965
4 8 6 6125
4 8 7 9460
4 8 8 0
4 8 9 7076
4 8 10 5440
4 8 11 8150
4 8 12 7227
4 8 13 9152
4 8 14 4578
4 8 15 6985
4 8 16 6918
4 8 17 7676
4 8 18 5826
4 9 0 3537
4 9 1 6105
4 9 2 2109
4 9 3 2321
4 9 4 0
4 9 5 7057
4 9 6 3421
4 9 7 4797
4 9 8 3136
4 9 9 0
4 9 10 4622
4 9 11 4224
4 9 12 5523
4 9 13 7393
4 9 14 6005
4 9 15 7363
4 9 16 3544
4 9 17 5739
4 9 18 5331
4 10 0 5468
4 10 1 6630
4 10 2 4342
4 10 3 4200
4 10 4 0
4 10 5 7413
4 10 6 6135
4 10 7 8605
4 10 8 6793
4 10 9 7039
4 10 10 0
4 10 11 9311
4 10 12 7404
4 10 13 8485
4 10 14 5642
4 10 15 7822
4 10 16 6589
4 10 17 5731
4 10 18 5496
4 11 0 3873
4 11 1 4255
4 11 2 4770
4 11 3 1305
4 11 4 0
4 11 5 1174
4 11 6 2482
4 11 7 1434
4 11 8 2906
4 11 9 5374
4 11 10 3173
4 11 11 0
4 11 12 3651
4 11 13 4901
4 11 14 4541
4 11 15 3826
4 11 16 2261
4 11 17 4329
4 11 18 5291
4 12 0 4612
4 12 1 6765
4 12 2 6348
4 12 3 5831
4 12 4 0
4 12 5 4016
4 12 6 7855
4 12 7 6528
4 12 8 4468
4 12 9 4360
4 12 10 6958
4 12 11 5479
4 12 12 0
4 12 13 7943
4 12 14 5685
4 12 15 5125
4 12 16 5826
4 12 17 5777
4 12 18 8056
4 13 0 5893
4 13 1 7009
4 13 2 7066
4 13 3 5026
4 13 4 0
4 13 5 6776
4 13 6 3588
4 13 7 7506
4 13 8 4962
4 13 9 7168
4 13 10 7778
4 13 11 5285
4 13 12 7747
4 13 13 0
4 13 14 6735
4 13 15 5308
4 13 16 4227
4 13 17 7487
4 13 18 7717
4 14 0 5524
4 14 1 8838
4 14 2 7296
4 14 3 7660
4 14 4 0
4 14 5 8431
4 14 6 9103
4 14 7 5153
4 14 8 4882
4 14 9 5802
4 14 10 7142
4 14 11 6050
4 14 12 5875
4 14 13 6543
4 14 14 0
4 14 15 6898
4 14 16 5109
4 14 17 8513
4 14 18 5915
4 15 0 5757
4 15 1 6511
4 15 2 4522
4 15 3 3174
4 15 4 0
4 15 5 5038
4 15 6 5971
4 15 7 5595
4 15 8 3292
4 15 9 6470
4 15 10 5804
4 15 11 6702
4 15 12 6617
4 15 13 3964
4 15 14 5643
4 15 15 0
4 15 16 3927
4 15 17 4918
4 15 18 7596
4 16 0 2888
4 16 1 3232
4 16 2 918
4 16 3 4475
4 16 4 0
4 16 5 5520
4 16 6 6987
4 16 7 4558
4 16 8 3698
4 16 9 3325
4 16 10 6879
4 16 11 6657
4 16 12 5467
4 16 13 6821
4 16 14 5184
4 16 15 3817
4 16 16 0
4 16 17 6972
4 16 18 2290
4 17 0 2599
4 17 1 6263
4 17 2 7015
4 17 3 5921
4 17 4 0
4 17 5 2672
4 17 6 3272
4 17 7 3072
4 17 8 5927
4 17 9 3892
4 17 10 4502
4 17 11 3977
4 17 12 1660
4 17 13 3433
4 17 14 4666
4 17 15 6087
4 17 16 6217
4 17 17 0
4 17 18 3511
4 18 0 5413
4 18 1 5914
4 18 2 3740
4 18 3 3853
4 18 4 0
4 18 5 6467
4 18 6 4219
4 18 7 5582
4 18 8 4749
4 18 9 4325
4 18 10 5173
4 18 11 6994
4 18 12 5203
4 18 13 8467
4 18 14 5659
4 18 15 7711
4 18 16 4310
4 18 17 6467
4 18 18 0
5 0 0 0
5 0 1 2564
5 0 2 5141
5 0 3 4134
5 0 4 1208
5 0 5 0
5 0 6 8064
5 0 7 4376
5 0 8 6695
5 0 9 6358
5 0 10 5868
5 0 11 6742
5 0 12 4162
5 0 13 5038
5 0 14 5179
5 0 15 7337
5 0 16 6664
5 0 17 4401
5 0 18 6031
5 1 0 3022
5 1 1 0
5 1 2 3945
5 1 3 3072
5 1 4 2312
5 1 5 0
5 1 6 5200
5 1 7 5937
5 1 8 4090
5 1 9 6282
5 1 10 4386
5 1 11 4480
5 1 12 3671
5 1 13 3510
5 1 14 5849
5 1 15 5447
5 1 16 4364
5 1 17 5421
5 1 18 3888
5 2 0 3223
5 2 1 3980
5 2 2 0
5 2 3 5396
5 2 4 5476
5 2 5 0
5 2 6 2772
5 2 7 1915
5 2 8 4545
5 2 9 2405
5 2 10 2217
5 2 11 5114
5 2 12 3373
5 2 13 3686
5 2 14 4426
5 2 15 3577
5 2 16 2169
5 2 17 6292
5 2 18 1833
5 3 0 3808
5 3 1 6143
5 3 2 4165
5 3 3 0
5 3 4 6750
5 3 5 0
5 3 6 3355
5 3 7 5722
5 3 8 3082
5 3 9 2140
5 3 10 1598
5 3 11 1172
5 3 12 2379
5 3 13 1169
5 3 14 4313
5 3 15 1752
5 3 16 5249
5 3 17 4721
5 3 18 1469
5 4 0 5862
5 4 1 5196
5 4 2 7772
5 4 3 9527
5 4 4 0
5 4 5 0
5 4 6 6181
5 4 7 6652
5 4 8 6841
5 4 9 5345
5 4 10 7013
5 4 11 2964
5 4 12 6190
5 4 13 5864
5 4 14 7134
5 4 15 5295
5 4 16 4570
5 4 17 3730
5 4 18 6290
5 5 0 0
5 5 1 0
5 5 2 0
5 5 3 0
5 5 4 0
5 5 5 0
5 5 6 0
5 5 7 0
5 5 8 0
5 5 9 0
5 5 10 0
5 5 11 0
5 5 12 0
5 5 13 0
5 5 14 0
5 5 15 0
5 5 16 0
5 5 17 0
5 5 18 0
5 6 0 4349
5 6 1 4129
5 6 2 1582
5 6 3 2642
5 6 4 4160
5 6 5 0
5 6 6 0
5 6 7 5754
5 6 8 5519
5 6 9 7157
5 6 10 4921
5 6 11 4183
5 6 12 5477
5 6 13 6530
5 6 14 5025
5 6 15 6479
5 6 16 4137
5 6 17 5141
5 6 18 3452
5 7 0 4339
5 7 1 8544
5 7 2 4403
5 7 3 8687
5 7 4 8309
5 7 5 0
5 7 6 7613
5 7 7 0
5 7 8 6312
5 7 9 7308
5 7 10 7035
5 7 11 6311
5 7 12 8122
5 7 13 8821
5 7 14 7274
5 7 15 8771
5 7 16 6401
5 7 17 7524
5 7 18 7155
5 8 0 4125
5 8 1 4164
5 8 2 4500
5 8 3 3514
5 8 4 5965
5 8 5 0
5 8 6 4988
5 8 7 8323
5 8 8 0
5 8 9 5939
5 8 10 4303
5 8 11 7013
5 8 12 6090
5 8 13 8015
5 8 14 3441
5 8 15 5848
5 8 16 5781
5 8 17 6539
5 8 18 4689
5 9 0 6376
5 9 1 8944
5 9 2 4948
5 9 3 5160
5 9 4 7057
5 9 5 0
5 9 6 3851
5 9 7 5227
5 9 8 3566
5 9 9 0
5 9 10 5052
5 9 11 4654
5 9 12 5953
5 9 13 7823
5 9 14 6435
5 9 15 7793
5 9 16 3974
5 9 17 6169
5 9 18 5761
5 10 0 4574
5 10 1 5736
5 10 2 3448
5 10 3 3306
5 10 4 7413
5 10 5 0
5 10 6 5995
5 10 7 8465
5 10 8 6653
5 10 9 6899
5 10 10 0
5 10 11 9171
5 10 12 7264
5 10 13 8345
5 10 14 5502
5 10 15 7682
5 10 16 6449
5 10 17 5591
5 10 18 5356
5 11 0 3258
5 11 1 3640
5 11 2 4155
5 11 3 690
5 11 4 1174
5 11 5 0
5 11 6 6311
5 11 7 5263
5 11 8 6735
5 11 9 9203
5 11 10 7002
5 11 11 0
5 11 12 7480
5 11 13 8730
5 11 14 8370
5 11 15 7655
5 11 16 6090
5 11 17 8158
5 11 18 9120
5 12 0 294
5 12 1 2447
5 12 2 2030
5 12 3 1513
5 12 4 4016
5 12 5 0
5 12 6 7976
5 12 7 6649
5 12 8 4589
5 12 9 4481
5 12 10 7079
5 12 11 5600
5 12 12 0
5 12 13 8064
5 12 14 5806
5 12 15 5246
5 12 16 5947
5 12 17 5898
5 12 18 8177
5 13 0 4256
5 13 1 5372
5 13 2 5429
5 13 3 3389
5 13 4 6776
5 13 5 0
5 13 6 4526
5 13 7 8444
5 13 8 5900
5 13 9 8106
5 13 10 8716
5 13 11 6223
5 13 12 8685
5 13 13 0
5 13 14 7673
5 13 15 6246
5 13 16 5165
5 13 17 8425
5 13 18 8655
5 14 0 4782
5 14 1 8096
5 14 2 6554
5 14 3 6918
5 14 4 8431
5 14 5 0
5 14 6 5294
5 14 7 1344
5 14 8 1073
5 14 9 1993
5 14 10 3333
5 14 11 2241
5 14 12 2066
5 14 13 2734
5 14 14 0
5 14 15 3089
5 14 16 1300
5 14 17 4704
5 14 18 2106
5 15 0 5386
5 15 1 6140
5 15 2 4151
5 15 3 2803
5 15 4 5038
5 15 5 0
5 15 6 7938
5 15 7 7562
5 15 8 5259
5 15 9 8437
5 15 10 7771
5 15 11 8669
5 15 12 8584
5 15 13 5931
5 15 14 7610
5 15 15 0
5 15 16 5894
5 15 17 6885
5 15 18 9563
5 16 0 5920
5 16 1 6264
5 16 2 3950
5 16 3 7507
5 16 4 5520
5 16 5 0
5 16 6 7248
5 16 7 4819
5 16 8 3959
5 16 9 3586
5 16 10 7140
5 16 11 6918
5 16 12 5728
5 16 13 7082
5 16 14 5445
5 16 15 4078
5 16 16 0
5 16 17 7233
5 16 18 2551
5 17 0 1649
5 17 1 5313
5 17 2 6065
5 17 3 4971
5 17 4 2672
5 17 5 0
5 17 6 6571
5 17 7 6371
5 17 8 9226
5 17 9 7191
5 17 10 7801
5 17 11 7276
5 17 12 4959
5 17 13 6732
5 17 14 7965
5 17 15 9386
5 17 16 9516
5 17 17 0
5 17 18 6810
5 18 0 4514
5 18 1 5015
5 18 2 2841
5 18 3 2954
5 18 4 6467
5 18 5 0
5 18 6 1905
5 18 7 3268
5 18 8 2435
5 18 9 2011
5 18 10 2859
5 18 11 4680
5 18 12 2889
5 18 13 6153
5 18 14 3345
5 18 15 5397
5 18 16 1996
5 18 17 4153
5 18 18 0
6 0 0 0
6 0 1 5953
6 0 2 8530
6 0 3 7523
6 0 4 4597
6 0 5 8064
6 0 6 0
6 0 7 875
6 0 8 3194
6 0 9 2857
6 0 10 2367
6 0 11 3241
6 0 12 661
6 0 13 1537
6 0 14 1678
6 0 15 3836
6 0 16 3163
6 0 17 900
6 0 18 2530
6 1 0 5462
6 1 1 0
6 1 2 6385
6 1 3 5512
6 1 4 4752
6 1 5 5200
6 1 6 0
6 1 7 9471
6 1 8 7624
6 1 9 9816
6 1 10 7920
6 1 11 8014
6 1 12 7205
6 1 13 7044
6 1 14 9383
6 1 15 8981
6 1 16 7898
6 1 17 8955
6 1 18 7422
6 2 0 2709
6 2 1 3466
6 2 2 0
6 2 3 4882
6 2 4 4962
6 2 5 2772
6 2 6 0
6 2 7 3242
6 2 8 5872
6 2 9 3732
6 2 10 3544
6 2 11 6441
6 2 12 4700
6 2 13 5013
6 2 14 5753
6 2 15 4904
6 2 16 3496
6 2 17 7619
6 2 18 3160
6 3 0 3297
6 3 1 5632
6 3 2 3654
6 3 3 0
6 3 4 6239
6 3 5 3355
6 3 6 0
6 3 7 8127
6 3 8 5487
6 3 9 4545
6 3 10 4003
6 3 11 3577
6 3 12 4784
6 3 13 3574
6 3 14 6718
6 3 15 4157
6 3 16 7654
6 3 17 7126
6 3 18 3874
6 4 0 4936
6 4 1 4270
6 4 2 6846
6 4 3 8601
6 4 4 0
6 4 5 6181
6 4 6 0
6 4 7 7827
6 4 8 8016
6 4 9 6520
6 4 10 8188
6 4 11 4139
6 4 12 7365
6 4 13 7039
6 4 14 8309
6 4 15 6470
6 4 16 5745
6 4 17 4905
6 4 18 7465
6 5 0 3784
6 5 1 4513
6 5 2 4920
6 5 3 5977
6 5 4 7910
6 5 5 0
6 5 6 0
6 5 7 5080
6 5 8 3683
6 5 9 3754
6 5 10 4852
6 5 11 4772
6 5 12 4290
6 5 13 4781
6 5 14 1304
6 5 15 5241
6 5 16 2810
6 5 17 5008
6 5 18 1955
6 6 0 0
6 6 1 0
6 6 2 0
6 6 3 0
6 6 4 0
6 6 5 0
6 6 6 0
6 6 7 0
6 6 8 0
6 6 9 0
6 6 10 0
6 6 11 0
6 6 12 0
6 6 13 0
6 6 14 0
6 6 15 0
6 6 16 0
6 6 17 0
6 6 18 0
6 7 0 3194
6 7 1 7399
6 7 2 3258
6 7 3 7542
6 7 4 7164
6 7 5 7613
6 7 6 0
6 7 7 0
6 7 8 4162
6 7 9 5158
6 7 10 4885
6 7 11 4161
6 7 12 5972
6 7 13 6671
6 7 14 5124
6 7 15 6621
6 7 16 4251
6 7 17 5374
6 7 18 5005
6 8 0 4285
6 8 1 4324
6 8 2 4660
6 8 3 3674
6 8 4 6125
6 8 5 4988
6 8 6 0
6 8 7 7335
6 8 8 0
6 8 9 4951
6 8 10 3315
6 8 11 6025
6 8 12 5102
6 8 13 7027
6 8 14 2453
6 8 15 4860
6 8 16 4793
6 8 17 5551
6 8 18 3701
6 9 0 2740
6 9 1 5308
6 9 2 1312
6 9 3 1524
6 9 4 3421
6 9 5 3851
6 9 6 0
6 9 7 5806
6 9 8 4145
6 9 9 0
6 9 10 5631
6 9 11 5233
6 9 12 6532
6 9 13 8402
6 9 14 7014
6 9 15 8372
6 9 16 4553
6 9 17 6748
6 9 18 6340
6 10 0 3296
6 10 1 4458
6 10 2 2170
6 10 3 2028
6 10 4 6135
6 10 5 5995
6 10 6 0
6 10 7 5710
6 10 8 3898
6 10 9 4144
6 10 10 0
6 10 11 6416
6 10 12 4509
6 10 13 5590
6 10 14 2747
6 10 15 4927
6 10 16 3694
6 10 17 2836
6 10 18 2601
6 11 0 4566
6 11 1 4948
6 11 2 5463
6 11 3 1998
6 11 4 2482
6 11 5 6311
6 11 6 0
6 11 7 1850
6 11 8 3322
6 11 9 5790
6 11 10 3589
6 11 11 0
6 11 12 4067
6 11 13 5317
6 11 14 4957
6 11 15 4242
6 11 16 2677
6 11 17 4745
6 11 18 5707
6 12 0 4133
6 12 1 6286
6 12 2 5869
6 12 3 5352
6 12 4 7855
6 12 5 7976
6 12 6 0
6 12 7 5012
6 12 8 2952
6 12 9 2844
6 12 10 5442
6 12 11 3963
6 12 12 0
6 12 13 6427
6 12 14 4169
6 12 15 3609
6 12 16 4310
6 12 17 4261
6 12 18 6540
6 13 0 1068
6 13 1 2184
6 13 2 2241
6 13 3 201
6 13 4 3588
6 13 5 4526
6 13 6 0
6 13 7 7369
6 13 8 4825
6 13 9 7031
6 13 10 7641
6 13 11 5148
6 13 12 7610
6 13 13 0
6 13 14 6598
6 13 15 5171
6 13 16 4090
6 13 17 7350
6 13 18 7580
6 14 0 5454
6 14 1 8768
6 14 2 7226
6 14 3 7590
6 14 4 9103
6 14 5 5294
6 14 6 0
6 14 7 2241
6 14 8 1970
6 14 9 2890
6 14 10 4230
6 14 11 3138
6 14 12 2963
6 14 13 3631
6 14 14 0
6 14 15 3986
6 14 16 2197
6 14 17 5601
6 14 18 3003
6 15 0 6319
6 15 1 7073
6 15 2 5084
6 15 3 3736
6 15 4 5971
6 15 5 7938
6 15 6 0
6 15 7 5976
6 15 8 3673
6 15 9 6851
6 15 10 6185
6 15 11 7083
6 15 12 6998
6 15 13 4345
6 15 14 6024
6 15 15 0
6 15 16 4308
6 15 17 5299
6 15 18 7977
6 16 0 7387
6 16 1 7731
6 16 2 5417
6 16 3 8974
6 16 4 6987
6 16 5 7248
6 16 6 0
6 16 7 3322
6 16 8 2462
6 16 9 2089
6 16 10 5643
6 16 11 5421
6 16 12 4231
6 16 13 5585
6 16 14 3948
6 16 15 2581
6 16 16 0
6 16 17 5736
6 16 18 1054
6 17 0 2249
6 17 1 5913
6 17 2 6665
6 17 3 5571
6 17 4 3272
6 17 5 6571
6 17 6 0
6 17 7 3680
6 17 8 6535
6 17 9 4500
6 17 10 5110
6 17 11 4585
6 17 12 2268
6 17 13 4041
6 17 14 5274
6 17 15 6695
6 17 16 6825
6 17 17 0
6 17 18 4119
6 18 0 2266
6 18 1 2767
6 18 2 593
6 18 3 706
6 18 4 4219
6 18 5 1905
6 18 6 0
6 18 7 1941
6 18 8 1108
6 18 9 684
6 18 10 1532
6 18 11 3353
6 18 12 1562
6 18 13 4826
6 18 14 2018
6 18 15 4070
6 18 16 669
6 18 17 2826
6 18 18 0
7 0 0 0
7 0 1 2265
7 0 2 4842
7 0 3 3835
7 0 4 909
7 0 5 4376
7 0 6 875
7 0 7 0
7 0 8 5468
7 0 9 5131
7 0 10 4641
7 0 11 5515
7 0 12 2935
7 0 13 3811
7 0 14 3952
7 0 15 6110
7 0 16 5437
7 0 17 3174
7 0 18 4804
7 1 0 6199
7 1 1 0
7 1 2 7122
7 1 3 6249
7 1 4 5489
7 1 5 5937
7 1 6 9471
7 1 7 0
7 1 8 4591
7 1 9 6783
7 1 10 4887
7 1 11 4981
7 1 12 4172
7 1 13 4011
7 1 14 6350
7 1 15 5948
7 1 16 4865
7 1 17 5922
7 1 18 4389
7 2 0 1852
7 2 1 2609
7 2 2 0
7 2 3 4025
7 2 4 4105
7 2 5 1915
7 2 6 3242
7 2 7 0
7 2 8 6497
7 2 9 4357
7 2 10 4169
7 2 11 7066
7 2 12 5325
7 2 13 5638
7 2 14 6378
7 2 15 5529
7 2 16 4121
7 2 17 8244
7 2 18 3785
7 3 0 5664
7 3 1 7999
7 3 2 6021
7 3 3 0
7 3 4 8606
7 3 5 5722
7 3 6 8127
7 3 7 0
7 3 8 7002
7 3 9 6060
7 3 10 5518
7 3 11 5092
7 3 12 6299
7 3 13 5089
7 3 14 8233
7 3 15 5672
7 3 16 9169
7 3 17 8641
7 3 18 5389
7 4 0 5407
7 4 1 4741
7 4 2 7317
7 4 3 9072
7 4 4 0
7 4 5 6652
7 4 6 7827
7 4 7 0
7 4 8 9396
7 4 9 7900
7 4 10 9568
7 4 11 5519
7 4 12 8745
7 4 13 8419
7 4 14 9689
7 4 15 7850
7 4 16 7125
7 4 17 6285
7 4 18 8845
7 5 0 5464
7 5 1 6193
7 5 2 6600
7 5 3 7657
7 5 4 9590
7 5 5 0
7 5 6 5080
7 5 7 0
7 5 8 7361
7 5 9 7432
7 5 10 8530
7 5 11 8450
7 5 12 7968
7 5 13 8459
7 5 14 4982
7 5 15 8919
7 5 16 6488
7 5 17 8686
7 5 18 5633
7 6 0 6703
7 6 1 6483
7 6 2 3936
7 6 3 4996
7 6 4 6514
7 6 5 5754
7 6 6 0
7 6 7 0
7 6 8 5228
7 6 9 6866
7 6 10 4630
7 6 11 3892
7 6 12 5186
7 6 13 6239
7 6 14 4734
7 6 15 6188
7 6 16 3846
7 6 17 4850
7 6 18 3161
7 7 0 0
7 7 1 0
7 7 2 0
7 7 3 0
7 7 4 0
7 7 5 0
7 7 6 0
7 7 7 0
7 7 8 0
7 7 9 0
7 7 10 0
7 7 11 0
7 7 12 0
7 7 13 0
7 7 14 0
7 7 15 0
7 7 16 0
7 7 17 0
7 7 18 0
7 8 0 7620
7 8 1 7659
7 8 2 7995
7 8 3 7009
7 8 4 9460
7 8 5 8323
7 8 6 7335
7 8 7 0
7 8 8 0
7 8 9 4064
7 8 10 2428
7 8 11 5138
7 8 12 4215
7 8 13 6140
7 8 14 1566
7 8 15 3973
7 8 16 3906
7 8 17 4664
7 8 18 2814
7 9 0 4116
7 9 1 6684
7 9 2 2688
7 9 3 2900
7 9 4 4797
7 9 5 5227
7 9 6 5806
7 9 7 0
7 9 8 2616
7 9 9 0
7 9 10 4102
7 9 11 3704
7 9 12 5003
7 9 13 6873
7 9 14 5485
7 9 15 6843
7 9 16 3024
7 9 17 5219
7 9 18 4811
7 10 0 5766
7 10 1 6928
7 10 2 4640
7 10 3 4498
7 10 4 8605
7 10 5 8465
7 10 6 5710
7 10 7 0
7 10 8 4332
7 10 9 4578
7 10 10 0
7 10 11 6850
7 10 12 4943
7 10 13 6024
7 10 14 3181
7 10 15 5361
7 10 16 4128
7 10 17 3270
7 10 18 3035
7 11 0 3518
7 11 1 3900
7 11 2 4415
7 11 3 950
7 11 4 1434
7 11 5 5263
7 11 6 1850
7 11 7 0
7 11 8 3770
7 11 9 6238
7 11 10 4037
7 11 11 0
7 11 12 4515
7 11 13 5765
7 11 14 5405
7 11 15 4690
7 11 16 3125
7 11 17 5193
7 11 18 6155
7 12 0 2806
7 12 1 4959
7 12 2 4542
7 12 3 4025
7 12 4 6528
7 12 5 6649
7 12 6 5012
7 12 7 0
7 12 8 3917
7 12 9 3809
7 12 10 6407
7 12 11 4928
7 12 12 0
7 12 13 7392
7 12 14 5134
7 12 15 4574
7 12 16 5275
7 12 17 5226
7 12 18 7505
7 13 0 4986
7 13 1 6102
7 13 2 6159
7 13 3 4119
7 13 4 7506
7 13 5 8444
7 13 6 7369
7 13 7 0
7 13 8 5436
7 13 9 7642
7 13 10 8252
7 13 11 5759
7 13 12 8221
7 13 13 0
7 13 14 7209
7 13 15 5782
7 13 16 4701
7 13 17 7961
7 13 18 8191
7 14 0 1504
7 14 1 4818
7 14 2 3276
7 14 3 3640
7 14 4 5153
7 14 5 1344
7 14 6 2241
7 14 7 0
7 14 8 2539
7 14 9 3459
7 14 10 4799
7 14 11 3707
7 14 12 3532
7 14 13 4200
7 14 14 0
7 14 15 4555
7 14 16 2766
7 14 17 6170
7 14 18 3572
7 15 0 5943
7 15 1 6697
7 15 2 4708
7 15 3 3360
7 15 4 5595
7 15 5 7562
7 15 6 5976
7 15 7 0
7 15 8 4285
7 15 9 7463
7 15 10 6797
7 15 11 7695
7 15 12 7610
7 15 13 4957
7 15 14 6636
7 15 15 0
7 15 16 4920
7 15 17 5911
7 15 18 8589
7 16 0 4958
7 16 1 5302
7 16 2 2988
7 16 3 6545
7 16 4 4558
7 16 5 4819
7 16 6 3322
7 16 7 0
7 16 8 3046
7 16 9 2673
7 16 10 6227
7 16 11 6005
7 16 12 4815
7 16 13 6169
7 16 14 4532
7 16 15 3165
7 16 16 0
7 16 17 6320
7 16 18 1638
7 17 0 2049
7 17 1 5713
7 17 2 6465
7 17 3 5371
7 17 4 3072
7 17 5 6371
7 17 6 3680
7 17 7 0
7 17 8 7238
7 17 9 5203
7 17 10 5813
7 17 11 5288
7 17 12 2971
7 17 13 4744
7 17 14 5977
7 17 15 7398
7 17 16 7528
7 17 17 0
7 17 18 4822
7 18 0 3629
7 18 1 4130
7 18 2 1956
7 18 3 2069
7 18 4 5582
7 18 5 3268
7 18 6 1941
7 18 7 0
7 18 8 3131
7 18 9 2707
7 18 10 3555
7 18 11 5376
7 18 12 3585
7 18 13 6849
7 18 14 4041
7 18 15 6093
7 18 16 2692
7 18 17 4849
7 18 18 0
8 0 0 0
8 0 1 4584
8 0 2 7161
8 0 3 6154
8 0 4 3228
8 0 5 6695
8 0 6 3194
8 0 7 5468
8 0 8 0
8 0 9 3941
8 0 10 3451
8 0 11 4325
8 0 12 1745
8 0 13 2621
8 0 14 2762
8 0 15 4920
8 0 16 4247
8 0 17 1984
8 0 18 3614
8 1 0 4352
8 1 1 0
8 1 2 5275
8 1 3 4402
8 1 4 3642
8 1 5 4090
8 1 6 7624
8 1 7 4591
8 1 8 0
8 1 9 9717
8 1 10 7821
8 1 11 7915
8 1 12 7106
8 1 13 6945
8 1 14 9284
8 1 15 8882
8 1 16 7799
8 1 17 8856
8 1 18 7323
8 2 0 4482
8 2 1 5239
8 2 2 0
8 2 3 6655
8 2 4 6735
8 2 5 4545
8 2 6 5872
8 2 7 6497
8 2 8 0
8 2 9 3122
8 2 10 2934
8 2 11 5831
8 2 12 4090
8 2 13 4403
8 2 14 5143
8 2 15 4294
8 2 16 2886
8 2 17 7009
8 2 18 2550
8 3 0 3024
8 3 1 5359
8 3 2 3381
8 3 3 0
8 3 4 5966
8 3 5 3082
8 3 6 5487
8 3 7 7002
8 3 8 0
8 3 9 4367
8 3 10 3825
8 3 11 3399
8 3 12 4606
8 3 13 3396
8 3 14 6540
8 3 15 3979
8 3 16 7476
8 3 17 6948
8 3 18 3696
8 4 0 5596
8 4 1 4930
8 4 2 7506
8 4 3 9261
8 4 4 0
8 4 5 6841
8 4 6 8016
8 4 7 9396
8 4 8 0
8 4 9 3940
8 4 10 5608
8 4 11 1559
8 4 12 4785
8 4 13 4459
8 4 14 5729
8 4 15 3890
8 4 16 3165
8 4 17 2325
8 4 18 4885
8 5 0 4067
8 5 1 4796
8 5 2 5203
8 5 3 6260
8 5 4 8193
8 5 5 0
8 5 6 3683
8 5 7 7361
8 5 8 0
8 5 9 4899
8 5 10 5997
8 5 11 5917
8 5 12 5435
8 5 13 5926
8 5 14 2449
8 5 15 6386
8 5 16 3955
8 5 17 6153
8 5 18 3100
8 6 0 6468
8 6 1 6248
8 6 2 3701
8 6 3 4761
8 6 4 6279
8 6 5 5519
8 6 6 0
8 6 7 5228
8 6 8 0
8 6 9 5638
8 6 10 3402
8 6 11 2664
8 6 12 3958
8 6 13 5011
8 6 14 3506
8 6 15 4960
8 6 16 2618
8 6 17 3622
8 6 18 1933
8 7 0 1893
8 7 1 6098
8 7 2 1957
8 7 3 6241
8 7 4 5863
8 7 5 6312
8 7 6 4162
8 7 7 0
8 7 8 0
8 7 9 7444
8 7 10 7171
8 7 11 6447
8 7 12 8258
8 7 13 8957
8 7 14 7410
8 7 15 8907
8 7 16 6537
8 7 17 7660
8 7 18 7291
8 8 0 0
8 8 1 0
8 8 2 0
8 8 3 0
8 8 4 0
8 8 5 0
8 8 6 0
8 8 7 0
8 8 8 0
8 8 9 0
8 8 10 0
8 8 11 0
8 8 12 0
8 8 13 0
8 8 14 0
8 8 15 0
8 8 16 0
8 8 17 0
8 8 18 0
8 9 0 2455
8 9 1 5023
8 9 2 1027
8 9 3 1239
8 9 4 3136
8 9 5 3566
8 9 6 4145
8 9 7 2616
8 9 8 0
8 9 9 0
8 9 10 4130
8 9 11 3732
8 9 12 5031
8 9 13 6901
8 9 14 5513
8 9 15 6871
8 9 16 3052
8 9 17 5247
8 9 18 4839
8 10 0 3954
8 10 1 5116
8 10 2 2828
8 10 3 2686
8 10 4 6793
8 10 5 6653
8 10 6 3898
8 10 7 4332
8 10 8 0
8 10 9 3243
8 10 10 0
8 10 11 5515
8 10 12 3608
8 10 13 4689
8 10 14 1846
8 10 15 4026
8 10 16 2793
8 10 17 1935
8 10 18 1700
8 11 0 4990
8 11 1 5372
8 11 2 5887
8 11 3 2422
8 11 4 2906
8 11 5 6735
8 11 6 3322
8 11 7 3770
8 11 8 0
8 11 9 8337
8 11 10 6136
8 11 11 0
8 11 12 6614
8 11 13 7864
8 11 14 7504
8 11 15 6789
8 11 16 5224
8 11 17 7292
8 11 18 8254
8 12 0 746
8 12 1 2899
8 12 2 2482
8 12 3 1965
8 12 4 4468
8 12 5 4589
8 12 6 2952
8 12 7 3917
8 12 8 0
8 12 9 3174
8 12 10 5772
8 12 11 4293
8 12 12 0
8 12 13 6757
8 12 14 4499
8 12 15 3939
8 12 16 4640
8 12 17 4591
8 12 18 6870
8 13 0 2442
8 13 1 3558
8 13 2 3615
8 13 3 1575
8 13 4 4962
8 13 5 5900
8 13 6 4825
8 13 7 5436
8 13 8 0
8 13 9 8233
8 13 10 8843
8 13 11 6350
8 13 12 8812
8 13 13 0
8 13 14 7800
8 13 15 6373
8 13 16 5292
8 13 17 8552
8 13 18 8782
8 14 0 1233
8 14 1 4547
8 14 2 3005
8 14 3 3369
8 14 4 4882
8 14 5 1073
8 14 6 1970
8 14 7 2539
8 14 8 0
8 14 9 1023
8 14 10 2363
8 14 11 1271
8 14 12 1096
8 14 13 1764
8 14 14 0
8 14 15 2119
8 14 16 330
8 14 17 3734
8 14 18 1136
8 15 0 3640
8 15 1 4394
8 15 2 2405
8 15 3 1057
8 15 4 3292
8 15 5 5259
8 15 6 3673
8 15 7 4285
8 15 8 0
8 15 9 5937
8 15 10 5271
8 15 11 6169
8 15 12 6084
8 15 13 3431
8 15 14 5110
8 15 15 0
8 15 16 3394
8 15 17 4385
8 15 18 7063
8 16 0 4098
8 16 1 4442
8 16 2 2128
8 16 3 5685
8 16 4 3698
8 16 5 3959
8 16 6 2462
8 16 7 3046
8 16 8 0
8 16 9 3450
8 16 10 7004
8 16 11 6782
8 16 12 5592
8 16 13 6946
8 16 14 5309
8 16 15 3942
8 16 16 0
8 16 17 7097
8 16 18 2415
8 17 0 4904
8 17 1 8568
8 17 2 9320
8 17 3 8226
8 17 4 5927
8 17 5 9226
8 17 6 6535
8 17 7 7238
8 17 8 0
8 17 9 5615
8 17 10 6225
8 17 11 5700
8 17 12 3383
8 17 13 5156
8 17 14 6389
8 17 15 7810
8 17 16 7940
8 17 17 0
8 17 18 5234
8 18 0 2796
8 18 1 3297
8 18 2 1123
8 18 3 1236
8 18 4 4749
8 18 5 2435
8 18 6 1108
8 18 7 3131
8 18 8 0
8 18 9 1638
8 18 10 2486
8 18 11 4307
8 18 12 2516
8 18 13 5780
8 18 14 2972
8 18 15 5024
8 18 16 1623
8 18 17 3780
8 18 18 0
9 0 0 0
9 0 1 4247
9 0 2 6824
9 0 3 5817
9 0 4 2891
9 0 5 6358
9 0 6 2857
9 0 7 5131
9 0 8 3941
9 0 9 0
9 0 10 4802
9 0 11 5676
9 0 12 3096
9 0 13 3972
9 0 14 4113
9 0 15 6271
9 0 16 5598
9 0 17 3335
9 0 18 4965
9 1 0 6544
9 1 1 0
9 1 2 7467
9 1 3 6594
9 1 4 5834
9 1 5 6282
9 1 6 9816
9 1 7 6783
9 1 8 9717
9 1 9 0
9 1 10 5655
9 1 11 5749
9 1 12 4940
9 1 13 4779
9 1 14 7118
9 1 15 6716
9 1 16 5633
9 1 17 6690
9 1 18 5157
9 2 0 2342
9 2 1 3099
9 2 2 0
9 2 3 4515
9 2 4 4595
9 2 5 2405
9 2 6 3732
9 2 7 4357
9 2 8 3122
9 2 9 0
9 2 10 1244
9 2 11 4141
9 2 12 2400
9 2 13 2713
9 2 14 3453
9 2 15 2604
9 2 16 1196
9 2 17 5319
9 2 18 860
9 3 0 2082
9 3 1 4417
9 3 2 2439
9 3 3 0
9 3 4 5024
9 3 5 2140
9 3 6 4545
9 3 7 6060
9 3 8 4367
9 3 9 0
9 3 10 816
9 3 11 390
9 3 12 1597
9 3 13 387
9 3 14 3531
9 3 15 970
9 3 16 4467
9 3 17 3939
9 3 18 687
9 4 0 4100
9 4 1 3434
9 4 2 6010
9 4 3 7765
9 4 4 0
9 4 5 5345
9 4 6 6520
9 4 7 7900
9 4 8 3940
9 4 9 0
9 4 10 5886
9 4 11 1837
9 4 12 5063
9 4 13 4737
9 4 14 6007
9 4 15 4168
9 4 16 3443
9 4 17 2603
9 4 18 5163
9 5 0 4138
9 5 1 4867
9 5 2 5274
9 5 3 6331
9 5 4 8264
9 5 5 0
9 5 6 3754
9 5 7 7432
9 5 8 4899
9 5 9 0
9 5 10 8585
9 5 11 8505
9 5 12 8023
9 5 13 8514
9 5 14 5037
9 5 15 8974
9 5 16 6543
9 5 17 8741
9 5 18 5688
9 6 0 8106
9 6 1 7886
9 6 2 5339
9 6 3 6399
9 6 4 7917
9 6 5 7157
9 6 6 0
9 6 7 6866
9 6 8 5638
9 6 9 0
9 6 10 2194
9 6 11 1456
9 6 12 2750
9 6 13 3803
9 6 14 2298
9 6 15 3752
9 6 16 1410
9 6 17 2414
9 6 18 725
9 7 0 2889
9 7 1 7094
9 7 2 2953
9 7 3 7237
9 7 4 6859
9 7 5 7308
9 7 6 5158
9 7 7 0
9 7 8 7444
9 7 9 0
9 7 10 4004
9 7 11 3280
9 7 12 5091
9 7 13 5790
9 7 14 4243
9 7 15 5740
9 7 16 3370
9 7 17 4493
9 7 18 4124
9 8 0 5236
9 8 1 5275
9 8 2 5611
9 8 3 4625
9 8 4 7076
9 8 5 5939
9 8 6 4951
9 8 7 4064
9 8 8 0
9 8 9 0
9 8 10 1008
9 8 11 3718
9 8 12 2795
9 8 13 4720
9 8 14 146
9 8 15 2553
9 8 16 2486
9 8 17 3244
9 8 18 1394
9 9 0 0
9 9 1 0
9 9 2 0
9 9 3 0
9 9 4 0
9 9 5 0
9 9 6 0
9 9 7 0
9 9 8 0
9 9 9 0
9 9 10 0
9 9 11 0
9 9 12 0
9 9 13 0
9 9 14 0
9 9 15 0
9 9 16 0
9 9 17 0
9 9 18 0
9 10 0 4200
9 10 1 5362
9 10 2 3074
9 10 3 2932
9 10 4 7039
9 10 5 6899
9 10 6 4144
9 10 7 4578
9 10 8 3243
9 10 9 0
9 10 10 0
9 10 11 6193
9 10 12 4286
9 10 13 5367
9 10 14 2524
9 10 15 4704
9 10 16 3471
9 10 17 2613
9 10 18 2378
9 11 0 7458
9 11 1 7840
9 11 2 8355
9 11 3 4890
9 11 4 5374
9 11 5 9203
9 11 6 5790
9 11 7 6238
9 11 8 8337
9 11 9 0
9 11 10 3706
9 11 11 0
9 11 12 4184
9 11 13 5434
9 11 14 5074
9 11 15 4359
9 11 16 2794
9 11 17 4862
9 11 18 5824
9 12 0 638
9 12 1 2791
9 12 2 2374
9 12 3 1857
9 12 4 4360
9 12 5 4481
9 12 6 2844
9 12 7 3809
9 12 8 3174
9 12 9 0
9 12 10 5564
9 12 11 4085
9 12 12 0
9 12 13 6549
9 12 14 4291
9 12 15 3731
9 12 16 4432
9 12 17 4383
9 12 18 6662
9 13 0 4648
9 13 1 5764
9 13 2 5821
9 13 3 3781
9 13 4 7168
9 13 5 8106
9 13 6 7031
9 13 7 7642
9 13 8 8233
9 13 9 0
9 13 10 8580
9 13 11 6087
9 13 12 8549
9 13 13 0
9 13 14 7537
9 13 15 6110
9 13 16 5029
9 13 17 8289
9 13 18 8519
9 14 0 2153
9 14 1 5467
9 14 2 3925
9 14 3 4289
9 14 4 5802
9 14 5 1993
9 14 6 2890
9 14 7 3459
9 14 8 1023
9 14 9 0
9 14 10 5286
9 14 11 4194
9 14 12 4019
9 14 13 4687
9 14 14 0
9 14 15 5042
9 14 16 3253
9 14 17 6657
9 14 18 4059
9 15 0 6818
9 15 1 7572
9 15 2 5583
9 15 3 4235
9 15 4 6470
9 15 5 8437
9 15 6 6851
9 15 7 7463
9 15 8 5937
9 15 9 0
9 15 10 7145
9 15 11 8043
9 15 12 7958
9 15 13 5305
9 15 14 6984
9 15 15 0
9 15 16 5268
9 15 17 6259
9 15 18 8937
9 16 0 3725
9 16 1 4069
9 16 2 1755
9 16 3 5312
9 16 4 3325
9 16 5 3586
9 16 6 2089
9 16 7 2673
9 16 8 3450
9 16 9 0
9 16 10 5126
9 16 11 4904
9 16 12 3714
9 16 13 5068
9 16 14 3431
9 16 15 2064
9 16 16 0
9 16 17 5219
9 16 18 537
9 17 0 2869
9 17 1 6533
9 17 2 7285
9 17 3 6191
9 17 4 3892
9 17 5 7191
9 17 6 4500
9 17 7 5203
9 17 8 5615
9 17 9 0
9 17 10 5784
9 17 11 5259
9 17 12 2942
9 17 13 4715
9 17 14 5948
9 17 15 7369
9 17 16 7499
9 17 17 0
9 17 18 4793
9 18 0 2372
9 18 1 2873
9 18 2 699
9 18 3 812
9 18 4 4325
9 18 5 2011
9 18 6 684
9 18 7 2707
9 18 8 1638
9 18 9 0
9 18 10 3487
9 18 11 5308
9 18 12 3517
9 18 13 6781
9 18 14 3973
9 18 15 6025
9 18 16 2624
9 18 17 4781
9 18 18 0
10 0 0 0
10 0 1 3757
10 0 2 6334
10 0 3 5327
10 0 4 2401
10 0 5 5868
10 0 6 2367
10 0 7 4641
10 0 8 3451
10 0 9 4802
10 0 10 0
10 0 11 3410
10 0 12 830
10 0 13 1706
10 0 14 1847
10 0 15 4005
10 0 16 3332
10 0 17 1069
10 0 18 2699
10 1 0 4648
10 1 1 0
10 1 2 5571
10 1 3 4698
10 1 4 3938
10 1 5 4386
10 1 6 7920
10 1 7 4887
10 1 8 7821
10 1 9 5655
10 1 10 0
10 1 11 5261
10 1 12 4452
10 1 13 4291
10 1 14 6630
10 1 15 6228
10 1 16 5145
10 1 17 6202
10 1 18 4669
10 2 0 2154
10 2 1 2911
10 2 2 0
10 2 3 4327
10 2 4 4407
10 2 5 2217
10 2 6 3544
10 2 7 4169
10 2 8 2934
10 2 9 1244
10 2 10 0
10 2 11 7048
10 2 12 5307
10 2 13 5620
10 2 14 6360
10 2 15 5511
10 2 16 4103
10 2 17 8226
10 2 18 3767
10 3 0 1540
10 3 1 3875
10 3 2 1897
10 3 3 0
10 3 4 4482
10 3 5 1598
10 3 6 4003
10 3 7 5518
10 3 8 3825
10 3 9 816
10 3 10 0
10 3 11 4724
10 3 12 5931
10 3 13 4721
10 3 14 7865
10 3 15 5304
10 3 16 8801
10 3 17 8273
10 3 18 5021
10 4 0 5768
10 4 1 5102
10 4 2 7678
10 4 3 9433
10 4 4 0
10 4 5 7013
10 4 6 8188
10 4 7 9568
10 4 8 5608
10 4 9 5886
10 4 10 0
10 4 11 4258
10 4 12 7484
10 4 13 7158
10 4 14 8428
10 4 15 6589
10 4 16 5864
10 4 17 5024
10 4 18 7584
10 5 0 5236
10 5 1 5965
10 5 2 6372
10 5 3 7429
10 5 4 9362
10 5 5 0
10 5 6 4852
10 5 7 8530
10 5 8 5997
10 5 9 8585
10 5 10 0
10 5 11 7193
10 5 12 6711
10 5 13 7202
10 5 14 3725
10 5 15 7662
10 5 16 5231
10 5 17 7429
10 5 18 4376
10 6 0 5870
10 6 1 5650
10 6 2 3103
10 6 3 4163
10 6 4 5681
10 6 5 4921
10 6 6 0
10 6 7 4630
10 6 8 3402
10 6 9 2194
10 6 10 0
10 6 11 2502
10 6 12 3796
10 6 13 4849
10 6 14 3344
10 6 15 4798
10 6 16 2456
10 6 17 3460
10 6 18 1771
10 7 0 2616
10 7 1 6821
10 7 2 2680
10 7 3 6964
10 7 4 6586
10 7 5 7035
10 7 6 4885
10 7 7 0
10 7 8 7171
10 7 9 4004
10 7 10 0
10 7 11 5420
10 7 12 7231
10 7 13 7930
10 7 14 6383
10 7 15 7880
10 7 16 5510
10 7 17 6633
10 7 18 6264
10 8 0 3600
10 8 1 3639
10 8 2 3975
10 8 3 2989
10 8 4 5440
10 8 5 4303
10 8 6 3315
10 8 7 2428
10 8 8 0
10 8 9 1008
10 8 10 0
10 8 11 5707
10 8 12 4784
10 8 13 6709
10 8 14 2135
10 8 15 4542
10 8 16 4475
10 8 17 5233
10 8 18 3383
10 9 0 3941
10 9 1 6509
10 9 2 2513
10 9 3 2725
10 9 4 4622
10 9 5 5052
10 9 6 5631
10 9 7 4102
10 9 8 4130
10 9 9 0
10 9 10 0
10 9 11 3523
10 9 12 4822
10 9 13 6692
10 9 14 5304
10 9 15 6662
10 9 16 2843
10 9 17 5038
10 9 18 4630
10 10 0 0
10 10 1 0
10 10 2 0
10 10 3 0
10 10 4 0
10 10 5 0
10 10 6 0
10 10 7 0
10 10 8 0
10 10 9 0
10 10 10 0
10 10 11 0
10 10 12 0
10 10 13 0
10 10 14 0
10 10 15 0
10 10 16 0
10 10 17 0
10 10 18 0
10 11 0 5257
10 11 1 5639
10 11 2 6154
10 11 3 2689
10 11 4 3173
10 11 5 7002
10 11 6 3589
10 11 7 4037
10 11 8 6136
10 11 9 3706
10 11 10 0
10 11 11 0
10 11 12 7603
10 11 13 8853
10 11 14 8493
10 11 15 7778
10 11 16 6213
10 11 17 8281
10 11 18 9243
10 12 0 3236
10 12 1 5389
10 12 2 4972
10 12 3 4455
10 12 4 6958
10 12 5 7079
10 12 6 5442
10 12 7 6407
10 12 8 5772
10 12 9 5564
10 12 10 0
10 12 11 4298
10 12 12 0
10 12 13 6762
10 12 14 4504
10 12 15 3944
10 12 16 4645
10 12 17 4596
10 12 18 6875
10 13 0 5258
10 13 1 6374
10 13 2 6431
10 13 3 4391
10 13 4 7778
10 13 5 8716
10 13 6 7641
10 13 7 8252
10 13 8 8843
10 13 9 8580
10 13 10 0
10 13 11 5511
10 13 12 7973
10 13 13 0
10 13 14 6961
10 13 15 5534
10 13 16 4453
10 13 17 7713
10 13 18 7943
10 14 0 3493
10 14 1 6807
10 14 2 5265
10 14 3 5629
10 14 4 7142
10 14 5 3333
10 14 6 4230
10 14 7 4799
10 14 8 2363
10 14 9 5286
10 14 10 0
10 14 11 2163
10 14 12 1988
10 14 13 2656
10 14 14 0
10 14 15 3011
10 14 16 1222
10 14 17 4626
10 14 18 2028
10 15 0 6152
10 15 1 6906
10 15 2 4917
10 15 3 3569
10 15 4 5804
10 15 5 7771
10 15 6 6185
10 15 7 6797
10 15 8 5271
10 15 9 7145
10 15 10 0
10 15 11 6834
10 15 12 6749
10 15 13 4096
10 15 14 5775
10 15 15 0
10 15 16 4059
10 15 17 5050
10 15 18 7728
10 16 0 7279
10 16 1 7623
10 16 2 5309
10 16 3 8866
10 16 4 6879
10 16 5 7140
10 16 6 5643
10 16 7 6227
10 16 8 7004
10 16 9 5126
10 16 10 0
10 16 11 6281
10 16 12 5091
10 16 13 6445
10 16 14 4808
10 16 15 3441
10 16 16 0
10 16 17 6596
10 16 18 1914
10 17 0 3479
10 17 1 7143
10 17 2 7895
10 17 3 6801
10 17 4 4502
10 17 5 7801
10 17 6 5110
10 17 7 5813
10 17 8 6225
10 17 9 5784
10 17 10 0
10 17 11 3583
10 17 12 1266
10 17 13 3039
10 17 14 4272
10 17 15 5693
10 17 16 5823
10 17 17 0
10 17 18 3117
10 18 0 3220
10 18 1 3721
10 18 2 1547
10 18 3 1660
10 18 4 5173
10 18 5 2859
10 18 6 1532
10 18 7 3555
10 18 8 2486
10 18 9 3487
10 18 10 0
10 18 11 3805
10 18 12 2014
10 18 13 5278
10 18 14 2470
10 18 15 4522
10 18 16 1121
10 18 17 3278
10 18 18 0
11 0 0 0
11 0 1 4631
11 0 2 7208
11 0 3 6201
11 0 4 3275
11 0 5 6742
11 0 6 3241
11 0 7 5515
11 0 8 4325
11 0 9 5676
11 0 10 3410
11 0 11 0
11 0 12 2662
11 0 13 3538
11 0 14 3679
11 0 15 5837
11 0 16 5164
11 0 17 2901
11 0 18 4531
11 1 0 4742
11 1 1 0
11 1 2 5665
11 1 3 4792
11 1 4 4032
11 1 5 4480
11 1 6 8014
11 1 7 4981
11 1 8 7915
11 1 9 5749
11 1 10 5261
11 1 11 0
11 1 12 3119
11 1 13 2958
11 1 14 5297
11 1 15 4895
11 1 16 3812
11 1 17 4869
11 1 18 3336
11 2 0 5051
11 2 1 5808
11 2 2 0
11 2 3 7224
11 2 4 7304
11 2 5 5114
11 2 6 6441
11 2 7 7066
11 2 8 5831
11 2 9 4141
11 2 10 7048
11 2 11 0
11 2 12 2324
11 2 13 2637
11 2 14 3377
11 2 15 2528
11 2 16 1120
11 2 17 5243
11 2 18 784
11 3 0 1114
11 3 1 3449
11 3 2 1471
11 3 3 0
11 3 4 4056
11 3 5 1172
11 3 6 3577
11 3 7 5092
11 3 8 3399
11 3 9 390
11 3 10 4724
11 3 11 0
11 3 12 3866
11 3 13 2656
11 3 14 5800
11 3 15 3239
11 3 16 6736
11 3 17 6208
11 3 18 2956
11 4 0 1719
11 4 1 1053
11 4 2 3629
11 4 3 5384
11 4 4 0
11 4 5 2964
11 4 6 4139
11 4 7 5519
11 4 8 1559
11 4 9 1837
11 4 10 4258
11 4 11 0
11 4 12 5015
11 4 13 4689
11 4 14 5959
11 4 15 4120
11 4 16 3395
11 4 17 2555
11 4 18 5115
11 5 0 5156
11 5 1 5885
11 5 2 6292
11 5 3 7349
11 5 4 9282
11 5 5 0
11 5 6 4772
11 5 7 8450
11 5 8 5917
11 5 9 8505
11 5 10 7193
11 5 11 0
11 5 12 4521
11 5 13 5012
11 5 14 1535
11 5 15 5472
11 5 16 3041
11 5 17 5239
11 5 18 2186
11 6 0 5132
11 6 1 4912
11 6 2 2365
11 6 3 3425
11 6 4 4943
11 6 5 4183
11 6 6 0
11 6 7 3892
11 6 8 2664
11 6 9 1456
11 6 10 2502
11 6 11 0
11 6 12 4192
11 6 13 5245
11 6 14 3740
11 6 15 5194
11 6 16 2852
11 6 17 3856
11 6 18 2167
11 7 0 1892
11 7 1 6097
11 7 2 1956
11 7 3 6240
11 7 4 5862
11 7 5 6311
11 7 6 4161
11 7 7 0
11 7 8 6447
11 7 9 3280
11 7 10 5420
11 7 11 0
11 7 12 4109
11 7 13 4808
11 7 14 3261
11 7 15 4758
11 7 16 2388
11 7 17 3511
11 7 18 3142
11 8 0 6310
11 8 1 6349
11 8 2 6685
11 8 3 5699
11 8 4 8150
11 8 5 7013
11 8 6 6025
11 8 7 5138
11 8 8 0
11 8 9 3718
11 8 10 5707
11 8 11 0
11 8 12 4946
11 8 13 6871
11 8 14 2297
11 8 15 4704
11 8 16 4637
11 8 17 5395
11 8 18 3545
11 9 0 3543
11 9 1 6111
11 9 2 2115
11 9 3 2327
11 9 4 4224
11 9 5 4654
11 9 6 5233
11 9 7 3704
11 9 8 3732
11 9 9 0
11 9 10 3523
11 9 11 0
11 9 12 7206
11 9 13 9076
11 9 14 7688
11 9 15 9046
11 9 16 5227
11 9 17 7422
11 9 18 7014
11 10 0 6472
11 10 1 7634
11 10 2 5346
11 10 3 5204
11 10 4 9311
11 10 5 9171
11 10 6 6416
11 10 7 6850
11 10 8 5515
11 10 9 6193
11 10 10 0
11 10 11 0
11 10 12 5218
11 10 13 6299
11 10 14 3456
11 10 15 5636
11 10 16 4403
11 10 17 3545
11 10 18 3310
11 11 0 0
11 11 1 0
11 11 2 0
11 11 3 0
11 11 4 0
11 11 5 0
11 11 6 0
11 11 7 0
11 11 8 0
11 11 9 0
11 11 10 0
11 11 11 0
11 11 12 0
11 11 13 0
11 11 14 0
11 11 15 0
11 11 16 0
11 11 17 0
11 11 18 0
11 12 0 1757
11 12 1 3910
11 12 2 3493
11 12 3 2976
11 12 4 5479
11 12 5 5600
11 12 6 3963
11 12 7 4928
11 12 8 4293
11 12 9 4085
11 12 10 4298
11 12 11 0
11 12 12 0
11 12 13 7058
11 12 14 4800
11 12 15 4240
11 12 16 4941
11 12 17 4892
11 12 18 7171
11 13 0 2765
11 13 1 3881
11 13 2 3938
11 13 3 1898
11 13 4 5285
11 13 5 6223
11 13 6 5148
11 13 7 5759
11 13 8 6350
11 13 9 6087
11 13 10 5511
11 13 11 0
11 13 12 8438
11 13 13 0
11 13 14 7426
11 13 15 5999
11 13 16 4918
11 13 17 8178
11 13 18 8408
11 14 0 2401
11 14 1 5715
11 14 2 4173
11 14 3 4537
11 14 4 6050
11 14 5 2241
11 14 6 3138
11 14 7 3707
11 14 8 1271
11 14 9 4194
11 14 10 2163
11 14 11 0
11 14 12 4936
11 14 13 5604
11 14 14 0
11 14 15 5959
11 14 16 4170
11 14 17 7574
11 14 18 4976
11 15 0 7050
11 15 1 7804
11 15 2 5815
11 15 3 4467
11 15 4 6702
11 15 5 8669
11 15 6 7083
11 15 7 7695
11 15 8 6169
11 15 9 8043
11 15 10 6834
11 15 11 0
11 15 12 6802
11 15 13 4149
11 15 14 5828
11 15 15 0
11 15 16 4112
11 15 17 5103
11 15 18 7781
11 16 0 7057
11 16 1 7401
11 16 2 5087
11 16 3 8644
11 16 4 6657
11 16 5 6918
11 16 6 5421
11 16 7 6005
11 16 8 6782
11 16 9 4904
11 16 10 6281
11 16 11 0
11 16 12 4812
11 16 13 6166
11 16 14 4529
11 16 15 3162
11 16 16 0
11 16 17 6317
11 16 18 1635
11 17 0 2954
11 17 1 6618
11 17 2 7370
11 17 3 6276
11 17 4 3977
11 17 5 7276
11 17 6 4585
11 17 7 5288
11 17 8 5700
11 17 9 5259
11 17 10 3583
11 17 11 0
11 17 12 3913
11 17 13 5686
11 17 14 6919
11 17 15 8340
11 17 16 8470
11 17 17 0
11 17 18 5764
11 18 0 5041
11 18 1 5542
11 18 2 3368
11 18 3 3481
11 18 4 6994
11 18 5 4680
11 18 6 3353
11 18 7 5376
11 18 8 4307
11 18 9 5308
11 18 10 3805
11 18 11 0
11 18 12 5858
11 18 13 9122
11 18 14 6314
11 18 15 8366
11 18 16 4965
11 18 17 7122
11 18 18 0
12 0 0 0
12 0 1 2051
12 0 2 4628
12 0 3 3621
12 0 4 695
12 0 5 4162
12 0 6 661
12 0 7 2935
12 0 8 1745
12 0 9 3096
12 0 10 830
12 0 11 2662
12 0 12 0
12 0 13 2727
12 0 14 2868
12 0 15 5026
12 0 16 4353
12 0 17 2090
12 0 18 3720
12 1 0 3933
12 1 1 0
12 1 2 4856
12 1 3 3983
12 1 4 3223
12 1 5 3671
12 1 6 7205
12 1 7 4172
12 1 8 7106
12 1 9 4940
12 1 10 4452
12 1 11 3119
12 1 12 0
12 1 13 2167
12 1 14 4506
12 1 15 4104
12 1 16 3021
12 1 17 4078
12 1 18 2545
12 2 0 3310
12 2 1 4067
12 2 2 0
12 2 3 5483
12 2 4 5563
12 2 5 3373
12 2 6 4700
12 2 7 5325
12 2 8 4090
12 2 9 2400
12 2 10 5307
12 2 11 2324
12 2 12 0
12 2 13 3704
12 2 14 4444
12 2 15 3595
12 2 16 2187
12 2 17 6310
12 2 18 1851
12 3 0 2321
12 3 1 4656
12 3 2 2678
12 3 3 0
12 3 4 5263
12 3 5 2379
12 3 6 4784
12 3 7 6299
12 3 8 4606
12 3 9 1597
12 3 10 5931
12 3 11 3866
12 3 12 0
12 3 13 4403
12 3 14 7547
12 3 15 4986
12 3 16 8483
12 3 17 7955
12 3 18 4703
12 4 0 4945
12 4 1 4279
12 4 2 6855
12 4 3 8610
12 4 4 0
12 4 5 6190
12 4 6 7365
12 4 7 8745
12 4 8 4785
12 4 9 5063
12 4 10 7484
12 4 11 5015
12 4 12 0
12 4 13 8008
12 4 14 9278
12 4 15 7439
12 4 16 6714
12 4 17 5874
12 4 18 8434
12 5 0 4674
12 5 1 5403
12 5 2 5810
12 5 3 6867
12 5 4 8800
12 5 5 0
12 5 6 4290
12 5 7 7968
12 5 8 5435
12 5 9 8023
12 5 10 6711
12 5 11 4521
12 5 12 0
12 5 13 4628
12 5 14 1151
12 5 15 5088
12 5 16 2657
12 5 17 4855
12 5 18 1802
12 6 0 6426
12 6 1 6206
12 6 2 3659
12 6 3 4719
12 6 4 6237
12 6 5 5477
12 6 6 0
12 6 7 5186
12 6 8 3958
12 6 9 2750
12 6 10 3796
12 6 11 4192
12 6 12 0
12 6 13 7392
12 6 14 5887
12 6 15 7341
12 6 16 4999
12 6 17 6003
12 6 18 4314
12 7 0 3703
12 7 1 7908
12 7 2 3767
12 7 3 8051
12 7 4 7673
12 7 5 8122
12 7 6 5972
12 7 7 0
12 7 8 8258
12 7 9 5091
12 7 10 7231
12 7 11 4109
12 7 12 0
12 7 13 6676
12 7 14 5129
12 7 15 6626
12 7 16 4256
12 7 17 5379
12 7 18 5010
12 8 0 5387
12 8 1 5426
12 8 2 5762
12 8 3 4776
12 8 4 7227
12 8 5 6090
12 8 6 5102
12 8 7 4215
12 8 8 0
12 8 9 2795
12 8 10 4784
12 8 11 4946
12 8 12 0
12 8 13 5207
12 8 14 633
12 8 15 3040
12 8 16 2973
12 8 17 3731
12 8 18 1881
12 9 0 4842
12 9 1 7410
12 9 2 3414
12 9 3 3626
12 9 4 5523
12 9 5 5953
12 9 6 6532
12 9 7 5003
12 9 8 5031
12 9 9 0
12 9 10 4822
12 9 11 7206
12 9 12 0
12 9 13 4836
12 9 14 3448
12 9 15 4806
12 9 16 987
12 9 17 3182
12 9 18 2774
12 10 0 4565
12 10 1 5727
12 10 2 3439
12 10 3 3297
12 10 4 7404
12 10 5 7264
12 10 6 4509
12 10 7 4943
12 10 8 3608
12 10 9 4286
12 10 10 0
12 10 11 5218
12 10 12 0
12 10 13 6858
12 10 14 4015
12 10 15 6195
12 10 16 4962
12 10 17 4104
12 10 18 3869
12 11 0 5735
12 11 1 6117
12 11 2 6632
12 11 3 3167
12 11 4 3651
12 11 5 7480
12 11 6 4067
12 11 7 4515
12 11 8 6614
12 11 9 4184
12 11 10 7603
12 11 11 0
12 11 12 0
12 11 13 5844
12 11 14 5484
12 11 15 4769
12 11 16 3204
12 11 17 5272
12 11 18 6234
12 12 0 0
12 12 1 0
12 12 2 0
12 12 3 0
12 12 4 0
12 12 5 0
12 12 6 0
12 12 7 0
12 12 8 0
12 12 9 0
12 12 10 0
12 12 11 0
12 12 12 0
12 12 13 0
12 12 14 0
12 12 15 0
12 12 16 0
12 12 17 0
12 12 18 0
12 13 0 5227
12 13 1 6343
12 13 2 6400
12 13 3 4360
12 13 4 7747
12 13 5 8685
12 13 6 7610
12 13 7 8221
12 13 8 8812
12 13 9 8549
12 13 10 7973
12 13 11 8438
12 13 12 0
12 13 13 0
12 13 14 7242
12 13 15 5815
12 13 16 4734
12 13 17 7994
12 13 18 8224
12 14 0 2226
12 14 1 5540
12 14 2 3998
12 14 3 4362
12 14 4 5875
12 14 5 2066
12 14 6 2963
12 14 7 3532
12 14 8 1096
12 14 9 4019
12 14 10 1988
12 14 11 4936
12 14 12 0
12 14 13 3522
12 14 14 0
12 14 15 3877
12 14 16 2088
12 14 17 5492
12 14 18 2894
12 15 0 6965
12 15 1 7719
12 15 2 5730
12 15 3 4382
12 15 4 6617
12 15 5 8584
12 15 6 6998
12 15 7 7610
12 15 8 6084
12 15 9 7958
12 15 10 6749
12 15 11 6802
12 15 12 0
12 15 13 2222
12 15 14 3901
12 15 15 0
12 15 16 2185
12 15 17 3176
12 15 18 5854
12 16 0 5867
12 16 1 6211
12 16 2 3897
12 16 3 7454
12 16 4 5467
12 16 5 5728
12 16 6 4231
12 16 7 4815
12 16 8 5592
12 16 9 3714
12 16 10 5091
12 16 11 4812
12 16 12 0
12 16 13 6505
12 16 14 4868
12 16 15 3501
12 16 16 0
12 16 17 6656
12 16 18 1974
12 17 0 637
12 17 1 4301
12 17 2 5053
12 17 3 3959
12 17 4 1660
12 17 5 4959
12 17 6 2268
12 17 7 2971
12 17 8 3383
12 17 9 2942
12 17 10 1266
12 17 11 3913
12 17 12 0
12 17 13 3908
12 17 14 5141
12 17 15 6562
12 17 16 6692
12 17 17 0
12 17 18 3986
12 18 0 3250
12 18 1 3751
12 18 2 1577
12 18 3 1690
12 18 4 5203
12 18 5 2889
12 18 6 1562
12 18 7 3585
12 18 8 2516
12 18 9 3517
12 18 10 2014
12 18 11 5858
12 18 12 0
12 18 13 8661
12 18 14 5853
12 18 15 7905
12 18 16 4504
12 18 17 6661
12 18 18 0
13 0 0 0
13 0 1 2927
13 0 2 5504
13 0 3 4497
13 0 4 1571
13 0 5 5038
13 0 6 1537
13 0 7 3811
13 0 8 2621
13 0 9 3972
13 0 10 1706
13 0 11 3538
13 0 12 2727
13 0 13 0
13 0 14 4493
13 0 15 6651
13 0 16 5978
13 0 17 3715
13 0 18 5345
13 1 0 3772
13 1 1 0
13 1 2 4695
13 1 3 3822
13 1 4 3062
13 1 5 3510
13 1 6 7044
13 1 7 4011
13 1 8 6945
13 1 9 4779
13 1 10 4291
13 1 11 2958
13 1 12 2167
13 1 13 0
13 1 14 9193
13 1 15 8791
13 1 16 7708
13 1 17 8765
13 1 18 7232
13 2 0 3623
13 2 1 4380
13 2 2 0
13 2 3 5796
13 2 4 5876
13 2 5 3686
13 2 6 5013
13 2 7 5638
13 2 8 4403
13 2 9 2713
13 2 10 5620
13 2 11 2637
13 2 12 3704
13 2 13 0
13 2 14 5679
13 2 15 4830
13 2 16 3422
13 2 17 7545
13 2 18 3086
13 3 0 1111
13 3 1 3446
13 3 2 1468
13 3 3 0
13 3 4 4053
13 3 5 1169
13 3 6 3574
13 3 7 5089
13 3 8 3396
13 3 9 387
13 3 10 4721
13 3 11 2656
13 3 12 4403
13 3 13 0
13 3 14 7610
13 3 15 5049
13 3 16 8546
13 3 17 8018
13 3 18 4766
13 4 0 4619
13 4 1 3953
13 4 2 6529
13 4 3 8284
13 4 4 0
13 4 5 5864
13 4 6 7039
13 4 7 8419
13 4 8 4459
13 4 9 4737
13 4 10 7158
13 4 11 4689
13 4 12 8008
13 4 13 0
13 4 14 9683
13 4 15 7844
13 4 16 7119
13 4 17 6279
13 4 18 8839
13 5 0 5165
13 5 1 5894
13 5 2 6301
13 5 3 7358
13 5 4 9291
13 5 5 0
13 5 6 4781
13 5 7 8459
13 5 8 5926
13 5 9 8514
13 5 10 7202
13 5 11 5012
13 5 12 4628
13 5 13 0
13 5 14 4237
13 5 15 8174
13 5 16 5743
13 5 17 7941
13 5 18 4888
13 6 0 7479
13 6 1 7259
13 6 2 4712
13 6 3 5772
13 6 4 7290
13 6 5 6530
13 6 6 0
13 6 7 6239
13 6 8 5011
13 6 9 3803
13 6 10 4849
13 6 11 5245
13 6 12 7392
13 6 13 0
13 6 14 1946
13 6 15 3400
13 6 16 1058
13 6 17 2062
13 6 18 373
13 7 0 4402
13 7 1 8607
13 7 2 4466
13 7 3 8750
13 7 4 8372
13 7 5 8821
13 7 6 6671
13 7 7 0
13 7 8 8957
13 7 9 5790
13 7 10 7930
13 7 11 4808
13 7 12 6676
13 7 13 0
13 7 14 6433
13 7 15 7930
13 7 16 5560
13 7 17 6683
13 7 18 6314
13 8 0 7312
13 8 1 7351
13 8 2 7687
13 8 3 6701
13 8 4 9152
13 8 5 8015
13 8 6 7027
13 8 7 6140
13 8 8 0
13 8 9 4720
13 8 10 6709
13 8 11 6871
13 8 12 5207
13 8 13 0
13 8 14 1453
13 8 15 3860
13 8 16 3793
13 8 17 4551
13 8 18 2701
13 9 0 6712
13 9 1 9280
13 9 2 5284
13 9 3 5496
13 9 4 7393
13 9 5 7823
13 9 6 8402
13 9 7 6873
13 9 8 6901
13 9 9 0
13 9 10 6692
13 9 11 9076
13 9 12 4836
13 9 13 0
13 9 14 6582
13 9 15 7940
13 9 16 4121
13 9 17 6316
13 9 18 5908
13 10 0 5646
13 10 1 6808
13 10 2 4520
13 10 3 4378
13 10 4 8485
13 10 5 8345
13 10 6 5590
13 10 7 6024
13 10 8 4689
13 10 9 5367
13 10 10 0
13 10 11 6299
13 10 12 6858
13 10 13 0
13 10 14 5161
13 10 15 7341
13 10 16 6108
13 10 17 5250
13 10 18 5015
13 11 0 6985
13 11 1 7367
13 11 2 7882
13 11 3 4417
13 11 4 4901
13 11 5 8730
13 11 6 5317
13 11 7 5765
13 11 8 7864
13 11 9 5434
13 11 10 8853
13 11 11 0
13 11 12 5844
13 11 13 0
13 11 14 5616
13 11 15 4901
13 11 16 3336
13 11 17 5404
13 11 18 6366
13 12 0 4221
13 12 1 6374
13 12 2 5957
13 12 3 5440
13 12 4 7943
13 12 5 8064
13 12 6 6427
13 12 7 7392
13 12 8 6757
13 12 9 6549
13 12 10 6762
13 12 11 7058
13 12 12 0
13 12 13 0
13 12 14 5996
13 12 15 5436
13 12 16 6137
13 12 17 6088
13 12 18 8367
13 13 0 0
13 13 1 0
13 13 2 0
13 13 3 0
13 13 4 0
13 13 5 0
13 13 6 0
13 13 7 0
13 13 8 0
13 13 9 0
13 13 10 0
13 13 11 0
13 13 12 0
13 13 13 0
13 13 14 0
13 13 15 0
13 13 16 0
13 13 17 0
13 13 18 0
13 14 0 2894
13 14 1 6208
13 14 2 4666
13 14 3 5030
13 14 4 6543
13 14 5 2734
13 14 6 3631
13 14 7 4200
13 14 8 1764
13 14 9 4687
13 14 10 2656
13 14 11 5604
13 14 12 3522
13 14 13 0
13 14 14 0
13 14 15 5253
13 14 16 3464
13 14 17 6868
13 14 18 4270
13 15 0 4312
13 15 1 5066
13 15 2 3077
13 15 3 1729
13 15 4 3964
13 15 5 5931
13 15 6 4345
13 15 7 4957
13 15 8 3431
13 15 9 5305
13 15 10 4096
13 15 11 4149
13 15 12 2222
13 15 13 0
13 15 14 4410
13 15 15 0
13 15 16 2694
13 15 17 3685
13 15 18 6363
13 16 0 7221
13 16 1 7565
13 16 2 5251
13 16 3 8808
13 16 4 6821
13 16 5 7082
13 16 6 5585
13 16 7 6169
13 16 8 6946
13 16 9 5068
13 16 10 6445
13 16 11 6166
13 16 12 6505
13 16 13 0
13 16 14 3595
13 16 15 2228
13 16 16 0
13 16 17 5383
13 16 18 701
13 17 0 2410
13 17 1 6074
13 17 2 6826
13 17 3 5732
13 17 4 3433
13 17 5 6732
13 17 6 4041
13 17 7 4744
13 17 8 5156
13 17 9 4715
13 17 10 3039
13 17 11 5686
13 17 12 3908
13 17 13 0
13 17 14 7177
13 17 15 8598
13 17 16 8728
13 17 17 0
13 17 18 6022
13 18 0 6514
13 18 1 7015
13 18 2 4841
13 18 3 4954
13 18 4 8467
13 18 5 6153
13 18 6 4826
13 18 7 6849
13 18 8 5780
13 18 9 6781
13 18 10 5278
13 18 11 9122
13 18 12 8661
13 18 13 0
13 18 14 5840
13 18 15 7892
13 18 16 4491
13 18 17 6648
13 18 18 0
14 0 0 0
14 0 1 3068
14 0 2 5645
14 0 3 4638
14 0 4 1712
14 0 5 5179
14 0 6 1678
14 0 7 3952
14 0 8 2762
14 0 9 4113
14 0 10 1847
14 0 11 3679
14 0 12 2868
14 0 13 4493
14 0 14 0
14 0 15 4550
14 0 16 3877
14 0 17 1614
14 0 18 3244
14 1 0 6111
14 1 1 0
14 1 2 7034
14 1 3 6161
14 1 4 5401
14 1 5 5849
14 1 6 9383
14 1 7 6350
14 1 8 9284
14 1 9 7118
14 1 10 6630
14 1 11 5297
14 1 12 4506
14 1 13 9193
14 1 14 0
14 1 15 8432
14 1 16 7349
14 1 17 8406
14 1 18 6873
14 2 0 4363
14 2 1 5120
14 2 2 0
14 2 3 6536
14 2 4 6616
14 2 5 4426
14 2 6 5753
14 2 7 6378
14 2 8 5143
14 2 9 3453
14 2 10 6360
14 2 11 3377
14 2 12 4444
14 2 13 5679
14 2 14 0
14 2 15 2452
14 2 16 1044
14 2 17 5167
14 2 18 708
14 3 0 4255
14 3 1 6590
14 3 2 4612
14 3 3 0
14 3 4 7197
14 3 5 4313
14 3 6 6718
14 3 7 8233
14 3 8 6540
14 3 9 3531
14 3 10 7865
14 3 11 5800
14 3 12 7547
14 3 13 7610
14 3 14 0
14 3 15 1532
14 3 16 5029
14 3 17 4501
14 3 18 1249
14 4 0 5889
14 4 1 5223
14 4 2 7799
14 4 3 9554
14 4 4 0
14 4 5 7134
14 4 6 8309
14 4 7 9689
14 4 8 5729
14 4 9 6007
14 4 10 8428
14 4 11 5959
14 4 12 9278
14 4 13 9683
14 4 14 0
14 4 15 7334
14 4 16 6609
14 4 17 5769
14 4 18 8329
14 5 0 1688
14 5 1 2417
14 5 2 2824
14 5 3 3881
14 5 4 5814
14 5 5 0
14 5 6 1304
14 5 7 4982
14 5 8 2449
14 5 9 5037
14 5 10 3725
14 5 11 1535
14 5 12 1151
14 5 13 4237
14 5 14 0
14 5 15 8559
14 5 16 6128
14 5 17 8326
14 5 18 5273
14 6 0 5974
14 6 1 5754
14 6 2 3207
14 6 3 4267
14 6 4 5785
14 6 5 5025
14 6 6 0
14 6 7 4734
14 6 8 3506
14 6 9 2298
14 6 10 3344
14 6 11 3740
14 6 12 5887
14 6 13 1946
14 6 14 0
14 6 15 7645
14 6 16 5303
14 6 17 6307
14 6 18 4618
14 7 0 2855
14 7 1 7060
14 7 2 2919
14 7 3 7203
14 7 4 6825
14 7 5 7274
14 7 6 5124
14 7 7 0
14 7 8 7410
14 7 9 4243
14 7 10 6383
14 7 11 3261
14 7 12 5129
14 7 13 6433
14 7 14 0
14 7 15 4307
14 7 16 1937
14 7 17 3060
14 7 18 2691
14 8 0 2738
14 8 1 2777
14 8 2 3113
14 8 3 2127
14 8 4 4578
14 8 5 3441
14 8 6 2453
14 8 7 1566
14 8 8 0
14 8 9 146
14 8 10 2135
14 8 11 2297
14 8 12 633
14 8 13 1453
14 8 14 0
14 8 15 2510
14 8 16 2443
14 8 17 3201
14 8 18 1351
14 9 0 5324
14 9 1 7892
14 9 2 3896
14 9 3 4108
14 9 4 6005
14 9 5 6435
14 9 6 7014
14 9 7 5485
14 9 8 5513
14 9 9 0
14 9 10 5304
14 9 11 7688
14 9 12 3448
14 9 13 6582
14 9 14 0
14 9 15 5304
14 9 16 1485
14 9 17 3680
14 9 18 3272
14 10 0 2803
14 10 1 3965
14 10 2 1677
14 10 3 1535
14 10 4 5642
14 10 5 5502
14 10 6 2747
14 10 7 3181
14 10 8 1846
14 10 9 2524
14 10 10 0
14 10 11 3456
14 10 12 4015
14 10 13 5161
14 10 14 0
14 10 15 5435
14 10 16 4202
14 10 17 3344
14 10 18 3109
14 11 0 6625
14 11 1 7007
14 11 2 7522
14 11 3 4057
14 11 4 4541
14 11 5 8370
14 11 6 4957
14 11 7 5405
14 11 8 7504
14 11 9 5074
14 11 10 8493
14 11 11 0
14 11 12 5484
14 11 13 5616
14 11 14 0
14 11 15 4396
14 11 16 2831
14 11 17 4899
14 11 18 5861
14 12 0 1963
14 12 1 4116
14 12 2 3699
14 12 3 3182
14 12 4 5685
14 12 5 5806
14 12 6 4169
14 12 7 5134
14 12 8 4499
14 12 9 4291
14 12 10 4504
14 12 11 4800
14 12 12 0
14 12 13 5996
14 12 14 0
14 12 15 2294
14 12 16 2995
14 12 17 2946
14 12 18 5225
14 13 0 4215
14 13 1 5331
14 13 2 5388
14 13 3 3348
14 13 4 6735
14 13 5 7673
14 13 6 6598
14 13 7 7209
14 13 8 7800
14 13 9 7537
14 13 10 6961
14 13 11 7426
14 13 12 7242
14 13 13 0
14 13 14 0
14 13 15 3471
14 13 16 2390
14 13 17 5650
14 13 18 5880
14 14 0 0
14 14 1 0
14 14 2 0
14 14 3 0
14 14 4 0
14 14 5 0
14 14 6 0
14 14 7 0
14 14 8 0
14 14 9 0
14 14 10 0
14 14 11 0
14 14 12 0
14 14 13 0
14 14 14 0
14 14 15 0
14 14 16 0
14 14 17 0
14 14 18 0
14 15 0 5991
14 15 1 6745
14 15 2 4756
14 15 3 3408
14 15 4 5643
14 15 5 7610
14 15 6 6024
14 15 7 6636
14 15 8 5110
14 15 9 6984
14 15 10 5775
14 15 11 5828
14 15 12 3901
14 15 13 4410
14 15 14 0
14 15 15 0
14 15 16 3014
14 15 17 4005
14 15 18 6683
14 16 0 5584
14 16 1 5928
14 16 2 3614
14 16 3 7171
14 16 4 5184
14 16 5 5445
14 16 6 3948
14 16 7 4532
14 16 8 5309
14 16 9 3431
14 16 10 4808
14 16 11 4529
14 16 12 4868
14 16 13 3595
14 16 14 0
14 16 15 1840
14 16 16 0
14 16 17 4995
14 16 18 313
14 17 0 3643
14 17 1 7307
14 17 2 8059
14 17 3 6965
14 17 4 4666
14 17 5 7965
14 17 6 5274
14 17 7 5977
14 17 8 6389
14 17 9 5948
14 17 10 4272
14 17 11 6919
14 17 12 5141
14 17 13 7177
14 17 14 0
14 17 15 8354
14 17 16 8484
14 17 17 0
14 17 18 5778
14 18 0 3706
14 18 1 4207
14 18 2 2033
14 18 3 2146
14 18 4 5659
14 18 5 3345
14 18 6 2018
14 18 7 4041
14 18 8 2972
14 18 9 3973
14 18 10 2470
14 18 11 6314
14 18 12 5853
14 18 13 5840
14 18 14 0
14 18 15 4820
14 18 16 1419
14 18 17 3576
14 18 18 0
15 0 0 0
15 0 1 5226
15 0 2 7803
15 0 3 6796
15 0 4 3870
15 0 5 7337
15 0 6 3836
15 0 7 6110
15 0 8 4920
15 0 9 6271
15 0 10 4005
15 0 11 5837
15 0 12 5026
15 0 13 6651
15 0 14 4550
15 0 15 0
15 0 16 4915
15 0 17 2652
15 0 18 4282
15 1 0 5709
15 1 1 0
15 1 2 6632
15 1 3 5759
15 1 4 4999
15 1 5 5447
15 1 6 8981
15 1 7 5948
15 1 8 8882
15 1 9 6716
15 1 10 6228
15 1 11 4895
15 1 12 4104
15 1 13 8791
15 1 14 8432
15 1 15 0
15 1 16 7165
15 1 17 8222
15 1 18 6689
15 2 0 3514
15 2 1 4271
15 2 2 0
15 2 3 5687
15 2 4 5767
15 2 5 3577
15 2 6 4904
15 2 7 5529
15 2 8 4294
15 2 9 2604
15 2 10 5511
15 2 11 2528
15 2 12 3595
15 2 13 4830
15 2 14 2452
15 2 15 0
15 2 16 4546
15 2 17 8669
15 2 18 4210
15 3 0 1694
15 3 1 4029
15 3 2 2051
15 3 3 0
15 3 4 4636
15 3 5 1752
15 3 6 4157
15 3 7 5672
15 3 8 3979
15 3 9 970
15 3 10 5304
15 3 11 3239
15 3 12 4986
15 3 13 5049
15 3 14 1532
15 3 15 0
15 3 16 7281
15 3 17 6753
15 3 18 3501
15 4 0 4050
15 4 1 3384
15 4 2 5960
15 4 3 7715
15 4 4 0
15 4 5 5295
15 4 6 6470
15 4 7 7850
15 4 8 3890
15 4 9 4168
15 4 10 6589
15 4 11 4120
15 4 12 7439
15 4 13 7844
15 4 14 7334
15 4 15 0
15 4 16 4684
15 4 17 3844
15 4 18 6404
15 5 0 5625
15 5 1 6354
15 5 2 6761
15 5 3 7818
15 5 4 9751
15 5 5 0
15 5 6 5241
15 5 7 8919
15 5 8 6386
15 5 9 8974
15 5 10 7662
15 5 11 5472
15 5 12 5088
15 5 13 8174
15 5 14 8559
15 5 15 0
15 5 16 4574
15 5 17 6772
15 5 18 3719
15 6 0 7428
15 6 1 7208
15 6 2 4661
15 6 3 5721
15 6 4 7239
15 6 5 6479
15 6 6 0
15 6 7 6188
15 6 8 4960
15 6 9 3752
15 6 10 4798
15 6 11 5194
15 6 12 7341
15 6 13 3400
15 6 14 7645
15 6 15 0
15 6 16 4010
15 6 17 5014
15 6 18 3325
15 7 0 4352
15 7 1 8557
15 7 2 4416
15 7 3 8700
15 7 4 8322
15 7 5 8771
15 7 6 6621
15 7 7 0
15 7 8 8907
15 7 9 5740
15 7 10 7880
15 7 11 4758
15 7 12 6626
15 7 13 7930
15 7 14 4307
15 7 15 0
15 7 16 4218
15 7 17 5341
15 7 18 4972
15 8 0 5145
15 8 1 5184
15 8 2 5520
15 8 3 4534
15 8 4 6985
15 8 5 5848
15 8 6 4860
15 8 7 3973
15 8 8 0
15 8 9 2553
15 8 10 4542
15 8 11 4704
15 8 12 3040
15 8 13 3860
15 8 14 2510
15 8 15 0
15 8 16 2692
15 8 17 3450
15 8 18 1600
15 9 0 6682
15 9 1 9250
15 9 2 5254
15 9 3 5466
15 9 4 7363
15 9 5 7793
15 9 6 8372
15 9 7 6843
15 9 8 6871
15 9 9 0
15 9 10 6662
15 9 11 9046
15 9 12 4806
15 9 13 7940
15 9 14 5304
15 9 15 0
15 9 16 3992
15 9 17 6187
15 9 18 5779
15 10 0 4983
15 10 1 6145
15 10 2 3857
15 10 3 3715
15 10 4 7822
15 10 5 7682
15 10 6 4927
15 10 7 5361
15 10 8 4026
15 10 9 4704
15 10 10 0
15 10 11 5636
15 10 12 6195
15 10 13 7341
15 10 14 5435
15 10 15 0
15 10 16 4703
15 10 17 3845
15 10 18 3610
15 11 0 5910
15 11 1 6292
15 11 2 6807
15 11 3 3342
15 11 4 3826
15 11 5 7655
15 11 6 4242
15 11 7 4690
15 11 8 6789
15 11 9 4359
15 11 10 7778
15 11 11 0
15 11 12 4769
15 11 13 4901
15 11 14 4396
15 11 15 0
15 11 16 5322
15 11 17 7390
15 11 18 8352
15 12 0 1403
15 12 1 3556
15 12 2 3139
15 12 3 2622
15 12 4 5125
15 12 5 5246
15 12 6 3609
15 12 7 4574
15 12 8 3939
15 12 9 3731
15 12 10 3944
15 12 11 4240
15 12 12 0
15 12 13 5436
15 12 14 2294
15 12 15 0
15 12 16 5576
15 12 17 5527
15 12 18 7806
15 13 0 2788
15 13 1 3904
15 13 2 3961
15 13 3 1921
15 13 4 5308
15 13 5 6246
15 13 6 5171
15 13 7 5782
15 13 8 6373
15 13 9 6110
15 13 10 5534
15 13 11 5999
15 13 12 5815
15 13 13 0
15 13 14 3471
15 13 15 0
15 13 16 1650
15 13 17 4910
15 13 18 5140
15 14 0 3249
15 14 1 6563
15 14 2 5021
15 14 3 5385
15 14 4 6898
15 14 5 3089
15 14 6 3986
15 14 7 4555
15 14 8 2119
15 14 9 5042
15 14 10 3011
15 14 11 5959
15 14 12 3877
15 14 13 5253
15 14 14 0
15 14 15 0
15 14 16 2941
15 14 17 6345
15 14 18 3747
15 15 0 0
15 15 1 0
15 15 2 0
15 15 3 0
15 15 4 0
15 15 5 0
15 15 6 0
15 15 7 0
15 15 8 0
15 15 9 0
15 15 10 0
15 15 11 0
15 15 12 0
15 15 13 0
15 15 14 0
15 15 15 0
15 15 16 0
15 15 17 0
15 15 18 0
15 16 0 4217
15 16 1 4561
15 16 2 2247
15 16 3 5804
15 16 4 3817
15 16 5 4078
15 16 6 2581
15 16 7 3165
15 16 8 3942
15 16 9 2064
15 16 10 3441
15 16 11 3162
15 16 12 3501
15 16 13 2228
15 16 14 1840
15 16 15 0
15 16 16 0
15 16 17 5652
15 16 18 970
15 17 0 5064
15 17 1 8728
15 17 2 9480
15 17 3 8386
15 17 4 6087
15 17 5 9386
15 17 6 6695
15 17 7 7398
15 17 8 7810
15 17 9 7369
15 17 10 5693
15 17 11 8340
15 17 12 6562
15 17 13 8598
15 17 14 8354
15 17 15 0
15 17 16 6728
15 17 17 0
15 17 18 4022
15 18 0 5758
15 18 1 6259
15 18 2 4085
15 18 3 4198
15 18 4 7711
15 18 5 5397
15 18 6 4070
15 18 7 6093
15 18 8 5024
15 18 9 6025
15 18 10 4522
15 18 11 8366
15 18 12 7905
15 18 13 7892
15 18 14 4820
15 18 15 0
15 18 16 4939
15 18 17 7096
15 18 18 0
16 0 0 0
16 0 1 4553
16 0 2 7130
16 0 3 6123
16 0 4 3197
16 0 5 6664
16 0 6 3163
16 0 7 5437
16 0 8 4247
16 0 9 5598
16 0 10 3332
16 0 11 5164
16 0 12 4353
16 0 13 5978
16 0 14 3877
16 0 15 4915
16 0 16 0
16 0 17 1558
16 0 18 3188
16 1 0 4626
16 1 1 0
16 1 2 5549
16 1 3 4676
16 1 4 3916
16 1 5 4364
16 1 6 7898
16 1 7 4865
16 1 8 7799
16 1 9 5633
16 1 10 5145
16 1 11 3812
16 1 12 3021
16 1 13 7708
16 1 14 7349
16 1 15 7165
16 1 16 0
16 1 17 4586
16 1 18 3053
16 2 0 2106
16 2 1 2863
16 2 2 0
16 2 3 4279
16 2 4 4359
16 2 5 2169
16 2 6 3496
16 2 7 4121
16 2 8 2886
16 2 9 1196
16 2 10 4103
16 2 11 1120
16 2 12 2187
16 2 13 3422
16 2 14 1044
16 2 15 4546
16 2 16 0
16 2 17 8752
16 2 18 4293
16 3 0 5191
16 3 1 7526
16 3 2 5548
16 3 3 0
16 3 4 8133
16 3 5 5249
16 3 6 7654
16 3 7 9169
16 3 8 7476
16 3 9 4467
16 3 10 8801
16 3 11 6736
16 3 12 8483
16 3 13 8546
16 3 14 5029
16 3 15 7281
16 3 16 0
16 3 17 3866
16 3 18 614
16 4 0 3325
16 4 1 2659
16 4 2 5235
16 4 3 6990
16 4 4 0
16 4 5 4570
16 4 6 5745
16 4 7 7125
16 4 8 3165
16 4 9 3443
16 4 10 5864
16 4 11 3395
16 4 12 6714
16 4 13 7119
16 4 14 6609
16 4 15 4684
16 4 16 0
16 4 17 1648
16 4 18 4208
16 5 0 3194
16 5 1 3923
16 5 2 4330
16 5 3 5387
16 5 4 7320
16 5 5 0
16 5 6 2810
16 5 7 6488
16 5 8 3955
16 5 9 6543
16 5 10 5231
16 5 11 3041
16 5 12 2657
16 5 13 5743
16 5 14 6128
16 5 15 4574
16 5 16 0
16 5 17 7979
16 5 18 4926
16 6 0 5086
16 6 1 4866
16 6 2 2319
16 6 3 3379
16 6 4 4897
16 6 5 4137
16 6 6 0
16 6 7 3846
16 6 8 2618
16 6 9 1410
16 6 10 2456
16 6 11 2852
16 6 12 4999
16 6 13 1058
16 6 14 5303
16 6 15 4010
16 6 16 0
16 6 17 6755
16 6 18 5066
16 7 0 1982
16 7 1 6187
16 7 2 2046
16 7 3 6330
16 7 4 5952
16 7 5 6401
16 7 6 4251
16 7 7 0
16 7 8 6537
16 7 9 3370
16 7 10 5510
16 7 11 2388
16 7 12 4256
16 7 13 5560
16 7 14 1937
16 7 15 4218
16 7 16 0
16 7 17 5029
16 7 18 4660
16 8 0 5078
16 8 1 5117
16 8 2 5453
16 8 3 4467
16 8 4 6918
16 8 5 5781
16 8 6 4793
16 8 7 3906
16 8 8 0
16 8 9 2486
16 8 10 4475
16 8 11 4637
16 8 12 2973
16 8 13 3793
16 8 14 2443
16 8 15 2692
16 8 16 0
16 8 17 4581
16 8 18 2731
16 9 0 2863
16 9 1 5431
16 9 2 1435
16 9 3 1647
16 9 4 3544
16 9 5 3974
16 9 6 4553
16 9 7 3024
16 9 8 3052
16 9 9 0
16 9 10 2843
16 9 11 5227
16 9 12 987
16 9 13 4121
16 9 14 1485
16 9 15 3992
16 9 16 0
16 9 17 3767
16 9 18 3359
16 10 0 3750
16 10 1 4912
16 10 2 2624
16 10 3 2482
16 10 4 6589
16 10 5 6449
16 10 6 3694
16 10 7 4128
16 10 8 2793
16 10 9 3471
16 10 10 0
16 10 11 4403
16 10 12 4962
16 10 13 6108
16 10 14 4202
16 10 15 4703
16 10 16 0
16 10 17 5645
16 10 18 5410
16 11 0 4345
16 11 1 4727
16 11 2 5242
16 11 3 1777
16 11 4 2261
16 11 5 6090
16 11 6 2677
16 11 7 3125
16 11 8 5224
16 11 9 2794
16 11 10 6213
16 11 11 0
16 11 12 3204
16 11 13 3336
16 11 14 2831
16 11 15 5322
16 11 16 0
16 11 17 8070
16 11 18 9032
16 12 0 2104
16 12 1 4257
16 12 2 3840
16 12 3 3323
16 12 4 5826
16 12 5 5947
16 12 6 4310
16 12 7 5275
16 12 8 4640
16 12 9 4432
16 12 10 4645
16 12 11 4941
16 12 12 0
16 12 13 6137
16 12 14 2995
16 12 15 5576
16 12 16 0
16 12 17 5102
16 12 18 7381
16 13 0 1707
16 13 1 2823
16 13 2 2880
16 13 3 840
16 13 4 4227
16 13 5 5165
16 13 6 4090
16 13 7 4701
16 13 8 5292
16 13 9 5029
16 13 10 4453
16 13 11 4918
16 13 12 4734
16 13 13 0
16 13 14 2390
16 13 15 1650
16 13 16 0
16 13 17 8492
16 13 18 8722
16 14 0 1460
16 14 1 4774
16 14 2 3232
16 14 3 3596
16 14 4 5109
16 14 5 1300
16 14 6 2197
16 14 7 2766
16 14 8 330
16 14 9 3253
16 14 10 1222
16 14 11 4170
16 14 12 2088
16 14 13 3464
16 14 14 0
16 14 15 2941
16 14 16 0
16 14 17 6611
16 14 18 4013
16 15 0 4275
16 15 1 5029
16 15 2 3040
16 15 3 1692
16 15 4 3927
16 15 5 5894
16 15 6 4308
16 15 7 4920
16 15 8 3394
16 15 9 5268
16 15 10 4059
16 15 11 4112
16 15 12 2185
16 15 13 2694
16 15 14 3014
16 15 15 0
16 15 16 0
16 15 17 3488
16 15 18 6166
16 16 0 0
16 16 1 0
16 16 2 0
16 16 3 0
16 16 4 0
16 16 5 0
16 16 6 0
16 16 7 0
16 16 8 0
16 16 9 0
16 16 10 0
16 16 11 0
16 16 12 0
16 16 13 0
16 16 14 0
16 16 15 0
16 16 16 0
16 16 17 0
16 16 18 0
16 17 0 5194
16 17 1 8858
16 17 2 9610
16 17 3 8516
16 17 4 6217
16 17 5 9516
16 17 6 6825
16 17 7 7528
16 17 8 7940
16 17 9 7499
16 17 10 5823
16 17 11 8470
16 17 12 6692
16 17 13 8728
16 17 14 8484
16 17 15 6728
16 17 16 0
16 17 17 0
16 17 18 6801
16 18 0 2357
16 18 1 2858
16 18 2 684
16 18 3 797
16 18 4 4310
16 18 5 1996
16 18 6 669
16 18 7 2692
16 18 8 1623
16 18 9 2624
16 18 10 1121
16 18 11 4965
16 18 12 4504
16 18 13 4491
16 18 14 1419
16 18 15 4939
16 18 16 0
16 18 17 2515
16 18 18 0
17 0 0 0
17 0 1 2290
17 0 2 4867
17 0 3 3860
17 0 4 934
17 0 5 4401
17 0 6 900
17 0 7 3174
17 0 8 1984
17 0 9 3335
17 0 10 1069
17 0 11 2901
17 0 12 2090
17 0 13 3715
17 0 14 1614
17 0 15 2652
17 0 16 1558
17 0 17 0
17 0 18 6134
17 1 0 5683
17 1 1 0
17 1 2 6606
17 1 3 5733
17 1 4 4973
17 1 5 5421
17 1 6 8955
17 1 7 5922
17 1 8 8856
17 1 9 6690
17 1 10 6202
17 1 11 4869
17 1 12 4078
17 1 13 8765
17 1 14 8406
17 1 15 8222
17 1 16 4586
17 1 17 0
17 1 18 4482
17 2 0 6229
17 2 1 6986
17 2 2 0
17 2 3 8402
17 2 4 8482
17 2 5 6292
17 2 6 7619
17 2 7 8244
17 2 8 7009
17 2 9 5319
17 2 10 8226
17 2 11 5243
17 2 12 6310
17 2 13 7545
17 2 14 5167
17 2 15 8669
17 2 16 8752
17 2 17 0
17 2 18 2080
17 3 0 4663
17 3 1 6998
17 3 2 5020
17 3 3 0
17 3 4 7605
17 3 5 4721
17 3 6 7126
17 3 7 8641
17 3 8 6948
17 3 9 3939
17 3 10 8273
17 3 11 6208
17 3 12 7955
17 3 13 8018
17 3 14 4501
17 3 15 6753
17 3 16 3866
17 3 17 0
17 3 18 3232
17 4 0 2485
17 4 1 1819
17 4 2 4395
17 4 3 6150
17 4 4 0
17 4 5 3730
17 4 6 4905
17 4 7 6285
17 4 8 2325
17 4 9 2603
17 4 10 5024
17 4 11 2555
17 4 12 5874
17 4 13 6279
17 4 14 5769
17 4 15 3844
17 4 16 1648
17 4 17 0
17 4 18 6182
17 5 0 5392
17 5 1 6121
17 5 2 6528
17 5 3 7585
17 5 4 9518
17 5 5 0
17 5 6 5008
17 5 7 8686
17 5 8 6153
17 5 9 8741
17 5 10 7429
17 5 11 5239
17 5 12 4855
17 5 13 7941
17 5 14 8326
17 5 15 6772
17 5 16 7979
17 5 17 0
17 5 18 2918
17 6 0 6090
17 6 1 5870
17 6 2 3323
17 6 3 4383
17 6 4 5901
17 6 5 5141
17 6 6 0
17 6 7 4850
17 6 8 3622
17 6 9 2414
17 6 10 3460
17 6 11 3856
17 6 12 6003
17 6 13 2062
17 6 14 6307
17 6 15 5014
17 6 16 6755
17 6 17 0
17 6 18 2191
17 7 0 3105
17 7 1 7310
17 7 2 3169
17 7 3 7453
17 7 4 7075
17 7 5 7524
17 7 6 5374
17 7 7 0
17 7 8 7660
17 7 9 4493
17 7 10 6633
17 7 11 3511
17 7 12 5379
17 7 13 6683
17 7 14 3060
17 7 15 5341
17 7 16 5029
17 7 17 0
17 7 18 4014
17 8 0 5836
17 8 1 5875
17 8 2 6211
17 8 3 5225
17 8 4 7676
17 8 5 6539
17 8 6 5551
17 8 7 4664
17 8 8 0
17 8 9 3244
17 8 10 5233
17 8 11 5395
17 8 12 3731
17 8 13 4551
17 8 14 3201
17 8 15 3450
17 8 16 4581
17 8 17 0
17 8 18 5800
17 9 0 5058
17 9 1 7626
17 9 2 3630
17 9 3 3842
17 9 4 5739
17 9 5 6169
17 9 6 6748
17 9 7 5219
17 9 8 5247
17 9 9 0
17 9 10 5038
17 9 11 7422
17 9 12 3182
17 9 13 6316
17 9 14 3680
17 9 15 6187
17 9 16 3767
17 9 17 0
17 9 18 4766
17 10 0 2892
17 10 1 4054
17 10 2 1766
17 10 3 1624
17 10 4 5731
17 10 5 5591
17 10 6 2836
17 10 7 3270
17 10 8 1935
17 10 9 2613
17 10 10 0
17 10 11 3545
17 10 12 4104
17 10 13 5250
17 10 14 3344
17 10 15 3845
17 10 16 5645
17 10 17 0
17 10 18 3873
17 11 0 6413
17 11 1 6795
17 11 2 7310
17 11 3 3845
17 11 4 4329
17 11 5 8158
17 11 6 4745
17 11 7 5193
17 11 8 7292
17 11 9 4862
17 11 10 8281
17 11 11 0
17 11 12 5272
17 11 13 5404
17 11 14 4899
17 11 15 7390
17 11 16 8070
17 11 17 0
17 11 18 7192
17 12 0 2055
17 12 1 4208
17 12 2 3791
17 12 3 3274
17 12 4 5777
17 12 5 5898
17 12 6 4261
17 12 7 5226
17 12 8 4591
17 12 9 4383
17 12 10 4596
17 12 11 4892
17 12 12 0
17 12 13 6088
17 12 14 2946
17 12 15 5527
17 12 16 5102
17 12 17 0
17 12 18 4414
17 13 0 4967
17 13 1 6083
17 13 2 6140
17 13 3 4100
17 13 4 7487
17 13 5 8425
17 13 6 7350
17 13 7 7961
17 13 8 8552
17 13 9 8289
17 13 10 7713
17 13 11 8178
17 13 12 7994
17 13 13 0
17 13 14 5650
17 13 15 4910
17 13 16 8492
17 13 17 0
17 13 18 6174
17 14 0 4864
17 14 1 8178
17 14 2 6636
17 14 3 7000
17 14 4 8513
17 14 5 4704
17 14 6 5601
17 14 7 6170
17 14 8 3734
17 14 9 6657
17 14 10 4626
17 14 11 7574
17 14 12 5492
17 14 13 6868
17 14 14 0
17 14 15 6345
17 14 16 6611
17 14 17 0
17 14 18 4335
17 15 0 5266
17 15 1 6020
17 15 2 4031
17 15 3 2683
17 15 4 4918
17 15 5 6885
17 15 6 5299
17 15 7 5911
17 15 8 4385
17 15 9 6259
17 15 10 5050
17 15 11 5103
17 15 12 3176
17 15 13 3685
17 15 14 4005
17 15 15 0
17 15 16 3488
17 15 17 0
17 15 18 9276
17 16 0 7372
17 16 1 7716
17 16 2 5402
17 16 3 8959
17 16 4 6972
17 16 5 7233
17 16 6 5736
17 16 7 6320
17 16 8 7097
17 16 9 5219
17 16 10 6596
17 16 11 6317
17 16 12 6656
17 16 13 5383
17 16 14 4995
17 16 15 5652
17 16 16 0
17 16 17 0
17 16 18 4825
17 17 0 0
17 17 1 0
17 17 2 0
17 17 3 0
17 17 4 0
17 17 5 0
17 17 6 0
17 17 7 0
17 17 8 0
17 17 9 0
17 17 10 0
17 17 11 0
17 17 12 0
17 17 13 0
17 17 14 0
17 17 15 0
17 17 16 0
17 17 17 0
17 17 18 0
17 18 0 4514
17 18 1 5015
17 18 2 2841
17 18 3 2954
17 18 4 6467
17 18 5 4153
17 18 6 2826
17 18 7 4849
17 18 8 3780
17 18 9 4781
17 18 10 3278
17 18 11 7122
17 18 12 6661
17 18 13 6648
17 18 14 3576
17 18 15 7096
17 18 16 2515
17 18 17 0
17 18 18 0
18 0 0 0
18 0 1 3920
18 0 2 6497
18 0 3 5490
18 0 4 2564
18 0 5 6031
18 0 6 2530
18 0 7 4804
18 0 8 3614
18 0 9 4965
18 0 10 2699
18 0 11 4531
18 0 12 3720
18 0 13 5345
18 0 14 3244
18 0 15 4282
18 0 16 3188
18 0 17 6134
18 0 18 0
18 1 0 4150
18 1 1 0
18 1 2 5073
18 1 3 4200
18 1 4 3440
18 1 5 3888
18 1 6 7422
18 1 7 4389
18 1 8 7323
18 1 9 5157
18 1 10 4669
18 1 11 3336
18 1 12 2545
18 1 13 7232
18 1 14 6873
18 1 15 6689
18 1 16 3053
18 1 17 4482
18 1 18 0
18 2 0 1770
18 2 1 2527
18 2 2 0
18 2 3 3943
18 2 4 4023
18 2 5 1833
18 2 6 3160
18 2 7 3785
18 2 8 2550
18 2 9 860
18 2 10 3767
18 2 11 784
18 2 12 1851
18 2 13 3086
18 2 14 708
18 2 15 4210
18 2 16 4293
18 2 17 2080
18 2 18 0
18 3 0 1411
18 3 1 3746
18 3 2 1768
18 3 3 0
18 3 4 4353
18 3 5 1469
18 3 6 3874
18 3 7 5389
18 3 8 3696
18 3 9 687
18 3 10 5021
18 3 11 2956
18 3 12 4703
18 3 13 4766
18 3 14 1249
18 3 15 3501
18 3 16 614
18 3 17 3232
18 3 18 0
18 4 0 5045
18 4 1 4379
18 4 2 6955
18 4 3 8710
18 4 4 0
18 4 5 6290
18 4 6 7465
18 4 7 8845
18 4 8 4885
18 4 9 5163
18 4 10 7584
18 4 11 5115
18 4 12 8434
18 4 13 8839
18 4 14 8329
18 4 15 6404
18 4 16 4208
18 4 17 6182
18 4 18 0
18 5 0 2339
18 5 1 3068
18 5 2 3475
18 5 3 4532
18 5 4 6465
18 5 5 0
18 5 6 1955
18 5 7 5633
18 5 8 3100
18 5 9 5688
18 5 10 4376
18 5 11 2186
18 5 12 1802
18 5 13 4888
18 5 14 5273
18 5 15 3719
18 5 16 4926
18 5 17 2918
18 5 18 0
18 6 0 4401
18 6 1 4181
18 6 2 1634
18 6 3 2694
18 6 4 4212
18 6 5 3452
18 6 6 0
18 6 7 3161
18 6 8 1933
18 6 9 725
18 6 10 1771
18 6 11 2167
18 6 12 4314
18 6 13 373
18 6 14 4618
18 6 15 3325
18 6 16 5066
18 6 17 2191
18 6 18 0
18 7 0 2736
18 7 1 6941
18 7 2 2800
18 7 3 7084
18 7 4 6706
18 7 5 7155
18 7 6 5005
18 7 7 0
18 7 8 7291
18 7 9 4124
18 7 10 6264
18 7 11 3142
18 7 12 5010
18 7 13 6314
18 7 14 2691
18 7 15 4972
18 7 16 4660
18 7 17 4014
18 7 18 0
18 8 0 3986
18 8 1 4025
18 8 2 4361
18 8 3 3375
18 8 4 5826
18 8 5 4689
18 8 6 3701
18 8 7 2814
18 8 8 0
18 8 9 1394
18 8 10 3383
18 8 11 3545
18 8 12 1881
18 8 13 2701
18 8 14 1351
18 8 15 1600
18 8 16 2731
18 8 17 5800
18 8 18 0
18 9 0 4650
18 9 1 7218
18 9 2 3222
18 9 3 3434
18 9 4 5331
18 9 5 5761
18 9 6 6340
18 9 7 4811
18 9 8 4839
18 9 9 0
18 9 10 4630
18 9 11 7014
18 9 12 2774
18 9 13 5908
18 9 14 3272
18 9 15 5779
18 9 16 3359
18 9 17 4766
18 9 18 0
18 10 0 2657
18 10 1 3819
18 10 2 1531
18 10 3 1389
18 10 4 5496
18 10 5 5356
18 10 6 2601
18 10 7 3035
18 10 8 1700
18 10 9 2378
18 10 10 0
18 10 11 3310
18 10 12 3869
18 10 13 5015
18 10 14 3109
18 10 15 3610
18 10 16 5410
18 10 17 3873
18 10 18 0
18 11 0 7375
18 11 1 7757
18 11 2 8272
18 11 3 4807
18 11 4 5291
18 11 5 9120
18 11 6 5707
18 11 7 6155
18 11 8 8254
18 11 9 5824
18 11 10 9243
18 11 11 0
18 11 12 6234
18 11 13 6366
18 11 14 5861
18 11 15 8352
18 11 16 9032
18 11 17 7192
18 11 18 0
18 12 0 4334
18 12 1 6487
18 12 2 6070
18 12 3 5553
18 12 4 8056
18 12 5 8177
18 12 6 6540
18 12 7 7505
18 12 8 6870
18 12 9 6662
18 12 10 6875
18 12 11 7171
18 12 12 0
18 12 13 8367
18 12 14 5225
18 12 15 7806
18 12 16 7381
18 12 17 4414
18 12 18 0
18 13 0 5197
18 13 1 6313
18 13 2 6370
18 13 3 4330
18 13 4 7717
18 13 5 8655
18 13 6 7580
18 13 7 8191
18 13 8 8782
18 13 9 8519
18 13 10 7943
18 13 11 8408
18 13 12 8224
18 13 13 0
18 13 14 5880
18 13 15 5140
18 13 16 8722
18 13 17 6174
18 13 18 0
18 14 0 2266
18 14 1 5580
18 14 2 4038
18 14 3 4402
18 14 4 5915
18 14 5 2106
18 14 6 3003
18 14 7 3572
18 14 8 1136
18 14 9 4059
18 14 10 2028
18 14 11 4976
18 14 12 2894
18 14 13 4270
18 14 14 0
18 14 15 3747
18 14 16 4013
18 14 17 4335
18 14 18 0
18 15 0 7944
18 15 1 8698
18 15 2 6709
18 15 3 5361
18 15 4 7596
18 15 5 9563
18 15 6 7977
18 15 7 8589
18 15 8 7063
18 15 9 8937
18 15 10 7728
18 15 11 7781
18 15 12 5854
18 15 13 6363
18 15 14 6683
18 15 15 0
18 15 16 6166
18 15 17 9276
18 15 18 0
18 16 0 2690
18 16 1 3034
18 16 2 720
18 16 3 4277
18 16 4 2290
18 16 5 2551
18 16 6 1054
18 16 7 1638
18 16 8 2415
18 16 9 537
18 16 10 1914
18 16 11 1635
18 16 12 1974
18 16 13 701
18 16 14 313
18 16 15 970
18 16 16 0
18 16 17 4825
18 16 18 0
18 17 0 2488
18 17 1 6152
18 17 2 6904
18 17 3 5810
18 17 4 3511
18 17 5 6810
18 17 6 4119
18 17 7 4822
18 17 8 5234
18 17 9 4793
18 17 10 3117
18 17 11 5764
18 17 12 3986
18 17 13 6022
18 17 14 5778
18 17 15 4022
18 17 16 6801
18 17 17 0
18 17 18 0
18 18 0 0
18 18 1 0
18 18 2 0
18 18 3 0
18 18 4 0
18 18 5 0
18 18 6 0
18 18 7 0
18 18 8 0
18 18 9 0
18 18 10 0
18 18 11 0
18 18 12 0
18 18 13 0
18 18 14 0
18 18 15 0
18 18 16 0
18 18 17 0
18 18 18 0
