13
0 0 0 0
0 0 1 0
0 0 2 0
0 0 3 0
0 0 4 0
0 0 5 0
0 0 6 0
0 0 7 0
0 0 8 0
0 0 9 0
0 0 10 0
0 0 11 0
0 0 12 0
0 1 0 0
0 1 1 0
0 1 2 2518
0 1 3 2921
0 1 4 3873
0 1 5 4451
0 1 6 5608
0 1 7 3065
0 1 8 6689
0 1 9 3332
0 1 10 4265
0 1 11 3136
0 1 12 4573
0 2 0 0
0 2 1 5892
0 2 2 0
0 2 3 4885
0 2 4 3698
0 2 5 5672
0 2 6 4524
0 2 7 3417
0 2 8 4631
0 2 9 3592
0 2 10 5472
0 2 11 3768
0 2 12 6080
0 3 0 0
0 3 1 2209
0 3 2 3738
0 3 3 0
0 3 4 611
0 3 5 1815
0 3 6 2087
0 3 7 2237
0 3 8 786
0 3 9 4425
0 3 10 1792
0 3 11 3397
0 3 12 2264
0 4 0 0
0 4 1 7020
0 4 2 8031
0 4 3 4143
0 4 4 0
0 4 5 8476
0 4 6 8667
0 4 7 8625
0 4 8 4191
0 4 9 8836
0 4 10 7072
0 4 11 4606
0 4 12 7865
0 5 0 0
0 5 1 6958
0 5 2 4829
0 5 3 5301
0 5 4 5980
0 5 5 0
0 5 6 5282
0 5 7 7316
0 5 8 5924
0 5 9 6542
0 5 10 5344
0 5 11 3587
0 5 12 5329
0 6 0 0
0 6 1 979
0 6 2 4520
0 6 3 1651
0 6 4 5202
0 6 5 3750
0 6 6 0
0 6 7 4870
0 6 8 1706
0 6 9 4633
0 6 10 442
0 6 11 4058
0 6 12 3216
0 7 0 0
0 7 1 5533
0 7 2 7127
0 7 3 4866
0 7 4 6157
0 7 5 3274
0 7 6 3112
0 7 7 0
0 7 8 5605
0 7 9 4672
0 7 10 7308
0 7 11 5265
0 7 12 6896
0 8 0 0
0 8 1 5218
0 8 2 4123
0 8 3 5082
0 8 4 6070
0 8 5 5585
0 8 6 3973
0 8 7 4945
0 8 8 0
0 8 9 3387
0 8 10 5359
0 8 11 5047
0 8 12 4128
0 9 0 0
0 9 1 5608
0 9 2 5900
0 9 3 5807
0 9 4 6048
0 9 5 6358
0 9 6 6133
0 9 7 3861
0 9 8 6932
0 9 9 0
0 9 10 3151
0 9 11 6860
0 9 12 6327
0 10 0 0
0 10 1 8003
0 10 2 8153
0 10 3 5475
0 10 4 9151
0 10 5 6047
0 10 6 9274
0 10 7 5686
0 10 8 8762
0 10 9 8043
0 10 10 0
0 10 11 8391
0 10 12 6934
0 11 0 0
0 11 1 2680
0 11 2 4049
0 11 3 2444
0 11 4 3467
0 11 5 2744
0 11 6 4165
0 11 7 2294
0 11 8 4271
0 11 9 2718
0 11 10 2523
0 11 11 0
0 11 12 1928
0 12 0 0
0 12 1 4553
0 12 2 5208
0 12 3 7675
0 12 4 7449
0 12 5 4976
0 12 6 4256
0 12 7 4676
0 12 8 8353
0 12 9 7534
0 12 10 8560
0 12 11 4991
0 12 12 0
1 0 0 0
1 0 1 0
1 0 2 4345
1 0 3 2224
1 0 4 6026
1 0 5 4238
1 0 6 2160
1 0 7 4596
1 0 8 5056
1 0 9 4161
1 0 10 6365
1 0 11 2710
1 0 12 5535
1 1 0 0
1 1 1 0
1 1 2 0
1 1 3 0
1 1 4 0
1 1 5 0
1 1 6 0
1 1 7 0
1 1 8 0
1 1 9 0
1 1 10 0
1 1 11 0
1 1 12 0
1 2 0 5892
1 2 1 0
1 2 2 0
1 2 3 2573
1 2 4 1386
1 2 5 3360
1 2 6 2212
1 2 7 1105
1 2 8 2319
1 2 9 1280
1 2 10 3160
1 2 11 1456
1 2 12 3768
1 3 0 2209
1 3 1 0
1 3 2 3950
1 3 3 0
1 3 4 823
1 3 5 2027
1 3 6 2299
1 3 7 2449
1 3 8 998
1 3 9 4637
1 3 10 2004
1 3 11 3609
1 3 12 2476
1 4 0 7020
1 4 1 0
1 4 2 5393
1 4 3 1505
1 4 4 0
1 4 5 5838
1 4 6 6029
1 4 7 5987
1 4 8 1553
1 4 9 6198
1 4 10 4434
1 4 11 1968
1 4 12 5227
1 5 0 6958
1 5 1 0
1 5 2 4557
1 5 3 5029
1 5 4 5708
1 5 5 0
1 5 6 5010
1 5 7 7044
1 5 8 5652
1 5 9 6270
1 5 10 5072
1 5 11 3315
1 5 12 5057
1 6 0 979
1 6 1 0
1 6 2 7483
1 6 3 4614
1 6 4 8165
1 6 5 6713
1 6 6 0
1 6 7 7833
1 6 8 4669
1 6 9 7596
1 6 10 3405
1 6 11 7021
1 6 12 6179
1 7 0 5533
1 7 1 0
1 7 2 5111
1 7 3 2850
1 7 4 4141
1 7 5 1258
1 7 6 1096
1 7 7 0
1 7 8 3589
1 7 9 2656
1 7 10 5292
1 7 11 3249
1 7 12 4880
1 8 0 5218
1 8 1 0
1 8 2 5271
1 8 3 6230
1 8 4 7218
1 8 5 6733
1 8 6 5121
1 8 7 6093
1 8 8 0
1 8 9 4535
1 8 10 6507
1 8 11 6195
1 8 12 5276
1 9 0 5608
1 9 1 0
1 9 2 4586
1 9 3 4493
1 9 4 4734
1 9 5 5044
1 9 6 4819
1 9 7 2547
1 9 8 5618
1 9 9 0
1 9 10 1837
1 9 11 5546
1 9 12 5013
1 10 0 8003
1 10 1 0
1 10 2 5568
1 10 3 2890
1 10 4 6566
1 10 5 3462
1 10 6 6689
1 10 7 3101
1 10 8 6177
1 10 9 5458
1 10 10 0
1 10 11 5806
1 10 12 4349
1 11 0 2680
1 11 1 0
1 11 2 3990
1 11 3 2385
1 11 4 3408
1 11 5 2685
1 11 6 4106
1 11 7 2235
1 11 8 4212
1 11 9 2659
1 11 10 2464
1 11 11 0
1 11 12 1869
1 12 0 4553
1 12 1 0
1 12 2 3761
1 12 3 6228
1 12 4 6002
1 12 5 3529
1 12 6 2809
1 12 7 3229
1 12 8 6906
1 12 9 6087
1 12 10 7113
1 12 11 3544
1 12 12 0
2 0 0 0
2 0 1 4345
2 0 2 0
2 0 3 4901
2 0 4 8703
2 0 5 6915
2 0 6 4837
2 0 7 7273
2 0 8 7733
2 0 9 6838
2 0 10 9042
2 0 11 5387
2 0 12 8212
2 1 0 2518
2 1 1 0
2 1 2 0
2 1 3 3983
2 1 4 4935
2 1 5 5513
2 1 6 6670
2 1 7 4127
2 1 8 7751
2 1 9 4394
2 1 10 5327
2 1 11 4198
2 1 12 5635
2 2 0 0
2 2 1 0
2 2 2 0
2 2 3 0
2 2 4 0
2 2 5 0
2 2 6 0
2 2 7 0
2 2 8 0
2 2 9 0
2 2 10 0
2 2 11 0
2 2 12 0
2 3 0 3738
2 3 1 3950
2 3 2 0
2 3 3 0
2 3 4 2695
2 3 5 3899
2 3 6 4171
2 3 7 4321
2 3 8 2870
2 3 9 6509
2 3 10 3876
2 3 11 5481
2 3 12 4348
2 4 0 8031
2 4 1 5393
2 4 2 0
2 4 3 1238
2 4 4 0
2 4 5 5571
2 4 6 5762
2 4 7 5720
2 4 8 1286
2 4 9 5931
2 4 10 4167
2 4 11 1701
2 4 12 4960
2 5 0 4829
2 5 1 4557
2 5 2 0
2 5 3 6158
2 5 4 6837
2 5 5 0
2 5 6 6139
2 5 7 8173
2 5 8 6781
2 5 9 7399
2 5 10 6201
2 5 11 4444
2 5 12 6186
2 6 0 4520
2 6 1 7483
2 6 2 0
2 6 3 3438
2 6 4 6989
2 6 5 5537
2 6 6 0
2 6 7 6657
2 6 8 3493
2 6 9 6420
2 6 10 2229
2 6 11 5845
2 6 12 5003
2 7 0 7127
2 7 1 5111
2 7 2 0
2 7 3 3110
2 7 4 4401
2 7 5 1518
2 7 6 1356
2 7 7 0
2 7 8 3849
2 7 9 2916
2 7 10 5552
2 7 11 3509
2 7 12 5140
2 8 0 4123
2 8 1 5271
2 8 2 0
2 8 3 4080
2 8 4 5068
2 8 5 4583
2 8 6 2971
2 8 7 3943
2 8 8 0
2 8 9 2385
2 8 10 4357
2 8 11 4045
2 8 12 3126
2 9 0 5900
2 9 1 4586
2 9 2 0
2 9 3 4661
2 9 4 4902
2 9 5 5212
2 9 6 4987
2 9 7 2715
2 9 8 5786
2 9 9 0
2 9 10 2005
2 9 11 5714
2 9 12 5181
2 10 0 8153
2 10 1 5568
2 10 2 0
2 10 3 4005
2 10 4 7681
2 10 5 4577
2 10 6 7804
2 10 7 4216
2 10 8 7292
2 10 9 6573
2 10 10 0
2 10 11 6921
2 10 12 5464
2 11 0 4049
2 11 1 3990
2 11 2 0
2 11 3 2925
2 11 4 3948
2 11 5 3225
2 11 6 4646
2 11 7 2775
2 11 8 4752
2 11 9 3199
2 11 10 3004
2 11 11 0
2 11 12 2409
2 12 0 5208
2 12 1 3761
2 12 2 0
2 12 3 7643
2 12 4 7417
2 12 5 4944
2 12 6 4224
2 12 7 4644
2 12 8 8321
2 12 9 7502
2 12 10 8528
2 12 11 4959
2 12 12 0
3 0 0 0
3 0 1 2224
3 0 2 4901
3 0 3 0
3 0 4 8862
3 0 5 7074
3 0 6 4996
3 0 7 7432
3 0 8 7892
3 0 9 6997
3 0 10 9201
3 0 11 5546
3 0 12 8371
3 1 0 2921
3 1 1 0
3 1 2 3983
3 1 3 0
3 1 4 3373
3 1 5 3951
3 1 6 5108
3 1 7 2565
3 1 8 6189
3 1 9 2832
3 1 10 3765
3 1 11 2636
3 1 12 4073
3 2 0 4885
3 2 1 2573
3 2 2 0
3 2 3 0
3 2 4 4635
3 2 5 6609
3 2 6 5461
3 2 7 4354
3 2 8 5568
3 2 9 4529
3 2 10 6409
3 2 11 4705
3 2 12 7017
3 3 0 0
3 3 1 0
3 3 2 0
3 3 3 0
3 3 4 0
3 3 5 0
3 3 6 0
3 3 7 0
3 3 8 0
3 3 9 0
3 3 10 0
3 3 11 0
3 3 12 0
3 4 0 4143
3 4 1 1505
3 4 2 1238
3 4 3 0
3 4 4 0
3 4 5 4605
3 4 6 4796
3 4 7 4754
3 4 8 320
3 4 9 4965
3 4 10 3201
3 4 11 735
3 4 12 3994
3 5 0 5301
3 5 1 5029
3 5 2 6158
3 5 3 0
3 5 4 5101
3 5 5 0
3 5 6 4403
3 5 7 6437
3 5 8 5045
3 5 9 5663
3 5 10 4465
3 5 11 2708
3 5 12 4450
3 6 0 1651
3 6 1 4614
3 6 2 3438
3 6 3 0
3 6 4 6673
3 6 5 5221
3 6 6 0
3 6 7 6341
3 6 8 3177
3 6 9 6104
3 6 10 1913
3 6 11 5529
3 6 12 4687
3 7 0 4866
3 7 1 2850
3 7 2 3110
3 7 3 0
3 7 4 5342
3 7 5 2459
3 7 6 2297
3 7 7 0
3 7 8 4790
3 7 9 3857
3 7 10 6493
3 7 11 4450
3 7 12 6081
3 8 0 5082
3 8 1 6230
3 8 2 4080
3 8 3 0
3 8 4 3344
3 8 5 2859
3 8 6 1247
3 8 7 2219
3 8 8 0
3 8 9 661
3 8 10 2633
3 8 11 2321
3 8 12 1402
3 9 0 5807
3 9 1 4493
3 9 2 4661
3 9 3 0
3 9 4 7856
3 9 5 8166
3 9 6 7941
3 9 7 5669
3 9 8 8740
3 9 9 0
3 9 10 4959
3 9 11 8668
3 9 12 8135
3 10 0 5475
3 10 1 2890
3 10 2 4005
3 10 3 0
3 10 4 6122
3 10 5 3018
3 10 6 6245
3 10 7 2657
3 10 8 5733
3 10 9 5014
3 10 10 0
3 10 11 5362
3 10 12 3905
3 11 0 2444
3 11 1 2385
3 11 2 2925
3 11 3 0
3 11 4 5698
3 11 5 4975
3 11 6 6396
3 11 7 4525
3 11 8 6502
3 11 9 4949
3 11 10 4754
3 11 11 0
3 11 12 4159
3 12 0 7675
3 12 1 6228
3 12 2 7643
3 12 3 0
3 12 4 5722
3 12 5 3249
3 12 6 2529
3 12 7 2949
3 12 8 6626
3 12 9 5807
3 12 10 6833
3 12 11 3264
3 12 12 0
4 0 0 0
4 0 1 6026
4 0 2 8703
4 0 3 8862
4 0 4 0
4 0 5 6208
4 0 6 4130
4 0 7 6566
4 0 8 7026
4 0 9 6131
4 0 10 8335
4 0 11 4680
4 0 12 7505
4 1 0 3873
4 1 1 0
4 1 2 4935
4 1 3 3373
4 1 4 0
4 1 5 4960
4 1 6 6117
4 1 7 3574
4 1 8 7198
4 1 9 3841
4 1 10 4774
4 1 11 3645
4 1 12 5082
4 2 0 3698
4 2 1 1386
4 2 2 0
4 2 3 4635
4 2 4 0
4 2 5 7100
4 2 6 5952
4 2 7 4845
4 2 8 6059
4 2 9 5020
4 2 10 6900
4 2 11 5196
4 2 12 7508
4 3 0 611
4 3 1 823
4 3 2 2695
4 3 3 0
4 3 4 0
4 3 5 1476
4 3 6 1748
4 3 7 1898
4 3 8 447
4 3 9 4086
4 3 10 1453
4 3 11 3058
4 3 12 1925
4 4 0 0
4 4 1 0
4 4 2 0
4 4 3 0
4 4 4 0
4 4 5 0
4 4 6 0
4 4 7 0
4 4 8 0
4 4 9 0
4 4 10 0
4 4 11 0
4 4 12 0
4 5 0 5980
4 5 1 5708
4 5 2 6837
4 5 3 5101
4 5 4 0
4 5 5 0
4 5 6 7262
4 5 7 9296
4 5 8 7904
4 5 9 8522
4 5 10 7324
4 5 11 5567
4 5 12 7309
4 6 0 5202
4 6 1 8165
4 6 2 6989
4 6 3 6673
4 6 4 0
4 6 5 7999
4 6 6 0
4 6 7 9119
4 6 8 5955
4 6 9 8882
4 6 10 4691
4 6 11 8307
4 6 12 7465
4 7 0 6157
4 7 1 4141
4 7 2 4401
4 7 3 5342
4 7 4 0
4 7 5 5045
4 7 6 4883
4 7 7 0
4 7 8 7376
4 7 9 6443
4 7 10 9079
4 7 11 7036
4 7 12 8667
4 8 0 6070
4 8 1 7218
4 8 2 5068
4 8 3 3344
4 8 4 0
4 8 5 2462
4 8 6 850
4 8 7 1822
4 8 8 0
4 8 9 264
4 8 10 2236
4 8 11 1924
4 8 12 1005
4 9 0 6048
4 9 1 4734
4 9 2 4902
4 9 3 7856
4 9 4 0
4 9 5 8775
4 9 6 8550
4 9 7 6278
4 9 8 9349
4 9 9 0
4 9 10 5568
4 9 11 9277
4 9 12 8744
4 10 0 9151
4 10 1 6566
4 10 2 7681
4 10 3 6122
4 10 4 0
4 10 5 4496
4 10 6 7723
4 10 7 4135
4 10 8 7211
4 10 9 6492
4 10 10 0
4 10 11 6840
4 10 12 5383
4 11 0 3467
4 11 1 3408
4 11 2 3948
4 11 3 5698
4 11 4 0
4 11 5 2382
4 11 6 3803
4 11 7 1932
4 11 8 3909
4 11 9 2356
4 11 10 2161
4 11 11 0
4 11 12 1566
4 12 0 7449
4 12 1 6002
4 12 2 7417
4 12 3 5722
4 12 4 0
4 12 5 5048
4 12 6 4328
4 12 7 4748
4 12 8 8425
4 12 9 7606
4 12 10 8632
4 12 11 5063
4 12 12 0
5 0 0 0
5 0 1 4238
5 0 2 6915
5 0 3 7074
5 0 4 6208
5 0 5 0
5 0 6 5240
5 0 7 7676
5 0 8 8136
5 0 9 7241
5 0 10 9445
5 0 11 5790
5 0 12 8615
5 1 0 4451
5 1 1 0
5 1 2 5513
5 1 3 3951
5 1 4 4960
5 1 5 0
5 1 6 7843
5 1 7 5300
5 1 8 8924
5 1 9 5567
5 1 10 6500
5 1 11 5371
5 1 12 6808
5 2 0 5672
5 2 1 3360
5 2 2 0
5 2 3 6609
5 2 4 7100
5 2 5 0
5 2 6 4538
5 2 7 3431
5 2 8 4645
5 2 9 3606
5 2 10 5486
5 2 11 3782
5 2 12 6094
5 3 0 1815
5 3 1 2027
5 3 2 3899
5 3 3 0
5 3 4 1476
5 3 5 0
5 3 6 4694
5 3 7 4844
5 3 8 3393
5 3 9 7032
5 3 10 4399
5 3 11 6004
5 3 12 4871
5 4 0 8476
5 4 1 5838
5 4 2 5571
5 4 3 4605
5 4 4 0
5 4 5 0
5 4 6 8151
5 4 7 8109
5 4 8 3675
5 4 9 8320
5 4 10 6556
5 4 11 4090
5 4 12 7349
5 5 0 0
5 5 1 0
5 5 2 0
5 5 3 0
5 5 4 0
5 5 5 0
5 5 6 0
5 5 7 0
5 5 8 0
5 5 9 0
5 5 10 0
5 5 11 0
5 5 12 0
5 6 0 3750
5 6 1 6713
5 6 2 5537
5 6 3 5221
5 6 4 7999
5 6 5 0
5 6 6 0
5 6 7 7522
5 6 8 4358
5 6 9 7285
5 6 10 3094
5 6 11 6710
5 6 12 5868
5 7 0 3274
5 7 1 1258
5 7 2 1518
5 7 3 2459
5 7 4 5045
5 7 5 0
5 7 6 5362
5 7 7 0
5 7 8 7855
5 7 9 6922
5 7 10 9558
5 7 11 7515
5 7 12 9146
5 8 0 5585
5 8 1 6733
5 8 2 4583
5 8 3 2859
5 8 4 2462
5 8 5 0
5 8 6 4371
5 8 7 5343
5 8 8 0
5 8 9 3785
5 8 10 5757
5 8 11 5445
5 8 12 4526
5 9 0 6358
5 9 1 5044
5 9 2 5212
5 9 3 8166
5 9 4 8775
5 9 5 0
5 9 6 8044
5 9 7 5772
5 9 8 8843
5 9 9 0
5 9 10 5062
5 9 11 8771
5 9 12 8238
5 10 0 6047
5 10 1 3462
5 10 2 4577
5 10 3 3018
5 10 4 4496
5 10 5 0
5 10 6 7783
5 10 7 4195
5 10 8 7271
5 10 9 6552
5 10 10 0
5 10 11 6900
5 10 12 5443
5 11 0 2744
5 11 1 2685
5 11 2 3225
5 11 3 4975
5 11 4 2382
5 11 5 0
5 11 6 4572
5 11 7 2701
5 11 8 4678
5 11 9 3125
5 11 10 2930
5 11 11 0
5 11 12 2335
5 12 0 4976
5 12 1 3529
5 12 2 4944
5 12 3 3249
5 12 4 5048
5 12 5 0
5 12 6 3580
5 12 7 4000
5 12 8 7677
5 12 9 6858
5 12 10 7884
5 12 11 4315
5 12 12 0
6 0 0 0
6 0 1 2160
6 0 2 4837
6 0 3 4996
6 0 4 4130
6 0 5 5240
6 0 6 0
6 0 7 6274
6 0 8 6734
6 0 9 5839
6 0 10 8043
6 0 11 4388
6 0 12 7213
6 1 0 5608
6 1 1 0
6 1 2 6670
6 1 3 5108
6 1 4 6117
6 1 5 7843
6 1 6 0
6 1 7 1399
6 1 8 5023
6 1 9 1666
6 1 10 2599
6 1 11 1470
6 1 12 2907
6 2 0 4524
6 2 1 2212
6 2 2 0
6 2 3 5461
6 2 4 5952
6 2 5 4538
6 2 6 0
6 2 7 5200
6 2 8 6414
6 2 9 5375
6 2 10 7255
6 2 11 5551
6 2 12 7863
6 3 0 2087
6 3 1 2299
6 3 2 4171
6 3 3 0
6 3 4 1748
6 3 5 4694
6 3 6 0
6 3 7 3272
6 3 8 1821
6 3 9 5460
6 3 10 2827
6 3 11 4432
6 3 12 3299
6 4 0 8667
6 4 1 6029
6 4 2 5762
6 4 3 4796
6 4 4 0
6 4 5 8151
6 4 6 0
6 4 7 9409
6 4 8 4975
6 4 9 9620
6 4 10 7856
6 4 11 5390
6 4 12 8649
6 5 0 5282
6 5 1 5010
6 5 2 6139
6 5 3 4403
6 5 4 7262
6 5 5 0
6 5 6 0
6 5 7 8436
6 5 8 7044
6 5 9 7662
6 5 10 6464
6 5 11 4707
6 5 12 6449
6 6 0 0
6 6 1 0
6 6 2 0
6 6 3 0
6 6 4 0
6 6 5 0
6 6 6 0
6 6 7 0
6 6 8 0
6 6 9 0
6 6 10 0
6 6 11 0
6 6 12 0
6 7 0 3112
6 7 1 1096
6 7 2 1356
6 7 3 2297
6 7 4 4883
6 7 5 5362
6 7 6 0
6 7 7 0
6 7 8 7487
6 7 9 6554
6 7 10 9190
6 7 11 7147
6 7 12 8778
6 8 0 3973
6 8 1 5121
6 8 2 2971
6 8 3 1247
6 8 4 850
6 8 5 4371
6 8 6 0
6 8 7 3203
6 8 8 0
6 8 9 1645
6 8 10 3617
6 8 11 3305
6 8 12 2386
6 9 0 6133
6 9 1 4819
6 9 2 4987
6 9 3 7941
6 9 4 8550
6 9 5 8044
6 9 6 0
6 9 7 5941
6 9 8 9012
6 9 9 0
6 9 10 5231
6 9 11 8940
6 9 12 8407
6 10 0 9274
6 10 1 6689
6 10 2 7804
6 10 3 6245
6 10 4 7723
6 10 5 7783
6 10 6 0
6 10 7 1371
6 10 8 4447
6 10 9 3728
6 10 10 0
6 10 11 4076
6 10 12 2619
6 11 0 4165
6 11 1 4106
6 11 2 4646
6 11 3 6396
6 11 4 3803
6 11 5 4572
6 11 6 0
6 11 7 5250
6 11 8 7227
6 11 9 5674
6 11 10 5479
6 11 11 0
6 11 12 4884
6 12 0 4256
6 12 1 2809
6 12 2 4224
6 12 3 2529
6 12 4 4328
6 12 5 3580
6 12 6 0
6 12 7 3965
6 12 8 7642
6 12 9 6823
6 12 10 7849
6 12 11 4280
6 12 12 0
7 0 0 0
7 0 1 4596
7 0 2 7273
7 0 3 7432
7 0 4 6566
7 0 5 7676
7 0 6 6274
7 0 7 0
7 0 8 5827
7 0 9 4932
7 0 10 7136
7 0 11 3481
7 0 12 6306
7 1 0 3065
7 1 1 0
7 1 2 4127
7 1 3 2565
7 1 4 3574
7 1 5 5300
7 1 6 1399
7 1 7 0
7 1 8 7141
7 1 9 3784
7 1 10 4717
7 1 11 3588
7 1 12 5025
7 2 0 3417
7 2 1 1105
7 2 2 0
7 2 3 4354
7 2 4 4845
7 2 5 3431
7 2 6 5200
7 2 7 0
7 2 8 6585
7 2 9 5546
7 2 10 7426
7 2 11 5722
7 2 12 8034
7 3 0 2237
7 3 1 2449
7 3 2 4321
7 3 3 0
7 3 4 1898
7 3 5 4844
7 3 6 3272
7 3 7 0
7 3 8 2600
7 3 9 6239
7 3 10 3606
7 3 11 5211
7 3 12 4078
7 4 0 8625
7 4 1 5987
7 4 2 5720
7 4 3 4754
7 4 4 0
7 4 5 8109
7 4 6 9409
7 4 7 0
7 4 8 3494
7 4 9 8139
7 4 10 6375
7 4 11 3909
7 4 12 7168
7 5 0 7316
7 5 1 7044
7 5 2 8173
7 5 3 6437
7 5 4 9296
7 5 5 0
7 5 6 8436
7 5 7 0
7 5 8 4132
7 5 9 4750
7 5 10 3552
7 5 11 1795
7 5 12 3537
7 6 0 4870
7 6 1 7833
7 6 2 6657
7 6 3 6341
7 6 4 9119
7 6 5 7522
7 6 6 0
7 6 7 0
7 6 8 1830
7 6 9 4757
7 6 10 566
7 6 11 4182
7 6 12 3340
7 7 0 0
7 7 1 0
7 7 2 0
7 7 3 0
7 7 4 0
7 7 5 0
7 7 6 0
7 7 7 0
7 7 8 0
7 7 9 0
7 7 10 0
7 7 11 0
7 7 12 0
7 8 0 4945
7 8 1 6093
7 8 2 3943
7 8 3 2219
7 8 4 1822
7 8 5 5343
7 8 6 3203
7 8 7 0
7 8 8 0
7 8 9 3108
7 8 10 5080
7 8 11 4768
7 8 12 3849
7 9 0 3861
7 9 1 2547
7 9 2 2715
7 9 3 5669
7 9 4 6278
7 9 5 5772
7 9 6 5941
7 9 7 0
7 9 8 6615
7 9 9 0
7 9 10 2834
7 9 11 6543
7 9 12 6010
7 10 0 5686
7 10 1 3101
7 10 2 4216
7 10 3 2657
7 10 4 4135
7 10 5 4195
7 10 6 1371
7 10 7 0
7 10 8 8877
7 10 9 8158
7 10 10 0
7 10 11 8506
7 10 12 7049
7 11 0 2294
7 11 1 2235
7 11 2 2775
7 11 3 4525
7 11 4 1932
7 11 5 2701
7 11 6 5250
7 11 7 0
7 11 8 5998
7 11 9 4445
7 11 10 4250
7 11 11 0
7 11 12 3655
7 12 0 4676
7 12 1 3229
7 12 2 4644
7 12 3 2949
7 12 4 4748
7 12 5 4000
7 12 6 3965
7 12 7 0
7 12 8 8886
7 12 9 8067
7 12 10 9093
7 12 11 5524
7 12 12 0
8 0 0 0
8 0 1 5056
8 0 2 7733
8 0 3 7892
8 0 4 7026
8 0 5 8136
8 0 6 6734
8 0 7 5827
8 0 8 0
8 0 9 4432
8 0 10 6636
8 0 11 2981
8 0 12 5806
8 1 0 6689
8 1 1 0
8 1 2 7751
8 1 3 6189
8 1 4 7198
8 1 5 8924
8 1 6 5023
8 1 7 7141
8 1 8 0
8 1 9 3009
8 1 10 3942
8 1 11 2813
8 1 12 4250
8 2 0 4631
8 2 1 2319
8 2 2 0
8 2 3 5568
8 2 4 6059
8 2 5 4645
8 2 6 6414
8 2 7 6585
8 2 8 0
8 2 9 2082
8 2 10 3962
8 2 11 2258
8 2 12 4570
8 3 0 786
8 3 1 998
8 3 2 2870
8 3 3 0
8 3 4 447
8 3 5 3393
8 3 6 1821
8 3 7 2600
8 3 8 0
8 3 9 5995
8 3 10 3362
8 3 11 4967
8 3 12 3834
8 4 0 4191
8 4 1 1553
8 4 2 1286
8 4 3 320
8 4 4 0
8 4 5 3675
8 4 6 4975
8 4 7 3494
8 4 8 0
8 4 9 7592
8 4 10 5828
8 4 11 3362
8 4 12 6621
8 5 0 5924
8 5 1 5652
8 5 2 6781
8 5 3 5045
8 5 4 7904
8 5 5 0
8 5 6 7044
8 5 7 4132
8 5 8 0
8 5 9 6601
8 5 10 5403
8 5 11 3646
8 5 12 5388
8 6 0 1706
8 6 1 4669
8 6 2 3493
8 6 3 3177
8 6 4 5955
8 6 5 4358
8 6 6 0
8 6 7 1830
8 6 8 0
8 6 9 5158
8 6 10 967
8 6 11 4583
8 6 12 3741
8 7 0 5605
8 7 1 3589
8 7 2 3849
8 7 3 4790
8 7 4 7376
8 7 5 7855
8 7 6 7487
8 7 7 0
8 7 8 0
8 7 9 3733
8 7 10 6369
8 7 11 4326
8 7 12 5957
8 8 0 0
8 8 1 0
8 8 2 0
8 8 3 0
8 8 4 0
8 8 5 0
8 8 6 0
8 8 7 0
8 8 8 0
8 8 9 0
8 8 10 0
8 8 11 0
8 8 12 0
8 9 0 6932
8 9 1 5618
8 9 2 5786
8 9 3 8740
8 9 4 9349
8 9 5 8843
8 9 6 9012
8 9 7 6615
8 9 8 0
8 9 9 0
8 9 10 1089
8 9 11 4798
8 9 12 4265
8 10 0 8762
8 10 1 6177
8 10 2 7292
8 10 3 5733
8 10 4 7211
8 10 5 7271
8 10 6 4447
8 10 7 8877
8 10 8 0
8 10 9 5749
8 10 10 0
8 10 11 6097
8 10 12 4640
8 11 0 4271
8 11 1 4212
8 11 2 4752
8 11 3 6502
8 11 4 3909
8 11 5 4678
8 11 6 7227
8 11 7 5998
8 11 8 0
8 11 9 3767
8 11 10 3572
8 11 11 0
8 11 12 2977
8 12 0 8353
8 12 1 6906
8 12 2 8321
8 12 3 6626
8 12 4 8425
8 12 5 7677
8 12 6 7642
8 12 7 8886
8 12 8 0
8 12 9 4839
8 12 10 5865
8 12 11 2296
8 12 12 0
9 0 0 0
9 0 1 4161
9 0 2 6838
9 0 3 6997
9 0 4 6131
9 0 5 7241
9 0 6 5839
9 0 7 4932
9 0 8 4432
9 0 9 0
9 0 10 9003
9 0 11 5348
9 0 12 8173
9 1 0 3332
9 1 1 0
9 1 2 4394
9 1 3 2832
9 1 4 3841
9 1 5 5567
9 1 6 1666
9 1 7 3784
9 1 8 3009
9 1 9 0
9 1 10 5227
9 1 11 4098
9 1 12 5535
9 2 0 3592
9 2 1 1280
9 2 2 0
9 2 3 4529
9 2 4 5020
9 2 5 3606
9 2 6 5375
9 2 7 5546
9 2 8 2082
9 2 9 0
9 2 10 6634
9 2 11 4930
9 2 12 7242
9 3 0 4425
9 3 1 4637
9 3 2 6509
9 3 3 0
9 3 4 4086
9 3 5 7032
9 3 6 5460
9 3 7 6239
9 3 8 5995
9 3 9 0
9 3 10 4982
9 3 11 6587
9 3 12 5454
9 4 0 8836
9 4 1 6198
9 4 2 5931
9 4 3 4965
9 4 4 0
9 4 5 8320
9 4 6 9620
9 4 7 8139
9 4 8 7592
9 4 9 0
9 4 10 6701
9 4 11 4235
9 4 12 7494
9 5 0 6542
9 5 1 6270
9 5 2 7399
9 5 3 5663
9 5 4 8522
9 5 5 0
9 5 6 7662
9 5 7 4750
9 5 8 6601
9 5 9 0
9 5 10 7071
9 5 11 5314
9 5 12 7056
9 6 0 4633
9 6 1 7596
9 6 2 6420
9 6 3 6104
9 6 4 8882
9 6 5 7285
9 6 6 0
9 6 7 4757
9 6 8 5158
9 6 9 0
9 6 10 4022
9 6 11 7638
9 6 12 6796
9 7 0 4672
9 7 1 2656
9 7 2 2916
9 7 3 3857
9 7 4 6443
9 7 5 6922
9 7 6 6554
9 7 7 0
9 7 8 3733
9 7 9 0
9 7 10 6180
9 7 11 4137
9 7 12 5768
9 8 0 3387
9 8 1 4535
9 8 2 2385
9 8 3 661
9 8 4 264
9 8 5 3785
9 8 6 1645
9 8 7 3108
9 8 8 0
9 8 9 0
9 8 10 6842
9 8 11 6530
9 8 12 5611
9 9 0 0
9 9 1 0
9 9 2 0
9 9 3 0
9 9 4 0
9 9 5 0
9 9 6 0
9 9 7 0
9 9 8 0
9 9 9 0
9 9 10 0
9 9 11 0
9 9 12 0
9 10 0 8043
9 10 1 5458
9 10 2 6573
9 10 3 5014
9 10 4 6492
9 10 5 6552
9 10 6 3728
9 10 7 8158
9 10 8 5749
9 10 9 0
9 10 10 0
9 10 11 4784
9 10 12 3327
9 11 0 2718
9 11 1 2659
9 11 2 3199
9 11 3 4949
9 11 4 2356
9 11 5 3125
9 11 6 5674
9 11 7 4445
9 11 8 3767
9 11 9 0
9 11 10 6280
9 11 11 0
9 11 12 5685
9 12 0 7534
9 12 1 6087
9 12 2 7502
9 12 3 5807
9 12 4 7606
9 12 5 6858
9 12 6 6823
9 12 7 8067
9 12 8 4839
9 12 9 0
9 12 10 8959
9 12 11 5390
9 12 12 0
10 0 0 0
10 0 1 6365
10 0 2 9042
10 0 3 9201
10 0 4 8335
10 0 5 9445
10 0 6 8043
10 0 7 7136
10 0 8 6636
10 0 9 9003
10 0 10 0
10 0 11 3431
10 0 12 6256
10 1 0 4265
10 1 1 0
10 1 2 5327
10 1 3 3765
10 1 4 4774
10 1 5 6500
10 1 6 2599
10 1 7 4717
10 1 8 3942
10 1 9 5227
10 1 10 0
10 1 11 4289
10 1 12 5726
10 2 0 5472
10 2 1 3160
10 2 2 0
10 2 3 6409
10 2 4 6900
10 2 5 5486
10 2 6 7255
10 2 7 7426
10 2 8 3962
10 2 9 6634
10 2 10 0
10 2 11 4979
10 2 12 7291
10 3 0 1792
10 3 1 2004
10 3 2 3876
10 3 3 0
10 3 4 1453
10 3 5 4399
10 3 6 2827
10 3 7 3606
10 3 8 3362
10 3 9 4982
10 3 10 0
10 3 11 4051
10 3 12 2918
10 4 0 7072
10 4 1 4434
10 4 2 4167
10 4 3 3201
10 4 4 0
10 4 5 6556
10 4 6 7856
10 4 7 6375
10 4 8 5828
10 4 9 6701
10 4 10 0
10 4 11 5134
10 4 12 8393
10 5 0 5344
10 5 1 5072
10 5 2 6201
10 5 3 4465
10 5 4 7324
10 5 5 0
10 5 6 6464
10 5 7 3552
10 5 8 5403
10 5 9 7071
10 5 10 0
10 5 11 2799
10 5 12 4541
10 6 0 442
10 6 1 3405
10 6 2 2229
10 6 3 1913
10 6 4 4691
10 6 5 3094
10 6 6 0
10 6 7 566
10 6 8 967
10 6 9 4022
10 6 10 0
10 6 11 8575
10 6 12 7733
10 7 0 7308
10 7 1 5292
10 7 2 5552
10 7 3 6493
10 7 4 9079
10 7 5 9558
10 7 6 9190
10 7 7 0
10 7 8 6369
10 7 9 6180
10 7 10 0
10 7 11 3758
10 7 12 5389
10 8 0 5359
10 8 1 6507
10 8 2 4357
10 8 3 2633
10 8 4 2236
10 8 5 5757
10 8 6 3617
10 8 7 5080
10 8 8 0
10 8 9 6842
10 8 10 0
10 8 11 6156
10 8 12 5237
10 9 0 3151
10 9 1 1837
10 9 2 2005
10 9 3 4959
10 9 4 5568
10 9 5 5062
10 9 6 5231
10 9 7 2834
10 9 8 1089
10 9 9 0
10 9 10 0
10 9 11 8145
10 9 12 7612
10 10 0 0
10 10 1 0
10 10 2 0
10 10 3 0
10 10 4 0
10 10 5 0
10 10 6 0
10 10 7 0
10 10 8 0
10 10 9 0
10 10 10 0
10 10 11 0
10 10 12 0
10 11 0 2523
10 11 1 2464
10 11 2 3004
10 11 3 4754
10 11 4 2161
10 11 5 2930
10 11 6 5479
10 11 7 4250
10 11 8 3572
10 11 9 6280
10 11 10 0
10 11 11 0
10 11 12 5012
10 12 0 8560
10 12 1 7113
10 12 2 8528
10 12 3 6833
10 12 4 8632
10 12 5 7884
10 12 6 7849
10 12 7 9093
10 12 8 5865
10 12 9 8959
10 12 10 0
10 12 11 3793
10 12 12 0
11 0 0 0
11 0 1 2710
11 0 2 5387
11 0 3 5546
11 0 4 4680
11 0 5 5790
11 0 6 4388
11 0 7 3481
11 0 8 2981
11 0 9 5348
11 0 10 3431
11 0 11 0
11 0 12 4565
11 1 0 3136
11 1 1 0
11 1 2 4198
11 1 3 2636
11 1 4 3645
11 1 5 5371
11 1 6 1470
11 1 7 3588
11 1 8 2813
11 1 9 4098
11 1 10 4289
11 1 11 0
11 1 12 4058
11 2 0 3768
11 2 1 1456
11 2 2 0
11 2 3 4705
11 2 4 5196
11 2 5 3782
11 2 6 5551
11 2 7 5722
11 2 8 2258
11 2 9 4930
11 2 10 4979
11 2 11 0
11 2 12 6842
11 3 0 3397
11 3 1 3609
11 3 2 5481
11 3 3 0
11 3 4 3058
11 3 5 6004
11 3 6 4432
11 3 7 5211
11 3 8 4967
11 3 9 6587
11 3 10 4051
11 3 11 0
11 3 12 3542
11 4 0 4606
11 4 1 1968
11 4 2 1701
11 4 3 735
11 4 4 0
11 4 5 4090
11 4 6 5390
11 4 7 3909
11 4 8 3362
11 4 9 4235
11 4 10 5134
11 4 11 0
11 4 12 6364
11 5 0 3587
11 5 1 3315
11 5 2 4444
11 5 3 2708
11 5 4 5567
11 5 5 0
11 5 6 4707
11 5 7 1795
11 5 8 3646
11 5 9 5314
11 5 10 2799
11 5 11 0
11 5 12 4893
11 6 0 4058
11 6 1 7021
11 6 2 5845
11 6 3 5529
11 6 4 8307
11 6 5 6710
11 6 6 0
11 6 7 4182
11 6 8 4583
11 6 9 7638
11 6 10 8575
11 6 11 0
11 6 12 6279
11 7 0 5265
11 7 1 3249
11 7 2 3509
11 7 3 4450
11 7 4 7036
11 7 5 7515
11 7 6 7147
11 7 7 0
11 7 8 4326
11 7 9 4137
11 7 10 3758
11 7 11 0
11 7 12 5652
11 8 0 5047
11 8 1 6195
11 8 2 4045
11 8 3 2321
11 8 4 1924
11 8 5 5445
11 8 6 3305
11 8 7 4768
11 8 8 0
11 8 9 6530
11 8 10 6156
11 8 11 0
11 8 12 4401
11 9 0 6860
11 9 1 5546
11 9 2 5714
11 9 3 8668
11 9 4 9277
11 9 5 8771
11 9 6 8940
11 9 7 6543
11 9 8 4798
11 9 9 0
11 9 10 8145
11 9 11 0
11 9 12 5942
11 10 0 8391
11 10 1 5806
11 10 2 6921
11 10 3 5362
11 10 4 6840
11 10 5 6900
11 10 6 4076
11 10 7 8506
11 10 8 6097
11 10 9 4784
11 10 10 0
11 10 11 0
11 10 12 4150
11 11 0 0
11 11 1 0
11 11 2 0
11 11 3 0
11 11 4 0
11 11 5 0
11 11 6 0
11 11 7 0
11 11 8 0
11 11 9 0
11 11 10 0
11 11 11 0
11 11 12 0
11 12 0 4991
11 12 1 3544
11 12 2 4959
11 12 3 3264
11 12 4 5063
11 12 5 4315
11 12 6 4280
11 12 7 5524
11 12 8 2296
11 12 9 5390
11 12 10 3793
11 12 11 0
11 12 12 0
12 0 0 0
12 0 1 5535
12 0 2 8212
12 0 3 8371
12 0 4 7505
12 0 5 8615
12 0 6 7213
12 0 7 6306
12 0 8 5806
12 0 9 8173
12 0 10 6256
12 0 11 4565
12 0 12 0
12 1 0 4573
12 1 1 0
12 1 2 5635
12 1 3 4073
12 1 4 5082
12 1 5 6808
12 1 6 2907
12 1 7 5025
12 1 8 4250
12 1 9 5535
12 1 10 5726
12 1 11 4058
12 1 12 0
12 2 0 6080
12 2 1 3768
12 2 2 0
12 2 3 7017
12 2 4 7508
12 2 5 6094
12 2 6 7863
12 2 7 8034
12 2 8 4570
12 2 9 7242
12 2 10 7291
12 2 11 6842
12 2 12 0
12 3 0 2264
12 3 1 2476
12 3 2 4348
12 3 3 0
12 3 4 1925
12 3 5 4871
12 3 6 3299
12 3 7 4078
12 3 8 3834
12 3 9 5454
12 3 10 2918
12 3 11 3542
12 3 12 0
12 4 0 7865
12 4 1 5227
12 4 2 4960
12 4 3 3994
12 4 4 0
12 4 5 7349
12 4 6 8649
12 4 7 7168
12 4 8 6621
12 4 9 7494
12 4 10 8393
12 4 11 6364
12 4 12 0
12 5 0 5329
12 5 1 5057
12 5 2 6186
12 5 3 4450
12 5 4 7309
12 5 5 0
12 5 6 6449
12 5 7 3537
12 5 8 5388
12 5 9 7056
12 5 10 4541
12 5 11 4893
12 5 12 0
12 6 0 3216
12 6 1 6179
12 6 2 5003
12 6 3 4687
12 6 4 7465
12 6 5 5868
12 6 6 0
12 6 7 3340
12 6 8 3741
12 6 9 6796
12 6 10 7733
12 6 11 6279
12 6 12 0
12 7 0 6896
12 7 1 4880
12 7 2 5140
12 7 3 6081
12 7 4 8667
12 7 5 9146
12 7 6 8778
12 7 7 0
12 7 8 5957
12 7 9 5768
12 7 10 5389
12 7 11 5652
12 7 12 0
12 8 0 4128
12 8 1 5276
12 8 2 3126
12 8 3 1402
12 8 4 1005
12 8 5 4526
12 8 6 2386
12 8 7 3849
12 8 8 0
12 8 9 5611
12 8 10 5237
12 8 11 4401
12 8 12 0
12 9 0 6327
12 9 1 5013
12 9 2 5181
12 9 3 8135
12 9 4 8744
12 9 5 8238
12 9 6 8407
12 9 7 6010
12 9 8 4265
12 9 9 0
12 9 10 7612
12 9 11 5942
12 9 12 0
12 10 0 6934
12 10 1 4349
12 10 2 5464
12 10 3 3905
12 10 4 5383
12 10 5 5443
12 10 6 2619
12 10 7 7049
12 10 8 4640
12 10 9 3327
12 10 10 0
12 10 11 4150
12 10 12 0
12 11 0 1928
12 11 1 1869
12 11 2 2409
12 11 3 4159
12 11 4 1566
12 11 5 2335
12 11 6 4884
12 11 7 3655
12 11 8 2977
12 11 9 5685
12 11 10 5012
12 11 11 0
12 11 12 0
12 12 0 0
12 12 1 0
12 12 2 0
12 12 3 0
12 12 4 0
12 12 5 0
12 12 6 0
12 12 7 0
12 12 8 0
12 12 9 0
12 12 10 0
12 12 11 0
12 12 12 0
