18
0 0 0 0
0 0 1 0
0 0 2 0
0 0 3 0
0 0 4 0
0 0 5 0
0 0 6 0
0 0 7 0
0 0 8 0
0 0 9 0
0 0 10 0
0 0 11 0
0 0 12 0
0 0 13 0
0 0 14 0
0 0 15 0
0 0 16 0
0 0 17 0
0 1 0 0
0 1 1 0
0 1 2 8578
0 1 3 7256
0 1 4 8766
0 1 5 5456
0 1 6 8837
0 1 7 8097
0 1 8 4097
0 1 9 5816
0 1 10 8839
0 1 11 6982
0 1 12 5768
0 1 13 4333
0 1 14 4759
0 1 15 7281
0 1 16 7100
0 1 17 6377
0 2 0 0
0 2 1 3614
0 2 2 0
0 2 3 5623
0 2 4 2084
0 2 5 2738
0 2 6 4756
0 2 7 5090
0 2 8 5509
0 2 9 5158
0 2 10 2950
0 2 11 4612
0 2 12 1738
0 2 13 4231
0 2 14 2866
0 2 15 5683
0 2 16 6256
0 2 17 1949
0 3 0 0
0 3 1 1483
0 3 2 1100
0 3 3 0
0 3 4 3451
0 3 5 4246
0 3 6 2844
0 3 7 4880
0 3 8 1855
0 3 9 2874
0 3 10 5017
0 3 11 4417
0 3 12 4634
0 3 13 3900
0 3 14 3946
0 3 15 3816
0 3 16 306
0 3 17 446
0 4 0 0
0 4 1 5497
0 4 2 6866
0 4 3 3475
0 4 4 0
0 4 5 5705
0 4 6 6999
0 4 7 4952
0 4 8 4602
0 4 9 6498
0 4 10 6452
0 4 11 7609
0 4 12 4712
0 4 13 7525
0 4 14 5364
0 4 15 6047
0 4 16 6666
0 4 17 4025
0 5 0 0
0 5 1 2376
0 5 2 4481
0 5 3 5444
0 5 4 5210
0 5 5 0
0 5 6 2603
0 5 7 3684
0 5 8 2262
0 5 9 1820
0 5 10 4105
0 5 11 5820
0 5 12 5402
0 5 13 4417
0 5 14 5042
0 5 15 2687
0 5 16 4852
0 5 17 2316
0 6 0 0
0 6 1 4130
0 6 2 7242
0 6 3 3576
0 6 4 5006
0 6 5 5337
0 6 6 0
0 6 7 6705
0 6 8 6966
0 6 9 7238
0 6 10 7072
0 6 11 3579
0 6 12 5981
0 6 13 2784
0 6 14 7173
0 6 15 4615
0 6 16 4854
0 6 17 5965
0 7 0 0
0 7 1 9069
0 7 2 6113
0 7 3 7544
0 7 4 8681
0 7 5 7250
0 7 6 7730
0 7 7 0
0 7 8 9166
0 7 9 8740
0 7 10 9156
0 7 11 7680
0 7 12 7465
0 7 13 6353
0 7 14 5490
0 7 15 6515
0 7 16 6327
0 7 17 6299
0 8 0 0
0 8 1 4106
0 8 2 5874
0 8 3 2626
0 8 4 4887
0 8 5 6692
0 8 6 6169
0 8 7 3890
0 8 8 0
0 8 9 4428
0 8 10 3513
0 8 11 6794
0 8 12 5684
0 8 13 6666
0 8 14 5208
0 8 15 5014
0 8 16 3382
0 8 17 6638
0 9 0 0
0 9 1 4247
0 9 2 2241
0 9 3 7023
0 9 4 3054
0 9 5 4210
0 9 6 5207
0 9 7 3134
0 9 8 3596
0 9 9 0
0 9 10 3801
0 9 11 5428
0 9 12 3150
0 9 13 4838
0 9 14 5113
0 9 15 2878
0 9 16 6689
0 9 17 4521
0 10 0 0
0 10 1 3371
0 10 2 5653
0 10 3 5688
0 10 4 2055
0 10 5 1501
0 10 6 4919
0 10 7 3513
0 10 8 1738
0 10 9 3836
0 10 10 0
0 10 11 2468
0 10 12 4767
0 10 13 2510
0 10 14 6168
0 10 15 2020
0 10 16 6323
0 10 17 2447
0 11 0 0
0 11 1 4778
0 11 2 5499
0 11 3 8424
0 11 4 9747
0 11 5 9548
0 11 6 9100
0 11 7 8840
0 11 8 7355
0 11 9 8243
0 11 10 9412
0 11 11 0
0 11 12 7524
0 11 13 7302
0 11 14 8942
0 11 15 5648
0 11 16 9257
0 11 17 7920
0 12 0 0
0 12 1 4858
0 12 2 3480
0 12 3 7207
0 12 4 5145
0 12 5 4326
0 12 6 5272
0 12 7 6577
0 12 8 4061
0 12 9 7998
0 12 10 7297
0 12 11 6502
0 12 12 0
0 12 13 5046
0 12 14 7657
0 12 15 4939
0 12 16 7233
0 12 17 6437
0 13 0 0
0 13 1 4065
0 13 2 6152
0 13 3 7935
0 13 4 5713
0 13 5 5062
0 13 6 7769
0 13 7 4034
0 13 8 4756
0 13 9 4781
0 13 10 6522
0 13 11 5618
0 13 12 7999
0 13 13 0
0 13 14 5589
0 13 15 7128
0 13 16 8520
0 13 17 4391
0 14 0 0
0 14 1 3533
0 14 2 5287
0 14 3 1094
0 14 4 1710
0 14 5 2001
0 14 6 3485
0 14 7 4403
0 14 8 4808
0 14 9 5995
0 14 10 1729
0 14 11 2783
0 14 12 5724
0 14 13 1958
0 14 14 0
0 14 15 5526
0 14 16 1346
0 14 17 3586
0 15 0 0
0 15 1 5257
0 15 2 3857
0 15 3 3194
0 15 4 2560
0 15 5 5860
0 15 6 2534
0 15 7 2655
0 15 8 2324
0 15 9 2989
0 15 10 3021
0 15 11 4729
0 15 12 4050
0 15 13 7192
0 15 14 7220
0 15 15 0
0 15 16 6987
0 15 17 7125
0 16 0 0
0 16 1 4970
0 16 2 7772
0 16 3 7705
0 16 4 7580
0 16 5 4047
0 16 6 7624
0 16 7 7974
0 16 8 3827
0 16 9 5624
0 16 10 4048
0 16 11 4576
0 16 12 7266
0 16 13 5978
0 16 14 5150
0 16 15 4337
0 16 16 0
0 16 17 7501
0 17 0 0
0 17 1 5695
0 17 2 4313
0 17 3 2600
0 17 4 4882
0 17 5 2717
0 17 6 1798
0 17 7 5731
0 17 8 6085
0 17 9 4230
0 17 10 2811
0 17 11 2237
0 17 12 3050
0 17 13 1619
0 17 14 6341
0 17 15 6282
0 17 16 3453
0 17 17 0
1 0 0 0
1 0 1 0
1 0 2 1847
1 0 3 494
1 0 4 3625
1 0 5 1458
1 0 6 2614
1 0 7 4988
1 0 8 2167
1 0 9 2467
1 0 10 1822
1 0 11 5102
1 0 12 3494
1 0 13 4169
1 0 14 1425
1 0 15 2651
1 0 16 3376
1 0 17 1695
1 1 0 0
1 1 1 0
1 1 2 0
1 1 3 0
1 1 4 0
1 1 5 0
1 1 6 0
1 1 7 0
1 1 8 0
1 1 9 0
1 1 10 0
1 1 11 0
1 1 12 0
1 1 13 0
1 1 14 0
1 1 15 0
1 1 16 0
1 1 17 0
1 2 0 3614
1 2 1 0
1 2 2 0
1 2 3 8776
1 2 4 5237
1 2 5 5891
1 2 6 7909
1 2 7 8243
1 2 8 8662
1 2 9 8311
1 2 10 6103
1 2 11 7765
1 2 12 4891
1 2 13 7384
1 2 14 6019
1 2 15 8836
1 2 16 9409
1 2 17 5102
1 3 0 1483
1 3 1 0
1 3 2 4284
1 3 3 0
1 3 4 6635
1 3 5 7430
1 3 6 6028
1 3 7 8064
1 3 8 5039
1 3 9 6058
1 3 10 8201
1 3 11 7601
1 3 12 7818
1 3 13 7084
1 3 14 7130
1 3 15 7000
1 3 16 3490
1 3 17 3630
1 4 0 5497
1 4 1 0
1 4 2 8429
1 4 3 5038
1 4 4 0
1 4 5 7268
1 4 6 8562
1 4 7 6515
1 4 8 6165
1 4 9 8061
1 4 10 8015
1 4 11 9172
1 4 12 6275
1 4 13 9088
1 4 14 6927
1 4 15 7610
1 4 16 8229
1 4 17 5588
1 5 0 2376
1 5 1 0
1 5 2 4901
1 5 3 5864
1 5 4 5630
1 5 5 0
1 5 6 3023
1 5 7 4104
1 5 8 2682
1 5 9 2240
1 5 10 4525
1 5 11 6240
1 5 12 5822
1 5 13 4837
1 5 14 5462
1 5 15 3107
1 5 16 5272
1 5 17 2736
1 6 0 4130
1 6 1 0
1 6 2 9887
1 6 3 6221
1 6 4 7651
1 6 5 7982
1 6 6 0
1 6 7 9350
1 6 8 9611
1 6 9 9883
1 6 10 9717
1 6 11 6224
1 6 12 8626
1 6 13 5429
1 6 14 9818
1 6 15 7260
1 6 16 7499
1 6 17 8610
1 7 0 9069
1 7 1 0
1 7 2 5644
1 7 3 7075
1 7 4 8212
1 7 5 6781
1 7 6 7261
1 7 7 0
1 7 8 8697
1 7 9 8271
1 7 10 8687
1 7 11 7211
1 7 12 6996
1 7 13 5884
1 7 14 5021
1 7 15 6046
1 7 16 5858
1 7 17 5830
1 8 0 4106
1 8 1 0
1 8 2 4226
1 8 3 978
1 8 4 3239
1 8 5 5044
1 8 6 4521
1 8 7 2242
1 8 8 0
1 8 9 2780
1 8 10 1865
1 8 11 5146
1 8 12 4036
1 8 13 5018
1 8 14 3560
1 8 15 3366
1 8 16 1734
1 8 17 4990
1 9 0 4247
1 9 1 0
1 9 2 2012
1 9 3 6794
1 9 4 2825
1 9 5 3981
1 9 6 4978
1 9 7 2905
1 9 8 3367
1 9 9 0
1 9 10 3572
1 9 11 5199
1 9 12 2921
1 9 13 4609
1 9 14 4884
1 9 15 2649
1 9 16 6460
1 9 17 4292
1 10 0 3371
1 10 1 0
1 10 2 9092
1 10 3 9127
1 10 4 5494
1 10 5 4940
1 10 6 8358
1 10 7 6952
1 10 8 5177
1 10 9 7275
1 10 10 0
1 10 11 5907
1 10 12 8206
1 10 13 5949
1 10 14 9607
1 10 15 5459
1 10 16 9762
1 10 17 5886
1 11 0 4778
1 11 1 0
1 11 2 3801
1 11 3 6726
1 11 4 8049
1 11 5 7850
1 11 6 7402
1 11 7 7142
1 11 8 5657
1 11 9 6545
1 11 10 7714
1 11 11 0
1 11 12 5826
1 11 13 5604
1 11 14 7244
1 11 15 3950
1 11 16 7559
1 11 17 6222
1 12 0 4858
1 12 1 0
1 12 2 2176
1 12 3 5903
1 12 4 3841
1 12 5 3022
1 12 6 3968
1 12 7 5273
1 12 8 2757
1 12 9 6694
1 12 10 5993
1 12 11 5198
1 12 12 0
1 12 13 3742
1 12 14 6353
1 12 15 3635
1 12 16 5929
1 12 17 5133
1 13 0 4065
1 13 1 0
1 13 2 2738
1 13 3 4521
1 13 4 2299
1 13 5 1648
1 13 6 4355
1 13 7 620
1 13 8 1342
1 13 9 1367
1 13 10 3108
1 13 11 2204
1 13 12 4585
1 13 13 0
1 13 14 2175
1 13 15 3714
1 13 16 5106
1 13 17 977
1 14 0 3533
1 14 1 0
1 14 2 5043
1 14 3 850
1 14 4 1466
1 14 5 1757
1 14 6 3241
1 14 7 4159
1 14 8 4564
1 14 9 5751
1 14 10 1485
1 14 11 2539
1 14 12 5480
1 14 13 1714
1 14 14 0
1 14 15 5282
1 14 16 1102
1 14 17 3342
1 15 0 5257
1 15 1 0
1 15 2 4909
1 15 3 4246
1 15 4 3612
1 15 5 6912
1 15 6 3586
1 15 7 3707
1 15 8 3376
1 15 9 4041
1 15 10 4073
1 15 11 5781
1 15 12 5102
1 15 13 8244
1 15 14 8272
1 15 15 0
1 15 16 8039
1 15 17 8177
1 16 0 4970
1 16 1 0
1 16 2 7918
1 16 3 7851
1 16 4 7726
1 16 5 4193
1 16 6 7770
1 16 7 8120
1 16 8 3973
1 16 9 5770
1 16 10 4194
1 16 11 4722
1 16 12 7412
1 16 13 6124
1 16 14 5296
1 16 15 4483
1 16 16 0
1 16 17 7647
1 17 0 5695
1 17 1 0
1 17 2 5417
1 17 3 3704
1 17 4 5986
1 17 5 3821
1 17 6 2902
1 17 7 6835
1 17 8 7189
1 17 9 5334
1 17 10 3915
1 17 11 3341
1 17 12 4154
1 17 13 2723
1 17 14 7445
1 17 15 7386
1 17 16 4557
1 17 17 0
2 0 0 0
2 0 1 1847
2 0 2 0
2 0 3 649
2 0 4 3780
2 0 5 1613
2 0 6 2769
2 0 7 5143
2 0 8 2322
2 0 9 2622
2 0 10 1977
2 0 11 5257
2 0 12 3649
2 0 13 4324
2 0 14 1580
2 0 15 2806
2 0 16 3531
2 0 17 1850
2 1 0 8578
2 1 1 0
2 1 2 0
2 1 3 5445
2 1 4 6955
2 1 5 3645
2 1 6 7026
2 1 7 6286
2 1 8 2286
2 1 9 4005
2 1 10 7028
2 1 11 5171
2 1 12 3957
2 1 13 2522
2 1 14 2948
2 1 15 5470
2 1 16 5289
2 1 17 4566
2 2 0 0
2 2 1 0
2 2 2 0
2 2 3 0
2 2 4 0
2 2 5 0
2 2 6 0
2 2 7 0
2 2 8 0
2 2 9 0
2 2 10 0
2 2 11 0
2 2 12 0
2 2 13 0
2 2 14 0
2 2 15 0
2 2 16 0
2 2 17 0
2 3 0 1100
2 3 1 4284
2 3 2 0
2 3 3 0
2 3 4 7431
2 3 5 8226
2 3 6 6824
2 3 7 8860
2 3 8 5835
2 3 9 6854
2 3 10 8997
2 3 11 8397
2 3 12 8614
2 3 13 7880
2 3 14 7926
2 3 15 7796
2 3 16 4286
2 3 17 4426
2 4 0 6866
2 4 1 8429
2 4 2 0
2 4 3 785
2 4 4 0
2 4 5 3015
2 4 6 4309
2 4 7 2262
2 4 8 1912
2 4 9 3808
2 4 10 3762
2 4 11 4919
2 4 12 2022
2 4 13 4835
2 4 14 2674
2 4 15 3357
2 4 16 3976
2 4 17 1335
2 5 0 4481
2 5 1 4901
2 5 2 0
2 5 3 5575
2 5 4 5341
2 5 5 0
2 5 6 2734
2 5 7 3815
2 5 8 2393
2 5 9 1951
2 5 10 4236
2 5 11 5951
2 5 12 5533
2 5 13 4548
2 5 14 5173
2 5 15 2818
2 5 16 4983
2 5 17 2447
2 6 0 7242
2 6 1 9887
2 6 2 0
2 6 3 4569
2 6 4 5999
2 6 5 6330
2 6 6 0
2 6 7 7698
2 6 8 7959
2 6 9 8231
2 6 10 8065
2 6 11 4572
2 6 12 6974
2 6 13 3777
2 6 14 8166
2 6 15 5608
2 6 16 5847
2 6 17 6958
2 7 0 6113
2 7 1 5644
2 7 2 0
2 7 3 6497
2 7 4 7634
2 7 5 6203
2 7 6 6683
2 7 7 0
2 7 8 8119
2 7 9 7693
2 7 10 8109
2 7 11 6633
2 7 12 6418
2 7 13 5306
2 7 14 4443
2 7 15 5468
2 7 16 5280
2 7 17 5252
2 8 0 5874
2 8 1 4226
2 8 2 0
2 8 3 4819
2 8 4 7080
2 8 5 8885
2 8 6 8362
2 8 7 6083
2 8 8 0
2 8 9 6621
2 8 10 5706
2 8 11 8987
2 8 12 7877
2 8 13 8859
2 8 14 7401
2 8 15 7207
2 8 16 5575
2 8 17 8831
2 9 0 2241
2 9 1 2012
2 9 2 0
2 9 3 8565
2 9 4 4596
2 9 5 5752
2 9 6 6749
2 9 7 4676
2 9 8 5138
2 9 9 0
2 9 10 5343
2 9 11 6970
2 9 12 4692
2 9 13 6380
2 9 14 6655
2 9 15 4420
2 9 16 8231
2 9 17 6063
2 10 0 5653
2 10 1 9092
2 10 2 0
2 10 3 5667
2 10 4 2034
2 10 5 1480
2 10 6 4898
2 10 7 3492
2 10 8 1717
2 10 9 3815
2 10 10 0
2 10 11 2447
2 10 12 4746
2 10 13 2489
2 10 14 6147
2 10 15 1999
2 10 16 6302
2 10 17 2426
2 11 0 5499
2 11 1 3801
2 11 2 0
2 11 3 6785
2 11 4 8108
2 11 5 7909
2 11 6 7461
2 11 7 7201
2 11 8 5716
2 11 9 6604
2 11 10 7773
2 11 11 0
2 11 12 5885
2 11 13 5663
2 11 14 7303
2 11 15 4009
2 11 16 7618
2 11 17 6281
2 12 0 3480
2 12 1 2176
2 12 2 0
2 12 3 4302
2 12 4 2240
2 12 5 1421
2 12 6 2367
2 12 7 3672
2 12 8 1156
2 12 9 5093
2 12 10 4392
2 12 11 3597
2 12 12 0
2 12 13 2141
2 12 14 4752
2 12 15 2034
2 12 16 4328
2 12 17 3532
2 13 0 6152
2 13 1 2738
2 13 2 0
2 13 3 6848
2 13 4 4626
2 13 5 3975
2 13 6 6682
2 13 7 2947
2 13 8 3669
2 13 9 3694
2 13 10 5435
2 13 11 4531
2 13 12 6912
2 13 13 0
2 13 14 4502
2 13 15 6041
2 13 16 7433
2 13 17 3304
2 14 0 5287
2 14 1 5043
2 14 2 0
2 14 3 1386
2 14 4 2002
2 14 5 2293
2 14 6 3777
2 14 7 4695
2 14 8 5100
2 14 9 6287
2 14 10 2021
2 14 11 3075
2 14 12 6016
2 14 13 2250
2 14 14 0
2 14 15 5818
2 14 16 1638
2 14 17 3878
2 15 0 3857
2 15 1 4909
2 15 2 0
2 15 3 5077
2 15 4 4443
2 15 5 7743
2 15 6 4417
2 15 7 4538
2 15 8 4207
2 15 9 4872
2 15 10 4904
2 15 11 6612
2 15 12 5933
2 15 13 9075
2 15 14 9103
2 15 15 0
2 15 16 8870
2 15 17 9008
2 16 0 7772
2 16 1 7918
2 16 2 0
2 16 3 9436
2 16 4 9311
2 16 5 5778
2 16 6 9355
2 16 7 9705
2 16 8 5558
2 16 9 7355
2 16 10 5779
2 16 11 6307
2 16 12 8997
2 16 13 7709
2 16 14 6881
2 16 15 6068
2 16 16 0
2 16 17 9232
2 17 0 4313
2 17 1 5417
2 17 2 0
2 17 3 1705
2 17 4 3987
2 17 5 1822
2 17 6 903
2 17 7 4836
2 17 8 5190
2 17 9 3335
2 17 10 1916
2 17 11 1342
2 17 12 2155
2 17 13 724
2 17 14 5446
2 17 15 5387
2 17 16 2558
2 17 17 0
3 0 0 0
3 0 1 494
3 0 2 649
3 0 3 0
3 0 4 4368
3 0 5 2201
3 0 6 3357
3 0 7 5731
3 0 8 2910
3 0 9 3210
3 0 10 2565
3 0 11 5845
3 0 12 4237
3 0 13 4912
3 0 14 2168
3 0 15 3394
3 0 16 4119
3 0 17 2438
3 1 0 7256
3 1 1 0
3 1 2 5445
3 1 3 0
3 1 4 6177
3 1 5 2867
3 1 6 6248
3 1 7 5508
3 1 8 1508
3 1 9 3227
3 1 10 6250
3 1 11 4393
3 1 12 3179
3 1 13 1744
3 1 14 2170
3 1 15 4692
3 1 16 4511
3 1 17 3788
3 2 0 5623
3 2 1 8776
3 2 2 0
3 2 3 0
3 2 4 1541
3 2 5 2195
3 2 6 4213
3 2 7 4547
3 2 8 4966
3 2 9 4615
3 2 10 2407
3 2 11 4069
3 2 12 1195
3 2 13 3688
3 2 14 2323
3 2 15 5140
3 2 16 5713
3 2 17 1406
3 3 0 0
3 3 1 0
3 3 2 0
3 3 3 0
3 3 4 0
3 3 5 0
3 3 6 0
3 3 7 0
3 3 8 0
3 3 9 0
3 3 10 0
3 3 11 0
3 3 12 0
3 3 13 0
3 3 14 0
3 3 15 0
3 3 16 0
3 3 17 0
3 4 0 3475
3 4 1 5038
3 4 2 785
3 4 3 0
3 4 4 0
3 4 5 5735
3 4 6 7029
3 4 7 4982
3 4 8 4632
3 4 9 6528
3 4 10 6482
3 4 11 7639
3 4 12 4742
3 4 13 7555
3 4 14 5394
3 4 15 6077
3 4 16 6696
3 4 17 4055
3 5 0 5444
3 5 1 5864
3 5 2 5575
3 5 3 0
3 5 4 8202
3 5 5 0
3 5 6 5595
3 5 7 6676
3 5 8 5254
3 5 9 4812
3 5 10 7097
3 5 11 8812
3 5 12 8394
3 5 13 7409
3 5 14 8034
3 5 15 5679
3 5 16 7844
3 5 17 5308
3 6 0 3576
3 6 1 6221
3 6 2 4569
3 6 3 0
3 6 4 5440
3 6 5 5771
3 6 6 0
3 6 7 7139
3 6 8 7400
3 6 9 7672
3 6 10 7506
3 6 11 4013
3 6 12 6415
3 6 13 3218
3 6 14 7607
3 6 15 5049
3 6 16 5288
3 6 17 6399
3 7 0 7544
3 7 1 7075
3 7 2 6497
3 7 3 0
3 7 4 8777
3 7 5 7346
3 7 6 7826
3 7 7 0
3 7 8 9262
3 7 9 8836
3 7 10 9252
3 7 11 7776
3 7 12 7561
3 7 13 6449
3 7 14 5586
3 7 15 6611
3 7 16 6423
3 7 17 6395
3 8 0 2626
3 8 1 978
3 8 2 4819
3 8 3 0
3 8 4 4779
3 8 5 6584
3 8 6 6061
3 8 7 3782
3 8 8 0
3 8 9 4320
3 8 10 3405
3 8 11 6686
3 8 12 5576
3 8 13 6558
3 8 14 5100
3 8 15 4906
3 8 16 3274
3 8 17 6530
3 9 0 7023
3 9 1 6794
3 9 2 8565
3 9 3 0
3 9 4 3665
3 9 5 4821
3 9 6 5818
3 9 7 3745
3 9 8 4207
3 9 9 0
3 9 10 4412
3 9 11 6039
3 9 12 3761
3 9 13 5449
3 9 14 5724
3 9 15 3489
3 9 16 7300
3 9 17 5132
3 10 0 5688
3 10 1 9127
3 10 2 5667
3 10 3 0
3 10 4 5454
3 10 5 4900
3 10 6 8318
3 10 7 6912
3 10 8 5137
3 10 9 7235
3 10 10 0
3 10 11 5867
3 10 12 8166
3 10 13 5909
3 10 14 9567
3 10 15 5419
3 10 16 9722
3 10 17 5846
3 11 0 8424
3 11 1 6726
3 11 2 6785
3 11 3 0
3 11 4 9266
3 11 5 9067
3 11 6 8619
3 11 7 8359
3 11 8 6874
3 11 9 7762
3 11 10 8931
3 11 11 0
3 11 12 7043
3 11 13 6821
3 11 14 8461
3 11 15 5167
3 11 16 8776
3 11 17 7439
3 12 0 7207
3 12 1 5903
3 12 2 4302
3 12 3 0
3 12 4 6489
3 12 5 5670
3 12 6 6616
3 12 7 7921
3 12 8 5405
3 12 9 9342
3 12 10 8641
3 12 11 7846
3 12 12 0
3 12 13 6390
3 12 14 9001
3 12 15 6283
3 12 16 8577
3 12 17 7781
3 13 0 7935
3 13 1 4521
3 13 2 6848
3 13 3 0
3 13 4 5648
3 13 5 4997
3 13 6 7704
3 13 7 3969
3 13 8 4691
3 13 9 4716
3 13 10 6457
3 13 11 5553
3 13 12 7934
3 13 13 0
3 13 14 5524
3 13 15 7063
3 13 16 8455
3 13 17 4326
3 14 0 1094
3 14 1 850
3 14 2 1386
3 14 3 0
3 14 4 4435
3 14 5 4726
3 14 6 6210
3 14 7 7128
3 14 8 7533
3 14 9 8720
3 14 10 4454
3 14 11 5508
3 14 12 8449
3 14 13 4683
3 14 14 0
3 14 15 8251
3 14 16 4071
3 14 17 6311
3 15 0 3194
3 15 1 4246
3 15 2 5077
3 15 3 0
3 15 4 3929
3 15 5 7229
3 15 6 3903
3 15 7 4024
3 15 8 3693
3 15 9 4358
3 15 10 4390
3 15 11 6098
3 15 12 5419
3 15 13 8561
3 15 14 8589
3 15 15 0
3 15 16 8356
3 15 17 8494
3 16 0 7705
3 16 1 7851
3 16 2 9436
3 16 3 0
3 16 4 4714
3 16 5 1181
3 16 6 4758
3 16 7 5108
3 16 8 961
3 16 9 2758
3 16 10 1182
3 16 11 1710
3 16 12 4400
3 16 13 3112
3 16 14 2284
3 16 15 1471
3 16 16 0
3 16 17 4635
3 17 0 2600
3 17 1 3704
3 17 2 1705
3 17 3 0
3 17 4 3837
3 17 5 1672
3 17 6 753
3 17 7 4686
3 17 8 5040
3 17 9 3185
3 17 10 1766
3 17 11 1192
3 17 12 2005
3 17 13 574
3 17 14 5296
3 17 15 5237
3 17 16 2408
3 17 17 0
4 0 0 0
4 0 1 3625
4 0 2 3780
4 0 3 4368
4 0 4 0
4 0 5 5967
4 0 6 7123
4 0 7 9497
4 0 8 6676
4 0 9 6976
4 0 10 6331
4 0 11 9611
4 0 12 8003
4 0 13 8678
4 0 14 5934
4 0 15 7160
4 0 16 7885
4 0 17 6204
4 1 0 8766
4 1 1 0
4 1 2 6955
4 1 3 6177
4 1 4 0
4 1 5 3750
4 1 6 7131
4 1 7 6391
4 1 8 2391
4 1 9 4110
4 1 10 7133
4 1 11 5276
4 1 12 4062
4 1 13 2627
4 1 14 3053
4 1 15 5575
4 1 16 5394
4 1 17 4671
4 2 0 2084
4 2 1 5237
4 2 2 0
4 2 3 1541
4 2 4 0
4 2 5 4830
4 2 6 6848
4 2 7 7182
4 2 8 7601
4 2 9 7250
4 2 10 5042
4 2 11 6704
4 2 12 3830
4 2 13 6323
4 2 14 4958
4 2 15 7775
4 2 16 8348
4 2 17 4041
4 3 0 3451
4 3 1 6635
4 3 2 7431
4 3 3 0
4 3 4 0
4 3 5 4300
4 3 6 2898
4 3 7 4934
4 3 8 1909
4 3 9 2928
4 3 10 5071
4 3 11 4471
4 3 12 4688
4 3 13 3954
4 3 14 4000
4 3 15 3870
4 3 16 360
4 3 17 500
4 4 0 0
4 4 1 0
4 4 2 0
4 4 3 0
4 4 4 0
4 4 5 0
4 4 6 0
4 4 7 0
4 4 8 0
4 4 9 0
4 4 10 0
4 4 11 0
4 4 12 0
4 4 13 0
4 4 14 0
4 4 15 0
4 4 16 0
4 4 17 0
4 5 0 5210
4 5 1 5630
4 5 2 5341
4 5 3 8202
4 5 4 0
4 5 5 0
4 5 6 3923
4 5 7 5004
4 5 8 3582
4 5 9 3140
4 5 10 5425
4 5 11 7140
4 5 12 6722
4 5 13 5737
4 5 14 6362
4 5 15 4007
4 5 16 6172
4 5 17 3636
4 6 0 5006
4 6 1 7651
4 6 2 5999
4 6 3 5440
4 6 4 0
4 6 5 6795
4 6 6 0
4 6 7 8163
4 6 8 8424
4 6 9 8696
4 6 10 8530
4 6 11 5037
4 6 12 7439
4 6 13 4242
4 6 14 8631
4 6 15 6073
4 6 16 6312
4 6 17 7423
4 7 0 8681
4 7 1 8212
4 7 2 7634
4 7 3 8777
4 7 4 0
4 7 5 4287
4 7 6 4767
4 7 7 0
4 7 8 6203
4 7 9 5777
4 7 10 6193
4 7 11 4717
4 7 12 4502
4 7 13 3390
4 7 14 2527
4 7 15 3552
4 7 16 3364
4 7 17 3336
4 8 0 4887
4 8 1 3239
4 8 2 7080
4 8 3 4779
4 8 4 0
4 8 5 6200
4 8 6 5677
4 8 7 3398
4 8 8 0
4 8 9 3936
4 8 10 3021
4 8 11 6302
4 8 12 5192
4 8 13 6174
4 8 14 4716
4 8 15 4522
4 8 16 2890
4 8 17 6146
4 9 0 3054
4 9 1 2825
4 9 2 4596
4 9 3 3665
4 9 4 0
4 9 5 5314
4 9 6 6311
4 9 7 4238
4 9 8 4700
4 9 9 0
4 9 10 4905
4 9 11 6532
4 9 12 4254
4 9 13 5942
4 9 14 6217
4 9 15 3982
4 9 16 7793
4 9 17 5625
4 10 0 2055
4 10 1 5494
4 10 2 2034
4 10 3 5454
4 10 4 0
4 10 5 3204
4 10 6 6622
4 10 7 5216
4 10 8 3441
4 10 9 5539
4 10 10 0
4 10 11 4171
4 10 12 6470
4 10 13 4213
4 10 14 7871
4 10 15 3723
4 10 16 8026
4 10 17 4150
4 11 0 9747
4 11 1 8049
4 11 2 8108
4 11 3 9266
4 11 4 0
4 11 5 9128
4 11 6 8680
4 11 7 8420
4 11 8 6935
4 11 9 7823
4 11 10 8992
4 11 11 0
4 11 12 7104
4 11 13 6882
4 11 14 8522
4 11 15 5228
4 11 16 8837
4 11 17 7500
4 12 0 5145
4 12 1 3841
4 12 2 2240
4 12 3 6489
4 12 4 0
4 12 5 2617
4 12 6 3563
4 12 7 4868
4 12 8 2352
4 12 9 6289
4 12 10 5588
4 12 11 4793
4 12 12 0
4 12 13 3337
4 12 14 5948
4 12 15 3230
4 12 16 5524
4 12 17 4728
4 13 0 5713
4 13 1 2299
4 13 2 4626
4 13 3 5648
4 13 4 0
4 13 5 5491
4 13 6 8198
4 13 7 4463
4 13 8 5185
4 13 9 5210
4 13 10 6951
4 13 11 6047
4 13 12 8428
4 13 13 0
4 13 14 6018
4 13 15 7557
4 13 16 8949
4 13 17 4820
4 14 0 1710
4 14 1 1466
4 14 2 2002
4 14 3 4435
4 14 4 0
4 14 5 3013
4 14 6 4497
4 14 7 5415
4 14 8 5820
4 14 9 7007
4 14 10 2741
4 14 11 3795
4 14 12 6736
4 14 13 2970
4 14 14 0
4 14 15 6538
4 14 16 2358
4 14 17 4598
4 15 0 2560
4 15 1 3612
4 15 2 4443
4 15 3 3929
4 15 4 0
4 15 5 6329
4 15 6 3003
4 15 7 3124
4 15 8 2793
4 15 9 3458
4 15 10 3490
4 15 11 5198
4 15 12 4519
4 15 13 7661
4 15 14 7689
4 15 15 0
4 15 16 7456
4 15 17 7594
4 16 0 7580
4 16 1 7726
4 16 2 9311
4 16 3 4714
4 16 4 0
4 16 5 4410
4 16 6 7987
4 16 7 8337
4 16 8 4190
4 16 9 5987
4 16 10 4411
4 16 11 4939
4 16 12 7629
4 16 13 6341
4 16 14 5513
4 16 15 4700
4 16 16 0
4 16 17 7864
4 17 0 4882
4 17 1 5986
4 17 2 3987
4 17 3 3837
4 17 4 0
4 17 5 2120
4 17 6 1201
4 17 7 5134
4 17 8 5488
4 17 9 3633
4 17 10 2214
4 17 11 1640
4 17 12 2453
4 17 13 1022
4 17 14 5744
4 17 15 5685
4 17 16 2856
4 17 17 0
5 0 0 0
5 0 1 1458
5 0 2 1613
5 0 3 2201
5 0 4 5967
5 0 5 0
5 0 6 2869
5 0 7 5243
5 0 8 2422
5 0 9 2722
5 0 10 2077
5 0 11 5357
5 0 12 3749
5 0 13 4424
5 0 14 1680
5 0 15 2906
5 0 16 3631
5 0 17 1950
5 1 0 5456
5 1 1 0
5 1 2 3645
5 1 3 2867
5 1 4 3750
5 1 5 0
5 1 6 6177
5 1 7 5437
5 1 8 1437
5 1 9 3156
5 1 10 6179
5 1 11 4322
5 1 12 3108
5 1 13 1673
5 1 14 2099
5 1 15 4621
5 1 16 4440
5 1 17 3717
5 2 0 2738
5 2 1 5891
5 2 2 0
5 2 3 2195
5 2 4 4830
5 2 5 0
5 2 6 6630
5 2 7 6964
5 2 8 7383
5 2 9 7032
5 2 10 4824
5 2 11 6486
5 2 12 3612
5 2 13 6105
5 2 14 4740
5 2 15 7557
5 2 16 8130
5 2 17 3823
5 3 0 4246
5 3 1 7430
5 3 2 8226
5 3 3 0
5 3 4 4300
5 3 5 0
5 3 6 7034
5 3 7 9070
5 3 8 6045
5 3 9 7064
5 3 10 9207
5 3 11 8607
5 3 12 8824
5 3 13 8090
5 3 14 8136
5 3 15 8006
5 3 16 4496
5 3 17 4636
5 4 0 5705
5 4 1 7268
5 4 2 3015
5 4 3 5735
5 4 4 0
5 4 5 0
5 4 6 7824
5 4 7 5777
5 4 8 5427
5 4 9 7323
5 4 10 7277
5 4 11 8434
5 4 12 5537
5 4 13 8350
5 4 14 6189
5 4 15 6872
5 4 16 7491
5 4 17 4850
5 5 0 0
5 5 1 0
5 5 2 0
5 5 3 0
5 5 4 0
5 5 5 0
5 5 6 0
5 5 7 0
5 5 8 0
5 5 9 0
5 5 10 0
5 5 11 0
5 5 12 0
5 5 13 0
5 5 14 0
5 5 15 0
5 5 16 0
5 5 17 0
5 6 0 5337
5 6 1 7982
5 6 2 6330
5 6 3 5771
5 6 4 6795
5 6 5 0
5 6 6 0
5 6 7 5934
5 6 8 6195
5 6 9 6467
5 6 10 6301
5 6 11 2808
5 6 12 5210
5 6 13 2013
5 6 14 6402
5 6 15 3844
5 6 16 4083
5 6 17 5194
5 7 0 7250
5 7 1 6781
5 7 2 6203
5 7 3 7346
5 7 4 4287
5 7 5 0
5 7 6 5666
5 7 7 0
5 7 8 7102
5 7 9 6676
5 7 10 7092
5 7 11 5616
5 7 12 5401
5 7 13 4289
5 7 14 3426
5 7 15 4451
5 7 16 4263
5 7 17 4235
5 8 0 6692
5 8 1 5044
5 8 2 8885
5 8 3 6584
5 8 4 6200
5 8 5 0
5 8 6 5504
5 8 7 3225
5 8 8 0
5 8 9 3763
5 8 10 2848
5 8 11 6129
5 8 12 5019
5 8 13 6001
5 8 14 4543
5 8 15 4349
5 8 16 2717
5 8 17 5973
5 9 0 4210
5 9 1 3981
5 9 2 5752
5 9 3 4821
5 9 4 5314
5 9 5 0
5 9 6 3800
5 9 7 1727
5 9 8 2189
5 9 9 0
5 9 10 2394
5 9 11 4021
5 9 12 1743
5 9 13 3431
5 9 14 3706
5 9 15 1471
5 9 16 5282
5 9 17 3114
5 10 0 1501
5 10 1 4940
5 10 2 1480
5 10 3 4900
5 10 4 3204
5 10 5 0
5 10 6 6442
5 10 7 5036
5 10 8 3261
5 10 9 5359
5 10 10 0
5 10 11 3991
5 10 12 6290
5 10 13 4033
5 10 14 7691
5 10 15 3543
5 10 16 7846
5 10 17 3970
5 11 0 9548
5 11 1 7850
5 11 2 7909
5 11 3 9067
5 11 4 9128
5 11 5 0
5 11 6 9058
5 11 7 8798
5 11 8 7313
5 11 9 8201
5 11 10 9370
5 11 11 0
5 11 12 7482
5 11 13 7260
5 11 14 8900
5 11 15 5606
5 11 16 9215
5 11 17 7878
5 12 0 4326
5 12 1 3022
5 12 2 1421
5 12 3 5670
5 12 4 2617
5 12 5 0
5 12 6 6420
5 12 7 7725
5 12 8 5209
5 12 9 9146
5 12 10 8445
5 12 11 7650
5 12 12 0
5 12 13 6194
5 12 14 8805
5 12 15 6087
5 12 16 8381
5 12 17 7585
5 13 0 5062
5 13 1 1648
5 13 2 3975
5 13 3 4997
5 13 4 5491
5 13 5 0
5 13 6 7257
5 13 7 3522
5 13 8 4244
5 13 9 4269
5 13 10 6010
5 13 11 5106
5 13 12 7487
5 13 13 0
5 13 14 5077
5 13 15 6616
5 13 16 8008
5 13 17 3879
5 14 0 2001
5 14 1 1757
5 14 2 2293
5 14 3 4726
5 14 4 3013
5 14 5 0
5 14 6 6342
5 14 7 7260
5 14 8 7665
5 14 9 8852
5 14 10 4586
5 14 11 5640
5 14 12 8581
5 14 13 4815
5 14 14 0
5 14 15 8383
5 14 16 4203
5 14 17 6443
5 15 0 5860
5 15 1 6912
5 15 2 7743
5 15 3 7229
5 15 4 6329
5 15 5 0
5 15 6 1810
5 15 7 1931
5 15 8 1600
5 15 9 2265
5 15 10 2297
5 15 11 4005
5 15 12 3326
5 15 13 6468
5 15 14 6496
5 15 15 0
5 15 16 6263
5 15 17 6401
5 16 0 4047
5 16 1 4193
5 16 2 5778
5 16 3 1181
5 16 4 4410
5 16 5 0
5 16 6 8340
5 16 7 8690
5 16 8 4543
5 16 9 6340
5 16 10 4764
5 16 11 5292
5 16 12 7982
5 16 13 6694
5 16 14 5866
5 16 15 5053
5 16 16 0
5 16 17 8217
5 17 0 2717
5 17 1 3821
5 17 2 1822
5 17 3 1672
5 17 4 2120
5 17 5 0
5 17 6 1659
5 17 7 5592
5 17 8 5946
5 17 9 4091
5 17 10 2672
5 17 11 2098
5 17 12 2911
5 17 13 1480
5 17 14 6202
5 17 15 6143
5 17 16 3314
5 17 17 0
6 0 0 0
6 0 1 2614
6 0 2 2769
6 0 3 3357
6 0 4 7123
6 0 5 2869
6 0 6 0
6 0 7 4644
6 0 8 1823
6 0 9 2123
6 0 10 1478
6 0 11 4758
6 0 12 3150
6 0 13 3825
6 0 14 1081
6 0 15 2307
6 0 16 3032
6 0 17 1351
6 1 0 8837
6 1 1 0
6 1 2 7026
6 1 3 6248
6 1 4 7131
6 1 5 6177
6 1 6 0
6 1 7 6035
6 1 8 2035
6 1 9 3754
6 1 10 6777
6 1 11 4920
6 1 12 3706
6 1 13 2271
6 1 14 2697
6 1 15 5219
6 1 16 5038
6 1 17 4315
6 2 0 4756
6 2 1 7909
6 2 2 0
6 2 3 4213
6 2 4 6848
6 2 5 6630
6 2 6 0
6 2 7 8569
6 2 8 8988
6 2 9 8637
6 2 10 6429
6 2 11 8091
6 2 12 5217
6 2 13 7710
6 2 14 6345
6 2 15 9162
6 2 16 9735
6 2 17 5428
6 3 0 2844
6 3 1 6028
6 3 2 6824
6 3 3 0
6 3 4 2898
6 3 5 7034
6 3 6 0
6 3 7 6046
6 3 8 3021
6 3 9 4040
6 3 10 6183
6 3 11 5583
6 3 12 5800
6 3 13 5066
6 3 14 5112
6 3 15 4982
6 3 16 1472
6 3 17 1612
6 4 0 6999
6 4 1 8562
6 4 2 4309
6 4 3 7029
6 4 4 0
6 4 5 7824
6 4 6 0
6 4 7 4417
6 4 8 4067
6 4 9 5963
6 4 10 5917
6 4 11 7074
6 4 12 4177
6 4 13 6990
6 4 14 4829
6 4 15 5512
6 4 16 6131
6 4 17 3490
6 5 0 2603
6 5 1 3023
6 5 2 2734
6 5 3 5595
6 5 4 3923
6 5 5 0
6 5 6 0
6 5 7 5647
6 5 8 4225
6 5 9 3783
6 5 10 6068
6 5 11 7783
6 5 12 7365
6 5 13 6380
6 5 14 7005
6 5 15 4650
6 5 16 6815
6 5 17 4279
6 6 0 0
6 6 1 0
6 6 2 0
6 6 3 0
6 6 4 0
6 6 5 0
6 6 6 0
6 6 7 0
6 6 8 0
6 6 9 0
6 6 10 0
6 6 11 0
6 6 12 0
6 6 13 0
6 6 14 0
6 6 15 0
6 6 16 0
6 6 17 0
6 7 0 7730
6 7 1 7261
6 7 2 6683
6 7 3 7826
6 7 4 4767
6 7 5 5666
6 7 6 0
6 7 7 0
6 7 8 8967
6 7 9 8541
6 7 10 8957
6 7 11 7481
6 7 12 7266
6 7 13 6154
6 7 14 5291
6 7 15 6316
6 7 16 6128
6 7 17 6100
6 8 0 6169
6 8 1 4521
6 8 2 8362
6 8 3 6061
6 8 4 5677
6 8 5 5504
6 8 6 0
6 8 7 6773
6 8 8 0
6 8 9 7311
6 8 10 6396
6 8 11 9677
6 8 12 8567
6 8 13 9549
6 8 14 8091
6 8 15 7897
6 8 16 6265
6 8 17 9521
6 9 0 5207
6 9 1 4978
6 9 2 6749
6 9 3 5818
6 9 4 6311
6 9 5 3800
6 9 6 0
6 9 7 5989
6 9 8 6451
6 9 9 0
6 9 10 6656
6 9 11 8283
6 9 12 6005
6 9 13 7693
6 9 14 7968
6 9 15 5733
6 9 16 9544
6 9 17 7376
6 10 0 4919
6 10 1 8358
6 10 2 4898
6 10 3 8318
6 10 4 6622
6 10 5 6442
6 10 6 0
6 10 7 6847
6 10 8 5072
6 10 9 7170
6 10 10 0
6 10 11 5802
6 10 12 8101
6 10 13 5844
6 10 14 9502
6 10 15 5354
6 10 16 9657
6 10 17 5781
6 11 0 9100
6 11 1 7402
6 11 2 7461
6 11 3 8619
6 11 4 8680
6 11 5 9058
6 11 6 0
6 11 7 5401
6 11 8 3916
6 11 9 4804
6 11 10 5973
6 11 11 0
6 11 12 4085
6 11 13 3863
6 11 14 5503
6 11 15 2209
6 11 16 5818
6 11 17 4481
6 12 0 5272
6 12 1 3968
6 12 2 2367
6 12 3 6616
6 12 4 3563
6 12 5 6420
6 12 6 0
6 12 7 7148
6 12 8 4632
6 12 9 8569
6 12 10 7868
6 12 11 7073
6 12 12 0
6 12 13 5617
6 12 14 8228
6 12 15 5510
6 12 16 7804
6 12 17 7008
6 13 0 7769
6 13 1 4355
6 13 2 6682
6 13 3 7704
6 13 4 8198
6 13 5 7257
6 13 6 0
6 13 7 733
6 13 8 1455
6 13 9 1480
6 13 10 3221
6 13 11 2317
6 13 12 4698
6 13 13 0
6 13 14 2288
6 13 15 3827
6 13 16 5219
6 13 17 1090
6 14 0 3485
6 14 1 3241
6 14 2 3777
6 14 3 6210
6 14 4 4497
6 14 5 6342
6 14 6 0
6 14 7 8235
6 14 8 8640
6 14 9 9827
6 14 10 5561
6 14 11 6615
6 14 12 9556
6 14 13 5790
6 14 14 0
6 14 15 9358
6 14 16 5178
6 14 17 7418
6 15 0 2534
6 15 1 3586
6 15 2 4417
6 15 3 3903
6 15 4 3003
6 15 5 1810
6 15 6 0
6 15 7 2703
6 15 8 2372
6 15 9 3037
6 15 10 3069
6 15 11 4777
6 15 12 4098
6 15 13 7240
6 15 14 7268
6 15 15 0
6 15 16 7035
6 15 17 7173
6 16 0 7624
6 16 1 7770
6 16 2 9355
6 16 3 4758
6 16 4 7987
6 16 5 8340
6 16 6 0
6 16 7 7536
6 16 8 3389
6 16 9 5186
6 16 10 3610
6 16 11 4138
6 16 12 6828
6 16 13 5540
6 16 14 4712
6 16 15 3899
6 16 16 0
6 16 17 7063
6 17 0 1798
6 17 1 2902
6 17 2 903
6 17 3 753
6 17 4 1201
6 17 5 1659
6 17 6 0
6 17 7 8085
6 17 8 8439
6 17 9 6584
6 17 10 5165
6 17 11 4591
6 17 12 5404
6 17 13 3973
6 17 14 8695
6 17 15 8636
6 17 16 5807
6 17 17 0
7 0 0 0
7 0 1 4988
7 0 2 5143
7 0 3 5731
7 0 4 9497
7 0 5 5243
7 0 6 4644
7 0 7 0
7 0 8 6234
7 0 9 6534
7 0 10 5889
7 0 11 9169
7 0 12 7561
7 0 13 8236
7 0 14 5492
7 0 15 6718
7 0 16 7443
7 0 17 5762
7 1 0 8097
7 1 1 0
7 1 2 6286
7 1 3 5508
7 1 4 6391
7 1 5 5437
7 1 6 6035
7 1 7 0
7 1 8 4600
7 1 9 6319
7 1 10 9342
7 1 11 7485
7 1 12 6271
7 1 13 4836
7 1 14 5262
7 1 15 7784
7 1 16 7603
7 1 17 6880
7 2 0 5090
7 2 1 8243
7 2 2 0
7 2 3 4547
7 2 4 7182
7 2 5 6964
7 2 6 8569
7 2 7 0
7 2 8 5485
7 2 9 5134
7 2 10 2926
7 2 11 4588
7 2 12 1714
7 2 13 4207
7 2 14 2842
7 2 15 5659
7 2 16 6232
7 2 17 1925
7 3 0 4880
7 3 1 8064
7 3 2 8860
7 3 3 0
7 3 4 4934
7 3 5 9070
7 3 6 6046
7 3 7 0
7 3 8 4615
7 3 9 5634
7 3 10 7777
7 3 11 7177
7 3 12 7394
7 3 13 6660
7 3 14 6706
7 3 15 6576
7 3 16 3066
7 3 17 3206
7 4 0 4952
7 4 1 6515
7 4 2 2262
7 4 3 4982
7 4 4 0
7 4 5 5777
7 4 6 4417
7 4 7 0
7 4 8 5368
7 4 9 7264
7 4 10 7218
7 4 11 8375
7 4 12 5478
7 4 13 8291
7 4 14 6130
7 4 15 6813
7 4 16 7432
7 4 17 4791
7 5 0 3684
7 5 1 4104
7 5 2 3815
7 5 3 6676
7 5 4 5004
7 5 5 0
7 5 6 5647
7 5 7 0
7 5 8 3764
7 5 9 3322
7 5 10 5607
7 5 11 7322
7 5 12 6904
7 5 13 5919
7 5 14 6544
7 5 15 4189
7 5 16 6354
7 5 17 3818
7 6 0 6705
7 6 1 9350
7 6 2 7698
7 6 3 7139
7 6 4 8163
7 6 5 5934
7 6 6 0
7 6 7 0
7 6 8 7792
7 6 9 8064
7 6 10 7898
7 6 11 4405
7 6 12 6807
7 6 13 3610
7 6 14 7999
7 6 15 5441
7 6 16 5680
7 6 17 6791
7 7 0 0
7 7 1 0
7 7 2 0
7 7 3 0
7 7 4 0
7 7 5 0
7 7 6 0
7 7 7 0
7 7 8 0
7 7 9 0
7 7 10 0
7 7 11 0
7 7 12 0
7 7 13 0
7 7 14 0
7 7 15 0
7 7 16 0
7 7 17 0
7 8 0 3890
7 8 1 2242
7 8 2 6083
7 8 3 3782
7 8 4 3398
7 8 5 3225
7 8 6 6773
7 8 7 0
7 8 8 0
7 8 9 7137
7 8 10 6222
7 8 11 9503
7 8 12 8393
7 8 13 9375
7 8 14 7917
7 8 15 7723
7 8 16 6091
7 8 17 9347
7 9 0 3134
7 9 1 2905
7 9 2 4676
7 9 3 3745
7 9 4 4238
7 9 5 1727
7 9 6 5989
7 9 7 0
7 9 8 5579
7 9 9 0
7 9 10 5784
7 9 11 7411
7 9 12 5133
7 9 13 6821
7 9 14 7096
7 9 15 4861
7 9 16 8672
7 9 17 6504
7 10 0 3513
7 10 1 6952
7 10 2 3492
7 10 3 6912
7 10 4 5216
7 10 5 5036
7 10 6 6847
7 10 7 0
7 10 8 4782
7 10 9 6880
7 10 10 0
7 10 11 5512
7 10 12 7811
7 10 13 5554
7 10 14 9212
7 10 15 5064
7 10 16 9367
7 10 17 5491
7 11 0 8840
7 11 1 7142
7 11 2 7201
7 11 3 8359
7 11 4 8420
7 11 5 8798
7 11 6 5401
7 11 7 0
7 11 8 5643
7 11 9 6531
7 11 10 7700
7 11 11 0
7 11 12 5812
7 11 13 5590
7 11 14 7230
7 11 15 3936
7 11 16 7545
7 11 17 6208
7 12 0 6577
7 12 1 5273
7 12 2 3672
7 12 3 7921
7 12 4 4868
7 12 5 7725
7 12 6 7148
7 12 7 0
7 12 8 3742
7 12 9 7679
7 12 10 6978
7 12 11 6183
7 12 12 0
7 12 13 4727
7 12 14 7338
7 12 15 4620
7 12 16 6914
7 12 17 6118
7 13 0 4034
7 13 1 620
7 13 2 2947
7 13 3 3969
7 13 4 4463
7 13 5 3522
7 13 6 733
7 13 7 0
7 13 8 2650
7 13 9 2675
7 13 10 4416
7 13 11 3512
7 13 12 5893
7 13 13 0
7 13 14 3483
7 13 15 5022
7 13 16 6414
7 13 17 2285
7 14 0 4403
7 14 1 4159
7 14 2 4695
7 14 3 7128
7 14 4 5415
7 14 5 7260
7 14 6 8235
7 14 7 0
7 14 8 4583
7 14 9 5770
7 14 10 1504
7 14 11 2558
7 14 12 5499
7 14 13 1733
7 14 14 0
7 14 15 5301
7 14 16 1121
7 14 17 3361
7 15 0 2655
7 15 1 3707
7 15 2 4538
7 15 3 4024
7 15 4 3124
7 15 5 1931
7 15 6 2703
7 15 7 0
7 15 8 1898
7 15 9 2563
7 15 10 2595
7 15 11 4303
7 15 12 3624
7 15 13 6766
7 15 14 6794
7 15 15 0
7 15 16 6561
7 15 17 6699
7 16 0 7974
7 16 1 8120
7 16 2 9705
7 16 3 5108
7 16 4 8337
7 16 5 8690
7 16 6 7536
7 16 7 0
7 16 8 2488
7 16 9 4285
7 16 10 2709
7 16 11 3237
7 16 12 5927
7 16 13 4639
7 16 14 3811
7 16 15 2998
7 16 16 0
7 16 17 6162
7 17 0 5731
7 17 1 6835
7 17 2 4836
7 17 3 4686
7 17 4 5134
7 17 5 5592
7 17 6 8085
7 17 7 0
7 17 8 6399
7 17 9 4544
7 17 10 3125
7 17 11 2551
7 17 12 3364
7 17 13 1933
7 17 14 6655
7 17 15 6596
7 17 16 3767
7 17 17 0
8 0 0 0
8 0 1 2167
8 0 2 2322
8 0 3 2910
8 0 4 6676
8 0 5 2422
8 0 6 1823
8 0 7 6234
8 0 8 0
8 0 9 2272
8 0 10 1627
8 0 11 4907
8 0 12 3299
8 0 13 3974
8 0 14 1230
8 0 15 2456
8 0 16 3181
8 0 17 1500
8 1 0 4097
8 1 1 0
8 1 2 2286
8 1 3 1508
8 1 4 2391
8 1 5 1437
8 1 6 2035
8 1 7 4600
8 1 8 0
8 1 9 4177
8 1 10 7200
8 1 11 5343
8 1 12 4129
8 1 13 2694
8 1 14 3120
8 1 15 5642
8 1 16 5461
8 1 17 4738
8 2 0 5509
8 2 1 8662
8 2 2 0
8 2 3 4966
8 2 4 7601
8 2 5 7383
8 2 6 8988
8 2 7 5485
8 2 8 0
8 2 9 7716
8 2 10 5508
8 2 11 7170
8 2 12 4296
8 2 13 6789
8 2 14 5424
8 2 15 8241
8 2 16 8814
8 2 17 4507
8 3 0 1855
8 3 1 5039
8 3 2 5835
8 3 3 0
8 3 4 1909
8 3 5 6045
8 3 6 3021
8 3 7 4615
8 3 8 0
8 3 9 3537
8 3 10 5680
8 3 11 5080
8 3 12 5297
8 3 13 4563
8 3 14 4609
8 3 15 4479
8 3 16 969
8 3 17 1109
8 4 0 4602
8 4 1 6165
8 4 2 1912
8 4 3 4632
8 4 4 0
8 4 5 5427
8 4 6 4067
8 4 7 5368
8 4 8 0
8 4 9 6291
8 4 10 6245
8 4 11 7402
8 4 12 4505
8 4 13 7318
8 4 14 5157
8 4 15 5840
8 4 16 6459
8 4 17 3818
8 5 0 2262
8 5 1 2682
8 5 2 2393
8 5 3 5254
8 5 4 3582
8 5 5 0
8 5 6 4225
8 5 7 3764
8 5 8 0
8 5 9 5585
8 5 10 7870
8 5 11 9585
8 5 12 9167
8 5 13 8182
8 5 14 8807
8 5 15 6452
8 5 16 8617
8 5 17 6081
8 6 0 6966
8 6 1 9611
8 6 2 7959
8 6 3 7400
8 6 4 8424
8 6 5 6195
8 6 6 0
8 6 7 7792
8 6 8 0
8 6 9 9324
8 6 10 9158
8 6 11 5665
8 6 12 8067
8 6 13 4870
8 6 14 9259
8 6 15 6701
8 6 16 6940
8 6 17 8051
8 7 0 9166
8 7 1 8697
8 7 2 8119
8 7 3 9262
8 7 4 6203
8 7 5 7102
8 7 6 8967
8 7 7 0
8 7 8 0
8 7 9 6173
8 7 10 6589
8 7 11 5113
8 7 12 4898
8 7 13 3786
8 7 14 2923
8 7 15 3948
8 7 16 3760
8 7 17 3732
8 8 0 0
8 8 1 0
8 8 2 0
8 8 3 0
8 8 4 0
8 8 5 0
8 8 6 0
8 8 7 0
8 8 8 0
8 8 9 0
8 8 10 0
8 8 11 0
8 8 12 0
8 8 13 0
8 8 14 0
8 8 15 0
8 8 16 0
8 8 17 0
8 9 0 3596
8 9 1 3367
8 9 2 5138
8 9 3 4207
8 9 4 4700
8 9 5 2189
8 9 6 6451
8 9 7 5579
8 9 8 0
8 9 9 0
8 9 10 4293
8 9 11 5920
8 9 12 3642
8 9 13 5330
8 9 14 5605
8 9 15 3370
8 9 16 7181
8 9 17 5013
8 10 0 1738
8 10 1 5177
8 10 2 1717
8 10 3 5137
8 10 4 3441
8 10 5 3261
8 10 6 5072
8 10 7 4782
8 10 8 0
8 10 9 4058
8 10 10 0
8 10 11 2690
8 10 12 4989
8 10 13 2732
8 10 14 6390
8 10 15 2242
8 10 16 6545
8 10 17 2669
8 11 0 7355
8 11 1 5657
8 11 2 5716
8 11 3 6874
8 11 4 6935
8 11 5 7313
8 11 6 3916
8 11 7 5643
8 11 8 0
8 11 9 8466
8 11 10 9635
8 11 11 0
8 11 12 7747
8 11 13 7525
8 11 14 9165
8 11 15 5871
8 11 16 9480
8 11 17 8143
8 12 0 4061
8 12 1 2757
8 12 2 1156
8 12 3 5405
8 12 4 2352
8 12 5 5209
8 12 6 4632
8 12 7 3742
8 12 8 0
8 12 9 8719
8 12 10 8018
8 12 11 7223
8 12 12 0
8 12 13 5767
8 12 14 8378
8 12 15 5660
8 12 16 7954
8 12 17 7158
8 13 0 4756
8 13 1 1342
8 13 2 3669
8 13 3 4691
8 13 4 5185
8 13 5 4244
8 13 6 1455
8 13 7 2650
8 13 8 0
8 13 9 5809
8 13 10 7550
8 13 11 6646
8 13 12 9027
8 13 13 0
8 13 14 6617
8 13 15 8156
8 13 16 9548
8 13 17 5419
8 14 0 4808
8 14 1 4564
8 14 2 5100
8 14 3 7533
8 14 4 5820
8 14 5 7665
8 14 6 8640
8 14 7 4583
8 14 8 0
8 14 9 8309
8 14 10 4043
8 14 11 5097
8 14 12 8038
8 14 13 4272
8 14 14 0
8 14 15 7840
8 14 16 3660
8 14 17 5900
8 15 0 2324
8 15 1 3376
8 15 2 4207
8 15 3 3693
8 15 4 2793
8 15 5 1600
8 15 6 2372
8 15 7 1898
8 15 8 0
8 15 9 3883
8 15 10 3915
8 15 11 5623
8 15 12 4944
8 15 13 8086
8 15 14 8114
8 15 15 0
8 15 16 7881
8 15 17 8019
8 16 0 3827
8 16 1 3973
8 16 2 5558
8 16 3 961
8 16 4 4190
8 16 5 4543
8 16 6 3389
8 16 7 2488
8 16 8 0
8 16 9 4161
8 16 10 2585
8 16 11 3113
8 16 12 5803
8 16 13 4515
8 16 14 3687
8 16 15 2874
8 16 16 0
8 16 17 6038
8 17 0 6085
8 17 1 7189
8 17 2 5190
8 17 3 5040
8 17 4 5488
8 17 5 5946
8 17 6 8439
8 17 7 6399
8 17 8 0
8 17 9 7704
8 17 10 6285
8 17 11 5711
8 17 12 6524
8 17 13 5093
8 17 14 9815
8 17 15 9756
8 17 16 6927
8 17 17 0
9 0 0 0
9 0 1 2467
9 0 2 2622
9 0 3 3210
9 0 4 6976
9 0 5 2722
9 0 6 2123
9 0 7 6534
9 0 8 2272
9 0 9 0
9 0 10 1519
9 0 11 4799
9 0 12 3191
9 0 13 3866
9 0 14 1122
9 0 15 2348
9 0 16 3073
9 0 17 1392
9 1 0 5816
9 1 1 0
9 1 2 4005
9 1 3 3227
9 1 4 4110
9 1 5 3156
9 1 6 3754
9 1 7 6319
9 1 8 4177
9 1 9 0
9 1 10 7041
9 1 11 5184
9 1 12 3970
9 1 13 2535
9 1 14 2961
9 1 15 5483
9 1 16 5302
9 1 17 4579
9 2 0 5158
9 2 1 8311
9 2 2 0
9 2 3 4615
9 2 4 7250
9 2 5 7032
9 2 6 8637
9 2 7 5134
9 2 8 7716
9 2 9 0
9 2 10 1575
9 2 11 3237
9 2 12 363
9 2 13 2856
9 2 14 1491
9 2 15 4308
9 2 16 4881
9 2 17 574
9 3 0 2874
9 3 1 6058
9 3 2 6854
9 3 3 0
9 3 4 2928
9 3 5 7064
9 3 6 4040
9 3 7 5634
9 3 8 3537
9 3 9 0
9 3 10 9777
9 3 11 9177
9 3 12 9394
9 3 13 8660
9 3 14 8706
9 3 15 8576
9 3 16 5066
9 3 17 5206
9 4 0 6498
9 4 1 8061
9 4 2 3808
9 4 3 6528
9 4 4 0
9 4 5 7323
9 4 6 5963
9 4 7 7264
9 4 8 6291
9 4 9 0
9 4 10 4112
9 4 11 5269
9 4 12 2372
9 4 13 5185
9 4 14 3024
9 4 15 3707
9 4 16 4326
9 4 17 1685
9 5 0 1820
9 5 1 2240
9 5 2 1951
9 5 3 4812
9 5 4 3140
9 5 5 0
9 5 6 3783
9 5 7 3322
9 5 8 5585
9 5 9 0
9 5 10 5088
9 5 11 6803
9 5 12 6385
9 5 13 5400
9 5 14 6025
9 5 15 3670
9 5 16 5835
9 5 17 3299
9 6 0 7238
9 6 1 9883
9 6 2 8231
9 6 3 7672
9 6 4 8696
9 6 5 6467
9 6 6 0
9 6 7 8064
9 6 8 9324
9 6 9 0
9 6 10 7896
9 6 11 4403
9 6 12 6805
9 6 13 3608
9 6 14 7997
9 6 15 5439
9 6 16 5678
9 6 17 6789
9 7 0 8740
9 7 1 8271
9 7 2 7693
9 7 3 8836
9 7 4 5777
9 7 5 6676
9 7 6 8541
9 7 7 0
9 7 8 6173
9 7 9 0
9 7 10 5533
9 7 11 4057
9 7 12 3842
9 7 13 2730
9 7 14 1867
9 7 15 2892
9 7 16 2704
9 7 17 2676
9 8 0 4428
9 8 1 2780
9 8 2 6621
9 8 3 4320
9 8 4 3936
9 8 5 3763
9 8 6 7311
9 8 7 7137
9 8 8 0
9 8 9 0
9 8 10 3173
9 8 11 6454
9 8 12 5344
9 8 13 6326
9 8 14 4868
9 8 15 4674
9 8 16 3042
9 8 17 6298
9 9 0 0
9 9 1 0
9 9 2 0
9 9 3 0
9 9 4 0
9 9 5 0
9 9 6 0
9 9 7 0
9 9 8 0
9 9 9 0
9 9 10 0
9 9 11 0
9 9 12 0
9 9 13 0
9 9 14 0
9 9 15 0
9 9 16 0
9 9 17 0
9 10 0 3836
9 10 1 7275
9 10 2 3815
9 10 3 7235
9 10 4 5539
9 10 5 5359
9 10 6 7170
9 10 7 6880
9 10 8 4058
9 10 9 0
9 10 10 0
9 10 11 2678
9 10 12 4977
9 10 13 2720
9 10 14 6378
9 10 15 2230
9 10 16 6533
9 10 17 2657
9 11 0 8243
9 11 1 6545
9 11 2 6604
9 11 3 7762
9 11 4 7823
9 11 5 8201
9 11 6 4804
9 11 7 6531
9 11 8 8466
9 11 9 0
9 11 10 7969
9 11 11 0
9 11 12 6081
9 11 13 5859
9 11 14 7499
9 11 15 4205
9 11 16 7814
9 11 17 6477
9 12 0 7998
9 12 1 6694
9 12 2 5093
9 12 3 9342
9 12 4 6289
9 12 5 9146
9 12 6 8569
9 12 7 7679
9 12 8 8719
9 12 9 0
9 12 10 5184
9 12 11 4389
9 12 12 0
9 12 13 2933
9 12 14 5544
9 12 15 2826
9 12 16 5120
9 12 17 4324
9 13 0 4781
9 13 1 1367
9 13 2 3694
9 13 3 4716
9 13 4 5210
9 13 5 4269
9 13 6 1480
9 13 7 2675
9 13 8 5809
9 13 9 0
9 13 10 5422
9 13 11 4518
9 13 12 6899
9 13 13 0
9 13 14 4489
9 13 15 6028
9 13 16 7420
9 13 17 3291
9 14 0 5995
9 14 1 5751
9 14 2 6287
9 14 3 8720
9 14 4 7007
9 14 5 8852
9 14 6 9827
9 14 7 5770
9 14 8 8309
9 14 9 0
9 14 10 3648
9 14 11 4702
9 14 12 7643
9 14 13 3877
9 14 14 0
9 14 15 7445
9 14 16 3265
9 14 17 5505
9 15 0 2989
9 15 1 4041
9 15 2 4872
9 15 3 4358
9 15 4 3458
9 15 5 2265
9 15 6 3037
9 15 7 2563
9 15 8 3883
9 15 9 0
9 15 10 1479
9 15 11 3187
9 15 12 2508
9 15 13 5650
9 15 14 5678
9 15 15 0
9 15 16 5445
9 15 17 5583
9 16 0 5624
9 16 1 5770
9 16 2 7355
9 16 3 2758
9 16 4 5987
9 16 5 6340
9 16 6 5186
9 16 7 4285
9 16 8 4161
9 16 9 0
9 16 10 5592
9 16 11 6120
9 16 12 8810
9 16 13 7522
9 16 14 6694
9 16 15 5881
9 16 16 0
9 16 17 9045
9 17 0 4230
9 17 1 5334
9 17 2 3335
9 17 3 3185
9 17 4 3633
9 17 5 4091
9 17 6 6584
9 17 7 4544
9 17 8 7704
9 17 9 0
9 17 10 3868
9 17 11 3294
9 17 12 4107
9 17 13 2676
9 17 14 7398
9 17 15 7339
9 17 16 4510
9 17 17 0
10 0 0 0
10 0 1 1822
10 0 2 1977
10 0 3 2565
10 0 4 6331
10 0 5 2077
10 0 6 1478
10 0 7 5889
10 0 8 1627
10 0 9 1519
10 0 10 0
10 0 11 5404
10 0 12 3796
10 0 13 4471
10 0 14 1727
10 0 15 2953
10 0 16 3678
10 0 17 1997
10 1 0 8839
10 1 1 0
10 1 2 7028
10 1 3 6250
10 1 4 7133
10 1 5 6179
10 1 6 6777
10 1 7 9342
10 1 8 7200
10 1 9 7041
10 1 10 0
10 1 11 4953
10 1 12 3739
10 1 13 2304
10 1 14 2730
10 1 15 5252
10 1 16 5071
10 1 17 4348
10 2 0 2950
10 2 1 6103
10 2 2 0
10 2 3 2407
10 2 4 5042
10 2 5 4824
10 2 6 6429
10 2 7 2926
10 2 8 5508
10 2 9 1575
10 2 10 0
10 2 11 7294
10 2 12 4420
10 2 13 6913
10 2 14 5548
10 2 15 8365
10 2 16 8938
10 2 17 4631
10 3 0 5017
10 3 1 8201
10 3 2 8997
10 3 3 0
10 3 4 5071
10 3 5 9207
10 3 6 6183
10 3 7 7777
10 3 8 5680
10 3 9 9777
10 3 10 0
10 3 11 8487
10 3 12 8704
10 3 13 7970
10 3 14 8016
10 3 15 7886
10 3 16 4376
10 3 17 4516
10 4 0 6452
10 4 1 8015
10 4 2 3762
10 4 3 6482
10 4 4 0
10 4 5 7277
10 4 6 5917
10 4 7 7218
10 4 8 6245
10 4 9 4112
10 4 10 0
10 4 11 4915
10 4 12 2018
10 4 13 4831
10 4 14 2670
10 4 15 3353
10 4 16 3972
10 4 17 1331
10 5 0 4105
10 5 1 4525
10 5 2 4236
10 5 3 7097
10 5 4 5425
10 5 5 0
10 5 6 6068
10 5 7 5607
10 5 8 7870
10 5 9 5088
10 5 10 0
10 5 11 4739
10 5 12 4321
10 5 13 3336
10 5 14 3961
10 5 15 1606
10 5 16 3771
10 5 17 1235
10 6 0 7072
10 6 1 9717
10 6 2 8065
10 6 3 7506
10 6 4 8530
10 6 5 6301
10 6 6 0
10 6 7 7898
10 6 8 9158
10 6 9 7896
10 6 10 0
10 6 11 4760
10 6 12 7162
10 6 13 3965
10 6 14 8354
10 6 15 5796
10 6 16 6035
10 6 17 7146
10 7 0 9156
10 7 1 8687
10 7 2 8109
10 7 3 9252
10 7 4 6193
10 7 5 7092
10 7 6 8957
10 7 7 0
10 7 8 6589
10 7 9 5533
10 7 10 0
10 7 11 5081
10 7 12 4866
10 7 13 3754
10 7 14 2891
10 7 15 3916
10 7 16 3728
10 7 17 3700
10 8 0 3513
10 8 1 1865
10 8 2 5706
10 8 3 3405
10 8 4 3021
10 8 5 2848
10 8 6 6396
10 8 7 6222
10 8 8 0
10 8 9 3173
10 8 10 0
10 8 11 5241
10 8 12 4131
10 8 13 5113
10 8 14 3655
10 8 15 3461
10 8 16 1829
10 8 17 5085
10 9 0 3801
10 9 1 3572
10 9 2 5343
10 9 3 4412
10 9 4 4905
10 9 5 2394
10 9 6 6656
10 9 7 5784
10 9 8 4293
10 9 9 0
10 9 10 0
10 9 11 5673
10 9 12 3395
10 9 13 5083
10 9 14 5358
10 9 15 3123
10 9 16 6934
10 9 17 4766
10 10 0 0
10 10 1 0
10 10 2 0
10 10 3 0
10 10 4 0
10 10 5 0
10 10 6 0
10 10 7 0
10 10 8 0
10 10 9 0
10 10 10 0
10 10 11 0
10 10 12 0
10 10 13 0
10 10 14 0
10 10 15 0
10 10 16 0
10 10 17 0
10 11 0 9412
10 11 1 7714
10 11 2 7773
10 11 3 8931
10 11 4 8992
10 11 5 9370
10 11 6 5973
10 11 7 7700
10 11 8 9635
10 11 9 7969
10 11 10 0
10 11 11 0
10 11 12 3766
10 11 13 3544
10 11 14 5184
10 11 15 1890
10 11 16 5499
10 11 17 4162
10 12 0 7297
10 12 1 5993
10 12 2 4392
10 12 3 8641
10 12 4 5588
10 12 5 8445
10 12 6 7868
10 12 7 6978
10 12 8 8018
10 12 9 5184
10 12 10 0
10 12 11 6651
10 12 12 0
10 12 13 5195
10 12 14 7806
10 12 15 5088
10 12 16 7382
10 12 17 6586
10 13 0 6522
10 13 1 3108
10 13 2 5435
10 13 3 6457
10 13 4 6951
10 13 5 6010
10 13 6 3221
10 13 7 4416
10 13 8 7550
10 13 9 5422
10 13 10 0
10 13 11 2835
10 13 12 5216
10 13 13 0
10 13 14 2806
10 13 15 4345
10 13 16 5737
10 13 17 1608
10 14 0 1729
10 14 1 1485
10 14 2 2021
10 14 3 4454
10 14 4 2741
10 14 5 4586
10 14 6 5561
10 14 7 1504
10 14 8 4043
10 14 9 3648
10 14 10 0
10 14 11 6402
10 14 12 9343
10 14 13 5577
10 14 14 0
10 14 15 9145
10 14 16 4965
10 14 17 7205
10 15 0 3021
10 15 1 4073
10 15 2 4904
10 15 3 4390
10 15 4 3490
10 15 5 2297
10 15 6 3069
10 15 7 2595
10 15 8 3915
10 15 9 1479
10 15 10 0
10 15 11 2974
10 15 12 2295
10 15 13 5437
10 15 14 5465
10 15 15 0
10 15 16 5232
10 15 17 5370
10 16 0 4048
10 16 1 4194
10 16 2 5779
10 16 3 1182
10 16 4 4411
10 16 5 4764
10 16 6 3610
10 16 7 2709
10 16 8 2585
10 16 9 5592
10 16 10 0
10 16 11 6399
10 16 12 9089
10 16 13 7801
10 16 14 6973
10 16 15 6160
10 16 16 0
10 16 17 9324
10 17 0 2811
10 17 1 3915
10 17 2 1916
10 17 3 1766
10 17 4 2214
10 17 5 2672
10 17 6 5165
10 17 7 3125
10 17 8 6285
10 17 9 3868
10 17 10 0
10 17 11 1865
10 17 12 2678
10 17 13 1247
10 17 14 5969
10 17 15 5910
10 17 16 3081
10 17 17 0
11 0 0 0
11 0 1 5102
11 0 2 5257
11 0 3 5845
11 0 4 9611
11 0 5 5357
11 0 6 4758
11 0 7 9169
11 0 8 4907
11 0 9 4799
11 0 10 5404
11 0 11 0
11 0 12 6155
11 0 13 6830
11 0 14 4086
11 0 15 5312
11 0 16 6037
11 0 17 4356
11 1 0 6982
11 1 1 0
11 1 2 5171
11 1 3 4393
11 1 4 5276
11 1 5 4322
11 1 6 4920
11 1 7 7485
11 1 8 5343
11 1 9 5184
11 1 10 4953
11 1 11 0
11 1 12 1866
11 1 13 431
11 1 14 857
11 1 15 3379
11 1 16 3198
11 1 17 2475
11 2 0 4612
11 2 1 7765
11 2 2 0
11 2 3 4069
11 2 4 6704
11 2 5 6486
11 2 6 8091
11 2 7 4588
11 2 8 7170
11 2 9 3237
11 2 10 7294
11 2 11 0
11 2 12 986
11 2 13 3479
11 2 14 2114
11 2 15 4931
11 2 16 5504
11 2 17 1197
11 3 0 4417
11 3 1 7601
11 3 2 8397
11 3 3 0
11 3 4 4471
11 3 5 8607
11 3 6 5583
11 3 7 7177
11 3 8 5080
11 3 9 9177
11 3 10 8487
11 3 11 0
11 3 12 8160
11 3 13 7426
11 3 14 7472
11 3 15 7342
11 3 16 3832
11 3 17 3972
11 4 0 7609
11 4 1 9172
11 4 2 4919
11 4 3 7639
11 4 4 0
11 4 5 8434
11 4 6 7074
11 4 7 8375
11 4 8 7402
11 4 9 5269
11 4 10 4915
11 4 11 0
11 4 12 6430
11 4 13 9243
11 4 14 7082
11 4 15 7765
11 4 16 8384
11 4 17 5743
11 5 0 5820
11 5 1 6240
11 5 2 5951
11 5 3 8812
11 5 4 7140
11 5 5 0
11 5 6 7783
11 5 7 7322
11 5 8 9585
11 5 9 6803
11 5 10 4739
11 5 11 0
11 5 12 9088
11 5 13 8103
11 5 14 8728
11 5 15 6373
11 5 16 8538
11 5 17 6002
11 6 0 3579
11 6 1 6224
11 6 2 4572
11 6 3 4013
11 6 4 5037
11 6 5 2808
11 6 6 0
11 6 7 4405
11 6 8 5665
11 6 9 4403
11 6 10 4760
11 6 11 0
11 6 12 8063
11 6 13 4866
11 6 14 9255
11 6 15 6697
11 6 16 6936
11 6 17 8047
11 7 0 7680
11 7 1 7211
11 7 2 6633
11 7 3 7776
11 7 4 4717
11 7 5 5616
11 7 6 7481
11 7 7 0
11 7 8 5113
11 7 9 4057
11 7 10 5081
11 7 11 0
11 7 12 6913
11 7 13 5801
11 7 14 4938
11 7 15 5963
11 7 16 5775
11 7 17 5747
11 8 0 6794
11 8 1 5146
11 8 2 8987
11 8 3 6686
11 8 4 6302
11 8 5 6129
11 8 6 9677
11 8 7 9503
11 8 8 0
11 8 9 6454
11 8 10 5241
11 8 11 0
11 8 12 6468
11 8 13 7450
11 8 14 5992
11 8 15 5798
11 8 16 4166
11 8 17 7422
11 9 0 5428
11 9 1 5199
11 9 2 6970
11 9 3 6039
11 9 4 6532
11 9 5 4021
11 9 6 8283
11 9 7 7411
11 9 8 5920
11 9 9 0
11 9 10 5673
11 9 11 0
11 9 12 4522
11 9 13 6210
11 9 14 6485
11 9 15 4250
11 9 16 8061
11 9 17 5893
11 10 0 2468
11 10 1 5907
11 10 2 2447
11 10 3 5867
11 10 4 4171
11 10 5 3991
11 10 6 5802
11 10 7 5512
11 10 8 2690
11 10 9 2678
11 10 10 0
11 10 11 0
11 10 12 7953
11 10 13 5696
11 10 14 9354
11 10 15 5206
11 10 16 9509
11 10 17 5633
11 11 0 0
11 11 1 0
11 11 2 0
11 11 3 0
11 11 4 0
11 11 5 0
11 11 6 0
11 11 7 0
11 11 8 0
11 11 9 0
11 11 10 0
11 11 11 0
11 11 12 0
11 11 13 0
11 11 14 0
11 11 15 0
11 11 16 0
11 11 17 0
11 12 0 6502
11 12 1 5198
11 12 2 3597
11 12 3 7846
11 12 4 4793
11 12 5 7650
11 12 6 7073
11 12 7 6183
11 12 8 7223
11 12 9 4389
11 12 10 6651
11 12 11 0
11 12 12 0
11 12 13 4672
11 12 14 7283
11 12 15 4565
11 12 16 6859
11 12 17 6063
11 13 0 5618
11 13 1 2204
11 13 2 4531
11 13 3 5553
11 13 4 6047
11 13 5 5106
11 13 6 2317
11 13 7 3512
11 13 8 6646
11 13 9 4518
11 13 10 2835
11 13 11 0
11 13 12 6728
11 13 13 0
11 13 14 4318
11 13 15 5857
11 13 16 7249
11 13 17 3120
11 14 0 2783
11 14 1 2539
11 14 2 3075
11 14 3 5508
11 14 4 3795
11 14 5 5640
11 14 6 6615
11 14 7 2558
11 14 8 5097
11 14 9 4702
11 14 10 6402
11 14 11 0
11 14 12 8837
11 14 13 5071
11 14 14 0
11 14 15 8639
11 14 16 4459
11 14 17 6699
11 15 0 4729
11 15 1 5781
11 15 2 6612
11 15 3 6098
11 15 4 5198
11 15 5 4005
11 15 6 4777
11 15 7 4303
11 15 8 5623
11 15 9 3187
11 15 10 2974
11 15 11 0
11 15 12 2643
11 15 13 5785
11 15 14 5813
11 15 15 0
11 15 16 5580
11 15 17 5718
11 16 0 4576
11 16 1 4722
11 16 2 6307
11 16 3 1710
11 16 4 4939
11 16 5 5292
11 16 6 4138
11 16 7 3237
11 16 8 3113
11 16 9 6120
11 16 10 6399
11 16 11 0
11 16 12 8743
11 16 13 7455
11 16 14 6627
11 16 15 5814
11 16 16 0
11 16 17 8978
11 17 0 2237
11 17 1 3341
11 17 2 1342
11 17 3 1192
11 17 4 1640
11 17 5 2098
11 17 6 4591
11 17 7 2551
11 17 8 5711
11 17 9 3294
11 17 10 1865
11 17 11 0
11 17 12 4871
11 17 13 3440
11 17 14 8162
11 17 15 8103
11 17 16 5274
11 17 17 0
12 0 0 0
12 0 1 3494
12 0 2 3649
12 0 3 4237
12 0 4 8003
12 0 5 3749
12 0 6 3150
12 0 7 7561
12 0 8 3299
12 0 9 3191
12 0 10 3796
12 0 11 6155
12 0 12 0
12 0 13 6840
12 0 14 4096
12 0 15 5322
12 0 16 6047
12 0 17 4366
12 1 0 5768
12 1 1 0
12 1 2 3957
12 1 3 3179
12 1 4 4062
12 1 5 3108
12 1 6 3706
12 1 7 6271
12 1 8 4129
12 1 9 3970
12 1 10 3739
12 1 11 1866
12 1 12 0
12 1 13 2119
12 1 14 2545
12 1 15 5067
12 1 16 4886
12 1 17 4163
12 2 0 1738
12 2 1 4891
12 2 2 0
12 2 3 1195
12 2 4 3830
12 2 5 3612
12 2 6 5217
12 2 7 1714
12 2 8 4296
12 2 9 363
12 2 10 4420
12 2 11 986
12 2 12 0
12 2 13 3068
12 2 14 1703
12 2 15 4520
12 2 16 5093
12 2 17 786
12 3 0 4634
12 3 1 7818
12 3 2 8614
12 3 3 0
12 3 4 4688
12 3 5 8824
12 3 6 5800
12 3 7 7394
12 3 8 5297
12 3 9 9394
12 3 10 8704
12 3 11 8160
12 3 12 0
12 3 13 7817
12 3 14 7863
12 3 15 7733
12 3 16 4223
12 3 17 4363
12 4 0 4712
12 4 1 6275
12 4 2 2022
12 4 3 4742
12 4 4 0
12 4 5 5537
12 4 6 4177
12 4 7 5478
12 4 8 4505
12 4 9 2372
12 4 10 2018
12 4 11 6430
12 4 12 0
12 4 13 6249
12 4 14 4088
12 4 15 4771
12 4 16 5390
12 4 17 2749
12 5 0 5402
12 5 1 5822
12 5 2 5533
12 5 3 8394
12 5 4 6722
12 5 5 0
12 5 6 7365
12 5 7 6904
12 5 8 9167
12 5 9 6385
12 5 10 4321
12 5 11 9088
12 5 12 0
12 5 13 4489
12 5 14 5114
12 5 15 2759
12 5 16 4924
12 5 17 2388
12 6 0 5981
12 6 1 8626
12 6 2 6974
12 6 3 6415
12 6 4 7439
12 6 5 5210
12 6 6 0
12 6 7 6807
12 6 8 8067
12 6 9 6805
12 6 10 7162
12 6 11 8063
12 6 12 0
12 6 13 2646
12 6 14 7035
12 6 15 4477
12 6 16 4716
12 6 17 5827
12 7 0 7465
12 7 1 6996
12 7 2 6418
12 7 3 7561
12 7 4 4502
12 7 5 5401
12 7 6 7266
12 7 7 0
12 7 8 4898
12 7 9 3842
12 7 10 4866
12 7 11 6913
12 7 12 0
12 7 13 5146
12 7 14 4283
12 7 15 5308
12 7 16 5120
12 7 17 5092
12 8 0 5684
12 8 1 4036
12 8 2 7877
12 8 3 5576
12 8 4 5192
12 8 5 5019
12 8 6 8567
12 8 7 8393
12 8 8 0
12 8 9 5344
12 8 10 4131
12 8 11 6468
12 8 12 0
12 8 13 5764
12 8 14 4306
12 8 15 4112
12 8 16 2480
12 8 17 5736
12 9 0 3150
12 9 1 2921
12 9 2 4692
12 9 3 3761
12 9 4 4254
12 9 5 1743
12 9 6 6005
12 9 7 5133
12 9 8 3642
12 9 9 0
12 9 10 3395
12 9 11 4522
12 9 12 0
12 9 13 7573
12 9 14 7848
12 9 15 5613
12 9 16 9424
12 9 17 7256
12 10 0 4767
12 10 1 8206
12 10 2 4746
12 10 3 8166
12 10 4 6470
12 10 5 6290
12 10 6 8101
12 10 7 7811
12 10 8 4989
12 10 9 4977
12 10 10 0
12 10 11 7953
12 10 12 0
12 10 13 5189
12 10 14 8847
12 10 15 4699
12 10 16 9002
12 10 17 5126
12 11 0 7524
12 11 1 5826
12 11 2 5885
12 11 3 7043
12 11 4 7104
12 11 5 7482
12 11 6 4085
12 11 7 5812
12 11 8 7747
12 11 9 6081
12 11 10 3766
12 11 11 0
12 11 12 0
12 11 13 5906
12 11 14 7546
12 11 15 4252
12 11 16 7861
12 11 17 6524
12 12 0 0
12 12 1 0
12 12 2 0
12 12 3 0
12 12 4 0
12 12 5 0
12 12 6 0
12 12 7 0
12 12 8 0
12 12 9 0
12 12 10 0
12 12 11 0
12 12 12 0
12 12 13 0
12 12 14 0
12 12 15 0
12 12 16 0
12 12 17 0
12 13 0 7999
12 13 1 4585
12 13 2 6912
12 13 3 7934
12 13 4 8428
12 13 5 7487
12 13 6 4698
12 13 7 5893
12 13 8 9027
12 13 9 6899
12 13 10 5216
12 13 11 6728
12 13 12 0
12 13 13 0
12 13 14 3670
12 13 15 5209
12 13 16 6601
12 13 17 2472
12 14 0 5724
12 14 1 5480
12 14 2 6016
12 14 3 8449
12 14 4 6736
12 14 5 8581
12 14 6 9556
12 14 7 5499
12 14 8 8038
12 14 9 7643
12 14 10 9343
12 14 11 8837
12 14 12 0
12 14 13 5394
12 14 14 0
12 14 15 8962
12 14 16 4782
12 14 17 7022
12 15 0 4050
12 15 1 5102
12 15 2 5933
12 15 3 5419
12 15 4 4519
12 15 5 3326
12 15 6 4098
12 15 7 3624
12 15 8 4944
12 15 9 2508
12 15 10 2295
12 15 11 2643
12 15 12 0
12 15 13 6684
12 15 14 6712
12 15 15 0
12 15 16 6479
12 15 17 6617
12 16 0 7266
12 16 1 7412
12 16 2 8997
12 16 3 4400
12 16 4 7629
12 16 5 7982
12 16 6 6828
12 16 7 5927
12 16 8 5803
12 16 9 8810
12 16 10 9089
12 16 11 8743
12 16 12 0
12 16 13 7039
12 16 14 6211
12 16 15 5398
12 16 16 0
12 16 17 8562
12 17 0 3050
12 17 1 4154
12 17 2 2155
12 17 3 2005
12 17 4 2453
12 17 5 2911
12 17 6 5404
12 17 7 3364
12 17 8 6524
12 17 9 4107
12 17 10 2678
12 17 11 4871
12 17 12 0
12 17 13 3565
12 17 14 8287
12 17 15 8228
12 17 16 5399
12 17 17 0
13 0 0 0
13 0 1 4169
13 0 2 4324
13 0 3 4912
13 0 4 8678
13 0 5 4424
13 0 6 3825
13 0 7 8236
13 0 8 3974
13 0 9 3866
13 0 10 4471
13 0 11 6830
13 0 12 6840
13 0 13 0
13 0 14 3924
13 0 15 5150
13 0 16 5875
13 0 17 4194
13 1 0 4333
13 1 1 0
13 1 2 2522
13 1 3 1744
13 1 4 2627
13 1 5 1673
13 1 6 2271
13 1 7 4836
13 1 8 2694
13 1 9 2535
13 1 10 2304
13 1 11 431
13 1 12 2119
13 1 13 0
13 1 14 1077
13 1 15 3599
13 1 16 3418
13 1 17 2695
13 2 0 4231
13 2 1 7384
13 2 2 0
13 2 3 3688
13 2 4 6323
13 2 5 6105
13 2 6 7710
13 2 7 4207
13 2 8 6789
13 2 9 2856
13 2 10 6913
13 2 11 3479
13 2 12 3068
13 2 13 0
13 2 14 3700
13 2 15 6517
13 2 16 7090
13 2 17 2783
13 3 0 3900
13 3 1 7084
13 3 2 7880
13 3 3 0
13 3 4 3954
13 3 5 8090
13 3 6 5066
13 3 7 6660
13 3 8 4563
13 3 9 8660
13 3 10 7970
13 3 11 7426
13 3 12 7817
13 3 13 0
13 3 14 7916
13 3 15 7786
13 3 16 4276
13 3 17 4416
13 4 0 7525
13 4 1 9088
13 4 2 4835
13 4 3 7555
13 4 4 0
13 4 5 8350
13 4 6 6990
13 4 7 8291
13 4 8 7318
13 4 9 5185
13 4 10 4831
13 4 11 9243
13 4 12 6249
13 4 13 0
13 4 14 3981
13 4 15 4664
13 4 16 5283
13 4 17 2642
13 5 0 4417
13 5 1 4837
13 5 2 4548
13 5 3 7409
13 5 4 5737
13 5 5 0
13 5 6 6380
13 5 7 5919
13 5 8 8182
13 5 9 5400
13 5 10 3336
13 5 11 8103
13 5 12 4489
13 5 13 0
13 5 14 5175
13 5 15 2820
13 5 16 4985
13 5 17 2449
13 6 0 2784
13 6 1 5429
13 6 2 3777
13 6 3 3218
13 6 4 4242
13 6 5 2013
13 6 6 0
13 6 7 3610
13 6 8 4870
13 6 9 3608
13 6 10 3965
13 6 11 4866
13 6 12 2646
13 6 13 0
13 6 14 8857
13 6 15 6299
13 6 16 6538
13 6 17 7649
13 7 0 6353
13 7 1 5884
13 7 2 5306
13 7 3 6449
13 7 4 3390
13 7 5 4289
13 7 6 6154
13 7 7 0
13 7 8 3786
13 7 9 2730
13 7 10 3754
13 7 11 5801
13 7 12 5146
13 7 13 0
13 7 14 1065
13 7 15 2090
13 7 16 1902
13 7 17 1874
13 8 0 6666
13 8 1 5018
13 8 2 8859
13 8 3 6558
13 8 4 6174
13 8 5 6001
13 8 6 9549
13 8 7 9375
13 8 8 0
13 8 9 6326
13 8 10 5113
13 8 11 7450
13 8 12 5764
13 8 13 0
13 8 14 4326
13 8 15 4132
13 8 16 2500
13 8 17 5756
13 9 0 4838
13 9 1 4609
13 9 2 6380
13 9 3 5449
13 9 4 5942
13 9 5 3431
13 9 6 7693
13 9 7 6821
13 9 8 5330
13 9 9 0
13 9 10 5083
13 9 11 6210
13 9 12 7573
13 9 13 0
13 9 14 3956
13 9 15 1721
13 9 16 5532
13 9 17 3364
13 10 0 2510
13 10 1 5949
13 10 2 2489
13 10 3 5909
13 10 4 4213
13 10 5 4033
13 10 6 5844
13 10 7 5554
13 10 8 2732
13 10 9 2720
13 10 10 0
13 10 11 5696
13 10 12 5189
13 10 13 0
13 10 14 7397
13 10 15 3249
13 10 16 7552
13 10 17 3676
13 11 0 7302
13 11 1 5604
13 11 2 5663
13 11 3 6821
13 11 4 6882
13 11 5 7260
13 11 6 3863
13 11 7 5590
13 11 8 7525
13 11 9 5859
13 11 10 3544
13 11 11 0
13 11 12 5906
13 11 13 0
13 11 14 5987
13 11 15 2693
13 11 16 6302
13 11 17 4965
13 12 0 5046
13 12 1 3742
13 12 2 2141
13 12 3 6390
13 12 4 3337
13 12 5 6194
13 12 6 5617
13 12 7 4727
13 12 8 5767
13 12 9 2933
13 12 10 5195
13 12 11 4672
13 12 12 0
13 12 13 0
13 12 14 8691
13 12 15 5973
13 12 16 8267
13 12 17 7471
13 13 0 0
13 13 1 0
13 13 2 0
13 13 3 0
13 13 4 0
13 13 5 0
13 13 6 0
13 13 7 0
13 13 8 0
13 13 9 0
13 13 10 0
13 13 11 0
13 13 12 0
13 13 13 0
13 13 14 0
13 13 15 0
13 13 16 0
13 13 17 0
13 14 0 1958
13 14 1 1714
13 14 2 2250
13 14 3 4683
13 14 4 2970
13 14 5 4815
13 14 6 5790
13 14 7 1733
13 14 8 4272
13 14 9 3877
13 14 10 5577
13 14 11 5071
13 14 12 5394
13 14 13 0
13 14 14 0
13 14 15 6219
13 14 16 2039
13 14 17 4279
13 15 0 7192
13 15 1 8244
13 15 2 9075
13 15 3 8561
13 15 4 7661
13 15 5 6468
13 15 6 7240
13 15 7 6766
13 15 8 8086
13 15 9 5650
13 15 10 5437
13 15 11 5785
13 15 12 6684
13 15 13 0
13 15 14 8226
13 15 15 0
13 15 16 7993
13 15 17 8131
13 16 0 5978
13 16 1 6124
13 16 2 7709
13 16 3 3112
13 16 4 6341
13 16 5 6694
13 16 6 5540
13 16 7 4639
13 16 8 4515
13 16 9 7522
13 16 10 7801
13 16 11 7455
13 16 12 7039
13 16 13 0
13 16 14 6823
13 16 15 6010
13 16 16 0
13 16 17 9174
13 17 0 1619
13 17 1 2723
13 17 2 724
13 17 3 574
13 17 4 1022
13 17 5 1480
13 17 6 3973
13 17 7 1933
13 17 8 5093
13 17 9 2676
13 17 10 1247
13 17 11 3440
13 17 12 3565
13 17 13 0
13 17 14 5566
13 17 15 5507
13 17 16 2678
13 17 17 0
14 0 0 0
14 0 1 1425
14 0 2 1580
14 0 3 2168
14 0 4 5934
14 0 5 1680
14 0 6 1081
14 0 7 5492
14 0 8 1230
14 0 9 1122
14 0 10 1727
14 0 11 4086
14 0 12 4096
14 0 13 3924
14 0 14 0
14 0 15 2317
14 0 16 3042
14 0 17 1361
14 1 0 4759
14 1 1 0
14 1 2 2948
14 1 3 2170
14 1 4 3053
14 1 5 2099
14 1 6 2697
14 1 7 5262
14 1 8 3120
14 1 9 2961
14 1 10 2730
14 1 11 857
14 1 12 2545
14 1 13 1077
14 1 14 0
14 1 15 5811
14 1 16 5630
14 1 17 4907
14 2 0 2866
14 2 1 6019
14 2 2 0
14 2 3 2323
14 2 4 4958
14 2 5 4740
14 2 6 6345
14 2 7 2842
14 2 8 5424
14 2 9 1491
14 2 10 5548
14 2 11 2114
14 2 12 1703
14 2 13 3700
14 2 14 0
14 2 15 8396
14 2 16 8969
14 2 17 4662
14 3 0 3946
14 3 1 7130
14 3 2 7926
14 3 3 0
14 3 4 4000
14 3 5 8136
14 3 6 5112
14 3 7 6706
14 3 8 4609
14 3 9 8706
14 3 10 8016
14 3 11 7472
14 3 12 7863
14 3 13 7916
14 3 14 0
14 3 15 3689
14 3 16 179
14 3 17 319
14 4 0 5364
14 4 1 6927
14 4 2 2674
14 4 3 5394
14 4 4 0
14 4 5 6189
14 4 6 4829
14 4 7 6130
14 4 8 5157
14 4 9 3024
14 4 10 2670
14 4 11 7082
14 4 12 4088
14 4 13 3981
14 4 14 0
14 4 15 3405
14 4 16 4024
14 4 17 1383
14 5 0 5042
14 5 1 5462
14 5 2 5173
14 5 3 8034
14 5 4 6362
14 5 5 0
14 5 6 7005
14 5 7 6544
14 5 8 8807
14 5 9 6025
14 5 10 3961
14 5 11 8728
14 5 12 5114
14 5 13 5175
14 5 14 0
14 5 15 2503
14 5 16 4668
14 5 17 2132
14 6 0 7173
14 6 1 9818
14 6 2 8166
14 6 3 7607
14 6 4 8631
14 6 5 6402
14 6 6 0
14 6 7 7999
14 6 8 9259
14 6 9 7997
14 6 10 8354
14 6 11 9255
14 6 12 7035
14 6 13 8857
14 6 14 0
14 6 15 4759
14 6 16 4998
14 6 17 6109
14 7 0 5490
14 7 1 5021
14 7 2 4443
14 7 3 5586
14 7 4 2527
14 7 5 3426
14 7 6 5291
14 7 7 0
14 7 8 2923
14 7 9 1867
14 7 10 2891
14 7 11 4938
14 7 12 4283
14 7 13 1065
14 7 14 0
14 7 15 5203
14 7 16 5015
14 7 17 4987
14 8 0 5208
14 8 1 3560
14 8 2 7401
14 8 3 5100
14 8 4 4716
14 8 5 4543
14 8 6 8091
14 8 7 7917
14 8 8 0
14 8 9 4868
14 8 10 3655
14 8 11 5992
14 8 12 4306
14 8 13 4326
14 8 14 0
14 8 15 6928
14 8 16 5296
14 8 17 8552
14 9 0 5113
14 9 1 4884
14 9 2 6655
14 9 3 5724
14 9 4 6217
14 9 5 3706
14 9 6 7968
14 9 7 7096
14 9 8 5605
14 9 9 0
14 9 10 5358
14 9 11 6485
14 9 12 7848
14 9 13 3956
14 9 14 0
14 9 15 5679
14 9 16 9490
14 9 17 7322
14 10 0 6168
14 10 1 9607
14 10 2 6147
14 10 3 9567
14 10 4 7871
14 10 5 7691
14 10 6 9502
14 10 7 9212
14 10 8 6390
14 10 9 6378
14 10 10 0
14 10 11 9354
14 10 12 8847
14 10 13 7397
14 10 14 0
14 10 15 1200
14 10 16 5503
14 10 17 1627
14 11 0 8942
14 11 1 7244
14 11 2 7303
14 11 3 8461
14 11 4 8522
14 11 5 8900
14 11 6 5503
14 11 7 7230
14 11 8 9165
14 11 9 7499
14 11 10 5184
14 11 11 0
14 11 12 7546
14 11 13 5987
14 11 14 0
14 11 15 2602
14 11 16 6211
14 11 17 4874
14 12 0 7657
14 12 1 6353
14 12 2 4752
14 12 3 9001
14 12 4 5948
14 12 5 8805
14 12 6 8228
14 12 7 7338
14 12 8 8378
14 12 9 5544
14 12 10 7806
14 12 11 7283
14 12 12 0
14 12 13 8691
14 12 14 0
14 12 15 6442
14 12 16 8736
14 12 17 7940
14 13 0 5589
14 13 1 2175
14 13 2 4502
14 13 3 5524
14 13 4 6018
14 13 5 5077
14 13 6 2288
14 13 7 3483
14 13 8 6617
14 13 9 4489
14 13 10 2806
14 13 11 4318
14 13 12 3670
14 13 13 0
14 13 14 0
14 13 15 4190
14 13 16 5582
14 13 17 1453
14 14 0 0
14 14 1 0
14 14 2 0
14 14 3 0
14 14 4 0
14 14 5 0
14 14 6 0
14 14 7 0
14 14 8 0
14 14 9 0
14 14 10 0
14 14 11 0
14 14 12 0
14 14 13 0
14 14 14 0
14 14 15 0
14 14 16 0
14 14 17 0
14 15 0 7220
14 15 1 8272
14 15 2 9103
14 15 3 8589
14 15 4 7689
14 15 5 6496
14 15 6 7268
14 15 7 6794
14 15 8 8114
14 15 9 5678
14 15 10 5465
14 15 11 5813
14 15 12 6712
14 15 13 8226
14 15 14 0
14 15 15 0
14 15 16 9135
14 15 17 9273
14 16 0 5150
14 16 1 5296
14 16 2 6881
14 16 3 2284
14 16 4 5513
14 16 5 5866
14 16 6 4712
14 16 7 3811
14 16 8 3687
14 16 9 6694
14 16 10 6973
14 16 11 6627
14 16 12 6211
14 16 13 6823
14 16 14 0
14 16 15 1580
14 16 16 0
14 16 17 4744
14 17 0 6341
14 17 1 7445
14 17 2 5446
14 17 3 5296
14 17 4 5744
14 17 5 6202
14 17 6 8695
14 17 7 6655
14 17 8 9815
14 17 9 7398
14 17 10 5969
14 17 11 8162
14 17 12 8287
14 17 13 5566
14 17 14 0
14 17 15 7446
14 17 16 4617
14 17 17 0
15 0 0 0
15 0 1 2651
15 0 2 2806
15 0 3 3394
15 0 4 7160
15 0 5 2906
15 0 6 2307
15 0 7 6718
15 0 8 2456
15 0 9 2348
15 0 10 2953
15 0 11 5312
15 0 12 5322
15 0 13 5150
15 0 14 2317
15 0 15 0
15 0 16 6483
15 0 17 4802
15 1 0 7281
15 1 1 0
15 1 2 5470
15 1 3 4692
15 1 4 5575
15 1 5 4621
15 1 6 5219
15 1 7 7784
15 1 8 5642
15 1 9 5483
15 1 10 5252
15 1 11 3379
15 1 12 5067
15 1 13 3599
15 1 14 5811
15 1 15 0
15 1 16 6128
15 1 17 5405
15 2 0 5683
15 2 1 8836
15 2 2 0
15 2 3 5140
15 2 4 7775
15 2 5 7557
15 2 6 9162
15 2 7 5659
15 2 8 8241
15 2 9 4308
15 2 10 8365
15 2 11 4931
15 2 12 4520
15 2 13 6517
15 2 14 8396
15 2 15 0
15 2 16 6313
15 2 17 2006
15 3 0 3816
15 3 1 7000
15 3 2 7796
15 3 3 0
15 3 4 3870
15 3 5 8006
15 3 6 4982
15 3 7 6576
15 3 8 4479
15 3 9 8576
15 3 10 7886
15 3 11 7342
15 3 12 7733
15 3 13 7786
15 3 14 3689
15 3 15 0
15 3 16 1053
15 3 17 1193
15 4 0 6047
15 4 1 7610
15 4 2 3357
15 4 3 6077
15 4 4 0
15 4 5 6872
15 4 6 5512
15 4 7 6813
15 4 8 5840
15 4 9 3707
15 4 10 3353
15 4 11 7765
15 4 12 4771
15 4 13 4664
15 4 14 3405
15 4 15 0
15 4 16 3648
15 4 17 1007
15 5 0 2687
15 5 1 3107
15 5 2 2818
15 5 3 5679
15 5 4 4007
15 5 5 0
15 5 6 4650
15 5 7 4189
15 5 8 6452
15 5 9 3670
15 5 10 1606
15 5 11 6373
15 5 12 2759
15 5 13 2820
15 5 14 2503
15 5 15 0
15 5 16 7301
15 5 17 4765
15 6 0 4615
15 6 1 7260
15 6 2 5608
15 6 3 5049
15 6 4 6073
15 6 5 3844
15 6 6 0
15 6 7 5441
15 6 8 6701
15 6 9 5439
15 6 10 5796
15 6 11 6697
15 6 12 4477
15 6 13 6299
15 6 14 4759
15 6 15 0
15 6 16 2821
15 6 17 3932
15 7 0 6515
15 7 1 6046
15 7 2 5468
15 7 3 6611
15 7 4 3552
15 7 5 4451
15 7 6 6316
15 7 7 0
15 7 8 3948
15 7 9 2892
15 7 10 3916
15 7 11 5963
15 7 12 5308
15 7 13 2090
15 7 14 5203
15 7 15 0
15 7 16 2041
15 7 17 2013
15 8 0 5014
15 8 1 3366
15 8 2 7207
15 8 3 4906
15 8 4 4522
15 8 5 4349
15 8 6 7897
15 8 7 7723
15 8 8 0
15 8 9 4674
15 8 10 3461
15 8 11 5798
15 8 12 4112
15 8 13 4132
15 8 14 6928
15 8 15 0
15 8 16 1586
15 8 17 4842
15 9 0 2878
15 9 1 2649
15 9 2 4420
15 9 3 3489
15 9 4 3982
15 9 5 1471
15 9 6 5733
15 9 7 4861
15 9 8 3370
15 9 9 0
15 9 10 3123
15 9 11 4250
15 9 12 5613
15 9 13 1721
15 9 14 5679
15 9 15 0
15 9 16 5258
15 9 17 3090
15 10 0 2020
15 10 1 5459
15 10 2 1999
15 10 3 5419
15 10 4 3723
15 10 5 3543
15 10 6 5354
15 10 7 5064
15 10 8 2242
15 10 9 2230
15 10 10 0
15 10 11 5206
15 10 12 4699
15 10 13 3249
15 10 14 1200
15 10 15 0
15 10 16 5569
15 10 17 1693
15 11 0 5648
15 11 1 3950
15 11 2 4009
15 11 3 5167
15 11 4 5228
15 11 5 5606
15 11 6 2209
15 11 7 3936
15 11 8 5871
15 11 9 4205
15 11 10 1890
15 11 11 0
15 11 12 4252
15 11 13 2693
15 11 14 2602
15 11 15 0
15 11 16 6931
15 11 17 5594
15 12 0 4939
15 12 1 3635
15 12 2 2034
15 12 3 6283
15 12 4 3230
15 12 5 6087
15 12 6 5510
15 12 7 4620
15 12 8 5660
15 12 9 2826
15 12 10 5088
15 12 11 4565
15 12 12 0
15 12 13 5973
15 12 14 6442
15 12 15 0
15 12 16 5836
15 12 17 5040
15 13 0 7128
15 13 1 3714
15 13 2 6041
15 13 3 7063
15 13 4 7557
15 13 5 6616
15 13 6 3827
15 13 7 5022
15 13 8 8156
15 13 9 6028
15 13 10 4345
15 13 11 5857
15 13 12 5209
15 13 13 0
15 13 14 4190
15 13 15 0
15 13 16 9590
15 13 17 5461
15 14 0 5526
15 14 1 5282
15 14 2 5818
15 14 3 8251
15 14 4 6538
15 14 5 8383
15 14 6 9358
15 14 7 5301
15 14 8 7840
15 14 9 7445
15 14 10 9145
15 14 11 8639
15 14 12 8962
15 14 13 6219
15 14 14 0
15 14 15 0
15 14 16 5188
15 14 17 7428
15 15 0 0
15 15 1 0
15 15 2 0
15 15 3 0
15 15 4 0
15 15 5 0
15 15 6 0
15 15 7 0
15 15 8 0
15 15 9 0
15 15 10 0
15 15 11 0
15 15 12 0
15 15 13 0
15 15 14 0
15 15 15 0
15 15 16 0
15 15 17 0
15 16 0 4337
15 16 1 4483
15 16 2 6068
15 16 3 1471
15 16 4 4700
15 16 5 5053
15 16 6 3899
15 16 7 2998
15 16 8 2874
15 16 9 5881
15 16 10 6160
15 16 11 5814
15 16 12 5398
15 16 13 6010
15 16 14 1580
15 16 15 0
15 16 16 0
15 16 17 9159
15 17 0 6282
15 17 1 7386
15 17 2 5387
15 17 3 5237
15 17 4 5685
15 17 5 6143
15 17 6 8636
15 17 7 6596
15 17 8 9756
15 17 9 7339
15 17 10 5910
15 17 11 8103
15 17 12 8228
15 17 13 5507
15 17 14 7446
15 17 15 0
15 17 16 6930
15 17 17 0
16 0 0 0
16 0 1 3376
16 0 2 3531
16 0 3 4119
16 0 4 7885
16 0 5 3631
16 0 6 3032
16 0 7 7443
16 0 8 3181
16 0 9 3073
16 0 10 3678
16 0 11 6037
16 0 12 6047
16 0 13 5875
16 0 14 3042
16 0 15 6483
16 0 16 0
16 0 17 4936
16 1 0 7100
16 1 1 0
16 1 2 5289
16 1 3 4511
16 1 4 5394
16 1 5 4440
16 1 6 5038
16 1 7 7603
16 1 8 5461
16 1 9 5302
16 1 10 5071
16 1 11 3198
16 1 12 4886
16 1 13 3418
16 1 14 5630
16 1 15 6128
16 1 16 0
16 1 17 4393
16 2 0 6256
16 2 1 9409
16 2 2 0
16 2 3 5713
16 2 4 8348
16 2 5 8130
16 2 6 9735
16 2 7 6232
16 2 8 8814
16 2 9 4881
16 2 10 8938
16 2 11 5504
16 2 12 5093
16 2 13 7090
16 2 14 8969
16 2 15 6313
16 2 16 0
16 2 17 5196
16 3 0 306
16 3 1 3490
16 3 2 4286
16 3 3 0
16 3 4 360
16 3 5 4496
16 3 6 1472
16 3 7 3066
16 3 8 969
16 3 9 5066
16 3 10 4376
16 3 11 3832
16 3 12 4223
16 3 13 4276
16 3 14 179
16 3 15 1053
16 3 16 0
16 3 17 4979
16 4 0 6666
16 4 1 8229
16 4 2 3976
16 4 3 6696
16 4 4 0
16 4 5 7491
16 4 6 6131
16 4 7 7432
16 4 8 6459
16 4 9 4326
16 4 10 3972
16 4 11 8384
16 4 12 5390
16 4 13 5283
16 4 14 4024
16 4 15 3648
16 4 16 0
16 4 17 5302
16 5 0 4852
16 5 1 5272
16 5 2 4983
16 5 3 7844
16 5 4 6172
16 5 5 0
16 5 6 6815
16 5 7 6354
16 5 8 8617
16 5 9 5835
16 5 10 3771
16 5 11 8538
16 5 12 4924
16 5 13 4985
16 5 14 4668
16 5 15 7301
16 5 16 0
16 5 17 2227
16 6 0 4854
16 6 1 7499
16 6 2 5847
16 6 3 5288
16 6 4 6312
16 6 5 4083
16 6 6 0
16 6 7 5680
16 6 8 6940
16 6 9 5678
16 6 10 6035
16 6 11 6936
16 6 12 4716
16 6 13 6538
16 6 14 4998
16 6 15 2821
16 6 16 0
16 6 17 8297
16 7 0 6327
16 7 1 5858
16 7 2 5280
16 7 3 6423
16 7 4 3364
16 7 5 4263
16 7 6 6128
16 7 7 0
16 7 8 3760
16 7 9 2704
16 7 10 3728
16 7 11 5775
16 7 12 5120
16 7 13 1902
16 7 14 5015
16 7 15 2041
16 7 16 0
16 7 17 6607
16 8 0 3382
16 8 1 1734
16 8 2 5575
16 8 3 3274
16 8 4 2890
16 8 5 2717
16 8 6 6265
16 8 7 6091
16 8 8 0
16 8 9 3042
16 8 10 1829
16 8 11 4166
16 8 12 2480
16 8 13 2500
16 8 14 5296
16 8 15 1586
16 8 16 0
16 8 17 5620
16 9 0 6689
16 9 1 6460
16 9 2 8231
16 9 3 7300
16 9 4 7793
16 9 5 5282
16 9 6 9544
16 9 7 8672
16 9 8 7181
16 9 9 0
16 9 10 6934
16 9 11 8061
16 9 12 9424
16 9 13 5532
16 9 14 9490
16 9 15 5258
16 9 16 0
16 9 17 5000
16 10 0 6323
16 10 1 9762
16 10 2 6302
16 10 3 9722
16 10 4 8026
16 10 5 7846
16 10 6 9657
16 10 7 9367
16 10 8 6545
16 10 9 6533
16 10 10 0
16 10 11 9509
16 10 12 9002
16 10 13 7552
16 10 14 5503
16 10 15 5569
16 10 16 0
16 10 17 1995
16 11 0 9257
16 11 1 7559
16 11 2 7618
16 11 3 8776
16 11 4 8837
16 11 5 9215
16 11 6 5818
16 11 7 7545
16 11 8 9480
16 11 9 7814
16 11 10 5499
16 11 11 0
16 11 12 7861
16 11 13 6302
16 11 14 6211
16 11 15 6931
16 11 16 0
16 11 17 4716
16 12 0 7233
16 12 1 5929
16 12 2 4328
16 12 3 8577
16 12 4 5524
16 12 5 8381
16 12 6 7804
16 12 7 6914
16 12 8 7954
16 12 9 5120
16 12 10 7382
16 12 11 6859
16 12 12 0
16 12 13 8267
16 12 14 8736
16 12 15 5836
16 12 16 0
16 12 17 7531
16 13 0 8520
16 13 1 5106
16 13 2 7433
16 13 3 8455
16 13 4 8949
16 13 5 8008
16 13 6 5219
16 13 7 6414
16 13 8 9548
16 13 9 7420
16 13 10 5737
16 13 11 7249
16 13 12 6601
16 13 13 0
16 13 14 5582
16 13 15 9590
16 13 16 0
16 13 17 3522
16 14 0 1346
16 14 1 1102
16 14 2 1638
16 14 3 4071
16 14 4 2358
16 14 5 4203
16 14 6 5178
16 14 7 1121
16 14 8 3660
16 14 9 3265
16 14 10 4965
16 14 11 4459
16 14 12 4782
16 14 13 2039
16 14 14 0
16 14 15 5188
16 14 16 0
16 14 17 4633
16 15 0 6987
16 15 1 8039
16 15 2 8870
16 15 3 8356
16 15 4 7456
16 15 5 6263
16 15 6 7035
16 15 7 6561
16 15 8 7881
16 15 9 5445
16 15 10 5232
16 15 11 5580
16 15 12 6479
16 15 13 7993
16 15 14 9135
16 15 15 0
16 15 16 0
16 15 17 6133
16 16 0 0
16 16 1 0
16 16 2 0
16 16 3 0
16 16 4 0
16 16 5 0
16 16 6 0
16 16 7 0
16 16 8 0
16 16 9 0
16 16 10 0
16 16 11 0
16 16 12 0
16 16 13 0
16 16 14 0
16 16 15 0
16 16 16 0
16 16 17 0
16 17 0 3453
16 17 1 4557
16 17 2 2558
16 17 3 2408
16 17 4 2856
16 17 5 3314
16 17 6 5807
16 17 7 3767
16 17 8 6927
16 17 9 4510
16 17 10 3081
16 17 11 5274
16 17 12 5399
16 17 13 2678
16 17 14 4617
16 17 15 6930
16 17 16 0
16 17 17 0
17 0 0 0
17 0 1 1695
17 0 2 1850
17 0 3 2438
17 0 4 6204
17 0 5 1950
17 0 6 1351
17 0 7 5762
17 0 8 1500
17 0 9 1392
17 0 10 1997
17 0 11 4356
17 0 12 4366
17 0 13 4194
17 0 14 1361
17 0 15 4802
17 0 16 4936
17 0 17 0
17 1 0 6377
17 1 1 0
17 1 2 4566
17 1 3 3788
17 1 4 4671
17 1 5 3717
17 1 6 4315
17 1 7 6880
17 1 8 4738
17 1 9 4579
17 1 10 4348
17 1 11 2475
17 1 12 4163
17 1 13 2695
17 1 14 4907
17 1 15 5405
17 1 16 4393
17 1 17 0
17 2 0 1949
17 2 1 5102
17 2 2 0
17 2 3 1406
17 2 4 4041
17 2 5 3823
17 2 6 5428
17 2 7 1925
17 2 8 4507
17 2 9 574
17 2 10 4631
17 2 11 1197
17 2 12 786
17 2 13 2783
17 2 14 4662
17 2 15 2006
17 2 16 5196
17 2 17 0
17 3 0 446
17 3 1 3630
17 3 2 4426
17 3 3 0
17 3 4 500
17 3 5 4636
17 3 6 1612
17 3 7 3206
17 3 8 1109
17 3 9 5206
17 3 10 4516
17 3 11 3972
17 3 12 4363
17 3 13 4416
17 3 14 319
17 3 15 1193
17 3 16 4979
17 3 17 0
17 4 0 4025
17 4 1 5588
17 4 2 1335
17 4 3 4055
17 4 4 0
17 4 5 4850
17 4 6 3490
17 4 7 4791
17 4 8 3818
17 4 9 1685
17 4 10 1331
17 4 11 5743
17 4 12 2749
17 4 13 2642
17 4 14 1383
17 4 15 1007
17 4 16 5302
17 4 17 0
17 5 0 2316
17 5 1 2736
17 5 2 2447
17 5 3 5308
17 5 4 3636
17 5 5 0
17 5 6 4279
17 5 7 3818
17 5 8 6081
17 5 9 3299
17 5 10 1235
17 5 11 6002
17 5 12 2388
17 5 13 2449
17 5 14 2132
17 5 15 4765
17 5 16 2227
17 5 17 0
17 6 0 5965
17 6 1 8610
17 6 2 6958
17 6 3 6399
17 6 4 7423
17 6 5 5194
17 6 6 0
17 6 7 6791
17 6 8 8051
17 6 9 6789
17 6 10 7146
17 6 11 8047
17 6 12 5827
17 6 13 7649
17 6 14 6109
17 6 15 3932
17 6 16 8297
17 6 17 0
17 7 0 6299
17 7 1 5830
17 7 2 5252
17 7 3 6395
17 7 4 3336
17 7 5 4235
17 7 6 6100
17 7 7 0
17 7 8 3732
17 7 9 2676
17 7 10 3700
17 7 11 5747
17 7 12 5092
17 7 13 1874
17 7 14 4987
17 7 15 2013
17 7 16 6607
17 7 17 0
17 8 0 6638
17 8 1 4990
17 8 2 8831
17 8 3 6530
17 8 4 6146
17 8 5 5973
17 8 6 9521
17 8 7 9347
17 8 8 0
17 8 9 6298
17 8 10 5085
17 8 11 7422
17 8 12 5736
17 8 13 5756
17 8 14 8552
17 8 15 4842
17 8 16 5620
17 8 17 0
17 9 0 4521
17 9 1 4292
17 9 2 6063
17 9 3 5132
17 9 4 5625
17 9 5 3114
17 9 6 7376
17 9 7 6504
17 9 8 5013
17 9 9 0
17 9 10 4766
17 9 11 5893
17 9 12 7256
17 9 13 3364
17 9 14 7322
17 9 15 3090
17 9 16 5000
17 9 17 0
17 10 0 2447
17 10 1 5886
17 10 2 2426
17 10 3 5846
17 10 4 4150
17 10 5 3970
17 10 6 5781
17 10 7 5491
17 10 8 2669
17 10 9 2657
17 10 10 0
17 10 11 5633
17 10 12 5126
17 10 13 3676
17 10 14 1627
17 10 15 1693
17 10 16 1995
17 10 17 0
17 11 0 7920
17 11 1 6222
17 11 2 6281
17 11 3 7439
17 11 4 7500
17 11 5 7878
17 11 6 4481
17 11 7 6208
17 11 8 8143
17 11 9 6477
17 11 10 4162
17 11 11 0
17 11 12 6524
17 11 13 4965
17 11 14 4874
17 11 15 5594
17 11 16 4716
17 11 17 0
17 12 0 6437
17 12 1 5133
17 12 2 3532
17 12 3 7781
17 12 4 4728
17 12 5 7585
17 12 6 7008
17 12 7 6118
17 12 8 7158
17 12 9 4324
17 12 10 6586
17 12 11 6063
17 12 12 0
17 12 13 7471
17 12 14 7940
17 12 15 5040
17 12 16 7531
17 12 17 0
17 13 0 4391
17 13 1 977
17 13 2 3304
17 13 3 4326
17 13 4 4820
17 13 5 3879
17 13 6 1090
17 13 7 2285
17 13 8 5419
17 13 9 3291
17 13 10 1608
17 13 11 3120
17 13 12 2472
17 13 13 0
17 13 14 1453
17 13 15 5461
17 13 16 3522
17 13 17 0
17 14 0 3586
17 14 1 3342
17 14 2 3878
17 14 3 6311
17 14 4 4598
17 14 5 6443
17 14 6 7418
17 14 7 3361
17 14 8 5900
17 14 9 5505
17 14 10 7205
17 14 11 6699
17 14 12 7022
17 14 13 4279
17 14 14 0
17 14 15 7428
17 14 16 4633
17 14 17 0
17 15 0 7125
17 15 1 8177
17 15 2 9008
17 15 3 8494
17 15 4 7594
17 15 5 6401
17 15 6 7173
17 15 7 6699
17 15 8 8019
17 15 9 5583
17 15 10 5370
17 15 11 5718
17 15 12 6617
17 15 13 8131
17 15 14 9273
17 15 15 0
17 15 16 6133
17 15 17 0
17 16 0 7501
17 16 1 7647
17 16 2 9232
17 16 3 4635
17 16 4 7864
17 16 5 8217
17 16 6 7063
17 16 7 6162
17 16 8 6038
17 16 9 9045
17 16 10 9324
17 16 11 8978
17 16 12 8562
17 16 13 9174
17 16 14 4744
17 16 15 9159
17 16 16 0
17 16 17 0
17 17 0 0
17 17 1 0
17 17 2 0
17 17 3 0
17 17 4 0
17 17 5 0
17 17 6 0
17 17 7 0
17 17 8 0
17 17 9 0
17 17 10 0
17 17 11 0
17 17 12 0
17 17 13 0
17 17 14 0
17 17 15 0
17 17 16 0
17 17 17 0
