10
0 0 0 0
0 0 1 0
0 0 2 0
0 0 3 0
0 0 4 0
0 0 5 0
0 0 6 0
0 0 7 0
0 0 8 0
0 0 9 0
0 1 0 0
0 1 1 0
0 1 2 4841
0 1 3 3483
0 1 4 2476
0 1 5 5115
0 1 6 3717
0 1 7 1048
0 1 8 5394
0 1 9 2156
0 2 0 0
0 2 1 4918
0 2 2 0
0 2 3 7326
0 2 4 4444
0 2 5 9054
0 2 6 4621
0 2 7 6128
0 2 8 4300
0 2 9 5422
0 3 0 0
0 3 1 6208
0 3 2 4179
0 3 3 0
0 3 4 4936
0 3 5 3473
0 3 6 5954
0 3 7 4262
0 3 8 2115
0 3 9 2566
0 4 0 0
0 4 1 8134
0 4 2 4967
0 4 3 7357
0 4 4 0
0 4 5 5763
0 4 6 5905
0 4 7 8353
0 4 8 9170
0 4 9 8385
0 5 0 0
0 5 1 3149
0 5 2 4966
0 5 3 5590
0 5 4 5415
0 5 5 0
0 5 6 4933
0 5 7 1886
0 5 8 4622
0 5 9 2186
0 6 0 0
0 6 1 5254
0 6 2 4071
0 6 3 7217
0 6 4 5060
0 6 5 6615
0 6 6 0
0 6 7 5200
0 6 8 4390
0 6 9 7297
0 7 0 0
0 7 1 5417
0 7 2 5251
0 7 3 4771
0 7 4 5523
0 7 5 6229
0 7 6 3028
0 7 7 0
0 7 8 6542
0 7 9 6905
0 8 0 0
0 8 1 4242
0 8 2 6656
0 8 3 8075
0 8 4 7667
0 8 5 4683
0 8 6 4091
0 8 7 4734
0 8 8 0
0 8 9 6316
0 9 0 0
0 9 1 3879
0 9 2 7030
0 9 3 2830
0 9 4 4341
0 9 5 4781
0 9 6 7148
0 9 7 6877
0 9 8 7068
0 9 9 0
1 0 0 0
1 0 1 0
1 0 2 8301
1 0 3 5640
1 0 4 9027
1 0 5 5502
1 0 6 6555
1 0 7 7090
1 0 8 7692
1 0 9 6720
1 1 0 0
1 1 1 0
1 1 2 0
1 1 3 0
1 1 4 0
1 1 5 0
1 1 6 0
1 1 7 0
1 1 8 0
1 1 9 0
1 2 0 4918
1 2 1 0
1 2 2 0
1 2 3 6929
1 2 4 4047
1 2 5 8657
1 2 6 4224
1 2 7 5731
1 2 8 3903
1 2 9 5025
1 3 0 6208
1 3 1 0
1 3 2 5085
1 3 3 0
1 3 4 5842
1 3 5 4379
1 3 6 6860
1 3 7 5168
1 3 8 3021
1 3 9 3472
1 4 0 8134
1 4 1 0
1 4 2 1479
1 4 3 3869
1 4 4 0
1 4 5 2275
1 4 6 2417
1 4 7 4865
1 4 8 5682
1 4 9 4897
1 5 0 3149
1 5 1 0
1 5 2 7642
1 5 3 8266
1 5 4 8091
1 5 5 0
1 5 6 7609
1 5 7 4562
1 5 8 7298
1 5 9 4862
1 6 0 5254
1 6 1 0
1 6 2 4296
1 6 3 7442
1 6 4 5285
1 6 5 6840
1 6 6 0
1 6 7 5425
1 6 8 4615
1 6 9 7522
1 7 0 5417
1 7 1 0
1 7 2 2272
1 7 3 1792
1 7 4 2544
1 7 5 3250
1 7 6 49
1 7 7 0
1 7 8 3563
1 7 9 3926
1 8 0 4242
1 8 1 0
1 8 2 7421
1 8 3 8840
1 8 4 8432
1 8 5 5448
1 8 6 4856
1 8 7 5499
1 8 8 0
1 8 9 7081
1 9 0 3879
1 9 1 0
1 9 2 5529
1 9 3 1329
1 9 4 2840
1 9 5 3280
1 9 6 5647
1 9 7 5376
1 9 8 5567
1 9 9 0
2 0 0 0
2 0 1 8301
2 0 2 0
2 0 3 3432
2 0 4 6819
2 0 5 3294
2 0 6 4347
2 0 7 4882
2 0 8 5484
2 0 9 4512
2 1 0 4841
2 1 1 0
2 1 2 0
2 1 3 3163
2 1 4 2156
2 1 5 4795
2 1 6 3397
2 1 7 728
2 1 8 5074
2 1 9 1836
2 2 0 0
2 2 1 0
2 2 2 0
2 2 3 0
2 2 4 0
2 2 5 0
2 2 6 0
2 2 7 0
2 2 8 0
2 2 9 0
2 3 0 4179
2 3 1 5085
2 3 2 0
2 3 3 0
2 3 4 6533
2 3 5 5070
2 3 6 7551
2 3 7 5859
2 3 8 3712
2 3 9 4163
2 4 0 4967
2 4 1 1479
2 4 2 0
2 4 3 2685
2 4 4 0
2 4 5 1091
2 4 6 1233
2 4 7 3681
2 4 8 4498
2 4 9 3713
2 5 0 4966
2 5 1 7642
2 5 2 0
2 5 3 9053
2 5 4 8878
2 5 5 0
2 5 6 8396
2 5 7 5349
2 5 8 8085
2 5 9 5649
2 6 0 4071
2 6 1 4296
2 6 2 0
2 6 3 5194
2 6 4 3037
2 6 5 4592
2 6 6 0
2 6 7 3177
2 6 8 2367
2 6 9 5274
2 7 0 5251
2 7 1 2272
2 7 2 0
2 7 3 3720
2 7 4 4472
2 7 5 5178
2 7 6 1977
2 7 7 0
2 7 8 5491
2 7 9 5854
2 8 0 6656
2 8 1 7421
2 8 2 0
2 8 3 4594
2 8 4 4186
2 8 5 1202
2 8 6 610
2 8 7 1253
2 8 8 0
2 8 9 2835
2 9 0 7030
2 9 1 5529
2 9 2 0
2 9 3 1443
2 9 4 2954
2 9 5 3394
2 9 6 5761
2 9 7 5490
2 9 8 5681
2 9 9 0
3 0 0 0
3 0 1 5640
3 0 2 3432
3 0 3 0
3 0 4 9688
3 0 5 6163
3 0 6 7216
3 0 7 7751
3 0 8 8353
3 0 9 7381
3 1 0 3483
3 1 1 0
3 1 2 3163
3 1 3 0
3 1 4 6107
3 1 5 8746
3 1 6 7348
3 1 7 4679
3 1 8 9025
3 1 9 5787
3 2 0 7326
3 2 1 6929
3 2 2 0
3 2 3 0
3 2 4 2894
3 2 5 7504
3 2 6 3071
3 2 7 4578
3 2 8 2750
3 2 9 3872
3 3 0 0
3 3 1 0
3 3 2 0
3 3 3 0
3 3 4 0
3 3 5 0
3 3 6 0
3 3 7 0
3 3 8 0
3 3 9 0
3 4 0 7357
3 4 1 3869
3 4 2 2685
3 4 3 0
3 4 4 0
3 4 5 4244
3 4 6 4386
3 4 7 6834
3 4 8 7651
3 4 9 6866
3 5 0 5590
3 5 1 8266
3 5 2 9053
3 5 3 0
3 5 4 5958
3 5 5 0
3 5 6 5476
3 5 7 2429
3 5 8 5165
3 5 9 2729
3 6 0 7217
3 6 1 7442
3 6 2 5194
3 6 3 0
3 6 4 7031
3 6 5 8586
3 6 6 0
3 6 7 7171
3 6 8 6361
3 6 9 9268
3 7 0 4771
3 7 1 1792
3 7 2 3720
3 7 3 0
3 7 4 5267
3 7 5 5973
3 7 6 2772
3 7 7 0
3 7 8 6286
3 7 9 6649
3 8 0 8075
3 8 1 8840
3 8 2 4594
3 8 3 0
3 8 4 4662
3 8 5 1678
3 8 6 1086
3 8 7 1729
3 8 8 0
3 8 9 3311
3 9 0 2830
3 9 1 1329
3 9 2 1443
3 9 3 0
3 9 4 2759
3 9 5 3199
3 9 6 5566
3 9 7 5295
3 9 8 5486
3 9 9 0
4 0 0 0
4 0 1 9027
4 0 2 6819
4 0 3 9688
4 0 4 0
4 0 5 5241
4 0 6 6294
4 0 7 6829
4 0 8 7431
4 0 9 6459
4 1 0 2476
4 1 1 0
4 1 2 2156
4 1 3 6107
4 1 4 0
4 1 5 7285
4 1 6 5887
4 1 7 3218
4 1 8 7564
4 1 9 4326
4 2 0 4444
4 2 1 4047
4 2 2 0
4 2 3 2894
4 2 4 0
4 2 5 4905
4 2 6 472
4 2 7 1979
4 2 8 151
4 2 9 1273
4 3 0 4936
4 3 1 5842
4 3 2 6533
4 3 3 0
4 3 4 0
4 3 5 4375
4 3 6 6856
4 3 7 5164
4 3 8 3017
4 3 9 3468
4 4 0 0
4 4 1 0
4 4 2 0
4 4 3 0
4 4 4 0
4 4 5 0
4 4 6 0
4 4 7 0
4 4 8 0
4 4 9 0
4 5 0 5415
4 5 1 8091
4 5 2 8878
4 5 3 5958
4 5 4 0
4 5 5 0
4 5 6 4379
4 5 7 1332
4 5 8 4068
4 5 9 1632
4 6 0 5060
4 6 1 5285
4 6 2 3037
4 6 3 7031
4 6 4 0
4 6 5 5150
4 6 6 0
4 6 7 3735
4 6 8 2925
4 6 9 5832
4 7 0 5523
4 7 1 2544
4 7 2 4472
4 7 3 5267
4 7 4 0
4 7 5 6677
4 7 6 3476
4 7 7 0
4 7 8 6990
4 7 9 7353
4 8 0 7667
4 8 1 8432
4 8 2 4186
4 8 3 4662
4 8 4 0
4 8 5 5346
4 8 6 4754
4 8 7 5397
4 8 8 0
4 8 9 6979
4 9 0 4341
4 9 1 2840
4 9 2 2954
4 9 3 2759
4 9 4 0
4 9 5 5631
4 9 6 7998
4 9 7 7727
4 9 8 7918
4 9 9 0
5 0 0 0
5 0 1 5502
5 0 2 3294
5 0 3 6163
5 0 4 5241
5 0 5 0
5 0 6 3253
5 0 7 3788
5 0 8 4390
5 0 9 3418
5 1 0 5115
5 1 1 0
5 1 2 4795
5 1 3 8746
5 1 4 7285
5 1 5 0
5 1 6 4427
5 1 7 1758
5 1 8 6104
5 1 9 2866
5 2 0 9054
5 2 1 8657
5 2 2 0
5 2 3 7504
5 2 4 4905
5 2 5 0
5 2 6 3996
5 2 7 5503
5 2 8 3675
5 2 9 4797
5 3 0 3473
5 3 1 4379
5 3 2 5070
5 3 3 0
5 3 4 4375
5 3 5 0
5 3 6 8614
5 3 7 6922
5 3 8 4775
5 3 9 5226
5 4 0 5763
5 4 1 2275
5 4 2 1091
5 4 3 4244
5 4 4 0
5 4 5 0
5 4 6 5003
5 4 7 7451
5 4 8 8268
5 4 9 7483
5 5 0 0
5 5 1 0
5 5 2 0
5 5 3 0
5 5 4 0
5 5 5 0
5 5 6 0
5 5 7 0
5 5 8 0
5 5 9 0
5 6 0 6615
5 6 1 6840
5 6 2 4592
5 6 3 8586
5 6 4 5150
5 6 5 0
5 6 6 0
5 6 7 6288
5 6 8 5478
5 6 9 8385
5 7 0 6229
5 7 1 3250
5 7 2 5178
5 7 3 5973
5 7 4 6677
5 7 5 0
5 7 6 534
5 7 7 0
5 7 8 4048
5 7 9 4411
5 8 0 4683
5 8 1 5448
5 8 2 1202
5 8 3 1678
5 8 4 5346
5 8 5 0
5 8 6 3731
5 8 7 4374
5 8 8 0
5 8 9 5956
5 9 0 4781
5 9 1 3280
5 9 2 3394
5 9 3 3199
5 9 4 5631
5 9 5 0
5 9 6 5324
5 9 7 5053
5 9 8 5244
5 9 9 0
6 0 0 0
6 0 1 6555
6 0 2 4347
6 0 3 7216
6 0 4 6294
6 0 5 3253
6 0 6 0
6 0 7 5400
6 0 8 6002
6 0 9 5030
6 1 0 3717
6 1 1 0
6 1 2 3397
6 1 3 7348
6 1 4 5887
6 1 5 4427
6 1 6 0
6 1 7 2810
6 1 8 7156
6 1 9 3918
6 2 0 4621
6 2 1 4224
6 2 2 0
6 2 3 3071
6 2 4 472
6 2 5 3996
6 2 6 0
6 2 7 3555
6 2 8 1727
6 2 9 2849
6 3 0 5954
6 3 1 6860
6 3 2 7551
6 3 3 0
6 3 4 6856
6 3 5 8614
6 3 6 0
6 3 7 7496
6 3 8 5349
6 3 9 5800
6 4 0 5905
6 4 1 2417
6 4 2 1233
6 4 3 4386
6 4 4 0
6 4 5 5003
6 4 6 0
6 4 7 6043
6 4 8 6860
6 4 9 6075
6 5 0 4933
6 5 1 7609
6 5 2 8396
6 5 3 5476
6 5 4 4379
6 5 5 0
6 5 6 0
6 5 7 4656
6 5 8 7392
6 5 9 4956
6 6 0 0
6 6 1 0
6 6 2 0
6 6 3 0
6 6 4 0
6 6 5 0
6 6 6 0
6 6 7 0
6 6 8 0
6 6 9 0
6 7 0 3028
6 7 1 49
6 7 2 1977
6 7 3 2772
6 7 4 3476
6 7 5 534
6 7 6 0
6 7 7 0
6 7 8 6309
6 7 9 6672
6 8 0 4091
6 8 1 4856
6 8 2 610
6 8 3 1086
6 8 4 4754
6 8 5 3731
6 8 6 0
6 8 7 3089
6 8 8 0
6 8 9 4671
6 9 0 7148
6 9 1 5647
6 9 2 5761
6 9 3 5566
6 9 4 7998
6 9 5 5324
6 9 6 0
6 9 7 9111
6 9 8 9302
6 9 9 0
7 0 0 0
7 0 1 7090
7 0 2 4882
7 0 3 7751
7 0 4 6829
7 0 5 3788
7 0 6 5400
7 0 7 0
7 0 8 5793
7 0 9 4821
7 1 0 1048
7 1 1 0
7 1 2 728
7 1 3 4679
7 1 4 3218
7 1 5 1758
7 1 6 2810
7 1 7 0
7 1 8 6784
7 1 9 3546
7 2 0 6128
7 2 1 5731
7 2 2 0
7 2 3 4578
7 2 4 1979
7 2 5 5503
7 2 6 3555
7 2 7 0
7 2 8 2372
7 2 9 3494
7 3 0 4262
7 3 1 5168
7 3 2 5859
7 3 3 0
7 3 4 5164
7 3 5 6922
7 3 6 7496
7 3 7 0
7 3 8 2368
7 3 9 2819
7 4 0 8353
7 4 1 4865
7 4 2 3681
7 4 3 6834
7 4 4 0
7 4 5 7451
7 4 6 6043
7 4 7 0
7 4 8 6788
7 4 9 6003
7 5 0 1886
7 5 1 4562
7 5 2 5349
7 5 3 2429
7 5 4 1332
7 5 5 0
7 5 6 4656
7 5 7 0
7 5 8 6471
7 5 9 4035
7 6 0 5200
7 6 1 5425
7 6 2 3177
7 6 3 7171
7 6 4 3735
7 6 5 6288
7 6 6 0
7 6 7 0
7 6 8 1985
7 6 9 4892
7 7 0 0
7 7 1 0
7 7 2 0
7 7 3 0
7 7 4 0
7 7 5 0
7 7 6 0
7 7 7 0
7 7 8 0
7 7 9 0
7 8 0 4734
7 8 1 5499
7 8 2 1253
7 8 3 1729
7 8 4 5397
7 8 5 4374
7 8 6 3089
7 8 7 0
7 8 8 0
7 8 9 6288
7 9 0 6877
7 9 1 5376
7 9 2 5490
7 9 3 5295
7 9 4 7727
7 9 5 5053
7 9 6 9111
7 9 7 0
7 9 8 8375
7 9 9 0
8 0 0 0
8 0 1 7692
8 0 2 5484
8 0 3 8353
8 0 4 7431
8 0 5 4390
8 0 6 6002
8 0 7 5793
8 0 8 0
8 0 9 2709
8 1 0 5394
8 1 1 0
8 1 2 5074
8 1 3 9025
8 1 4 7564
8 1 5 6104
8 1 6 7156
8 1 7 6784
8 1 8 0
8 1 9 1769
8 2 0 4300
8 2 1 3903
8 2 2 0
8 2 3 2750
8 2 4 151
8 2 5 3675
8 2 6 1727
8 2 7 2372
8 2 8 0
8 2 9 4297
8 3 0 2115
8 3 1 3021
8 3 2 3712
8 3 3 0
8 3 4 3017
8 3 5 4775
8 3 6 5349
8 3 7 2368
8 3 8 0
8 3 9 5521
8 4 0 9170
8 4 1 5682
8 4 2 4498
8 4 3 7651
8 4 4 0
8 4 5 8268
8 4 6 6860
8 4 7 6788
8 4 8 0
8 4 9 7545
8 5 0 4622
8 5 1 7298
8 5 2 8085
8 5 3 5165
8 5 4 4068
8 5 5 0
8 5 6 7392
8 5 7 6471
8 5 8 0
8 5 9 1887
8 6 0 4390
8 6 1 4615
8 6 2 2367
8 6 3 6361
8 6 4 2925
8 6 5 5478
8 6 6 0
8 6 7 1985
8 6 8 0
8 6 9 5353
8 7 0 6542
8 7 1 3563
8 7 2 5491
8 7 3 6286
8 7 4 6990
8 7 5 4048
8 7 6 6309
8 7 7 0
8 7 8 0
8 7 9 5069
8 8 0 0
8 8 1 0
8 8 2 0
8 8 3 0
8 8 4 0
8 8 5 0
8 8 6 0
8 8 7 0
8 8 8 0
8 8 9 0
8 9 0 7068
8 9 1 5567
8 9 2 5681
8 9 3 5486
8 9 4 7918
8 9 5 5244
8 9 6 9302
8 9 7 8375
8 9 8 0
8 9 9 0
9 0 0 0
9 0 1 6720
9 0 2 4512
9 0 3 7381
9 0 4 6459
9 0 5 3418
9 0 6 5030
9 0 7 4821
9 0 8 2709
9 0 9 0
9 1 0 2156
9 1 1 0
9 1 2 1836
9 1 3 5787
9 1 4 4326
9 1 5 2866
9 1 6 3918
9 1 7 3546
9 1 8 1769
9 1 9 0
9 2 0 5422
9 2 1 5025
9 2 2 0
9 2 3 3872
9 2 4 1273
9 2 5 4797
9 2 6 2849
9 2 7 3494
9 2 8 4297
9 2 9 0
9 3 0 2566
9 3 1 3472
9 3 2 4163
9 3 3 0
9 3 4 3468
9 3 5 5226
9 3 6 5800
9 3 7 2819
9 3 8 5521
9 3 9 0
9 4 0 8385
9 4 1 4897
9 4 2 3713
9 4 3 6866
9 4 4 0
9 4 5 7483
9 4 6 6075
9 4 7 6003
9 4 8 7545
9 4 9 0
9 5 0 2186
9 5 1 4862
9 5 2 5649
9 5 3 2729
9 5 4 1632
9 5 5 0
9 5 6 4956
9 5 7 4035
9 5 8 1887
9 5 9 0
9 6 0 7297
9 6 1 7522
9 6 2 5274
9 6 3 9268
9 6 4 5832
9 6 5 8385
9 6 6 0
9 6 7 4892
9 6 8 5353
9 6 9 0
9 7 0 6905
9 7 1 3926
9 7 2 5854
9 7 3 6649
9 7 4 7353
9 7 5 4411
9 7 6 6672
9 7 7 0
9 7 8 5069
9 7 9 0
9 8 0 6316
9 8 1 7081
9 8 2 2835
9 8 3 3311
9 8 4 6979
9 8 5 5956
9 8 6 4671
9 8 7 6288
9 8 8 0
9 8 9 0
9 9 0 0
9 9 1 0
9 9 2 0
9 9 3 0
9 9 4 0
9 9 5 0
9 9 6 0
9 9 7 0
9 9 8 0
9 9 9 0
