14
0 0 0 0
0 0 1 0
0 0 2 0
0 0 3 0
0 0 4 0
0 0 5 0
0 0 6 0
0 0 7 0
0 0 8 0
0 0 9 0
0 0 10 0
0 0 11 0
0 0 12 0
0 0 13 0
0 1 0 0
0 1 1 0
0 1 2 7479
0 1 3 6105
0 1 4 6097
0 1 5 5416
0 1 6 2687
0 1 7 4966
0 1 8 3117
0 1 9 6908
0 1 10 7505
0 1 11 7297
0 1 12 3590
0 1 13 2749
0 2 0 0
0 2 1 5425
0 2 2 0
0 2 3 6474
0 2 4 8298
0 2 5 5720
0 2 6 7270
0 2 7 7592
0 2 8 5550
0 2 9 8084
0 2 10 8961
0 2 11 9288
0 2 12 5938
0 2 13 5374
0 3 0 0
0 3 1 8700
0 3 2 7088
0 3 3 0
0 3 4 5080
0 3 5 4944
0 3 6 8958
0 3 7 4706
0 3 8 8616
0 3 9 7092
0 3 10 4892
0 3 11 5474
0 3 12 6506
0 3 13 5729
0 4 0 0
0 4 1 2601
0 4 2 4116
0 4 3 4110
0 4 4 0
0 4 5 3573
0 4 6 1882
0 4 7 3787
0 4 8 2730
0 4 9 5959
0 4 10 1969
0 4 11 6043
0 4 12 5843
0 4 13 3285
0 5 0 0
0 5 1 1573
0 5 2 2341
0 5 3 3098
0 5 4 4844
0 5 5 0
0 5 6 6099
0 5 7 1483
0 5 8 3380
0 5 9 3235
0 5 10 2518
0 5 11 3430
0 5 12 5395
0 5 13 4807
0 6 0 0
0 6 1 5731
0 6 2 2543
0 6 3 3884
0 6 4 5111
0 6 5 4700
0 6 6 0
0 6 7 4782
0 6 8 5324
0 6 9 4066
0 6 10 5872
0 6 11 1235
0 6 12 5311
0 6 13 2259
0 7 0 0
0 7 1 3104
0 7 2 5295
0 7 3 6578
0 7 4 2692
0 7 5 5344
0 7 6 3482
0 7 7 0
0 7 8 5419
0 7 9 2992
0 7 10 7053
0 7 11 7448
0 7 12 3740
0 7 13 4556
0 8 0 0
0 8 1 4138
0 8 2 2194
0 8 3 5679
0 8 4 1858
0 8 5 3062
0 8 6 4592
0 8 7 1914
0 8 8 0
0 8 9 3586
0 8 10 4361
0 8 11 5687
0 8 12 2967
0 8 13 3519
0 9 0 0
0 9 1 9404
0 9 2 9102
0 9 3 5820
0 9 4 8157
0 9 5 6757
0 9 6 7899
0 9 7 4998
0 9 8 9506
0 9 9 0
0 9 10 5277
0 9 11 8594
0 9 12 7441
0 9 13 7073
0 10 0 0
0 10 1 5662
0 10 2 5249
0 10 3 5934
0 10 4 4244
0 10 5 6173
0 10 6 6642
0 10 7 4968
0 10 8 4440
0 10 9 6620
0 10 10 0
0 10 11 6051
0 10 12 6445
0 10 13 5785
0 11 0 0
0 11 1 6178
0 11 2 7795
0 11 3 5355
0 11 4 6892
0 11 5 3511
0 11 6 4246
0 11 7 4093
0 11 8 4710
0 11 9 4538
0 11 10 3247
0 11 11 0
0 11 12 7227
0 11 13 3881
0 12 0 0
0 12 1 4628
0 12 2 6769
0 12 3 5838
0 12 4 2550
0 12 5 4454
0 12 6 5393
0 12 7 5749
0 12 8 4167
0 12 9 5227
0 12 10 6984
0 12 11 3561
0 12 12 0
0 12 13 6326
0 13 0 0
0 13 1 3812
0 13 2 3568
0 13 3 3752
0 13 4 6721
0 13 5 8257
0 13 6 7561
0 13 7 8256
0 13 8 4441
0 13 9 3756
0 13 10 5757
0 13 11 7811
0 13 12 6970
0 13 13 0
1 0 0 0
1 0 1 0
1 0 2 7076
1 0 3 6334
1 0 4 3691
1 0 5 3562
1 0 6 3297
1 0 7 4727
1 0 8 3130
1 0 9 6876
1 0 10 4504
1 0 11 5278
1 0 12 4559
1 0 13 5802
1 1 0 0
1 1 1 0
1 1 2 0
1 1 3 0
1 1 4 0
1 1 5 0
1 1 6 0
1 1 7 0
1 1 8 0
1 1 9 0
1 1 10 0
1 1 11 0
1 1 12 0
1 1 13 0
1 2 0 5425
1 2 1 0
1 2 2 0
1 2 3 6608
1 2 4 8432
1 2 5 5854
1 2 6 7404
1 2 7 7726
1 2 8 5684
1 2 9 8218
1 2 10 9095
1 2 11 9422
1 2 12 6072
1 2 13 5508
1 3 0 8700
1 3 1 0
1 3 2 6590
1 3 3 0
1 3 4 4582
1 3 5 4446
1 3 6 8460
1 3 7 4208
1 3 8 8118
1 3 9 6594
1 3 10 4394
1 3 11 4976
1 3 12 6008
1 3 13 5231
1 4 0 2601
1 4 1 0
1 4 2 6253
1 4 3 6247
1 4 4 0
1 4 5 5710
1 4 6 4019
1 4 7 5924
1 4 8 4867
1 4 9 8096
1 4 10 4106
1 4 11 8180
1 4 12 7980
1 4 13 5422
1 5 0 1573
1 5 1 0
1 5 2 3926
1 5 3 4683
1 5 4 6429
1 5 5 0
1 5 6 7684
1 5 7 3068
1 5 8 4965
1 5 9 4820
1 5 10 4103
1 5 11 5015
1 5 12 6980
1 5 13 6392
1 6 0 5731
1 6 1 0
1 6 2 1664
1 6 3 3005
1 6 4 4232
1 6 5 3821
1 6 6 0
1 6 7 3903
1 6 8 4445
1 6 9 3187
1 6 10 4993
1 6 11 356
1 6 12 4432
1 6 13 1380
1 7 0 3104
1 7 1 0
1 7 2 5265
1 7 3 6548
1 7 4 2662
1 7 5 5314
1 7 6 3452
1 7 7 0
1 7 8 5389
1 7 9 2962
1 7 10 7023
1 7 11 7418
1 7 12 3710
1 7 13 4526
1 8 0 4138
1 8 1 0
1 8 2 1912
1 8 3 5397
1 8 4 1576
1 8 5 2780
1 8 6 4310
1 8 7 1632
1 8 8 0
1 8 9 3304
1 8 10 4079
1 8 11 5405
1 8 12 2685
1 8 13 3237
1 9 0 9404
1 9 1 0
1 9 2 8865
1 9 3 5583
1 9 4 7920
1 9 5 6520
1 9 6 7662
1 9 7 4761
1 9 8 9269
1 9 9 0
1 9 10 5040
1 9 11 8357
1 9 12 7204
1 9 13 6836
1 10 0 5662
1 10 1 0
1 10 2 7981
1 10 3 8666
1 10 4 6976
1 10 5 8905
1 10 6 9374
1 10 7 7700
1 10 8 7172
1 10 9 9352
1 10 10 0
1 10 11 8783
1 10 12 9177
1 10 13 8517
1 11 0 6178
1 11 1 0
1 11 2 9545
1 11 3 7105
1 11 4 8642
1 11 5 5261
1 11 6 5996
1 11 7 5843
1 11 8 6460
1 11 9 6288
1 11 10 4997
1 11 11 0
1 11 12 8977
1 11 13 5631
1 12 0 4628
1 12 1 0
1 12 2 5531
1 12 3 4600
1 12 4 1312
1 12 5 3216
1 12 6 4155
1 12 7 4511
1 12 8 2929
1 12 9 3989
1 12 10 5746
1 12 11 2323
1 12 12 0
1 12 13 5088
1 13 0 3812
1 13 1 0
1 13 2 246
1 13 3 430
1 13 4 3399
1 13 5 4935
1 13 6 4239
1 13 7 4934
1 13 8 1119
1 13 9 434
1 13 10 2435
1 13 11 4489
1 13 12 3648
1 13 13 0
2 0 0 0
2 0 1 7076
2 0 2 0
2 0 3 7865
2 0 4 5222
2 0 5 5093
2 0 6 4828
2 0 7 6258
2 0 8 4661
2 0 9 8407
2 0 10 6035
2 0 11 6809
2 0 12 6090
2 0 13 7333
2 1 0 7479
2 1 1 0
2 1 2 0
2 1 3 4185
2 1 4 4177
2 1 5 3496
2 1 6 767
2 1 7 3046
2 1 8 1197
2 1 9 4988
2 1 10 5585
2 1 11 5377
2 1 12 1670
2 1 13 829
2 2 0 0
2 2 1 0
2 2 2 0
2 2 3 0
2 2 4 0
2 2 5 0
2 2 6 0
2 2 7 0
2 2 8 0
2 2 9 0
2 2 10 0
2 2 11 0
2 2 12 0
2 2 13 0
2 3 0 7088
2 3 1 6590
2 3 2 0
2 3 3 0
2 3 4 2700
2 3 5 2564
2 3 6 6578
2 3 7 2326
2 3 8 6236
2 3 9 4712
2 3 10 2512
2 3 11 3094
2 3 12 4126
2 3 13 3349
2 4 0 4116
2 4 1 6253
2 4 2 0
2 4 3 6197
2 4 4 0
2 4 5 5660
2 4 6 3969
2 4 7 5874
2 4 8 4817
2 4 9 8046
2 4 10 4056
2 4 11 8130
2 4 12 7930
2 4 13 5372
2 5 0 2341
2 5 1 3926
2 5 2 0
2 5 3 2736
2 5 4 4482
2 5 5 0
2 5 6 5737
2 5 7 1121
2 5 8 3018
2 5 9 2873
2 5 10 2156
2 5 11 3068
2 5 12 5033
2 5 13 4445
2 6 0 2543
2 6 1 1664
2 6 2 0
2 6 3 5337
2 6 4 6564
2 6 5 6153
2 6 6 0
2 6 7 6235
2 6 8 6777
2 6 9 5519
2 6 10 7325
2 6 11 2688
2 6 12 6764
2 6 13 3712
2 7 0 5295
2 7 1 5265
2 7 2 0
2 7 3 6923
2 7 4 3037
2 7 5 5689
2 7 6 3827
2 7 7 0
2 7 8 5764
2 7 9 3337
2 7 10 7398
2 7 11 7793
2 7 12 4085
2 7 13 4901
2 8 0 2194
2 8 1 1912
2 8 2 0
2 8 3 5579
2 8 4 1758
2 8 5 2962
2 8 6 4492
2 8 7 1814
2 8 8 0
2 8 9 3486
2 8 10 4261
2 8 11 5587
2 8 12 2867
2 8 13 3419
2 9 0 9102
2 9 1 8865
2 9 2 0
2 9 3 4508
2 9 4 6845
2 9 5 5445
2 9 6 6587
2 9 7 3686
2 9 8 8194
2 9 9 0
2 9 10 3965
2 9 11 7282
2 9 12 6129
2 9 13 5761
2 10 0 5249
2 10 1 7981
2 10 2 0
2 10 3 7871
2 10 4 6181
2 10 5 8110
2 10 6 8579
2 10 7 6905
2 10 8 6377
2 10 9 8557
2 10 10 0
2 10 11 7988
2 10 12 8382
2 10 13 7722
2 11 0 7795
2 11 1 9545
2 11 2 0
2 11 3 6845
2 11 4 8382
2 11 5 5001
2 11 6 5736
2 11 7 5583
2 11 8 6200
2 11 9 6028
2 11 10 4737
2 11 11 0
2 11 12 8717
2 11 13 5371
2 12 0 6769
2 12 1 5531
2 12 2 0
2 12 3 4697
2 12 4 1409
2 12 5 3313
2 12 6 4252
2 12 7 4608
2 12 8 3026
2 12 9 4086
2 12 10 5843
2 12 11 2420
2 12 12 0
2 12 13 5185
2 13 0 3568
2 13 1 246
2 13 2 0
2 13 3 804
2 13 4 3773
2 13 5 5309
2 13 6 4613
2 13 7 5308
2 13 8 1493
2 13 9 808
2 13 10 2809
2 13 11 4863
2 13 12 4022
2 13 13 0
3 0 0 0
3 0 1 6334
3 0 2 7865
3 0 3 0
3 0 4 3916
3 0 5 3787
3 0 6 3522
3 0 7 4952
3 0 8 3355
3 0 9 7101
3 0 10 4729
3 0 11 5503
3 0 12 4784
3 0 13 6027
3 1 0 6105
3 1 1 0
3 1 2 4185
3 1 3 0
3 1 4 8194
3 1 5 7513
3 1 6 4784
3 1 7 7063
3 1 8 5214
3 1 9 9005
3 1 10 9602
3 1 11 9394
3 1 12 5687
3 1 13 4846
3 2 0 6474
3 2 1 6608
3 2 2 0
3 2 3 0
3 2 4 6532
3 2 5 3954
3 2 6 5504
3 2 7 5826
3 2 8 3784
3 2 9 6318
3 2 10 7195
3 2 11 7522
3 2 12 4172
3 2 13 3608
3 3 0 0
3 3 1 0
3 3 2 0
3 3 3 0
3 3 4 0
3 3 5 0
3 3 6 0
3 3 7 0
3 3 8 0
3 3 9 0
3 3 10 0
3 3 11 0
3 3 12 0
3 3 13 0
3 4 0 4110
3 4 1 6247
3 4 2 6197
3 4 3 0
3 4 4 0
3 4 5 3184
3 4 6 1493
3 4 7 3398
3 4 8 2341
3 4 9 5570
3 4 10 1580
3 4 11 5654
3 4 12 5454
3 4 13 2896
3 5 0 3098
3 5 1 4683
3 5 2 2736
3 5 3 0
3 5 4 4448
3 5 5 0
3 5 6 5703
3 5 7 1087
3 5 8 2984
3 5 9 2839
3 5 10 2122
3 5 11 3034
3 5 12 4999
3 5 13 4411
3 6 0 3884
3 6 1 3005
3 6 2 5337
3 6 3 0
3 6 4 8994
3 6 5 8583
3 6 6 0
3 6 7 8665
3 6 8 9207
3 6 9 7949
3 6 10 9755
3 6 11 5118
3 6 12 9194
3 6 13 6142
3 7 0 6578
3 7 1 6548
3 7 2 6923
3 7 3 0
3 7 4 893
3 7 5 3545
3 7 6 1683
3 7 7 0
3 7 8 3620
3 7 9 1193
3 7 10 5254
3 7 11 5649
3 7 12 1941
3 7 13 2757
3 8 0 5679
3 8 1 5397
3 8 2 5579
3 8 3 0
3 8 4 5566
3 8 5 6770
3 8 6 8300
3 8 7 5622
3 8 8 0
3 8 9 7294
3 8 10 8069
3 8 11 9395
3 8 12 6675
3 8 13 7227
3 9 0 5820
3 9 1 5583
3 9 2 4508
3 9 3 0
3 9 4 6595
3 9 5 5195
3 9 6 6337
3 9 7 3436
3 9 8 7944
3 9 9 0
3 9 10 3715
3 9 11 7032
3 9 12 5879
3 9 13 5511
3 10 0 5934
3 10 1 8666
3 10 2 7871
3 10 3 0
3 10 4 2854
3 10 5 4783
3 10 6 5252
3 10 7 3578
3 10 8 3050
3 10 9 5230
3 10 10 0
3 10 11 4661
3 10 12 5055
3 10 13 4395
3 11 0 5355
3 11 1 7105
3 11 2 6845
3 11 3 0
3 11 4 5310
3 11 5 1929
3 11 6 2664
3 11 7 2511
3 11 8 3128
3 11 9 2956
3 11 10 1665
3 11 11 0
3 11 12 5645
3 11 13 2299
3 12 0 5838
3 12 1 4600
3 12 2 4697
3 12 3 0
3 12 4 2719
3 12 5 4623
3 12 6 5562
3 12 7 5918
3 12 8 4336
3 12 9 5396
3 12 10 7153
3 12 11 3730
3 12 12 0
3 12 13 6495
3 13 0 3752
3 13 1 430
3 13 2 804
3 13 3 0
3 13 4 4870
3 13 5 6406
3 13 6 5710
3 13 7 6405
3 13 8 2590
3 13 9 1905
3 13 10 3906
3 13 11 5960
3 13 12 5119
3 13 13 0
4 0 0 0
4 0 1 3691
4 0 2 5222
4 0 3 3916
4 0 4 0
4 0 5 2841
4 0 6 2576
4 0 7 4006
4 0 8 2409
4 0 9 6155
4 0 10 3783
4 0 11 4557
4 0 12 3838
4 0 13 5081
4 1 0 6097
4 1 1 0
4 1 2 4177
4 1 3 8194
4 1 4 0
4 1 5 4057
4 1 6 1328
4 1 7 3607
4 1 8 1758
4 1 9 5549
4 1 10 6146
4 1 11 5938
4 1 12 2231
4 1 13 1390
4 2 0 8298
4 2 1 8432
4 2 2 0
4 2 3 6532
4 2 4 0
4 2 5 3625
4 2 6 5175
4 2 7 5497
4 2 8 3455
4 2 9 5989
4 2 10 6866
4 2 11 7193
4 2 12 3843
4 2 13 3279
4 3 0 5080
4 3 1 4582
4 3 2 2700
4 3 3 0
4 3 4 0
4 3 5 3585
4 3 6 7599
4 3 7 3347
4 3 8 7257
4 3 9 5733
4 3 10 3533
4 3 11 4115
4 3 12 5147
4 3 13 4370
4 4 0 0
4 4 1 0
4 4 2 0
4 4 3 0
4 4 4 0
4 4 5 0
4 4 6 0
4 4 7 0
4 4 8 0
4 4 9 0
4 4 10 0
4 4 11 0
4 4 12 0
4 4 13 0
4 5 0 4844
4 5 1 6429
4 5 2 4482
4 5 3 4448
4 5 4 0
4 5 5 0
4 5 6 6975
4 5 7 2359
4 5 8 4256
4 5 9 4111
4 5 10 3394
4 5 11 4306
4 5 12 6271
4 5 13 5683
4 6 0 5111
4 6 1 4232
4 6 2 6564
4 6 3 8994
4 6 4 0
4 6 5 4150
4 6 6 0
4 6 7 4232
4 6 8 4774
4 6 9 3516
4 6 10 5322
4 6 11 685
4 6 12 4761
4 6 13 1709
4 7 0 2692
4 7 1 2662
4 7 2 3037
4 7 3 893
4 7 4 0
4 7 5 5269
4 7 6 3407
4 7 7 0
4 7 8 5344
4 7 9 2917
4 7 10 6978
4 7 11 7373
4 7 12 3665
4 7 13 4481
4 8 0 1858
4 8 1 1576
4 8 2 1758
4 8 3 5566
4 8 4 0
4 8 5 3527
4 8 6 5057
4 8 7 2379
4 8 8 0
4 8 9 4051
4 8 10 4826
4 8 11 6152
4 8 12 3432
4 8 13 3984
4 9 0 8157
4 9 1 7920
4 9 2 6845
4 9 3 6595
4 9 4 0
4 9 5 6705
4 9 6 7847
4 9 7 4946
4 9 8 9454
4 9 9 0
4 9 10 5225
4 9 11 8542
4 9 12 7389
4 9 13 7021
4 10 0 4244
4 10 1 6976
4 10 2 6181
4 10 3 2854
4 10 4 0
4 10 5 4503
4 10 6 4972
4 10 7 3298
4 10 8 2770
4 10 9 4950
4 10 10 0
4 10 11 4381
4 10 12 4775
4 10 13 4115
4 11 0 6892
4 11 1 8642
4 11 2 8382
4 11 3 5310
4 11 4 0
4 11 5 5141
4 11 6 5876
4 11 7 5723
4 11 8 6340
4 11 9 6168
4 11 10 4877
4 11 11 0
4 11 12 8857
4 11 13 5511
4 12 0 2550
4 12 1 1312
4 12 2 1409
4 12 3 2719
4 12 4 0
4 12 5 6603
4 12 6 7542
4 12 7 7898
4 12 8 6316
4 12 9 7376
4 12 10 9133
4 12 11 5710
4 12 12 0
4 12 13 8475
4 13 0 6721
4 13 1 3399
4 13 2 3773
4 13 3 4870
4 13 4 0
4 13 5 6605
4 13 6 5909
4 13 7 6604
4 13 8 2789
4 13 9 2104
4 13 10 4105
4 13 11 6159
4 13 12 5318
4 13 13 0
5 0 0 0
5 0 1 3562
5 0 2 5093
5 0 3 3787
5 0 4 2841
5 0 5 0
5 0 6 2391
5 0 7 3821
5 0 8 2224
5 0 9 5970
5 0 10 3598
5 0 11 4372
5 0 12 3653
5 0 13 4896
5 1 0 5416
5 1 1 0
5 1 2 3496
5 1 3 7513
5 1 4 4057
5 1 5 0
5 1 6 429
5 1 7 2708
5 1 8 859
5 1 9 4650
5 1 10 5247
5 1 11 5039
5 1 12 1332
5 1 13 491
5 2 0 5720
5 2 1 5854
5 2 2 0
5 2 3 3954
5 2 4 3625
5 2 5 0
5 2 6 3529
5 2 7 3851
5 2 8 1809
5 2 9 4343
5 2 10 5220
5 2 11 5547
5 2 12 2197
5 2 13 1633
5 3 0 4944
5 3 1 4446
5 3 2 2564
5 3 3 0
5 3 4 3585
5 3 5 0
5 3 6 6716
5 3 7 2464
5 3 8 6374
5 3 9 4850
5 3 10 2650
5 3 11 3232
5 3 12 4264
5 3 13 3487
5 4 0 3573
5 4 1 5710
5 4 2 5660
5 4 3 3184
5 4 4 0
5 4 5 0
5 4 6 4029
5 4 7 5934
5 4 8 4877
5 4 9 8106
5 4 10 4116
5 4 11 8190
5 4 12 7990
5 4 13 5432
5 5 0 0
5 5 1 0
5 5 2 0
5 5 3 0
5 5 4 0
5 5 5 0
5 5 6 0
5 5 7 0
5 5 8 0
5 5 9 0
5 5 10 0
5 5 11 0
5 5 12 0
5 5 13 0
5 6 0 4700
5 6 1 3821
5 6 2 6153
5 6 3 8583
5 6 4 4150
5 6 5 0
5 6 6 0
5 6 7 8578
5 6 8 9120
5 6 9 7862
5 6 10 9668
5 6 11 5031
5 6 12 9107
5 6 13 6055
5 7 0 5344
5 7 1 5314
5 7 2 5689
5 7 3 3545
5 7 4 5269
5 7 5 0
5 7 6 1232
5 7 7 0
5 7 8 3169
5 7 9 742
5 7 10 4803
5 7 11 5198
5 7 12 1490
5 7 13 2306
5 8 0 3062
5 8 1 2780
5 8 2 2962
5 8 3 6770
5 8 4 3527
5 8 5 0
5 8 6 5836
5 8 7 3158
5 8 8 0
5 8 9 4830
5 8 10 5605
5 8 11 6931
5 8 12 4211
5 8 13 4763
5 9 0 6757
5 9 1 6520
5 9 2 5445
5 9 3 5195
5 9 4 6705
5 9 5 0
5 9 6 5252
5 9 7 2351
5 9 8 6859
5 9 9 0
5 9 10 2630
5 9 11 5947
5 9 12 4794
5 9 13 4426
5 10 0 6173
5 10 1 8905
5 10 2 8110
5 10 3 4783
5 10 4 4503
5 10 5 0
5 10 6 5650
5 10 7 3976
5 10 8 3448
5 10 9 5628
5 10 10 0
5 10 11 5059
5 10 12 5453
5 10 13 4793
5 11 0 3511
5 11 1 5261
5 11 2 5001
5 11 3 1929
5 11 4 5141
5 11 5 0
5 11 6 3392
5 11 7 3239
5 11 8 3856
5 11 9 3684
5 11 10 2393
5 11 11 0
5 11 12 6373
5 11 13 3027
5 12 0 4454
5 12 1 3216
5 12 2 3313
5 12 3 4623
5 12 4 6603
5 12 5 0
5 12 6 7223
5 12 7 7579
5 12 8 5997
5 12 9 7057
5 12 10 8814
5 12 11 5391
5 12 12 0
5 12 13 8156
5 13 0 8257
5 13 1 4935
5 13 2 5309
5 13 3 6406
5 13 4 6605
5 13 5 0
5 13 6 7560
5 13 7 8255
5 13 8 4440
5 13 9 3755
5 13 10 5756
5 13 11 7810
5 13 12 6969
5 13 13 0
6 0 0 0
6 0 1 3297
6 0 2 4828
6 0 3 3522
6 0 4 2576
6 0 5 2391
6 0 6 0
6 0 7 2901
6 0 8 1304
6 0 9 5050
6 0 10 2678
6 0 11 3452
6 0 12 2733
6 0 13 3976
6 1 0 2687
6 1 1 0
6 1 2 767
6 1 3 4784
6 1 4 1328
6 1 5 429
6 1 6 0
6 1 7 7131
6 1 8 5282
6 1 9 9073
6 1 10 9670
6 1 11 9462
6 1 12 5755
6 1 13 4914
6 2 0 7270
6 2 1 7404
6 2 2 0
6 2 3 5504
6 2 4 5175
6 2 5 3529
6 2 6 0
6 2 7 4318
6 2 8 2276
6 2 9 4810
6 2 10 5687
6 2 11 6014
6 2 12 2664
6 2 13 2100
6 3 0 8958
6 3 1 8460
6 3 2 6578
6 3 3 0
6 3 4 7599
6 3 5 6716
6 3 6 0
6 3 7 3515
6 3 8 7425
6 3 9 5901
6 3 10 3701
6 3 11 4283
6 3 12 5315
6 3 13 4538
6 4 0 1882
6 4 1 4019
6 4 2 3969
6 4 3 1493
6 4 4 0
6 4 5 4029
6 4 6 0
6 4 7 6466
6 4 8 5409
6 4 9 8638
6 4 10 4648
6 4 11 8722
6 4 12 8522
6 4 13 5964
6 5 0 6099
6 5 1 7684
6 5 2 5737
6 5 3 5703
6 5 4 6975
6 5 5 0
6 5 6 0
6 5 7 3880
6 5 8 5777
6 5 9 5632
6 5 10 4915
6 5 11 5827
6 5 12 7792
6 5 13 7204
6 6 0 0
6 6 1 0
6 6 2 0
6 6 3 0
6 6 4 0
6 6 5 0
6 6 6 0
6 6 7 0
6 6 8 0
6 6 9 0
6 6 10 0
6 6 11 0
6 6 12 0
6 6 13 0
6 7 0 3482
6 7 1 3452
6 7 2 3827
6 7 3 1683
6 7 4 3407
6 7 5 1232
6 7 6 0
6 7 7 0
6 7 8 6733
6 7 9 4306
6 7 10 8367
6 7 11 8762
6 7 12 5054
6 7 13 5870
6 8 0 4592
6 8 1 4310
6 8 2 4492
6 8 3 8300
6 8 4 5057
6 8 5 5836
6 8 6 0
6 8 7 5367
6 8 8 0
6 8 9 7039
6 8 10 7814
6 8 11 9140
6 8 12 6420
6 8 13 6972
6 9 0 7899
6 9 1 7662
6 9 2 6587
6 9 3 6337
6 9 4 7847
6 9 5 5252
6 9 6 0
6 9 7 3447
6 9 8 7955
6 9 9 0
6 9 10 3726
6 9 11 7043
6 9 12 5890
6 9 13 5522
6 10 0 6642
6 10 1 9374
6 10 2 8579
6 10 3 5252
6 10 4 4972
6 10 5 5650
6 10 6 0
6 10 7 7595
6 10 8 7067
6 10 9 9247
6 10 10 0
6 10 11 8678
6 10 12 9072
6 10 13 8412
6 11 0 4246
6 11 1 5996
6 11 2 5736
6 11 3 2664
6 11 4 5876
6 11 5 3392
6 11 6 0
6 11 7 1309
6 11 8 1926
6 11 9 1754
6 11 10 463
6 11 11 0
6 11 12 4443
6 11 13 1097
6 12 0 5393
6 12 1 4155
6 12 2 4252
6 12 3 5562
6 12 4 7542
6 12 5 7223
6 12 6 0
6 12 7 7760
6 12 8 6178
6 12 9 7238
6 12 10 8995
6 12 11 5572
6 12 12 0
6 12 13 8337
6 13 0 7561
6 13 1 4239
6 13 2 4613
6 13 3 5710
6 13 4 5909
6 13 5 7560
6 13 6 0
6 13 7 5972
6 13 8 2157
6 13 9 1472
6 13 10 3473
6 13 11 5527
6 13 12 4686
6 13 13 0
7 0 0 0
7 0 1 4727
7 0 2 6258
7 0 3 4952
7 0 4 4006
7 0 5 3821
7 0 6 2901
7 0 7 0
7 0 8 2786
7 0 9 6532
7 0 10 4160
7 0 11 4934
7 0 12 4215
7 0 13 5458
7 1 0 4966
7 1 1 0
7 1 2 3046
7 1 3 7063
7 1 4 3607
7 1 5 2708
7 1 6 7131
7 1 7 0
7 1 8 1225
7 1 9 5016
7 1 10 5613
7 1 11 5405
7 1 12 1698
7 1 13 857
7 2 0 7592
7 2 1 7726
7 2 2 0
7 2 3 5826
7 2 4 5497
7 2 5 3851
7 2 6 4318
7 2 7 0
7 2 8 3598
7 2 9 6132
7 2 10 7009
7 2 11 7336
7 2 12 3986
7 2 13 3422
7 3 0 4706
7 3 1 4208
7 3 2 2326
7 3 3 0
7 3 4 3347
7 3 5 2464
7 3 6 3515
7 3 7 0
7 3 8 8689
7 3 9 7165
7 3 10 4965
7 3 11 5547
7 3 12 6579
7 3 13 5802
7 4 0 3787
7 4 1 5924
7 4 2 5874
7 4 3 3398
7 4 4 0
7 4 5 5934
7 4 6 6466
7 4 7 0
7 4 8 1560
7 4 9 4789
7 4 10 799
7 4 11 4873
7 4 12 4673
7 4 13 2115
7 5 0 1483
7 5 1 3068
7 5 2 1121
7 5 3 1087
7 5 4 2359
7 5 5 0
7 5 6 3880
7 5 7 0
7 5 8 4991
7 5 9 4846
7 5 10 4129
7 5 11 5041
7 5 12 7006
7 5 13 6418
7 6 0 4782
7 6 1 3903
7 6 2 6235
7 6 3 8665
7 6 4 4232
7 6 5 8578
7 6 6 0
7 6 7 0
7 6 8 5338
7 6 9 4080
7 6 10 5886
7 6 11 1249
7 6 12 5325
7 6 13 2273
7 7 0 0
7 7 1 0
7 7 2 0
7 7 3 0
7 7 4 0
7 7 5 0
7 7 6 0
7 7 7 0
7 7 8 0
7 7 9 0
7 7 10 0
7 7 11 0
7 7 12 0
7 7 13 0
7 8 0 1914
7 8 1 1632
7 8 2 1814
7 8 3 5622
7 8 4 2379
7 8 5 3158
7 8 6 5367
7 8 7 0
7 8 8 0
7 8 9 5704
7 8 10 6479
7 8 11 7805
7 8 12 5085
7 8 13 5637
7 9 0 4998
7 9 1 4761
7 9 2 3686
7 9 3 3436
7 9 4 4946
7 9 5 2351
7 9 6 3447
7 9 7 0
7 9 8 5451
7 9 9 0
7 9 10 1222
7 9 11 4539
7 9 12 3386
7 9 13 3018
7 10 0 4968
7 10 1 7700
7 10 2 6905
7 10 3 3578
7 10 4 3298
7 10 5 3976
7 10 6 7595
7 10 7 0
7 10 8 6818
7 10 9 8998
7 10 10 0
7 10 11 8429
7 10 12 8823
7 10 13 8163
7 11 0 4093
7 11 1 5843
7 11 2 5583
7 11 3 2511
7 11 4 5723
7 11 5 3239
7 11 6 1309
7 11 7 0
7 11 8 6709
7 11 9 6537
7 11 10 5246
7 11 11 0
7 11 12 9226
7 11 13 5880
7 12 0 5749
7 12 1 4511
7 12 2 4608
7 12 3 5918
7 12 4 7898
7 12 5 7579
7 12 6 7760
7 12 7 0
7 12 8 3177
7 12 9 4237
7 12 10 5994
7 12 11 2571
7 12 12 0
7 12 13 5336
7 13 0 8256
7 13 1 4934
7 13 2 5308
7 13 3 6405
7 13 4 6604
7 13 5 8255
7 13 6 5972
7 13 7 0
7 13 8 3024
7 13 9 2339
7 13 10 4340
7 13 11 6394
7 13 12 5553
7 13 13 0
8 0 0 0
8 0 1 3130
8 0 2 4661
8 0 3 3355
8 0 4 2409
8 0 5 2224
8 0 6 1304
8 0 7 2786
8 0 8 0
8 0 9 7552
8 0 10 5180
8 0 11 5954
8 0 12 5235
8 0 13 6478
8 1 0 3117
8 1 1 0
8 1 2 1197
8 1 3 5214
8 1 4 1758
8 1 5 859
8 1 6 5282
8 1 7 1225
8 1 8 0
8 1 9 7647
8 1 10 8244
8 1 11 8036
8 1 12 4329
8 1 13 3488
8 2 0 5550
8 2 1 5684
8 2 2 0
8 2 3 3784
8 2 4 3455
8 2 5 1809
8 2 6 2276
8 2 7 3598
8 2 8 0
8 2 9 4628
8 2 10 5505
8 2 11 5832
8 2 12 2482
8 2 13 1918
8 3 0 8616
8 3 1 8118
8 3 2 6236
8 3 3 0
8 3 4 7257
8 3 5 6374
8 3 6 7425
8 3 7 8689
8 3 8 0
8 3 9 7863
8 3 10 5663
8 3 11 6245
8 3 12 7277
8 3 13 6500
8 4 0 2730
8 4 1 4867
8 4 2 4817
8 4 3 2341
8 4 4 0
8 4 5 4877
8 4 6 5409
8 4 7 1560
8 4 8 0
8 4 9 5552
8 4 10 1562
8 4 11 5636
8 4 12 5436
8 4 13 2878
8 5 0 3380
8 5 1 4965
8 5 2 3018
8 5 3 2984
8 5 4 4256
8 5 5 0
8 5 6 5777
8 5 7 4991
8 5 8 0
8 5 9 4161
8 5 10 3444
8 5 11 4356
8 5 12 6321
8 5 13 5733
8 6 0 5324
8 6 1 4445
8 6 2 6777
8 6 3 9207
8 6 4 4774
8 6 5 9120
8 6 6 0
8 6 7 5338
8 6 8 0
8 6 9 6787
8 6 10 8593
8 6 11 3956
8 6 12 8032
8 6 13 4980
8 7 0 5419
8 7 1 5389
8 7 2 5764
8 7 3 3620
8 7 4 5344
8 7 5 3169
8 7 6 6733
8 7 7 0
8 7 8 0
8 7 9 1605
8 7 10 5666
8 7 11 6061
8 7 12 2353
8 7 13 3169
8 8 0 0
8 8 1 0
8 8 2 0
8 8 3 0
8 8 4 0
8 8 5 0
8 8 6 0
8 8 7 0
8 8 8 0
8 8 9 0
8 8 10 0
8 8 11 0
8 8 12 0
8 8 13 0
8 9 0 9506
8 9 1 9269
8 9 2 8194
8 9 3 7944
8 9 4 9454
8 9 5 6859
8 9 6 7955
8 9 7 5451
8 9 8 0
8 9 9 0
8 9 10 3413
8 9 11 6730
8 9 12 5577
8 9 13 5209
8 10 0 4440
8 10 1 7172
8 10 2 6377
8 10 3 3050
8 10 4 2770
8 10 5 3448
8 10 6 7067
8 10 7 6818
8 10 8 0
8 10 9 7903
8 10 10 0
8 10 11 7334
8 10 12 7728
8 10 13 7068
8 11 0 4710
8 11 1 6460
8 11 2 6200
8 11 3 3128
8 11 4 6340
8 11 5 3856
8 11 6 1926
8 11 7 6709
8 11 8 0
8 11 9 6373
8 11 10 5082
8 11 11 0
8 11 12 9062
8 11 13 5716
8 12 0 4167
8 12 1 2929
8 12 2 3026
8 12 3 4336
8 12 4 6316
8 12 5 5997
8 12 6 6178
8 12 7 3177
8 12 8 0
8 12 9 5061
8 12 10 6818
8 12 11 3395
8 12 12 0
8 12 13 6160
8 13 0 4441
8 13 1 1119
8 13 2 1493
8 13 3 2590
8 13 4 2789
8 13 5 4440
8 13 6 2157
8 13 7 3024
8 13 8 0
8 13 9 2899
8 13 10 4900
8 13 11 6954
8 13 12 6113
8 13 13 0
9 0 0 0
9 0 1 6876
9 0 2 8407
9 0 3 7101
9 0 4 6155
9 0 5 5970
9 0 6 5050
9 0 7 6532
9 0 8 7552
9 0 9 0
9 0 10 2583
9 0 11 3357
9 0 12 2638
9 0 13 3881
9 1 0 6908
9 1 1 0
9 1 2 4988
9 1 3 9005
9 1 4 5549
9 1 5 4650
9 1 6 9073
9 1 7 5016
9 1 8 7647
9 1 9 0
9 1 10 9764
9 1 11 9556
9 1 12 5849
9 1 13 5008
9 2 0 8084
9 2 1 8218
9 2 2 0
9 2 3 6318
9 2 4 5989
9 2 5 4343
9 2 6 4810
9 2 7 6132
9 2 8 4628
9 2 9 0
9 2 10 8667
9 2 11 8994
9 2 12 5644
9 2 13 5080
9 3 0 7092
9 3 1 6594
9 3 2 4712
9 3 3 0
9 3 4 5733
9 3 5 4850
9 3 6 5901
9 3 7 7165
9 3 8 7863
9 3 9 0
9 3 10 2058
9 3 11 2640
9 3 12 3672
9 3 13 2895
9 4 0 5959
9 4 1 8096
9 4 2 8046
9 4 3 5570
9 4 4 0
9 4 5 8106
9 4 6 8638
9 4 7 4789
9 4 8 5552
9 4 9 0
9 4 10 4115
9 4 11 8189
9 4 12 7989
9 4 13 5431
9 5 0 3235
9 5 1 4820
9 5 2 2873
9 5 3 2839
9 5 4 4111
9 5 5 0
9 5 6 5632
9 5 7 4846
9 5 8 4161
9 5 9 0
9 5 10 3393
9 5 11 4305
9 5 12 6270
9 5 13 5682
9 6 0 4066
9 6 1 3187
9 6 2 5519
9 6 3 7949
9 6 4 3516
9 6 5 7862
9 6 6 0
9 6 7 4080
9 6 8 6787
9 6 9 0
9 6 10 8154
9 6 11 3517
9 6 12 7593
9 6 13 4541
9 7 0 2992
9 7 1 2962
9 7 2 3337
9 7 3 1193
9 7 4 2917
9 7 5 742
9 7 6 4306
9 7 7 0
9 7 8 1605
9 7 9 0
9 7 10 5004
9 7 11 5399
9 7 12 1691
9 7 13 2507
9 8 0 3586
9 8 1 3304
9 8 2 3486
9 8 3 7294
9 8 4 4051
9 8 5 4830
9 8 6 7039
9 8 7 5704
9 8 8 0
9 8 9 0
9 8 10 8417
9 8 11 9743
9 8 12 7023
9 8 13 7575
9 9 0 0
9 9 1 0
9 9 2 0
9 9 3 0
9 9 4 0
9 9 5 0
9 9 6 0
9 9 7 0
9 9 8 0
9 9 9 0
9 9 10 0
9 9 11 0
9 9 12 0
9 9 13 0
9 10 0 6620
9 10 1 9352
9 10 2 8557
9 10 3 5230
9 10 4 4950
9 10 5 5628
9 10 6 9247
9 10 7 8998
9 10 8 7903
9 10 9 0
9 10 10 0
9 10 11 4504
9 10 12 4898
9 10 13 4238
9 11 0 4538
9 11 1 6288
9 11 2 6028
9 11 3 2956
9 11 4 6168
9 11 5 3684
9 11 6 1754
9 11 7 6537
9 11 8 6373
9 11 9 0
9 11 10 4243
9 11 11 0
9 11 12 8223
9 11 13 4877
9 12 0 5227
9 12 1 3989
9 12 2 4086
9 12 3 5396
9 12 4 7376
9 12 5 7057
9 12 6 7238
9 12 7 4237
9 12 8 5061
9 12 9 0
9 12 10 7546
9 12 11 4123
9 12 12 0
9 12 13 6888
9 13 0 3756
9 13 1 434
9 13 2 808
9 13 3 1905
9 13 4 2104
9 13 5 3755
9 13 6 1472
9 13 7 2339
9 13 8 2899
9 13 9 0
9 13 10 4708
9 13 11 6762
9 13 12 5921
9 13 13 0
10 0 0 0
10 0 1 4504
10 0 2 6035
10 0 3 4729
10 0 4 3783
10 0 5 3598
10 0 6 2678
10 0 7 4160
10 0 8 5180
10 0 9 2583
10 0 10 0
10 0 11 4992
10 0 12 4273
10 0 13 5516
10 1 0 7505
10 1 1 0
10 1 2 5585
10 1 3 9602
10 1 4 6146
10 1 5 5247
10 1 6 9670
10 1 7 5613
10 1 8 8244
10 1 9 9764
10 1 10 0
10 1 11 8186
10 1 12 4479
10 1 13 3638
10 2 0 8961
10 2 1 9095
10 2 2 0
10 2 3 7195
10 2 4 6866
10 2 5 5220
10 2 6 5687
10 2 7 7009
10 2 8 5505
10 2 9 8667
10 2 10 0
10 2 11 7513
10 2 12 4163
10 2 13 3599
10 3 0 4892
10 3 1 4394
10 3 2 2512
10 3 3 0
10 3 4 3533
10 3 5 2650
10 3 6 3701
10 3 7 4965
10 3 8 5663
10 3 9 2058
10 3 10 0
10 3 11 5126
10 3 12 6158
10 3 13 5381
10 4 0 1969
10 4 1 4106
10 4 2 4056
10 4 3 1580
10 4 4 0
10 4 5 4116
10 4 6 4648
10 4 7 799
10 4 8 1562
10 4 9 4115
10 4 10 0
10 4 11 6648
10 4 12 6448
10 4 13 3890
10 5 0 2518
10 5 1 4103
10 5 2 2156
10 5 3 2122
10 5 4 3394
10 5 5 0
10 5 6 4915
10 5 7 4129
10 5 8 3444
10 5 9 3393
10 5 10 0
10 5 11 6093
10 5 12 8058
10 5 13 7470
10 6 0 5872
10 6 1 4993
10 6 2 7325
10 6 3 9755
10 6 4 5322
10 6 5 9668
10 6 6 0
10 6 7 5886
10 6 8 8593
10 6 9 8154
10 6 10 0
10 6 11 4632
10 6 12 8708
10 6 13 5656
10 7 0 7053
10 7 1 7023
10 7 2 7398
10 7 3 5254
10 7 4 6978
10 7 5 4803
10 7 6 8367
10 7 7 0
10 7 8 5666
10 7 9 5004
10 7 10 0
10 7 11 7741
10 7 12 4033
10 7 13 4849
10 8 0 4361
10 8 1 4079
10 8 2 4261
10 8 3 8069
10 8 4 4826
10 8 5 5605
10 8 6 7814
10 8 7 6479
10 8 8 0
10 8 9 8417
10 8 10 0
10 8 11 7049
10 8 12 4329
10 8 13 4881
10 9 0 5277
10 9 1 5040
10 9 2 3965
10 9 3 3715
10 9 4 5225
10 9 5 2630
10 9 6 3726
10 9 7 1222
10 9 8 3413
10 9 9 0
10 9 10 0
10 9 11 8390
10 9 12 7237
10 9 13 6869
10 10 0 0
10 10 1 0
10 10 2 0
10 10 3 0
10 10 4 0
10 10 5 0
10 10 6 0
10 10 7 0
10 10 8 0
10 10 9 0
10 10 10 0
10 10 11 0
10 10 12 0
10 10 13 0
10 11 0 3247
10 11 1 4997
10 11 2 4737
10 11 3 1665
10 11 4 4877
10 11 5 2393
10 11 6 463
10 11 7 5246
10 11 8 5082
10 11 9 4243
10 11 10 0
10 11 11 0
10 11 12 8052
10 11 13 4706
10 12 0 6984
10 12 1 5746
10 12 2 5843
10 12 3 7153
10 12 4 9133
10 12 5 8814
10 12 6 8995
10 12 7 5994
10 12 8 6818
10 12 9 7546
10 12 10 0
10 12 11 5499
10 12 12 0
10 12 13 8264
10 13 0 5757
10 13 1 2435
10 13 2 2809
10 13 3 3906
10 13 4 4105
10 13 5 5756
10 13 6 3473
10 13 7 4340
10 13 8 4900
10 13 9 4708
10 13 10 0
10 13 11 7846
10 13 12 7005
10 13 13 0
11 0 0 0
11 0 1 5278
11 0 2 6809
11 0 3 5503
11 0 4 4557
11 0 5 4372
11 0 6 3452
11 0 7 4934
11 0 8 5954
11 0 9 3357
11 0 10 4992
11 0 11 0
11 0 12 6425
11 0 13 7668
11 1 0 7297
11 1 1 0
11 1 2 5377
11 1 3 9394
11 1 4 5938
11 1 5 5039
11 1 6 9462
11 1 7 5405
11 1 8 8036
11 1 9 9556
11 1 10 8186
11 1 11 0
11 1 12 4221
11 1 13 3380
11 2 0 9288
11 2 1 9422
11 2 2 0
11 2 3 7522
11 2 4 7193
11 2 5 5547
11 2 6 6014
11 2 7 7336
11 2 8 5832
11 2 9 8994
11 2 10 7513
11 2 11 0
11 2 12 5935
11 2 13 5371
11 3 0 5474
11 3 1 4976
11 3 2 3094
11 3 3 0
11 3 4 4115
11 3 5 3232
11 3 6 4283
11 3 7 5547
11 3 8 6245
11 3 9 2640
11 3 10 5126
11 3 11 0
11 3 12 4805
11 3 13 4028
11 4 0 6043
11 4 1 8180
11 4 2 8130
11 4 3 5654
11 4 4 0
11 4 5 8190
11 4 6 8722
11 4 7 4873
11 4 8 5636
11 4 9 8189
11 4 10 6648
11 4 11 0
11 4 12 8322
11 4 13 5764
11 5 0 3430
11 5 1 5015
11 5 2 3068
11 5 3 3034
11 5 4 4306
11 5 5 0
11 5 6 5827
11 5 7 5041
11 5 8 4356
11 5 9 4305
11 5 10 6093
11 5 11 0
11 5 12 4622
11 5 13 4034
11 6 0 1235
11 6 1 356
11 6 2 2688
11 6 3 5118
11 6 4 685
11 6 5 5031
11 6 6 0
11 6 7 1249
11 6 8 3956
11 6 9 3517
11 6 10 4632
11 6 11 0
11 6 12 5538
11 6 13 2486
11 7 0 7448
11 7 1 7418
11 7 2 7793
11 7 3 5649
11 7 4 7373
11 7 5 5198
11 7 6 8762
11 7 7 0
11 7 8 6061
11 7 9 5399
11 7 10 7741
11 7 11 0
11 7 12 2384
11 7 13 3200
11 8 0 5687
11 8 1 5405
11 8 2 5587
11 8 3 9395
11 8 4 6152
11 8 5 6931
11 8 6 9140
11 8 7 7805
11 8 8 0
11 8 9 9743
11 8 10 7049
11 8 11 0
11 8 12 3825
11 8 13 4377
11 9 0 8594
11 9 1 8357
11 9 2 7282
11 9 3 7032
11 9 4 8542
11 9 5 5947
11 9 6 7043
11 9 7 4539
11 9 8 6730
11 9 9 0
11 9 10 8390
11 9 11 0
11 9 12 4381
11 9 13 4013
11 10 0 6051
11 10 1 8783
11 10 2 7988
11 10 3 4661
11 10 4 4381
11 10 5 5059
11 10 6 8678
11 10 7 8429
11 10 8 7334
11 10 9 4504
11 10 10 0
11 10 11 0
11 10 12 4466
11 10 13 3806
11 11 0 0
11 11 1 0
11 11 2 0
11 11 3 0
11 11 4 0
11 11 5 0
11 11 6 0
11 11 7 0
11 11 8 0
11 11 9 0
11 11 10 0
11 11 11 0
11 11 12 0
11 11 13 0
11 12 0 3561
11 12 1 2323
11 12 2 2420
11 12 3 3730
11 12 4 5710
11 12 5 5391
11 12 6 5572
11 12 7 2571
11 12 8 3395
11 12 9 4123
11 12 10 5499
11 12 11 0
11 12 12 0
11 12 13 8272
11 13 0 7811
11 13 1 4489
11 13 2 4863
11 13 3 5960
11 13 4 6159
11 13 5 7810
11 13 6 5527
11 13 7 6394
11 13 8 6954
11 13 9 6762
11 13 10 7846
11 13 11 0
11 13 12 4327
11 13 13 0
12 0 0 0
12 0 1 4559
12 0 2 6090
12 0 3 4784
12 0 4 3838
12 0 5 3653
12 0 6 2733
12 0 7 4215
12 0 8 5235
12 0 9 2638
12 0 10 4273
12 0 11 6425
12 0 12 0
12 0 13 6895
12 1 0 3590
12 1 1 0
12 1 2 1670
12 1 3 5687
12 1 4 2231
12 1 5 1332
12 1 6 5755
12 1 7 1698
12 1 8 4329
12 1 9 5849
12 1 10 4479
12 1 11 4221
12 1 12 0
12 1 13 2549
12 2 0 5938
12 2 1 6072
12 2 2 0
12 2 3 4172
12 2 4 3843
12 2 5 2197
12 2 6 2664
12 2 7 3986
12 2 8 2482
12 2 9 5644
12 2 10 4163
12 2 11 5935
12 2 12 0
12 2 13 5064
12 3 0 6506
12 3 1 6008
12 3 2 4126
12 3 3 0
12 3 4 5147
12 3 5 4264
12 3 6 5315
12 3 7 6579
12 3 8 7277
12 3 9 3672
12 3 10 6158
12 3 11 4805
12 3 12 0
12 3 13 5230
12 4 0 5843
12 4 1 7980
12 4 2 7930
12 4 3 5454
12 4 4 0
12 4 5 7990
12 4 6 8522
12 4 7 4673
12 4 8 5436
12 4 9 7989
12 4 10 6448
12 4 11 8322
12 4 12 0
12 4 13 2141
12 5 0 5395
12 5 1 6980
12 5 2 5033
12 5 3 4999
12 5 4 6271
12 5 5 0
12 5 6 7792
12 5 7 7006
12 5 8 6321
12 5 9 6270
12 5 10 8058
12 5 11 4622
12 5 12 0
12 5 13 5696
12 6 0 5311
12 6 1 4432
12 6 2 6764
12 6 3 9194
12 6 4 4761
12 6 5 9107
12 6 6 0
12 6 7 5325
12 6 8 8032
12 6 9 7593
12 6 10 8708
12 6 11 5538
12 6 12 0
12 6 13 4352
12 7 0 3740
12 7 1 3710
12 7 2 4085
12 7 3 1941
12 7 4 3665
12 7 5 1490
12 7 6 5054
12 7 7 0
12 7 8 2353
12 7 9 1691
12 7 10 4033
12 7 11 2384
12 7 12 0
12 7 13 5575
12 8 0 2967
12 8 1 2685
12 8 2 2867
12 8 3 6675
12 8 4 3432
12 8 5 4211
12 8 6 6420
12 8 7 5085
12 8 8 0
12 8 9 7023
12 8 10 4329
12 8 11 3825
12 8 12 0
12 8 13 4553
12 9 0 7441
12 9 1 7204
12 9 2 6129
12 9 3 5879
12 9 4 7389
12 9 5 4794
12 9 6 5890
12 9 7 3386
12 9 8 5577
12 9 9 0
12 9 10 7237
12 9 11 4381
12 9 12 0
12 9 13 5421
12 10 0 6445
12 10 1 9177
12 10 2 8382
12 10 3 5055
12 10 4 4775
12 10 5 5453
12 10 6 9072
12 10 7 8823
12 10 8 7728
12 10 9 4898
12 10 10 0
12 10 11 4466
12 10 12 0
12 10 13 8262
12 11 0 7227
12 11 1 8977
12 11 2 8717
12 11 3 5645
12 11 4 8857
12 11 5 6373
12 11 6 4443
12 11 7 9226
12 11 8 9062
12 11 9 8223
12 11 10 8052
12 11 11 0
12 11 12 0
12 11 13 2161
12 12 0 0
12 12 1 0
12 12 2 0
12 12 3 0
12 12 4 0
12 12 5 0
12 12 6 0
12 12 7 0
12 12 8 0
12 12 9 0
12 12 10 0
12 12 11 0
12 12 12 0
12 12 13 0
12 13 0 6970
12 13 1 3648
12 13 2 4022
12 13 3 5119
12 13 4 5318
12 13 5 6969
12 13 6 4686
12 13 7 5553
12 13 8 6113
12 13 9 5921
12 13 10 7005
12 13 11 4327
12 13 12 0
12 13 13 0
13 0 0 0
13 0 1 5802
13 0 2 7333
13 0 3 6027
13 0 4 5081
13 0 5 4896
13 0 6 3976
13 0 7 5458
13 0 8 6478
13 0 9 3881
13 0 10 5516
13 0 11 7668
13 0 12 6895
13 0 13 0
13 1 0 2749
13 1 1 0
13 1 2 829
13 1 3 4846
13 1 4 1390
13 1 5 491
13 1 6 4914
13 1 7 857
13 1 8 3488
13 1 9 5008
13 1 10 3638
13 1 11 3380
13 1 12 2549
13 1 13 0
13 2 0 5374
13 2 1 5508
13 2 2 0
13 2 3 3608
13 2 4 3279
13 2 5 1633
13 2 6 2100
13 2 7 3422
13 2 8 1918
13 2 9 5080
13 2 10 3599
13 2 11 5371
13 2 12 5064
13 2 13 0
13 3 0 5729
13 3 1 5231
13 3 2 3349
13 3 3 0
13 3 4 4370
13 3 5 3487
13 3 6 4538
13 3 7 5802
13 3 8 6500
13 3 9 2895
13 3 10 5381
13 3 11 4028
13 3 12 5230
13 3 13 0
13 4 0 3285
13 4 1 5422
13 4 2 5372
13 4 3 2896
13 4 4 0
13 4 5 5432
13 4 6 5964
13 4 7 2115
13 4 8 2878
13 4 9 5431
13 4 10 3890
13 4 11 5764
13 4 12 2141
13 4 13 0
13 5 0 4807
13 5 1 6392
13 5 2 4445
13 5 3 4411
13 5 4 5683
13 5 5 0
13 5 6 7204
13 5 7 6418
13 5 8 5733
13 5 9 5682
13 5 10 7470
13 5 11 4034
13 5 12 5696
13 5 13 0
13 6 0 2259
13 6 1 1380
13 6 2 3712
13 6 3 6142
13 6 4 1709
13 6 5 6055
13 6 6 0
13 6 7 2273
13 6 8 4980
13 6 9 4541
13 6 10 5656
13 6 11 2486
13 6 12 4352
13 6 13 0
13 7 0 4556
13 7 1 4526
13 7 2 4901
13 7 3 2757
13 7 4 4481
13 7 5 2306
13 7 6 5870
13 7 7 0
13 7 8 3169
13 7 9 2507
13 7 10 4849
13 7 11 3200
13 7 12 5575
13 7 13 0
13 8 0 3519
13 8 1 3237
13 8 2 3419
13 8 3 7227
13 8 4 3984
13 8 5 4763
13 8 6 6972
13 8 7 5637
13 8 8 0
13 8 9 7575
13 8 10 4881
13 8 11 4377
13 8 12 4553
13 8 13 0
13 9 0 7073
13 9 1 6836
13 9 2 5761
13 9 3 5511
13 9 4 7021
13 9 5 4426
13 9 6 5522
13 9 7 3018
13 9 8 5209
13 9 9 0
13 9 10 6869
13 9 11 4013
13 9 12 5421
13 9 13 0
13 10 0 5785
13 10 1 8517
13 10 2 7722
13 10 3 4395
13 10 4 4115
13 10 5 4793
13 10 6 8412
13 10 7 8163
13 10 8 7068
13 10 9 4238
13 10 10 0
13 10 11 3806
13 10 12 8262
13 10 13 0
13 11 0 3881
13 11 1 5631
13 11 2 5371
13 11 3 2299
13 11 4 5511
13 11 5 3027
13 11 6 1097
13 11 7 5880
13 11 8 5716
13 11 9 4877
13 11 10 4706
13 11 11 0
13 11 12 2161
13 11 13 0
13 12 0 6326
13 12 1 5088
13 12 2 5185
13 12 3 6495
13 12 4 8475
13 12 5 8156
13 12 6 8337
13 12 7 5336
13 12 8 6160
13 12 9 6888
13 12 10 8264
13 12 11 8272
13 12 12 0
13 12 13 0
13 13 0 0
13 13 1 0
13 13 2 0
13 13 3 0
13 13 4 0
13 13 5 0
13 13 6 0
13 13 7 0
13 13 8 0
13 13 9 0
13 13 10 0
13 13 11 0
13 13 12 0
13 13 13 0
