14
0 0 0 0
0 0 1 0
0 0 2 0
0 0 3 0
0 0 4 0
0 0 5 0
0 0 6 0
0 0 7 0
0 0 8 0
0 0 9 0
0 0 10 0
0 0 11 0
0 0 12 0
0 0 13 0
0 1 0 0
0 1 1 0
0 1 2 6179
0 1 3 5974
0 1 4 7451
0 1 5 5359
0 1 6 5633
0 1 7 6046
0 1 8 6418
0 1 9 7338
0 1 10 5635
0 1 11 7881
0 1 12 7982
0 1 13 4701
0 2 0 0
0 2 1 3758
0 2 2 0
0 2 3 4066
0 2 4 7644
0 2 5 5511
0 2 6 3827
0 2 7 3573
0 2 8 6643
0 2 9 4599
0 2 10 4801
0 2 11 5554
0 2 12 3327
0 2 13 7482
0 3 0 0
0 3 1 2052
0 3 2 2730
0 3 3 0
0 3 4 3211
0 3 5 6348
0 3 6 2379
0 3 7 1474
0 3 8 5455
0 3 9 4005
0 3 10 3984
0 3 11 4482
0 3 12 2538
0 3 13 3338
0 4 0 0
0 4 1 4435
0 4 2 3763
0 4 3 6943
0 4 4 0
0 4 5 4127
0 4 6 2392
0 4 7 4970
0 4 8 7206
0 4 9 6772
0 4 10 4003
0 4 11 5262
0 4 12 4027
0 4 13 6424
0 5 0 0
0 5 1 4122
0 5 2 5914
0 5 3 6678
0 5 4 6541
0 5 5 0
0 5 6 6622
0 5 7 3819
0 5 8 3144
0 5 9 6567
0 5 10 4265
0 5 11 4754
0 5 12 4877
0 5 13 6469
0 6 0 0
0 6 1 6457
0 6 2 5021
0 6 3 7552
0 6 4 7294
0 6 5 4305
0 6 6 0
0 6 7 7445
0 6 8 5349
0 6 9 4229
0 6 10 6523
0 6 11 6203
0 6 12 5364
0 6 13 7936
0 7 0 0
0 7 1 8024
0 7 2 3762
0 7 3 3841
0 7 4 7993
0 7 5 6980
0 7 6 7155
0 7 7 0
0 7 8 7269
0 7 9 3950
0 7 10 3221
0 7 11 6345
0 7 12 5088
0 7 13 6040
0 8 0 0
0 8 1 6748
0 8 2 4899
0 8 3 3234
0 8 4 2465
0 8 5 4724
0 8 6 2971
0 8 7 3971
0 8 8 0
0 8 9 2944
0 8 10 5348
0 8 11 7186
0 8 12 7012
0 8 13 4176
0 9 0 0
0 9 1 3174
0 9 2 4351
0 9 3 6226
0 9 4 4733
0 9 5 6389
0 9 6 2993
0 9 7 2946
0 9 8 5108
0 9 9 0
0 9 10 4194
0 9 11 3888
0 9 12 2849
0 9 13 5919
0 10 0 0
0 10 1 6737
0 10 2 4415
0 10 3 4617
0 10 4 3272
0 10 5 4782
0 10 6 6056
0 10 7 6399
0 10 8 3678
0 10 9 5267
0 10 10 0
0 10 11 4180
0 10 12 3140
0 10 13 3052
0 11 0 0
0 11 1 4800
0 11 2 6184
0 11 3 6089
0 11 4 5299
0 11 5 3473
0 11 6 4329
0 11 7 5851
0 11 8 2431
0 11 9 3585
0 11 10 6512
0 11 11 0
0 11 12 4441
0 11 13 4348
0 12 0 0
0 12 1 8326
0 12 2 8704
0 12 3 7031
0 12 4 6846
0 12 5 6538
0 12 6 6182
0 12 7 3939
0 12 8 6037
0 12 9 5134
0 12 10 5619
0 12 11 5661
0 12 12 0
0 12 13 7756
0 13 0 0
0 13 1 6461
0 13 2 7779
0 13 3 3982
0 13 4 3879
0 13 5 7694
0 13 6 3574
0 13 7 3971
0 13 8 6071
0 13 9 4504
0 13 10 3882
0 13 11 3851
0 13 12 6449
0 13 13 0
1 0 0 0
1 0 1 0
1 0 2 4383
1 0 3 3007
1 0 4 3850
1 0 5 3795
1 0 6 5213
1 0 7 4703
1 0 8 3937
1 0 9 3607
1 0 10 4328
1 0 11 3149
1 0 12 5326
1 0 13 5013
1 1 0 0
1 1 1 0
1 1 2 0
1 1 3 0
1 1 4 0
1 1 5 0
1 1 6 0
1 1 7 0
1 1 8 0
1 1 9 0
1 1 10 0
1 1 11 0
1 1 12 0
1 1 13 0
1 2 0 3758
1 2 1 0
1 2 2 0
1 2 3 2855
1 2 4 6433
1 2 5 4300
1 2 6 2616
1 2 7 2362
1 2 8 5432
1 2 9 3388
1 2 10 3590
1 2 11 4343
1 2 12 2116
1 2 13 6271
1 3 0 2052
1 3 1 0
1 3 2 2690
1 3 3 0
1 3 4 3171
1 3 5 6308
1 3 6 2339
1 3 7 1434
1 3 8 5415
1 3 9 3965
1 3 10 3944
1 3 11 4442
1 3 12 2498
1 3 13 3298
1 4 0 4435
1 4 1 0
1 4 2 4357
1 4 3 7537
1 4 4 0
1 4 5 4721
1 4 6 2986
1 4 7 5564
1 4 8 7800
1 4 9 7366
1 4 10 4597
1 4 11 5856
1 4 12 4621
1 4 13 7018
1 5 0 4122
1 5 1 0
1 5 2 4471
1 5 3 5235
1 5 4 5098
1 5 5 0
1 5 6 5179
1 5 7 2376
1 5 8 1701
1 5 9 5124
1 5 10 2822
1 5 11 3311
1 5 12 3434
1 5 13 5026
1 6 0 6457
1 6 1 0
1 6 2 2434
1 6 3 4965
1 6 4 4707
1 6 5 1718
1 6 6 0
1 6 7 4858
1 6 8 2762
1 6 9 1642
1 6 10 3936
1 6 11 3616
1 6 12 2777
1 6 13 5349
1 7 0 8024
1 7 1 0
1 7 2 2098
1 7 3 2177
1 7 4 6329
1 7 5 5316
1 7 6 5491
1 7 7 0
1 7 8 5605
1 7 9 2286
1 7 10 1557
1 7 11 4681
1 7 12 3424
1 7 13 4376
1 8 0 6748
1 8 1 0
1 8 2 4373
1 8 3 2708
1 8 4 1939
1 8 5 4198
1 8 6 2445
1 8 7 3445
1 8 8 0
1 8 9 2418
1 8 10 4822
1 8 11 6660
1 8 12 6486
1 8 13 3650
1 9 0 3174
1 9 1 0
1 9 2 5075
1 9 3 6950
1 9 4 5457
1 9 5 7113
1 9 6 3717
1 9 7 3670
1 9 8 5832
1 9 9 0
1 9 10 4918
1 9 11 4612
1 9 12 3573
1 9 13 6643
1 10 0 6737
1 10 1 0
1 10 2 2715
1 10 3 2917
1 10 4 1572
1 10 5 3082
1 10 6 4356
1 10 7 4699
1 10 8 1978
1 10 9 3567
1 10 10 0
1 10 11 2480
1 10 12 1440
1 10 13 1352
1 11 0 4800
1 11 1 0
1 11 2 7909
1 11 3 7814
1 11 4 7024
1 11 5 5198
1 11 6 6054
1 11 7 7576
1 11 8 4156
1 11 9 5310
1 11 10 8237
1 11 11 0
1 11 12 6166
1 11 13 6073
1 12 0 8326
1 12 1 0
1 12 2 8353
1 12 3 6680
1 12 4 6495
1 12 5 6187
1 12 6 5831
1 12 7 3588
1 12 8 5686
1 12 9 4783
1 12 10 5268
1 12 11 5310
1 12 12 0
1 12 13 7405
1 13 0 6461
1 13 1 0
1 13 2 4460
1 13 3 663
1 13 4 560
1 13 5 4375
1 13 6 255
1 13 7 652
1 13 8 2752
1 13 9 1185
1 13 10 563
1 13 11 532
1 13 12 3130
1 13 13 0
2 0 0 0
2 0 1 4383
2 0 2 0
2 0 3 4452
2 0 4 5295
2 0 5 5240
2 0 6 6658
2 0 7 6148
2 0 8 5382
2 0 9 5052
2 0 10 5773
2 0 11 4594
2 0 12 6771
2 0 13 6458
2 1 0 6179
2 1 1 0
2 1 2 0
2 1 3 2342
2 1 4 3819
2 1 5 1727
2 1 6 2001
2 1 7 2414
2 1 8 2786
2 1 9 3706
2 1 10 2003
2 1 11 4249
2 1 12 4350
2 1 13 1069
2 2 0 0
2 2 1 0
2 2 2 0
2 2 3 0
2 2 4 0
2 2 5 0
2 2 6 0
2 2 7 0
2 2 8 0
2 2 9 0
2 2 10 0
2 2 11 0
2 2 12 0
2 2 13 0
2 3 0 2730
2 3 1 2690
2 3 2 0
2 3 3 0
2 3 4 2963
2 3 5 6100
2 3 6 2131
2 3 7 1226
2 3 8 5207
2 3 9 3757
2 3 10 3736
2 3 11 4234
2 3 12 2290
2 3 13 3090
2 4 0 3763
2 4 1 4357
2 4 2 0
2 4 3 9430
2 4 4 0
2 4 5 6614
2 4 6 4879
2 4 7 7457
2 4 8 9693
2 4 9 9259
2 4 10 6490
2 4 11 7749
2 4 12 6514
2 4 13 8911
2 5 0 5914
2 5 1 4471
2 5 2 0
2 5 3 7087
2 5 4 6950
2 5 5 0
2 5 6 7031
2 5 7 4228
2 5 8 3553
2 5 9 6976
2 5 10 4674
2 5 11 5163
2 5 12 5286
2 5 13 6878
2 6 0 5021
2 6 1 2434
2 6 2 0
2 6 3 4859
2 6 4 4601
2 6 5 1612
2 6 6 0
2 6 7 4752
2 6 8 2656
2 6 9 1536
2 6 10 3830
2 6 11 3510
2 6 12 2671
2 6 13 5243
2 7 0 3762
2 7 1 2098
2 7 2 0
2 7 3 1404
2 7 4 5556
2 7 5 4543
2 7 6 4718
2 7 7 0
2 7 8 4832
2 7 9 1513
2 7 10 784
2 7 11 3908
2 7 12 2651
2 7 13 3603
2 8 0 4899
2 8 1 4373
2 8 2 0
2 8 3 4633
2 8 4 3864
2 8 5 6123
2 8 6 4370
2 8 7 5370
2 8 8 0
2 8 9 4343
2 8 10 6747
2 8 11 8585
2 8 12 8411
2 8 13 5575
2 9 0 4351
2 9 1 5075
2 9 2 0
2 9 3 5911
2 9 4 4418
2 9 5 6074
2 9 6 2678
2 9 7 2631
2 9 8 4793
2 9 9 0
2 9 10 3879
2 9 11 3573
2 9 12 2534
2 9 13 5604
2 10 0 4415
2 10 1 2715
2 10 2 0
2 10 3 3783
2 10 4 2438
2 10 5 3948
2 10 6 5222
2 10 7 5565
2 10 8 2844
2 10 9 4433
2 10 10 0
2 10 11 3346
2 10 12 2306
2 10 13 2218
2 11 0 6184
2 11 1 7909
2 11 2 0
2 11 3 7187
2 11 4 6397
2 11 5 4571
2 11 6 5427
2 11 7 6949
2 11 8 3529
2 11 9 4683
2 11 10 7610
2 11 11 0
2 11 12 5539
2 11 13 5446
2 12 0 8704
2 12 1 8353
2 12 2 0
2 12 3 3725
2 12 4 3540
2 12 5 3232
2 12 6 2876
2 12 7 633
2 12 8 2731
2 12 9 1828
2 12 10 2313
2 12 11 2355
2 12 12 0
2 12 13 4450
2 13 0 7779
2 13 1 4460
2 13 2 0
2 13 3 5144
2 13 4 5041
2 13 5 8856
2 13 6 4736
2 13 7 5133
2 13 8 7233
2 13 9 5666
2 13 10 5044
2 13 11 5013
2 13 12 7611
2 13 13 0
3 0 0 0
3 0 1 3007
3 0 2 4452
3 0 3 0
3 0 4 5495
3 0 5 5440
3 0 6 6858
3 0 7 6348
3 0 8 5582
3 0 9 5252
3 0 10 5973
3 0 11 4794
3 0 12 6971
3 0 13 6658
3 1 0 5974
3 1 1 0
3 1 2 2342
3 1 3 0
3 1 4 3489
3 1 5 1397
3 1 6 1671
3 1 7 2084
3 1 8 2456
3 1 9 3376
3 1 10 1673
3 1 11 3919
3 1 12 4020
3 1 13 739
3 2 0 4066
3 2 1 2855
3 2 2 0
3 2 3 0
3 2 4 6060
3 2 5 3927
3 2 6 2243
3 2 7 1989
3 2 8 5059
3 2 9 3015
3 2 10 3217
3 2 11 3970
3 2 12 1743
3 2 13 5898
3 3 0 0
3 3 1 0
3 3 2 0
3 3 3 0
3 3 4 0
3 3 5 0
3 3 6 0
3 3 7 0
3 3 8 0
3 3 9 0
3 3 10 0
3 3 11 0
3 3 12 0
3 3 13 0
3 4 0 6943
3 4 1 7537
3 4 2 9430
3 4 3 0
3 4 4 0
3 4 5 3557
3 4 6 1822
3 4 7 4400
3 4 8 6636
3 4 9 6202
3 4 10 3433
3 4 11 4692
3 4 12 3457
3 4 13 5854
3 5 0 6678
3 5 1 5235
3 5 2 7087
3 5 3 0
3 5 4 9163
3 5 5 0
3 5 6 9244
3 5 7 6441
3 5 8 5766
3 5 9 9189
3 5 10 6887
3 5 11 7376
3 5 12 7499
3 5 13 9091
3 6 0 7552
3 6 1 4965
3 6 2 4859
3 6 3 0
3 6 4 4529
3 6 5 1540
3 6 6 0
3 6 7 4680
3 6 8 2584
3 6 9 1464
3 6 10 3758
3 6 11 3438
3 6 12 2599
3 6 13 5171
3 7 0 3841
3 7 1 2177
3 7 2 1404
3 7 3 0
3 7 4 4833
3 7 5 3820
3 7 6 3995
3 7 7 0
3 7 8 4109
3 7 9 790
3 7 10 61
3 7 11 3185
3 7 12 1928
3 7 13 2880
3 8 0 3234
3 8 1 2708
3 8 2 4633
3 8 3 0
3 8 4 4052
3 8 5 6311
3 8 6 4558
3 8 7 5558
3 8 8 0
3 8 9 4531
3 8 10 6935
3 8 11 8773
3 8 12 8599
3 8 13 5763
3 9 0 6226
3 9 1 6950
3 9 2 5911
3 9 3 0
3 9 4 5200
3 9 5 6856
3 9 6 3460
3 9 7 3413
3 9 8 5575
3 9 9 0
3 9 10 4661
3 9 11 4355
3 9 12 3316
3 9 13 6386
3 10 0 4617
3 10 1 2917
3 10 2 3783
3 10 3 0
3 10 4 2997
3 10 5 4507
3 10 6 5781
3 10 7 6124
3 10 8 3403
3 10 9 4992
3 10 10 0
3 10 11 3905
3 10 12 2865
3 10 13 2777
3 11 0 6089
3 11 1 7814
3 11 2 7187
3 11 3 0
3 11 4 6701
3 11 5 4875
3 11 6 5731
3 11 7 7253
3 11 8 3833
3 11 9 4987
3 11 10 7914
3 11 11 0
3 11 12 5843
3 11 13 5750
3 12 0 7031
3 12 1 6680
3 12 2 3725
3 12 3 0
3 12 4 4127
3 12 5 3819
3 12 6 3463
3 12 7 1220
3 12 8 3318
3 12 9 2415
3 12 10 2900
3 12 11 2942
3 12 12 0
3 12 13 5037
3 13 0 3982
3 13 1 663
3 13 2 5144
3 13 3 0
3 13 4 2273
3 13 5 6088
3 13 6 1968
3 13 7 2365
3 13 8 4465
3 13 9 2898
3 13 10 2276
3 13 11 2245
3 13 12 4843
3 13 13 0
4 0 0 0
4 0 1 3850
4 0 2 5295
4 0 3 5495
4 0 4 0
4 0 5 4227
4 0 6 5645
4 0 7 5135
4 0 8 4369
4 0 9 4039
4 0 10 4760
4 0 11 3581
4 0 12 5758
4 0 13 5445
4 1 0 7451
4 1 1 0
4 1 2 3819
4 1 3 3489
4 1 4 0
4 1 5 2937
4 1 6 3211
4 1 7 3624
4 1 8 3996
4 1 9 4916
4 1 10 3213
4 1 11 5459
4 1 12 5560
4 1 13 2279
4 2 0 7644
4 2 1 6433
4 2 2 0
4 2 3 6060
4 2 4 0
4 2 5 4117
4 2 6 2433
4 2 7 2179
4 2 8 5249
4 2 9 3205
4 2 10 3407
4 2 11 4160
4 2 12 1933
4 2 13 6088
4 3 0 3211
4 3 1 3171
4 3 2 2963
4 3 3 0
4 3 4 0
4 3 5 9510
4 3 6 5541
4 3 7 4636
4 3 8 8617
4 3 9 7167
4 3 10 7146
4 3 11 7644
4 3 12 5700
4 3 13 6500
4 4 0 0
4 4 1 0
4 4 2 0
4 4 3 0
4 4 4 0
4 4 5 0
4 4 6 0
4 4 7 0
4 4 8 0
4 4 9 0
4 4 10 0
4 4 11 0
4 4 12 0
4 4 13 0
4 5 0 6541
4 5 1 5098
4 5 2 6950
4 5 3 9163
4 5 4 0
4 5 5 0
4 5 6 6180
4 5 7 3377
4 5 8 2702
4 5 9 6125
4 5 10 3823
4 5 11 4312
4 5 12 4435
4 5 13 6027
4 6 0 7294
4 6 1 4707
4 6 2 4601
4 6 3 4529
4 6 4 0
4 6 5 710
4 6 6 0
4 6 7 3850
4 6 8 1754
4 6 9 634
4 6 10 2928
4 6 11 2608
4 6 12 1769
4 6 13 4341
4 7 0 7993
4 7 1 6329
4 7 2 5556
4 7 3 4833
4 7 4 0
4 7 5 6473
4 7 6 6648
4 7 7 0
4 7 8 6762
4 7 9 3443
4 7 10 2714
4 7 11 5838
4 7 12 4581
4 7 13 5533
4 8 0 2465
4 8 1 1939
4 8 2 3864
4 8 3 4052
4 8 4 0
4 8 5 7219
4 8 6 5466
4 8 7 6466
4 8 8 0
4 8 9 5439
4 8 10 7843
4 8 11 9681
4 8 12 9507
4 8 13 6671
4 9 0 4733
4 9 1 5457
4 9 2 4418
4 9 3 5200
4 9 4 0
4 9 5 8780
4 9 6 5384
4 9 7 5337
4 9 8 7499
4 9 9 0
4 9 10 6585
4 9 11 6279
4 9 12 5240
4 9 13 8310
4 10 0 3272
4 10 1 1572
4 10 2 2438
4 10 3 2997
4 10 4 0
4 10 5 3683
4 10 6 4957
4 10 7 5300
4 10 8 2579
4 10 9 4168
4 10 10 0
4 10 11 3081
4 10 12 2041
4 10 13 1953
4 11 0 5299
4 11 1 7024
4 11 2 6397
4 11 3 6701
4 11 4 0
4 11 5 4812
4 11 6 5668
4 11 7 7190
4 11 8 3770
4 11 9 4924
4 11 10 7851
4 11 11 0
4 11 12 5780
4 11 13 5687
4 12 0 6846
4 12 1 6495
4 12 2 3540
4 12 3 4127
4 12 4 0
4 12 5 4465
4 12 6 4109
4 12 7 1866
4 12 8 3964
4 12 9 3061
4 12 10 3546
4 12 11 3588
4 12 12 0
4 12 13 5683
4 13 0 3879
4 13 1 560
4 13 2 5041
4 13 3 2273
4 13 4 0
4 13 5 8331
4 13 6 4211
4 13 7 4608
4 13 8 6708
4 13 9 5141
4 13 10 4519
4 13 11 4488
4 13 12 7086
4 13 13 0
5 0 0 0
5 0 1 3795
5 0 2 5240
5 0 3 5440
5 0 4 4227
5 0 5 0
5 0 6 4307
5 0 7 3797
5 0 8 3031
5 0 9 2701
5 0 10 3422
5 0 11 2243
5 0 12 4420
5 0 13 4107
5 1 0 5359
5 1 1 0
5 1 2 1727
5 1 3 1397
5 1 4 2937
5 1 5 0
5 1 6 2953
5 1 7 3366
5 1 8 3738
5 1 9 4658
5 1 10 2955
5 1 11 5201
5 1 12 5302
5 1 13 2021
5 2 0 5511
5 2 1 4300
5 2 2 0
5 2 3 3927
5 2 4 4117
5 2 5 0
5 2 6 4639
5 2 7 4385
5 2 8 7455
5 2 9 5411
5 2 10 5613
5 2 11 6366
5 2 12 4139
5 2 13 8294
5 3 0 6348
5 3 1 6308
5 3 2 6100
5 3 3 0
5 3 4 9510
5 3 5 0
5 3 6 5331
5 3 7 4426
5 3 8 8407
5 3 9 6957
5 3 10 6936
5 3 11 7434
5 3 12 5490
5 3 13 6290
5 4 0 4127
5 4 1 4721
5 4 2 6614
5 4 3 3557
5 4 4 0
5 4 5 0
5 4 6 4364
5 4 7 6942
5 4 8 9178
5 4 9 8744
5 4 10 5975
5 4 11 7234
5 4 12 5999
5 4 13 8396
5 5 0 0
5 5 1 0
5 5 2 0
5 5 3 0
5 5 4 0
5 5 5 0
5 5 6 0
5 5 7 0
5 5 8 0
5 5 9 0
5 5 10 0
5 5 11 0
5 5 12 0
5 5 13 0
5 6 0 4305
5 6 1 1718
5 6 2 1612
5 6 3 1540
5 6 4 710
5 6 5 0
5 6 6 0
5 6 7 8135
5 6 8 6039
5 6 9 4919
5 6 10 7213
5 6 11 6893
5 6 12 6054
5 6 13 8626
5 7 0 6980
5 7 1 5316
5 7 2 4543
5 7 3 3820
5 7 4 6473
5 7 5 0
5 7 6 5552
5 7 7 0
5 7 8 5666
5 7 9 2347
5 7 10 1618
5 7 11 4742
5 7 12 3485
5 7 13 4437
5 8 0 4724
5 8 1 4198
5 8 2 6123
5 8 3 6311
5 8 4 7219
5 8 5 0
5 8 6 1459
5 8 7 2459
5 8 8 0
5 8 9 1432
5 8 10 3836
5 8 11 5674
5 8 12 5500
5 8 13 2664
5 9 0 6389
5 9 1 7113
5 9 2 6074
5 9 3 6856
5 9 4 8780
5 9 5 0
5 9 6 5234
5 9 7 5187
5 9 8 7349
5 9 9 0
5 9 10 6435
5 9 11 6129
5 9 12 5090
5 9 13 8160
5 10 0 4782
5 10 1 3082
5 10 2 3948
5 10 3 4507
5 10 4 3683
5 10 5 0
5 10 6 5274
5 10 7 5617
5 10 8 2896
5 10 9 4485
5 10 10 0
5 10 11 3398
5 10 12 2358
5 10 13 2270
5 11 0 3473
5 11 1 5198
5 11 2 4571
5 11 3 4875
5 11 4 4812
5 11 5 0
5 11 6 5215
5 11 7 6737
5 11 8 3317
5 11 9 4471
5 11 10 7398
5 11 11 0
5 11 12 5327
5 11 13 5234
5 12 0 6538
5 12 1 6187
5 12 2 3232
5 12 3 3819
5 12 4 4465
5 12 5 0
5 12 6 5014
5 12 7 2771
5 12 8 4869
5 12 9 3966
5 12 10 4451
5 12 11 4493
5 12 12 0
5 12 13 6588
5 13 0 7694
5 13 1 4375
5 13 2 8856
5 13 3 6088
5 13 4 8331
5 13 5 0
5 13 6 4311
5 13 7 4708
5 13 8 6808
5 13 9 5241
5 13 10 4619
5 13 11 4588
5 13 12 7186
5 13 13 0
6 0 0 0
6 0 1 5213
6 0 2 6658
6 0 3 6858
6 0 4 5645
6 0 5 4307
6 0 6 0
6 0 7 7095
6 0 8 6329
6 0 9 5999
6 0 10 6720
6 0 11 5541
6 0 12 7718
6 0 13 7405
6 1 0 5633
6 1 1 0
6 1 2 2001
6 1 3 1671
6 1 4 3211
6 1 5 2953
6 1 6 0
6 1 7 4283
6 1 8 4655
6 1 9 5575
6 1 10 3872
6 1 11 6118
6 1 12 6219
6 1 13 2938
6 2 0 3827
6 2 1 2616
6 2 2 0
6 2 3 2243
6 2 4 2433
6 2 5 4639
6 2 6 0
6 2 7 2074
6 2 8 5144
6 2 9 3100
6 2 10 3302
6 2 11 4055
6 2 12 1828
6 2 13 5983
6 3 0 2379
6 3 1 2339
6 3 2 2131
6 3 3 0
6 3 4 5541
6 3 5 5331
6 3 6 0
6 3 7 3882
6 3 8 7863
6 3 9 6413
6 3 10 6392
6 3 11 6890
6 3 12 4946
6 3 13 5746
6 4 0 2392
6 4 1 2986
6 4 2 4879
6 4 3 1822
6 4 4 0
6 4 5 4364
6 4 6 0
6 4 7 6277
6 4 8 8513
6 4 9 8079
6 4 10 5310
6 4 11 6569
6 4 12 5334
6 4 13 7731
6 5 0 6622
6 5 1 5179
6 5 2 7031
6 5 3 9244
6 5 4 6180
6 5 5 0
6 5 6 0
6 5 7 2192
6 5 8 1517
6 5 9 4940
6 5 10 2638
6 5 11 3127
6 5 12 3250
6 5 13 4842
6 6 0 0
6 6 1 0
6 6 2 0
6 6 3 0
6 6 4 0
6 6 5 0
6 6 6 0
6 6 7 0
6 6 8 0
6 6 9 0
6 6 10 0
6 6 11 0
6 6 12 0
6 6 13 0
6 7 0 7155
6 7 1 5491
6 7 2 4718
6 7 3 3995
6 7 4 6648
6 7 5 5552
6 7 6 0
6 7 7 0
6 7 8 7874
6 7 9 4555
6 7 10 3826
6 7 11 6950
6 7 12 5693
6 7 13 6645
6 8 0 2971
6 8 1 2445
6 8 2 4370
6 8 3 4558
6 8 4 5466
6 8 5 1459
6 8 6 0
6 8 7 3246
6 8 8 0
6 8 9 2219
6 8 10 4623
6 8 11 6461
6 8 12 6287
6 8 13 3451
6 9 0 2993
6 9 1 3717
6 9 2 2678
6 9 3 3460
6 9 4 5384
6 9 5 5234
6 9 6 0
6 9 7 1431
6 9 8 3593
6 9 9 0
6 9 10 2679
6 9 11 2373
6 9 12 1334
6 9 13 4404
6 10 0 6056
6 10 1 4356
6 10 2 5222
6 10 3 5781
6 10 4 4957
6 10 5 5274
6 10 6 0
6 10 7 6457
6 10 8 3736
6 10 9 5325
6 10 10 0
6 10 11 4238
6 10 12 3198
6 10 13 3110
6 11 0 4329
6 11 1 6054
6 11 2 5427
6 11 3 5731
6 11 4 5668
6 11 5 5215
6 11 6 0
6 11 7 6768
6 11 8 3348
6 11 9 4502
6 11 10 7429
6 11 11 0
6 11 12 5358
6 11 13 5265
6 12 0 6182
6 12 1 5831
6 12 2 2876
6 12 3 3463
6 12 4 4109
6 12 5 5014
6 12 6 0
6 12 7 1840
6 12 8 3938
6 12 9 3035
6 12 10 3520
6 12 11 3562
6 12 12 0
6 12 13 5657
6 13 0 3574
6 13 1 255
6 13 2 4736
6 13 3 1968
6 13 4 4211
6 13 5 4311
6 13 6 0
6 13 7 4757
6 13 8 6857
6 13 9 5290
6 13 10 4668
6 13 11 4637
6 13 12 7235
6 13 13 0
7 0 0 0
7 0 1 4703
7 0 2 6148
7 0 3 6348
7 0 4 5135
7 0 5 3797
7 0 6 7095
7 0 7 0
7 0 8 6107
7 0 9 5777
7 0 10 6498
7 0 11 5319
7 0 12 7496
7 0 13 7183
7 1 0 6046
7 1 1 0
7 1 2 2414
7 1 3 2084
7 1 4 3624
7 1 5 3366
7 1 6 4283
7 1 7 0
7 1 8 6732
7 1 9 7652
7 1 10 5949
7 1 11 8195
7 1 12 8296
7 1 13 5015
7 2 0 3573
7 2 1 2362
7 2 2 0
7 2 3 1989
7 2 4 2179
7 2 5 4385
7 2 6 2074
7 2 7 0
7 2 8 4395
7 2 9 2351
7 2 10 2553
7 2 11 3306
7 2 12 1079
7 2 13 5234
7 3 0 1474
7 3 1 1434
7 3 2 1226
7 3 3 0
7 3 4 4636
7 3 5 4426
7 3 6 3882
7 3 7 0
7 3 8 4662
7 3 9 3212
7 3 10 3191
7 3 11 3689
7 3 12 1745
7 3 13 2545
7 4 0 4970
7 4 1 5564
7 4 2 7457
7 4 3 4400
7 4 4 0
7 4 5 6942
7 4 6 6277
7 4 7 0
7 4 8 9722
7 4 9 9288
7 4 10 6519
7 4 11 7778
7 4 12 6543
7 4 13 8940
7 5 0 3819
7 5 1 2376
7 5 2 4228
7 5 3 6441
7 5 4 3377
7 5 5 0
7 5 6 2192
7 5 7 0
7 5 8 4702
7 5 9 8125
7 5 10 5823
7 5 11 6312
7 5 12 6435
7 5 13 8027
7 6 0 7445
7 6 1 4858
7 6 2 4752
7 6 3 4680
7 6 4 3850
7 6 5 8135
7 6 6 0
7 6 7 0
7 6 8 5664
7 6 9 4544
7 6 10 6838
7 6 11 6518
7 6 12 5679
7 6 13 8251
7 7 0 0
7 7 1 0
7 7 2 0
7 7 3 0
7 7 4 0
7 7 5 0
7 7 6 0
7 7 7 0
7 7 8 0
7 7 9 0
7 7 10 0
7 7 11 0
7 7 12 0
7 7 13 0
7 8 0 3971
7 8 1 3445
7 8 2 5370
7 8 3 5558
7 8 4 6466
7 8 5 2459
7 8 6 3246
7 8 7 0
7 8 8 0
7 8 9 4649
7 8 10 7053
7 8 11 8891
7 8 12 8717
7 8 13 5881
7 9 0 2946
7 9 1 3670
7 9 2 2631
7 9 3 3413
7 9 4 5337
7 9 5 5187
7 9 6 1431
7 9 7 0
7 9 8 3824
7 9 9 0
7 9 10 2910
7 9 11 2604
7 9 12 1565
7 9 13 4635
7 10 0 6399
7 10 1 4699
7 10 2 5565
7 10 3 6124
7 10 4 5300
7 10 5 5617
7 10 6 6457
7 10 7 0
7 10 8 944
7 10 9 2533
7 10 10 0
7 10 11 1446
7 10 12 406
7 10 13 318
7 11 0 5851
7 11 1 7576
7 11 2 6949
7 11 3 7253
7 11 4 7190
7 11 5 6737
7 11 6 6768
7 11 7 0
7 11 8 4000
7 11 9 5154
7 11 10 8081
7 11 11 0
7 11 12 6010
7 11 13 5917
7 12 0 3939
7 12 1 3588
7 12 2 633
7 12 3 1220
7 12 4 1866
7 12 5 2771
7 12 6 1840
7 12 7 0
7 12 8 4172
7 12 9 3269
7 12 10 3754
7 12 11 3796
7 12 12 0
7 12 13 5891
7 13 0 3971
7 13 1 652
7 13 2 5133
7 13 3 2365
7 13 4 4608
7 13 5 4708
7 13 6 4757
7 13 7 0
7 13 8 5471
7 13 9 3904
7 13 10 3282
7 13 11 3251
7 13 12 5849
7 13 13 0
8 0 0 0
8 0 1 3937
8 0 2 5382
8 0 3 5582
8 0 4 4369
8 0 5 3031
8 0 6 6329
8 0 7 6107
8 0 8 0
8 0 9 6147
8 0 10 6868
8 0 11 5689
8 0 12 7866
8 0 13 7553
8 1 0 6418
8 1 1 0
8 1 2 2786
8 1 3 2456
8 1 4 3996
8 1 5 3738
8 1 6 4655
8 1 7 6732
8 1 8 0
8 1 9 7142
8 1 10 5439
8 1 11 7685
8 1 12 7786
8 1 13 4505
8 2 0 6643
8 2 1 5432
8 2 2 0
8 2 3 5059
8 2 4 5249
8 2 5 7455
8 2 6 5144
8 2 7 4395
8 2 8 0
8 2 9 4254
8 2 10 4456
8 2 11 5209
8 2 12 2982
8 2 13 7137
8 3 0 5455
8 3 1 5415
8 3 2 5207
8 3 3 0
8 3 4 8617
8 3 5 8407
8 3 6 7863
8 3 7 4662
8 3 8 0
8 3 9 3371
8 3 10 3350
8 3 11 3848
8 3 12 1904
8 3 13 2704
8 4 0 7206
8 4 1 7800
8 4 2 9693
8 4 3 6636
8 4 4 0
8 4 5 9178
8 4 6 8513
8 4 7 9722
8 4 8 0
8 4 9 4526
8 4 10 1757
8 4 11 3016
8 4 12 1781
8 4 13 4178
8 5 0 3144
8 5 1 1701
8 5 2 3553
8 5 3 5766
8 5 4 2702
8 5 5 0
8 5 6 1517
8 5 7 4702
8 5 8 0
8 5 9 6635
8 5 10 4333
8 5 11 4822
8 5 12 4945
8 5 13 6537
8 6 0 5349
8 6 1 2762
8 6 2 2656
8 6 3 2584
8 6 4 1754
8 6 5 6039
8 6 6 0
8 6 7 5664
8 6 8 0
8 6 9 1126
8 6 10 3420
8 6 11 3100
8 6 12 2261
8 6 13 4833
8 7 0 7269
8 7 1 5605
8 7 2 4832
8 7 3 4109
8 7 4 6762
8 7 5 5666
8 7 6 7874
8 7 7 0
8 7 8 0
8 7 9 2357
8 7 10 1628
8 7 11 4752
8 7 12 3495
8 7 13 4447
8 8 0 0
8 8 1 0
8 8 2 0
8 8 3 0
8 8 4 0
8 8 5 0
8 8 6 0
8 8 7 0
8 8 8 0
8 8 9 0
8 8 10 0
8 8 11 0
8 8 12 0
8 8 13 0
8 9 0 5108
8 9 1 5832
8 9 2 4793
8 9 3 5575
8 9 4 7499
8 9 5 7349
8 9 6 3593
8 9 7 3824
8 9 8 0
8 9 9 0
8 9 10 2670
8 9 11 2364
8 9 12 1325
8 9 13 4395
8 10 0 3678
8 10 1 1978
8 10 2 2844
8 10 3 3403
8 10 4 2579
8 10 5 2896
8 10 6 3736
8 10 7 944
8 10 8 0
8 10 9 5426
8 10 10 0
8 10 11 4339
8 10 12 3299
8 10 13 3211
8 11 0 2431
8 11 1 4156
8 11 2 3529
8 11 3 3833
8 11 4 3770
8 11 5 3317
8 11 6 3348
8 11 7 4000
8 11 8 0
8 11 9 6761
8 11 10 9688
8 11 11 0
8 11 12 7617
8 11 13 7524
8 12 0 6037
8 12 1 5686
8 12 2 2731
8 12 3 3318
8 12 4 3964
8 12 5 4869
8 12 6 3938
8 12 7 4172
8 12 8 0
8 12 9 5959
8 12 10 6444
8 12 11 6486
8 12 12 0
8 12 13 8581
8 13 0 6071
8 13 1 2752
8 13 2 7233
8 13 3 4465
8 13 4 6708
8 13 5 6808
8 13 6 6857
8 13 7 5471
8 13 8 0
8 13 9 2806
8 13 10 2184
8 13 11 2153
8 13 12 4751
8 13 13 0
9 0 0 0
9 0 1 3607
9 0 2 5052
9 0 3 5252
9 0 4 4039
9 0 5 2701
9 0 6 5999
9 0 7 5777
9 0 8 6147
9 0 9 0
9 0 10 3634
9 0 11 2455
9 0 12 4632
9 0 13 4319
9 1 0 7338
9 1 1 0
9 1 2 3706
9 1 3 3376
9 1 4 4916
9 1 5 4658
9 1 6 5575
9 1 7 7652
9 1 8 7142
9 1 9 0
9 1 10 2195
9 1 11 4441
9 1 12 4542
9 1 13 1261
9 2 0 4599
9 2 1 3388
9 2 2 0
9 2 3 3015
9 2 4 3205
9 2 5 5411
9 2 6 3100
9 2 7 2351
9 2 8 4254
9 2 9 0
9 2 10 4238
9 2 11 4991
9 2 12 2764
9 2 13 6919
9 3 0 4005
9 3 1 3965
9 3 2 3757
9 3 3 0
9 3 4 7167
9 3 5 6957
9 3 6 6413
9 3 7 3212
9 3 8 3371
9 3 9 0
9 3 10 6672
9 3 11 7170
9 3 12 5226
9 3 13 6026
9 4 0 6772
9 4 1 7366
9 4 2 9259
9 4 3 6202
9 4 4 0
9 4 5 8744
9 4 6 8079
9 4 7 9288
9 4 8 4526
9 4 9 0
9 4 10 4355
9 4 11 5614
9 4 12 4379
9 4 13 6776
9 5 0 6567
9 5 1 5124
9 5 2 6976
9 5 3 9189
9 5 4 6125
9 5 5 0
9 5 6 4940
9 5 7 8125
9 5 8 6635
9 5 9 0
9 5 10 6328
9 5 11 6817
9 5 12 6940
9 5 13 8532
9 6 0 4229
9 6 1 1642
9 6 2 1536
9 6 3 1464
9 6 4 634
9 6 5 4919
9 6 6 0
9 6 7 4544
9 6 8 1126
9 6 9 0
9 6 10 3772
9 6 11 3452
9 6 12 2613
9 6 13 5185
9 7 0 3950
9 7 1 2286
9 7 2 1513
9 7 3 790
9 7 4 3443
9 7 5 2347
9 7 6 4555
9 7 7 0
9 7 8 2357
9 7 9 0
9 7 10 933
9 7 11 4057
9 7 12 2800
9 7 13 3752
9 8 0 2944
9 8 1 2418
9 8 2 4343
9 8 3 4531
9 8 4 5439
9 8 5 1432
9 8 6 2219
9 8 7 4649
9 8 8 0
9 8 9 0
9 8 10 5988
9 8 11 7826
9 8 12 7652
9 8 13 4816
9 9 0 0
9 9 1 0
9 9 2 0
9 9 3 0
9 9 4 0
9 9 5 0
9 9 6 0
9 9 7 0
9 9 8 0
9 9 9 0
9 9 10 0
9 9 11 0
9 9 12 0
9 9 13 0
9 10 0 5267
9 10 1 3567
9 10 2 4433
9 10 3 4992
9 10 4 4168
9 10 5 4485
9 10 6 5325
9 10 7 2533
9 10 8 5426
9 10 9 0
9 10 10 0
9 10 11 3515
9 10 12 2475
9 10 13 2387
9 11 0 3585
9 11 1 5310
9 11 2 4683
9 11 3 4987
9 11 4 4924
9 11 5 4471
9 11 6 4502
9 11 7 5154
9 11 8 6761
9 11 9 0
9 11 10 6720
9 11 11 0
9 11 12 4649
9 11 13 4556
9 12 0 5134
9 12 1 4783
9 12 2 1828
9 12 3 2415
9 12 4 3061
9 12 5 3966
9 12 6 3035
9 12 7 3269
9 12 8 5959
9 12 9 0
9 12 10 2611
9 12 11 2653
9 12 12 0
9 12 13 4748
9 13 0 4504
9 13 1 1185
9 13 2 5666
9 13 3 2898
9 13 4 5141
9 13 5 5241
9 13 6 5290
9 13 7 3904
9 13 8 2806
9 13 9 0
9 13 10 4257
9 13 11 4226
9 13 12 6824
9 13 13 0
10 0 0 0
10 0 1 4328
10 0 2 5773
10 0 3 5973
10 0 4 4760
10 0 5 3422
10 0 6 6720
10 0 7 6498
10 0 8 6868
10 0 9 3634
10 0 10 0
10 0 11 5360
10 0 12 7537
10 0 13 7224
10 1 0 5635
10 1 1 0
10 1 2 2003
10 1 3 1673
10 1 4 3213
10 1 5 2955
10 1 6 3872
10 1 7 5949
10 1 8 5439
10 1 9 2195
10 1 10 0
10 1 11 7283
10 1 12 7384
10 1 13 4103
10 2 0 4801
10 2 1 3590
10 2 2 0
10 2 3 3217
10 2 4 3407
10 2 5 5613
10 2 6 3302
10 2 7 2553
10 2 8 4456
10 2 9 4238
10 2 10 0
10 2 11 4334
10 2 12 2107
10 2 13 6262
10 3 0 3984
10 3 1 3944
10 3 2 3736
10 3 3 0
10 3 4 7146
10 3 5 6936
10 3 6 6392
10 3 7 3191
10 3 8 3350
10 3 9 6672
10 3 10 0
10 3 11 4840
10 3 12 2896
10 3 13 3696
10 4 0 4003
10 4 1 4597
10 4 2 6490
10 4 3 3433
10 4 4 0
10 4 5 5975
10 4 6 5310
10 4 7 6519
10 4 8 1757
10 4 9 4355
10 4 10 0
10 4 11 3432
10 4 12 2197
10 4 13 4594
10 5 0 4265
10 5 1 2822
10 5 2 4674
10 5 3 6887
10 5 4 3823
10 5 5 0
10 5 6 2638
10 5 7 5823
10 5 8 4333
10 5 9 6328
10 5 10 0
10 5 11 4489
10 5 12 4612
10 5 13 6204
10 6 0 6523
10 6 1 3936
10 6 2 3830
10 6 3 3758
10 6 4 2928
10 6 5 7213
10 6 6 0
10 6 7 6838
10 6 8 3420
10 6 9 3772
10 6 10 0
10 6 11 5794
10 6 12 4955
10 6 13 7527
10 7 0 3221
10 7 1 1557
10 7 2 784
10 7 3 61
10 7 4 2714
10 7 5 1618
10 7 6 3826
10 7 7 0
10 7 8 1628
10 7 9 933
10 7 10 0
10 7 11 6789
10 7 12 5532
10 7 13 6484
10 8 0 5348
10 8 1 4822
10 8 2 6747
10 8 3 6935
10 8 4 7843
10 8 5 3836
10 8 6 4623
10 8 7 7053
10 8 8 0
10 8 9 5988
10 8 10 0
10 8 11 5675
10 8 12 5501
10 8 13 2665
10 9 0 4194
10 9 1 4918
10 9 2 3879
10 9 3 4661
10 9 4 6585
10 9 5 6435
10 9 6 2679
10 9 7 2910
10 9 8 2670
10 9 9 0
10 9 10 0
10 9 11 4296
10 9 12 3257
10 9 13 6327
10 10 0 0
10 10 1 0
10 10 2 0
10 10 3 0
10 10 4 0
10 10 5 0
10 10 6 0
10 10 7 0
10 10 8 0
10 10 9 0
10 10 10 0
10 10 11 0
10 10 12 0
10 10 13 0
10 11 0 6512
10 11 1 8237
10 11 2 7610
10 11 3 7914
10 11 4 7851
10 11 5 7398
10 11 6 7429
10 11 7 8081
10 11 8 9688
10 11 9 6720
10 11 10 0
10 11 11 0
10 11 12 4220
10 11 13 4127
10 12 0 5619
10 12 1 5268
10 12 2 2313
10 12 3 2900
10 12 4 3546
10 12 5 4451
10 12 6 3520
10 12 7 3754
10 12 8 6444
10 12 9 2611
10 12 10 0
10 12 11 2223
10 12 12 0
10 12 13 4318
10 13 0 3882
10 13 1 563
10 13 2 5044
10 13 3 2276
10 13 4 4519
10 13 5 4619
10 13 6 4668
10 13 7 3282
10 13 8 2184
10 13 9 4257
10 13 10 0
10 13 11 638
10 13 12 3236
10 13 13 0
11 0 0 0
11 0 1 3149
11 0 2 4594
11 0 3 4794
11 0 4 3581
11 0 5 2243
11 0 6 5541
11 0 7 5319
11 0 8 5689
11 0 9 2455
11 0 10 5360
11 0 11 0
11 0 12 6217
11 0 13 5904
11 1 0 7881
11 1 1 0
11 1 2 4249
11 1 3 3919
11 1 4 5459
11 1 5 5201
11 1 6 6118
11 1 7 8195
11 1 8 7685
11 1 9 4441
11 1 10 7283
11 1 11 0
11 1 12 6626
11 1 13 3345
11 2 0 5554
11 2 1 4343
11 2 2 0
11 2 3 3970
11 2 4 4160
11 2 5 6366
11 2 6 4055
11 2 7 3306
11 2 8 5209
11 2 9 4991
11 2 10 4334
11 2 11 0
11 2 12 5055
11 2 13 9210
11 3 0 4482
11 3 1 4442
11 3 2 4234
11 3 3 0
11 3 4 7644
11 3 5 7434
11 3 6 6890
11 3 7 3689
11 3 8 3848
11 3 9 7170
11 3 10 4840
11 3 11 0
11 3 12 5547
11 3 13 6347
11 4 0 5262
11 4 1 5856
11 4 2 7749
11 4 3 4692
11 4 4 0
11 4 5 7234
11 4 6 6569
11 4 7 7778
11 4 8 3016
11 4 9 5614
11 4 10 3432
11 4 11 0
11 4 12 5403
11 4 13 7800
11 5 0 4754
11 5 1 3311
11 5 2 5163
11 5 3 7376
11 5 4 4312
11 5 5 0
11 5 6 3127
11 5 7 6312
11 5 8 4822
11 5 9 6817
11 5 10 4489
11 5 11 0
11 5 12 4482
11 5 13 6074
11 6 0 6203
11 6 1 3616
11 6 2 3510
11 6 3 3438
11 6 4 2608
11 6 5 6893
11 6 6 0
11 6 7 6518
11 6 8 3100
11 6 9 3452
11 6 10 5794
11 6 11 0
11 6 12 4407
11 6 13 6979
11 7 0 6345
11 7 1 4681
11 7 2 3908
11 7 3 3185
11 7 4 5838
11 7 5 4742
11 7 6 6950
11 7 7 0
11 7 8 4752
11 7 9 4057
11 7 10 6789
11 7 11 0
11 7 12 6163
11 7 13 7115
11 8 0 7186
11 8 1 6660
11 8 2 8585
11 8 3 8773
11 8 4 9681
11 8 5 5674
11 8 6 6461
11 8 7 8891
11 8 8 0
11 8 9 7826
11 8 10 5675
11 8 11 0
11 8 12 5433
11 8 13 2597
11 9 0 3888
11 9 1 4612
11 9 2 3573
11 9 3 4355
11 9 4 6279
11 9 5 6129
11 9 6 2373
11 9 7 2604
11 9 8 2364
11 9 9 0
11 9 10 4296
11 9 11 0
11 9 12 2754
11 9 13 5824
11 10 0 4180
11 10 1 2480
11 10 2 3346
11 10 3 3905
11 10 4 3081
11 10 5 3398
11 10 6 4238
11 10 7 1446
11 10 8 4339
11 10 9 3515
11 10 10 0
11 10 11 0
11 10 12 5251
11 10 13 5163
11 11 0 0
11 11 1 0
11 11 2 0
11 11 3 0
11 11 4 0
11 11 5 0
11 11 6 0
11 11 7 0
11 11 8 0
11 11 9 0
11 11 10 0
11 11 11 0
11 11 12 0
11 11 13 0
11 12 0 5661
11 12 1 5310
11 12 2 2355
11 12 3 2942
11 12 4 3588
11 12 5 4493
11 12 6 3562
11 12 7 3796
11 12 8 6486
11 12 9 2653
11 12 10 2223
11 12 11 0
11 12 12 0
11 12 13 6798
11 13 0 3851
11 13 1 532
11 13 2 5013
11 13 3 2245
11 13 4 4488
11 13 5 4588
11 13 6 4637
11 13 7 3251
11 13 8 2153
11 13 9 4226
11 13 10 638
11 13 11 0
11 13 12 5711
11 13 13 0
12 0 0 0
12 0 1 5326
12 0 2 6771
12 0 3 6971
12 0 4 5758
12 0 5 4420
12 0 6 7718
12 0 7 7496
12 0 8 7866
12 0 9 4632
12 0 10 7537
12 0 11 6217
12 0 12 0
12 0 13 6110
12 1 0 7982
12 1 1 0
12 1 2 4350
12 1 3 4020
12 1 4 5560
12 1 5 5302
12 1 6 6219
12 1 7 8296
12 1 8 7786
12 1 9 4542
12 1 10 7384
12 1 11 6626
12 1 12 0
12 1 13 4694
12 2 0 3327
12 2 1 2116
12 2 2 0
12 2 3 1743
12 2 4 1933
12 2 5 4139
12 2 6 1828
12 2 7 1079
12 2 8 2982
12 2 9 2764
12 2 10 2107
12 2 11 5055
12 2 12 0
12 2 13 9553
12 3 0 2538
12 3 1 2498
12 3 2 2290
12 3 3 0
12 3 4 5700
12 3 5 5490
12 3 6 4946
12 3 7 1745
12 3 8 1904
12 3 9 5226
12 3 10 2896
12 3 11 5547
12 3 12 0
12 3 13 5112
12 4 0 4027
12 4 1 4621
12 4 2 6514
12 4 3 3457
12 4 4 0
12 4 5 5999
12 4 6 5334
12 4 7 6543
12 4 8 1781
12 4 9 4379
12 4 10 2197
12 4 11 5403
12 4 12 0
12 4 13 7170
12 5 0 4877
12 5 1 3434
12 5 2 5286
12 5 3 7499
12 5 4 4435
12 5 5 0
12 5 6 3250
12 5 7 6435
12 5 8 4945
12 5 9 6940
12 5 10 4612
12 5 11 4482
12 5 12 0
12 5 13 6962
12 6 0 5364
12 6 1 2777
12 6 2 2671
12 6 3 2599
12 6 4 1769
12 6 5 6054
12 6 6 0
12 6 7 5679
12 6 8 2261
12 6 9 2613
12 6 10 4955
12 6 11 4407
12 6 12 0
12 6 13 6655
12 7 0 5088
12 7 1 3424
12 7 2 2651
12 7 3 1928
12 7 4 4581
12 7 5 3485
12 7 6 5693
12 7 7 0
12 7 8 3495
12 7 9 2800
12 7 10 5532
12 7 11 6163
12 7 12 0
12 7 13 3026
12 8 0 7012
12 8 1 6486
12 8 2 8411
12 8 3 8599
12 8 4 9507
12 8 5 5500
12 8 6 6287
12 8 7 8717
12 8 8 0
12 8 9 7652
12 8 10 5501
12 8 11 5433
12 8 12 0
12 8 13 4026
12 9 0 2849
12 9 1 3573
12 9 2 2534
12 9 3 3316
12 9 4 5240
12 9 5 5090
12 9 6 1334
12 9 7 1565
12 9 8 1325
12 9 9 0
12 9 10 3257
12 9 11 2754
12 9 12 0
12 9 13 5196
12 10 0 3140
12 10 1 1440
12 10 2 2306
12 10 3 2865
12 10 4 2041
12 10 5 2358
12 10 6 3198
12 10 7 406
12 10 8 3299
12 10 9 2475
12 10 10 0
12 10 11 5251
12 10 12 0
12 10 13 2093
12 11 0 4441
12 11 1 6166
12 11 2 5539
12 11 3 5843
12 11 4 5780
12 11 5 5327
12 11 6 5358
12 11 7 6010
12 11 8 7617
12 11 9 4649
12 11 10 4220
12 11 11 0
12 11 12 0
12 11 13 4610
12 12 0 0
12 12 1 0
12 12 2 0
12 12 3 0
12 12 4 0
12 12 5 0
12 12 6 0
12 12 7 0
12 12 8 0
12 12 9 0
12 12 10 0
12 12 11 0
12 12 12 0
12 12 13 0
12 13 0 6449
12 13 1 3130
12 13 2 7611
12 13 3 4843
12 13 4 7086
12 13 5 7186
12 13 6 7235
12 13 7 5849
12 13 8 4751
12 13 9 6824
12 13 10 3236
12 13 11 5711
12 13 12 0
12 13 13 0
13 0 0 0
13 0 1 5013
13 0 2 6458
13 0 3 6658
13 0 4 5445
13 0 5 4107
13 0 6 7405
13 0 7 7183
13 0 8 7553
13 0 9 4319
13 0 10 7224
13 0 11 5904
13 0 12 6110
13 0 13 0
13 1 0 4701
13 1 1 0
13 1 2 1069
13 1 3 739
13 1 4 2279
13 1 5 2021
13 1 6 2938
13 1 7 5015
13 1 8 4505
13 1 9 1261
13 1 10 4103
13 1 11 3345
13 1 12 4694
13 1 13 0
13 2 0 7482
13 2 1 6271
13 2 2 0
13 2 3 5898
13 2 4 6088
13 2 5 8294
13 2 6 5983
13 2 7 5234
13 2 8 7137
13 2 9 6919
13 2 10 6262
13 2 11 9210
13 2 12 9553
13 2 13 0
13 3 0 3338
13 3 1 3298
13 3 2 3090
13 3 3 0
13 3 4 6500
13 3 5 6290
13 3 6 5746
13 3 7 2545
13 3 8 2704
13 3 9 6026
13 3 10 3696
13 3 11 6347
13 3 12 5112
13 3 13 0
13 4 0 6424
13 4 1 7018
13 4 2 8911
13 4 3 5854
13 4 4 0
13 4 5 8396
13 4 6 7731
13 4 7 8940
13 4 8 4178
13 4 9 6776
13 4 10 4594
13 4 11 7800
13 4 12 7170
13 4 13 0
13 5 0 6469
13 5 1 5026
13 5 2 6878
13 5 3 9091
13 5 4 6027
13 5 5 0
13 5 6 4842
13 5 7 8027
13 5 8 6537
13 5 9 8532
13 5 10 6204
13 5 11 6074
13 5 12 6962
13 5 13 0
13 6 0 7936
13 6 1 5349
13 6 2 5243
13 6 3 5171
13 6 4 4341
13 6 5 8626
13 6 6 0
13 6 7 8251
13 6 8 4833
13 6 9 5185
13 6 10 7527
13 6 11 6979
13 6 12 6655
13 6 13 0
13 7 0 6040
13 7 1 4376
13 7 2 3603
13 7 3 2880
13 7 4 5533
13 7 5 4437
13 7 6 6645
13 7 7 0
13 7 8 4447
13 7 9 3752
13 7 10 6484
13 7 11 7115
13 7 12 3026
13 7 13 0
13 8 0 4176
13 8 1 3650
13 8 2 5575
13 8 3 5763
13 8 4 6671
13 8 5 2664
13 8 6 3451
13 8 7 5881
13 8 8 0
13 8 9 4816
13 8 10 2665
13 8 11 2597
13 8 12 4026
13 8 13 0
13 9 0 5919
13 9 1 6643
13 9 2 5604
13 9 3 6386
13 9 4 8310
13 9 5 8160
13 9 6 4404
13 9 7 4635
13 9 8 4395
13 9 9 0
13 9 10 6327
13 9 11 5824
13 9 12 5196
13 9 13 0
13 10 0 3052
13 10 1 1352
13 10 2 2218
13 10 3 2777
13 10 4 1953
13 10 5 2270
13 10 6 3110
13 10 7 318
13 10 8 3211
13 10 9 2387
13 10 10 0
13 10 11 5163
13 10 12 2093
13 10 13 0
13 11 0 4348
13 11 1 6073
13 11 2 5446
13 11 3 5750
13 11 4 5687
13 11 5 5234
13 11 6 5265
13 11 7 5917
13 11 8 7524
13 11 9 4556
13 11 10 4127
13 11 11 0
13 11 12 4610
13 11 13 0
13 12 0 7756
13 12 1 7405
13 12 2 4450
13 12 3 5037
13 12 4 5683
13 12 5 6588
13 12 6 5657
13 12 7 5891
13 12 8 8581
13 12 9 4748
13 12 10 4318
13 12 11 6798
13 12 12 0
13 12 13 0
13 13 0 0
13 13 1 0
13 13 2 0
13 13 3 0
13 13 4 0
13 13 5 0
13 13 6 0
13 13 7 0
13 13 8 0
13 13 9 0
13 13 10 0
13 13 11 0
13 13 12 0
13 13 13 0
