14
0 0 0 0
0 0 1 0
0 0 2 0
0 0 3 0
0 0 4 0
0 0 5 0
0 0 6 0
0 0 7 0
0 0 8 0
0 0 9 0
0 0 10 0
0 0 11 0
0 0 12 0
0 0 13 0
0 1 0 0
0 1 1 0
0 1 2 5976
0 1 3 4957
0 1 4 4977
0 1 5 4478
0 1 6 6124
0 1 7 5133
0 1 8 7239
0 1 9 5127
0 1 10 3922
0 1 11 4954
0 1 12 8130
0 1 13 6856
0 2 0 0
0 2 1 5360
0 2 2 0
0 2 3 5550
0 2 4 1932
0 2 5 4341
0 2 6 3724
0 2 7 5989
0 2 8 5232
0 2 9 5051
0 2 10 3668
0 2 11 2046
0 2 12 3934
0 2 13 4957
0 3 0 0
0 3 1 6088
0 3 2 5519
0 3 3 0
0 3 4 6985
0 3 5 6545
0 3 6 8092
0 3 7 7140
0 3 8 7528
0 3 9 5245
0 3 10 5993
0 3 11 4925
0 3 12 5439
0 3 13 5726
0 4 0 0
0 4 1 4728
0 4 2 3211
0 4 3 1912
0 4 4 0
0 4 5 1559
0 4 6 2489
0 4 7 4141
0 4 8 4691
0 4 9 2749
0 4 10 4745
0 4 11 2503
0 4 12 3354
0 4 13 1297
0 5 0 0
0 5 1 8129
0 5 2 4189
0 5 3 5291
0 5 4 8691
0 5 5 0
0 5 6 8825
0 5 7 6761
0 5 8 8457
0 5 9 6847
0 5 10 6703
0 5 11 8318
0 5 12 8483
0 5 13 7143
0 6 0 0
0 6 1 9503
0 6 2 8366
0 6 3 7419
0 6 4 9401
0 6 5 5815
0 6 6 0
0 6 7 9403
0 6 8 6517
0 6 9 7065
0 6 10 5728
0 6 11 9106
0 6 12 8864
0 6 13 7865
0 7 0 0
0 7 1 5369
0 7 2 4768
0 7 3 4722
0 7 4 4230
0 7 5 8036
0 7 6 4495
0 7 7 0
0 7 8 4440
0 7 9 4337
0 7 10 6180
0 7 11 4074
0 7 12 5764
0 7 13 5523
0 8 0 0
0 8 1 3400
0 8 2 2547
0 8 3 5616
0 8 4 4604
0 8 5 6908
0 8 6 3316
0 8 7 5896
0 8 8 0
0 8 9 3581
0 8 10 6415
0 8 11 3186
0 8 12 2987
0 8 13 4751
0 9 0 0
0 9 1 2238
0 9 2 6495
0 9 3 4564
0 9 4 4889
0 9 5 3944
0 9 6 6511
0 9 7 2714
0 9 8 6350
0 9 9 0
0 9 10 4409
0 9 11 3590
0 9 12 2789
0 9 13 4335
0 10 0 0
0 10 1 4756
0 10 2 3729
0 10 3 2725
0 10 4 4772
0 10 5 3286
0 10 6 2484
0 10 7 1770
0 10 8 4098
0 10 9 2078
0 10 10 0
0 10 11 3777
0 10 12 5883
0 10 13 5789
0 11 0 0
0 11 1 7335
0 11 2 8213
0 11 3 7016
0 11 4 9207
0 11 5 8494
0 11 6 9588
0 11 7 9344
0 11 8 8342
0 11 9 7779
0 11 10 8366
0 11 11 0
0 11 12 5667
0 11 13 9341
0 12 0 0
0 12 1 267
0 12 2 2846
0 12 3 3536
0 12 4 1399
0 12 5 1915
0 12 6 630
0 12 7 3323
0 12 8 2738
0 12 9 2110
0 12 10 2963
0 12 11 4796
0 12 12 0
0 12 13 4441
0 13 0 0
0 13 1 5546
0 13 2 2061
0 13 3 3820
0 13 4 3449
0 13 5 3635
0 13 6 5141
0 13 7 3953
0 13 8 5632
0 13 9 1038
0 13 10 947
0 13 11 5121
0 13 12 1840
0 13 13 0
1 0 0 0
1 0 1 0
1 0 2 5659
1 0 3 8358
1 0 4 5019
1 0 5 8541
1 0 6 9428
1 0 7 7578
1 0 8 6905
1 0 9 6653
1 0 10 5393
1 0 11 9235
1 0 12 4580
1 0 13 5197
1 1 0 0
1 1 1 0
1 1 2 0
1 1 3 0
1 1 4 0
1 1 5 0
1 1 6 0
1 1 7 0
1 1 8 0
1 1 9 0
1 1 10 0
1 1 11 0
1 1 12 0
1 1 13 0
1 2 0 5360
1 2 1 0
1 2 2 0
1 2 3 6881
1 2 4 3263
1 2 5 5672
1 2 6 5055
1 2 7 7320
1 2 8 6563
1 2 9 6382
1 2 10 4999
1 2 11 3377
1 2 12 5265
1 2 13 6288
1 3 0 6088
1 3 1 0
1 3 2 3132
1 3 3 0
1 3 4 4598
1 3 5 4158
1 3 6 5705
1 3 7 4753
1 3 8 5141
1 3 9 2858
1 3 10 3606
1 3 11 2538
1 3 12 3052
1 3 13 3339
1 4 0 4728
1 4 1 0
1 4 2 4183
1 4 3 2884
1 4 4 0
1 4 5 2531
1 4 6 3461
1 4 7 5113
1 4 8 5663
1 4 9 3721
1 4 10 5717
1 4 11 3475
1 4 12 4326
1 4 13 2269
1 5 0 8129
1 5 1 0
1 5 2 1140
1 5 3 2242
1 5 4 5642
1 5 5 0
1 5 6 5776
1 5 7 3712
1 5 8 5408
1 5 9 3798
1 5 10 3654
1 5 11 5269
1 5 12 5434
1 5 13 4094
1 6 0 9503
1 6 1 0
1 6 2 6076
1 6 3 5129
1 6 4 7111
1 6 5 3525
1 6 6 0
1 6 7 7113
1 6 8 4227
1 6 9 4775
1 6 10 3438
1 6 11 6816
1 6 12 6574
1 6 13 5575
1 7 0 5369
1 7 1 0
1 7 2 3337
1 7 3 3291
1 7 4 2799
1 7 5 6605
1 7 6 3064
1 7 7 0
1 7 8 3009
1 7 9 2906
1 7 10 4749
1 7 11 2643
1 7 12 4333
1 7 13 4092
1 8 0 3400
1 8 1 0
1 8 2 3895
1 8 3 6964
1 8 4 5952
1 8 5 8256
1 8 6 4664
1 8 7 7244
1 8 8 0
1 8 9 4929
1 8 10 7763
1 8 11 4534
1 8 12 4335
1 8 13 6099
1 9 0 2238
1 9 1 0
1 9 2 5983
1 9 3 4052
1 9 4 4377
1 9 5 3432
1 9 6 5999
1 9 7 2202
1 9 8 5838
1 9 9 0
1 9 10 3897
1 9 11 3078
1 9 12 2277
1 9 13 3823
1 10 0 4756
1 10 1 0
1 10 2 3272
1 10 3 2268
1 10 4 4315
1 10 5 2829
1 10 6 2027
1 10 7 1313
1 10 8 3641
1 10 9 1621
1 10 10 0
1 10 11 3320
1 10 12 5426
1 10 13 5332
1 11 0 7335
1 11 1 0
1 11 2 4946
1 11 3 3749
1 11 4 5940
1 11 5 5227
1 11 6 6321
1 11 7 6077
1 11 8 5075
1 11 9 4512
1 11 10 5099
1 11 11 0
1 11 12 2400
1 11 13 6074
1 12 0 267
1 12 1 0
1 12 2 7410
1 12 3 8100
1 12 4 5963
1 12 5 6479
1 12 6 5194
1 12 7 7887
1 12 8 7302
1 12 9 6674
1 12 10 7527
1 12 11 9360
1 12 12 0
1 12 13 9005
1 13 0 5546
1 13 1 0
1 13 2 4734
1 13 3 6493
1 13 4 6122
1 13 5 6308
1 13 6 7814
1 13 7 6626
1 13 8 8305
1 13 9 3711
1 13 10 3620
1 13 11 7794
1 13 12 4513
1 13 13 0
2 0 0 0
2 0 1 5659
2 0 2 0
2 0 3 8455
2 0 4 5116
2 0 5 8638
2 0 6 9525
2 0 7 7675
2 0 8 7002
2 0 9 6750
2 0 10 5490
2 0 11 9332
2 0 12 4677
2 0 13 5294
2 1 0 5976
2 1 1 0
2 1 2 0
2 1 3 5672
2 1 4 5692
2 1 5 5193
2 1 6 6839
2 1 7 5848
2 1 8 7954
2 1 9 5842
2 1 10 4637
2 1 11 5669
2 1 12 8845
2 1 13 7571
2 2 0 0
2 2 1 0
2 2 2 0
2 2 3 0
2 2 4 0
2 2 5 0
2 2 6 0
2 2 7 0
2 2 8 0
2 2 9 0
2 2 10 0
2 2 11 0
2 2 12 0
2 2 13 0
2 3 0 5519
2 3 1 3132
2 3 2 0
2 3 3 0
2 3 4 7530
2 3 5 7090
2 3 6 8637
2 3 7 7685
2 3 8 8073
2 3 9 5790
2 3 10 6538
2 3 11 5470
2 3 12 5984
2 3 13 6271
2 4 0 3211
2 4 1 4183
2 4 2 0
2 4 3 2178
2 4 4 0
2 4 5 1825
2 4 6 2755
2 4 7 4407
2 4 8 4957
2 4 9 3015
2 4 10 5011
2 4 11 2769
2 4 12 3620
2 4 13 1563
2 5 0 4189
2 5 1 1140
2 5 2 0
2 5 3 4444
2 5 4 7844
2 5 5 0
2 5 6 7978
2 5 7 5914
2 5 8 7610
2 5 9 6000
2 5 10 5856
2 5 11 7471
2 5 12 7636
2 5 13 6296
2 6 0 8366
2 6 1 6076
2 6 2 0
2 6 3 5068
2 6 4 7050
2 6 5 3464
2 6 6 0
2 6 7 7052
2 6 8 4166
2 6 9 4714
2 6 10 3377
2 6 11 6755
2 6 12 6513
2 6 13 5514
2 7 0 4768
2 7 1 3337
2 7 2 0
2 7 3 6486
2 7 4 5994
2 7 5 9800
2 7 6 6259
2 7 7 0
2 7 8 6204
2 7 9 6101
2 7 10 7944
2 7 11 5838
2 7 12 7528
2 7 13 7287
2 8 0 2547
2 8 1 3895
2 8 2 0
2 8 3 7296
2 8 4 6284
2 8 5 8588
2 8 6 4996
2 8 7 7576
2 8 8 0
2 8 9 5261
2 8 10 8095
2 8 11 4866
2 8 12 4667
2 8 13 6431
2 9 0 6495
2 9 1 5983
2 9 2 0
2 9 3 6315
2 9 4 6640
2 9 5 5695
2 9 6 8262
2 9 7 4465
2 9 8 8101
2 9 9 0
2 9 10 6160
2 9 11 5341
2 9 12 4540
2 9 13 6086
2 10 0 3729
2 10 1 3272
2 10 2 0
2 10 3 4353
2 10 4 6400
2 10 5 4914
2 10 6 4112
2 10 7 3398
2 10 8 5726
2 10 9 3706
2 10 10 0
2 10 11 5405
2 10 12 7511
2 10 13 7417
2 11 0 8213
2 11 1 4946
2 11 2 0
2 11 3 3180
2 11 4 5371
2 11 5 4658
2 11 6 5752
2 11 7 5508
2 11 8 4506
2 11 9 3943
2 11 10 4530
2 11 11 0
2 11 12 1831
2 11 13 5505
2 12 0 2846
2 12 1 7410
2 12 2 0
2 12 3 6243
2 12 4 4106
2 12 5 4622
2 12 6 3337
2 12 7 6030
2 12 8 5445
2 12 9 4817
2 12 10 5670
2 12 11 7503
2 12 12 0
2 12 13 7148
2 13 0 2061
2 13 1 4734
2 13 2 0
2 13 3 6933
2 13 4 6562
2 13 5 6748
2 13 6 8254
2 13 7 7066
2 13 8 8745
2 13 9 4151
2 13 10 4060
2 13 11 8234
2 13 12 4953
2 13 13 0
3 0 0 0
3 0 1 8358
3 0 2 8455
3 0 3 0
3 0 4 3726
3 0 5 7248
3 0 6 8135
3 0 7 6285
3 0 8 5612
3 0 9 5360
3 0 10 4100
3 0 11 7942
3 0 12 3287
3 0 13 3904
3 1 0 4957
3 1 1 0
3 1 2 5672
3 1 3 0
3 1 4 3721
3 1 5 3222
3 1 6 4868
3 1 7 3877
3 1 8 5983
3 1 9 3871
3 1 10 2666
3 1 11 3698
3 1 12 6874
3 1 13 5600
3 2 0 5550
3 2 1 6881
3 2 2 0
3 2 3 0
3 2 4 2446
3 2 5 4855
3 2 6 4238
3 2 7 6503
3 2 8 5746
3 2 9 5565
3 2 10 4182
3 2 11 2560
3 2 12 4448
3 2 13 5471
3 3 0 0
3 3 1 0
3 3 2 0
3 3 3 0
3 3 4 0
3 3 5 0
3 3 6 0
3 3 7 0
3 3 8 0
3 3 9 0
3 3 10 0
3 3 11 0
3 3 12 0
3 3 13 0
3 4 0 1912
3 4 1 2884
3 4 2 2178
3 4 3 0
3 4 4 0
3 4 5 4179
3 4 6 5109
3 4 7 6761
3 4 8 7311
3 4 9 5369
3 4 10 7365
3 4 11 5123
3 4 12 5974
3 4 13 3917
3 5 0 5291
3 5 1 2242
3 5 2 4444
3 5 3 0
3 5 4 7349
3 5 5 0
3 5 6 7483
3 5 7 5419
3 5 8 7115
3 5 9 5505
3 5 10 5361
3 5 11 6976
3 5 12 7141
3 5 13 5801
3 6 0 7419
3 6 1 5129
3 6 2 5068
3 6 3 0
3 6 4 8719
3 6 5 5133
3 6 6 0
3 6 7 8721
3 6 8 5835
3 6 9 6383
3 6 10 5046
3 6 11 8424
3 6 12 8182
3 6 13 7183
3 7 0 4722
3 7 1 3291
3 7 2 6486
3 7 3 0
3 7 4 4446
3 7 5 8252
3 7 6 4711
3 7 7 0
3 7 8 4656
3 7 9 4553
3 7 10 6396
3 7 11 4290
3 7 12 5980
3 7 13 5739
3 8 0 5616
3 8 1 6964
3 8 2 7296
3 8 3 0
3 8 4 5881
3 8 5 8185
3 8 6 4593
3 8 7 7173
3 8 8 0
3 8 9 4858
3 8 10 7692
3 8 11 4463
3 8 12 4264
3 8 13 6028
3 9 0 4564
3 9 1 4052
3 9 2 6315
3 9 3 0
3 9 4 4135
3 9 5 3190
3 9 6 5757
3 9 7 1960
3 9 8 5596
3 9 9 0
3 9 10 3655
3 9 11 2836
3 9 12 2035
3 9 13 3581
3 10 0 2725
3 10 1 2268
3 10 2 4353
3 10 3 0
3 10 4 6026
3 10 5 4540
3 10 6 3738
3 10 7 3024
3 10 8 5352
3 10 9 3332
3 10 10 0
3 10 11 5031
3 10 12 7137
3 10 13 7043
3 11 0 7016
3 11 1 3749
3 11 2 3180
3 11 3 0
3 11 4 5551
3 11 5 4838
3 11 6 5932
3 11 7 5688
3 11 8 4686
3 11 9 4123
3 11 10 4710
3 11 11 0
3 11 12 2011
3 11 13 5685
3 12 0 3536
3 12 1 8100
3 12 2 6243
3 12 3 0
3 12 4 2912
3 12 5 3428
3 12 6 2143
3 12 7 4836
3 12 8 4251
3 12 9 3623
3 12 10 4476
3 12 11 6309
3 12 12 0
3 12 13 5954
3 13 0 3820
3 13 1 6493
3 13 2 6933
3 13 3 0
3 13 4 4632
3 13 5 4818
3 13 6 6324
3 13 7 5136
3 13 8 6815
3 13 9 2221
3 13 10 2130
3 13 11 6304
3 13 12 3023
3 13 13 0
4 0 0 0
4 0 1 5019
4 0 2 5116
4 0 3 3726
4 0 4 0
4 0 5 5559
4 0 6 6446
4 0 7 4596
4 0 8 3923
4 0 9 3671
4 0 10 2411
4 0 11 6253
4 0 12 1598
4 0 13 2215
4 1 0 4977
4 1 1 0
4 1 2 5692
4 1 3 3721
4 1 4 0
4 1 5 5201
4 1 6 6847
4 1 7 5856
4 1 8 7962
4 1 9 5850
4 1 10 4645
4 1 11 5677
4 1 12 8853
4 1 13 7579
4 2 0 1932
4 2 1 3263
4 2 2 0
4 2 3 2446
4 2 4 0
4 2 5 5886
4 2 6 5269
4 2 7 7534
4 2 8 6777
4 2 9 6596
4 2 10 5213
4 2 11 3591
4 2 12 5479
4 2 13 6502
4 3 0 6985
4 3 1 4598
4 3 2 7530
4 3 3 0
4 3 4 0
4 3 5 4092
4 3 6 5639
4 3 7 4687
4 3 8 5075
4 3 9 2792
4 3 10 3540
4 3 11 2472
4 3 12 2986
4 3 13 3273
4 4 0 0
4 4 1 0
4 4 2 0
4 4 3 0
4 4 4 0
4 4 5 0
4 4 6 0
4 4 7 0
4 4 8 0
4 4 9 0
4 4 10 0
4 4 11 0
4 4 12 0
4 4 13 0
4 5 0 8691
4 5 1 5642
4 5 2 7844
4 5 3 7349
4 5 4 0
4 5 5 0
4 5 6 5836
4 5 7 3772
4 5 8 5468
4 5 9 3858
4 5 10 3714
4 5 11 5329
4 5 12 5494
4 5 13 4154
4 6 0 9401
4 6 1 7111
4 6 2 7050
4 6 3 8719
4 6 4 0
4 6 5 2869
4 6 6 0
4 6 7 6457
4 6 8 3571
4 6 9 4119
4 6 10 2782
4 6 11 6160
4 6 12 5918
4 6 13 4919
4 7 0 4230
4 7 1 2799
4 7 2 5994
4 7 3 4446
4 7 4 0
4 7 5 8592
4 7 6 5051
4 7 7 0
4 7 8 4996
4 7 9 4893
4 7 10 6736
4 7 11 4630
4 7 12 6320
4 7 13 6079
4 8 0 4604
4 8 1 5952
4 8 2 6284
4 8 3 5881
4 8 4 0
4 8 5 8687
4 8 6 5095
4 8 7 7675
4 8 8 0
4 8 9 5360
4 8 10 8194
4 8 11 4965
4 8 12 4766
4 8 13 6530
4 9 0 4889
4 9 1 4377
4 9 2 6640
4 9 3 4135
4 9 4 0
4 9 5 4033
4 9 6 6600
4 9 7 2803
4 9 8 6439
4 9 9 0
4 9 10 4498
4 9 11 3679
4 9 12 2878
4 9 13 4424
4 10 0 4772
4 10 1 4315
4 10 2 6400
4 10 3 6026
4 10 4 0
4 10 5 6631
4 10 6 5829
4 10 7 5115
4 10 8 7443
4 10 9 5423
4 10 10 0
4 10 11 7122
4 10 12 9228
4 10 13 9134
4 11 0 9207
4 11 1 5940
4 11 2 5371
4 11 3 5551
4 11 4 0
4 11 5 5755
4 11 6 6849
4 11 7 6605
4 11 8 5603
4 11 9 5040
4 11 10 5627
4 11 11 0
4 11 12 2928
4 11 13 6602
4 12 0 1399
4 12 1 5963
4 12 2 4106
4 12 3 2912
4 12 4 0
4 12 5 4682
4 12 6 3397
4 12 7 6090
4 12 8 5505
4 12 9 4877
4 12 10 5730
4 12 11 7563
4 12 12 0
4 12 13 7208
4 13 0 3449
4 13 1 6122
4 13 2 6562
4 13 3 4632
4 13 4 0
4 13 5 3728
4 13 6 5234
4 13 7 4046
4 13 8 5725
4 13 9 1131
4 13 10 1040
4 13 11 5214
4 13 12 1933
4 13 13 0
5 0 0 0
5 0 1 8541
5 0 2 8638
5 0 3 7248
5 0 4 5559
5 0 5 0
5 0 6 6253
5 0 7 4403
5 0 8 3730
5 0 9 3478
5 0 10 2218
5 0 11 6060
5 0 12 1405
5 0 13 2022
5 1 0 4478
5 1 1 0
5 1 2 5193
5 1 3 3222
5 1 4 5201
5 1 5 0
5 1 6 6726
5 1 7 5735
5 1 8 7841
5 1 9 5729
5 1 10 4524
5 1 11 5556
5 1 12 8732
5 1 13 7458
5 2 0 4341
5 2 1 5672
5 2 2 0
5 2 3 4855
5 2 4 5886
5 2 5 0
5 2 6 2725
5 2 7 4990
5 2 8 4233
5 2 9 4052
5 2 10 2669
5 2 11 1047
5 2 12 2935
5 2 13 3958
5 3 0 6545
5 3 1 4158
5 3 2 7090
5 3 3 0
5 3 4 4092
5 3 5 0
5 3 6 5496
5 3 7 4544
5 3 8 4932
5 3 9 2649
5 3 10 3397
5 3 11 2329
5 3 12 2843
5 3 13 3130
5 4 0 1559
5 4 1 2531
5 4 2 1825
5 4 3 4179
5 4 4 0
5 4 5 0
5 4 6 6632
5 4 7 8284
5 4 8 8834
5 4 9 6892
5 4 10 8888
5 4 11 6646
5 4 12 7497
5 4 13 5440
5 5 0 0
5 5 1 0
5 5 2 0
5 5 3 0
5 5 4 0
5 5 5 0
5 5 6 0
5 5 7 0
5 5 8 0
5 5 9 0
5 5 10 0
5 5 11 0
5 5 12 0
5 5 13 0
5 6 0 5815
5 6 1 3525
5 6 2 3464
5 6 3 5133
5 6 4 2869
5 6 5 0
5 6 6 0
5 6 7 9271
5 6 8 6385
5 6 9 6933
5 6 10 5596
5 6 11 8974
5 6 12 8732
5 6 13 7733
5 7 0 8036
5 7 1 6605
5 7 2 9800
5 7 3 8252
5 7 4 8592
5 7 5 0
5 7 6 4149
5 7 7 0
5 7 8 4094
5 7 9 3991
5 7 10 5834
5 7 11 3728
5 7 12 5418
5 7 13 5177
5 8 0 6908
5 8 1 8256
5 8 2 8588
5 8 3 8185
5 8 4 8687
5 8 5 0
5 8 6 5339
5 8 7 7919
5 8 8 0
5 8 9 5604
5 8 10 8438
5 8 11 5209
5 8 12 5010
5 8 13 6774
5 9 0 3944
5 9 1 3432
5 9 2 5695
5 9 3 3190
5 9 4 4033
5 9 5 0
5 9 6 7176
5 9 7 3379
5 9 8 7015
5 9 9 0
5 9 10 5074
5 9 11 4255
5 9 12 3454
5 9 13 5000
5 10 0 3286
5 10 1 2829
5 10 2 4914
5 10 3 4540
5 10 4 6631
5 10 5 0
5 10 6 4265
5 10 7 3551
5 10 8 5879
5 10 9 3859
5 10 10 0
5 10 11 5558
5 10 12 7664
5 10 13 7570
5 11 0 8494
5 11 1 5227
5 11 2 4658
5 11 3 4838
5 11 4 5755
5 11 5 0
5 11 6 9142
5 11 7 8898
5 11 8 7896
5 11 9 7333
5 11 10 7920
5 11 11 0
5 11 12 5221
5 11 13 8895
5 12 0 1915
5 12 1 6479
5 12 2 4622
5 12 3 3428
5 12 4 4682
5 12 5 0
5 12 6 5004
5 12 7 7697
5 12 8 7112
5 12 9 6484
5 12 10 7337
5 12 11 9170
5 12 12 0
5 12 13 8815
5 13 0 3635
5 13 1 6308
5 13 2 6748
5 13 3 4818
5 13 4 3728
5 13 5 0
5 13 6 7558
5 13 7 6370
5 13 8 8049
5 13 9 3455
5 13 10 3364
5 13 11 7538
5 13 12 4257
5 13 13 0
6 0 0 0
6 0 1 9428
6 0 2 9525
6 0 3 8135
6 0 4 6446
6 0 5 6253
6 0 6 0
6 0 7 4035
6 0 8 3362
6 0 9 3110
6 0 10 1850
6 0 11 5692
6 0 12 1037
6 0 13 1654
6 1 0 6124
6 1 1 0
6 1 2 6839
6 1 3 4868
6 1 4 6847
6 1 5 6726
6 1 6 0
6 1 7 6222
6 1 8 8328
6 1 9 6216
6 1 10 5011
6 1 11 6043
6 1 12 9219
6 1 13 7945
6 2 0 3724
6 2 1 5055
6 2 2 0
6 2 3 4238
6 2 4 5269
6 2 5 2725
6 2 6 0
6 2 7 8280
6 2 8 7523
6 2 9 7342
6 2 10 5959
6 2 11 4337
6 2 12 6225
6 2 13 7248
6 3 0 8092
6 3 1 5705
6 3 2 8637
6 3 3 0
6 3 4 5639
6 3 5 5496
6 3 6 0
6 3 7 5785
6 3 8 6173
6 3 9 3890
6 3 10 4638
6 3 11 3570
6 3 12 4084
6 3 13 4371
6 4 0 2489
6 4 1 3461
6 4 2 2755
6 4 3 5109
6 4 4 0
6 4 5 6632
6 4 6 0
6 4 7 8107
6 4 8 8657
6 4 9 6715
6 4 10 8711
6 4 11 6469
6 4 12 7320
6 4 13 5263
6 5 0 8825
6 5 1 5776
6 5 2 7978
6 5 3 7483
6 5 4 5836
6 5 5 0
6 5 6 0
6 5 7 3619
6 5 8 5315
6 5 9 3705
6 5 10 3561
6 5 11 5176
6 5 12 5341
6 5 13 4001
6 6 0 0
6 6 1 0
6 6 2 0
6 6 3 0
6 6 4 0
6 6 5 0
6 6 6 0
6 6 7 0
6 6 8 0
6 6 9 0
6 6 10 0
6 6 11 0
6 6 12 0
6 6 13 0
6 7 0 4495
6 7 1 3064
6 7 2 6259
6 7 3 4711
6 7 4 5051
6 7 5 4149
6 7 6 0
6 7 7 0
6 7 8 5849
6 7 9 5746
6 7 10 7589
6 7 11 5483
6 7 12 7173
6 7 13 6932
6 8 0 3316
6 8 1 4664
6 8 2 4996
6 8 3 4593
6 8 4 5095
6 8 5 5339
6 8 6 0
6 8 7 5092
6 8 8 0
6 8 9 2777
6 8 10 5611
6 8 11 2382
6 8 12 2183
6 8 13 3947
6 9 0 6511
6 9 1 5999
6 9 2 8262
6 9 3 5757
6 9 4 6600
6 9 5 7176
6 9 6 0
6 9 7 2710
6 9 8 6346
6 9 9 0
6 9 10 4405
6 9 11 3586
6 9 12 2785
6 9 13 4331
6 10 0 2484
6 10 1 2027
6 10 2 4112
6 10 3 3738
6 10 4 5829
6 10 5 4265
6 10 6 0
6 10 7 1689
6 10 8 4017
6 10 9 1997
6 10 10 0
6 10 11 3696
6 10 12 5802
6 10 13 5708
6 11 0 9588
6 11 1 6321
6 11 2 5752
6 11 3 5932
6 11 4 6849
6 11 5 9142
6 11 6 0
6 11 7 8799
6 11 8 7797
6 11 9 7234
6 11 10 7821
6 11 11 0
6 11 12 5122
6 11 13 8796
6 12 0 630
6 12 1 5194
6 12 2 3337
6 12 3 2143
6 12 4 3397
6 12 5 5004
6 12 6 0
6 12 7 7191
6 12 8 6606
6 12 9 5978
6 12 10 6831
6 12 11 8664
6 12 12 0
6 12 13 8309
6 13 0 5141
6 13 1 7814
6 13 2 8254
6 13 3 6324
6 13 4 5234
6 13 5 7558
6 13 6 0
6 13 7 6205
6 13 8 7884
6 13 9 3290
6 13 10 3199
6 13 11 7373
6 13 12 4092
6 13 13 0
7 0 0 0
7 0 1 7578
7 0 2 7675
7 0 3 6285
7 0 4 4596
7 0 5 4403
7 0 6 4035
7 0 7 0
7 0 8 3009
7 0 9 2757
7 0 10 1497
7 0 11 5339
7 0 12 684
7 0 13 1301
7 1 0 5133
7 1 1 0
7 1 2 5848
7 1 3 3877
7 1 4 5856
7 1 5 5735
7 1 6 6222
7 1 7 0
7 1 8 6044
7 1 9 3932
7 1 10 2727
7 1 11 3759
7 1 12 6935
7 1 13 5661
7 2 0 5989
7 2 1 7320
7 2 2 0
7 2 3 6503
7 2 4 7534
7 2 5 4990
7 2 6 8280
7 2 7 0
7 2 8 5775
7 2 9 5594
7 2 10 4211
7 2 11 2589
7 2 12 4477
7 2 13 5500
7 3 0 7140
7 3 1 4753
7 3 2 7685
7 3 3 0
7 3 4 4687
7 3 5 4544
7 3 6 5785
7 3 7 0
7 3 8 5326
7 3 9 3043
7 3 10 3791
7 3 11 2723
7 3 12 3237
7 3 13 3524
7 4 0 4141
7 4 1 5113
7 4 2 4407
7 4 3 6761
7 4 4 0
7 4 5 8284
7 4 6 8107
7 4 7 0
7 4 8 5336
7 4 9 3394
7 4 10 5390
7 4 11 3148
7 4 12 3999
7 4 13 1942
7 5 0 6761
7 5 1 3712
7 5 2 5914
7 5 3 5419
7 5 4 3772
7 5 5 0
7 5 6 3619
7 5 7 0
7 5 8 9386
7 5 9 7776
7 5 10 7632
7 5 11 9247
7 5 12 9412
7 5 13 8072
7 6 0 9403
7 6 1 7113
7 6 2 7052
7 6 3 8721
7 6 4 6457
7 6 5 9271
7 6 6 0
7 6 7 0
7 6 8 3018
7 6 9 3566
7 6 10 2229
7 6 11 5607
7 6 12 5365
7 6 13 4366
7 7 0 0
7 7 1 0
7 7 2 0
7 7 3 0
7 7 4 0
7 7 5 0
7 7 6 0
7 7 7 0
7 7 8 0
7 7 9 0
7 7 10 0
7 7 11 0
7 7 12 0
7 7 13 0
7 8 0 5896
7 8 1 7244
7 8 2 7576
7 8 3 7173
7 8 4 7675
7 8 5 7919
7 8 6 5092
7 8 7 0
7 8 8 0
7 8 9 2550
7 8 10 5384
7 8 11 2155
7 8 12 1956
7 8 13 3720
7 9 0 2714
7 9 1 2202
7 9 2 4465
7 9 3 1960
7 9 4 2803
7 9 5 3379
7 9 6 2710
7 9 7 0
7 9 8 5468
7 9 9 0
7 9 10 3527
7 9 11 2708
7 9 12 1907
7 9 13 3453
7 10 0 1770
7 10 1 1313
7 10 2 3398
7 10 3 3024
7 10 4 5115
7 10 5 3551
7 10 6 1689
7 10 7 0
7 10 8 6319
7 10 9 4299
7 10 10 0
7 10 11 5998
7 10 12 8104
7 10 13 8010
7 11 0 9344
7 11 1 6077
7 11 2 5508
7 11 3 5688
7 11 4 6605
7 11 5 8898
7 11 6 8799
7 11 7 0
7 11 8 4615
7 11 9 4052
7 11 10 4639
7 11 11 0
7 11 12 1940
7 11 13 5614
7 12 0 3323
7 12 1 7887
7 12 2 6030
7 12 3 4836
7 12 4 6090
7 12 5 7697
7 12 6 7191
7 12 7 0
7 12 8 5356
7 12 9 4728
7 12 10 5581
7 12 11 7414
7 12 12 0
7 12 13 7059
7 13 0 3953
7 13 1 6626
7 13 2 7066
7 13 3 5136
7 13 4 4046
7 13 5 6370
7 13 6 6205
7 13 7 0
7 13 8 7392
7 13 9 2798
7 13 10 2707
7 13 11 6881
7 13 12 3600
7 13 13 0
8 0 0 0
8 0 1 6905
8 0 2 7002
8 0 3 5612
8 0 4 3923
8 0 5 3730
8 0 6 3362
8 0 7 3009
8 0 8 0
8 0 9 3212
8 0 10 1952
8 0 11 5794
8 0 12 1139
8 0 13 1756
8 1 0 7239
8 1 1 0
8 1 2 7954
8 1 3 5983
8 1 4 7962
8 1 5 7841
8 1 6 8328
8 1 7 6044
8 1 8 0
8 1 9 2636
8 1 10 1431
8 1 11 2463
8 1 12 5639
8 1 13 4365
8 2 0 5232
8 2 1 6563
8 2 2 0
8 2 3 5746
8 2 4 6777
8 2 5 4233
8 2 6 7523
8 2 7 5775
8 2 8 0
8 2 9 4046
8 2 10 2663
8 2 11 1041
8 2 12 2929
8 2 13 3952
8 3 0 7528
8 3 1 5141
8 3 2 8073
8 3 3 0
8 3 4 5075
8 3 5 4932
8 3 6 6173
8 3 7 5326
8 3 8 0
8 3 9 4610
8 3 10 5358
8 3 11 4290
8 3 12 4804
8 3 13 5091
8 4 0 4691
8 4 1 5663
8 4 2 4957
8 4 3 7311
8 4 4 0
8 4 5 8834
8 4 6 8657
8 4 7 5336
8 4 8 0
8 4 9 4441
8 4 10 6437
8 4 11 4195
8 4 12 5046
8 4 13 2989
8 5 0 8457
8 5 1 5408
8 5 2 7610
8 5 3 7115
8 5 4 5468
8 5 5 0
8 5 6 5315
8 5 7 9386
8 5 8 0
8 5 9 7321
8 5 10 7177
8 5 11 8792
8 5 12 8957
8 5 13 7617
8 6 0 6517
8 6 1 4227
8 6 2 4166
8 6 3 5835
8 6 4 3571
8 6 5 6385
8 6 6 0
8 6 7 3018
8 6 8 0
8 6 9 3060
8 6 10 1723
8 6 11 5101
8 6 12 4859
8 6 13 3860
8 7 0 4440
8 7 1 3009
8 7 2 6204
8 7 3 4656
8 7 4 4996
8 7 5 4094
8 7 6 5849
8 7 7 0
8 7 8 0
8 7 9 4762
8 7 10 6605
8 7 11 4499
8 7 12 6189
8 7 13 5948
8 8 0 0
8 8 1 0
8 8 2 0
8 8 3 0
8 8 4 0
8 8 5 0
8 8 6 0
8 8 7 0
8 8 8 0
8 8 9 0
8 8 10 0
8 8 11 0
8 8 12 0
8 8 13 0
8 9 0 6350
8 9 1 5838
8 9 2 8101
8 9 3 5596
8 9 4 6439
8 9 5 7015
8 9 6 6346
8 9 7 5468
8 9 8 0
8 9 9 0
8 9 10 3444
8 9 11 2625
8 9 12 1824
8 9 13 3370
8 10 0 4098
8 10 1 3641
8 10 2 5726
8 10 3 5352
8 10 4 7443
8 10 5 5879
8 10 6 4017
8 10 7 6319
8 10 8 0
8 10 9 5207
8 10 10 0
8 10 11 6906
8 10 12 9012
8 10 13 8918
8 11 0 8342
8 11 1 5075
8 11 2 4506
8 11 3 4686
8 11 4 5603
8 11 5 7896
8 11 6 7797
8 11 7 4615
8 11 8 0
8 11 9 3837
8 11 10 4424
8 11 11 0
8 11 12 1725
8 11 13 5399
8 12 0 2738
8 12 1 7302
8 12 2 5445
8 12 3 4251
8 12 4 5505
8 12 5 7112
8 12 6 6606
8 12 7 5356
8 12 8 0
8 12 9 2624
8 12 10 3477
8 12 11 5310
8 12 12 0
8 12 13 4955
8 13 0 5632
8 13 1 8305
8 13 2 8745
8 13 3 6815
8 13 4 5725
8 13 5 8049
8 13 6 7884
8 13 7 7392
8 13 8 0
8 13 9 2699
8 13 10 2608
8 13 11 6782
8 13 12 3501
8 13 13 0
9 0 0 0
9 0 1 6653
9 0 2 6750
9 0 3 5360
9 0 4 3671
9 0 5 3478
9 0 6 3110
9 0 7 2757
9 0 8 3212
9 0 9 0
9 0 10 3448
9 0 11 7290
9 0 12 2635
9 0 13 3252
9 1 0 5127
9 1 1 0
9 1 2 5842
9 1 3 3871
9 1 4 5850
9 1 5 5729
9 1 6 6216
9 1 7 3932
9 1 8 2636
9 1 9 0
9 1 10 521
9 1 11 1553
9 1 12 4729
9 1 13 3455
9 2 0 5051
9 2 1 6382
9 2 2 0
9 2 3 5565
9 2 4 6596
9 2 5 4052
9 2 6 7342
9 2 7 5594
9 2 8 4046
9 2 9 0
9 2 10 6863
9 2 11 5241
9 2 12 7129
9 2 13 8152
9 3 0 5245
9 3 1 2858
9 3 2 5790
9 3 3 0
9 3 4 2792
9 3 5 2649
9 3 6 3890
9 3 7 3043
9 3 8 4610
9 3 9 0
9 3 10 4558
9 3 11 3490
9 3 12 4004
9 3 13 4291
9 4 0 2749
9 4 1 3721
9 4 2 3015
9 4 3 5369
9 4 4 0
9 4 5 6892
9 4 6 6715
9 4 7 3394
9 4 8 4441
9 4 9 0
9 4 10 6974
9 4 11 4732
9 4 12 5583
9 4 13 3526
9 5 0 6847
9 5 1 3798
9 5 2 6000
9 5 3 5505
9 5 4 3858
9 5 5 0
9 5 6 3705
9 5 7 7776
9 5 8 7321
9 5 9 0
9 5 10 4465
9 5 11 6080
9 5 12 6245
9 5 13 4905
9 6 0 7065
9 6 1 4775
9 6 2 4714
9 6 3 6383
9 6 4 4119
9 6 5 6933
9 6 6 0
9 6 7 3566
9 6 8 3060
9 6 9 0
9 6 10 5170
9 6 11 8548
9 6 12 8306
9 6 13 7307
9 7 0 4337
9 7 1 2906
9 7 2 6101
9 7 3 4553
9 7 4 4893
9 7 5 3991
9 7 6 5746
9 7 7 0
9 7 8 4762
9 7 9 0
9 7 10 3675
9 7 11 1569
9 7 12 3259
9 7 13 3018
9 8 0 3581
9 8 1 4929
9 8 2 5261
9 8 3 4858
9 8 4 5360
9 8 5 5604
9 8 6 2777
9 8 7 2550
9 8 8 0
9 8 9 0
9 8 10 8219
9 8 11 4990
9 8 12 4791
9 8 13 6555
9 9 0 0
9 9 1 0
9 9 2 0
9 9 3 0
9 9 4 0
9 9 5 0
9 9 6 0
9 9 7 0
9 9 8 0
9 9 9 0
9 9 10 0
9 9 11 0
9 9 12 0
9 9 13 0
9 10 0 2078
9 10 1 1621
9 10 2 3706
9 10 3 3332
9 10 4 5423
9 10 5 3859
9 10 6 1997
9 10 7 4299
9 10 8 5207
9 10 9 0
9 10 10 0
9 10 11 5152
9 10 12 7258
9 10 13 7164
9 11 0 7779
9 11 1 4512
9 11 2 3943
9 11 3 4123
9 11 4 5040
9 11 5 7333
9 11 6 7234
9 11 7 4052
9 11 8 3837
9 11 9 0
9 11 10 5080
9 11 11 0
9 11 12 2381
9 11 13 6055
9 12 0 2110
9 12 1 6674
9 12 2 4817
9 12 3 3623
9 12 4 4877
9 12 5 6484
9 12 6 5978
9 12 7 4728
9 12 8 2624
9 12 9 0
9 12 10 3531
9 12 11 5364
9 12 12 0
9 12 13 5009
9 13 0 1038
9 13 1 3711
9 13 2 4151
9 13 3 2221
9 13 4 1131
9 13 5 3455
9 13 6 3290
9 13 7 2798
9 13 8 2699
9 13 9 0
9 13 10 2444
9 13 11 6618
9 13 12 3337
9 13 13 0
10 0 0 0
10 0 1 5393
10 0 2 5490
10 0 3 4100
10 0 4 2411
10 0 5 2218
10 0 6 1850
10 0 7 1497
10 0 8 1952
10 0 9 3448
10 0 10 0
10 0 11 6066
10 0 12 1411
10 0 13 2028
10 1 0 3922
10 1 1 0
10 1 2 4637
10 1 3 2666
10 1 4 4645
10 1 5 4524
10 1 6 5011
10 1 7 2727
10 1 8 1431
10 1 9 521
10 1 10 0
10 1 11 5331
10 1 12 8507
10 1 13 7233
10 2 0 3668
10 2 1 4999
10 2 2 0
10 2 3 4182
10 2 4 5213
10 2 5 2669
10 2 6 5959
10 2 7 4211
10 2 8 2663
10 2 9 6863
10 2 10 0
10 2 11 3735
10 2 12 5623
10 2 13 6646
10 3 0 5993
10 3 1 3606
10 3 2 6538
10 3 3 0
10 3 4 3540
10 3 5 3397
10 3 6 4638
10 3 7 3791
10 3 8 5358
10 3 9 4558
10 3 10 0
10 3 11 2911
10 3 12 3425
10 3 13 3712
10 4 0 4745
10 4 1 5717
10 4 2 5011
10 4 3 7365
10 4 4 0
10 4 5 8888
10 4 6 8711
10 4 7 5390
10 4 8 6437
10 4 9 6974
10 4 10 0
10 4 11 5875
10 4 12 6726
10 4 13 4669
10 5 0 6703
10 5 1 3654
10 5 2 5856
10 5 3 5361
10 5 4 3714
10 5 5 0
10 5 6 3561
10 5 7 7632
10 5 8 7177
10 5 9 4465
10 5 10 0
10 5 11 6682
10 5 12 6847
10 5 13 5507
10 6 0 5728
10 6 1 3438
10 6 2 3377
10 6 3 5046
10 6 4 2782
10 6 5 5596
10 6 6 0
10 6 7 2229
10 6 8 1723
10 6 9 5170
10 6 10 0
10 6 11 5781
10 6 12 5539
10 6 13 4540
10 7 0 6180
10 7 1 4749
10 7 2 7944
10 7 3 6396
10 7 4 6736
10 7 5 5834
10 7 6 7589
10 7 7 0
10 7 8 6605
10 7 9 3675
10 7 10 0
10 7 11 1885
10 7 12 3575
10 7 13 3334
10 8 0 6415
10 8 1 7763
10 8 2 8095
10 8 3 7692
10 8 4 8194
10 8 5 8438
10 8 6 5611
10 8 7 5384
10 8 8 0
10 8 9 8219
10 8 10 0
10 8 11 3998
10 8 12 3799
10 8 13 5563
10 9 0 4409
10 9 1 3897
10 9 2 6160
10 9 3 3655
10 9 4 4498
10 9 5 5074
10 9 6 4405
10 9 7 3527
10 9 8 3444
10 9 9 0
10 9 10 0
10 9 11 2634
10 9 12 1833
10 9 13 3379
10 10 0 0
10 10 1 0
10 10 2 0
10 10 3 0
10 10 4 0
10 10 5 0
10 10 6 0
10 10 7 0
10 10 8 0
10 10 9 0
10 10 10 0
10 10 11 0
10 10 12 0
10 10 13 0
10 11 0 8366
10 11 1 5099
10 11 2 4530
10 11 3 4710
10 11 4 5627
10 11 5 7920
10 11 6 7821
10 11 7 4639
10 11 8 4424
10 11 9 5080
10 11 10 0
10 11 11 0
10 11 12 3828
10 11 13 7502
10 12 0 2963
10 12 1 7527
10 12 2 5670
10 12 3 4476
10 12 4 5730
10 12 5 7337
10 12 6 6831
10 12 7 5581
10 12 8 3477
10 12 9 3531
10 12 10 0
10 12 11 9718
10 12 12 0
10 12 13 9363
10 13 0 947
10 13 1 3620
10 13 2 4060
10 13 3 2130
10 13 4 1040
10 13 5 3364
10 13 6 3199
10 13 7 2707
10 13 8 2608
10 13 9 2444
10 13 10 0
10 13 11 9332
10 13 12 6051
10 13 13 0
11 0 0 0
11 0 1 9235
11 0 2 9332
11 0 3 7942
11 0 4 6253
11 0 5 6060
11 0 6 5692
11 0 7 5339
11 0 8 5794
11 0 9 7290
11 0 10 6066
11 0 11 0
11 0 12 2442
11 0 13 3059
11 1 0 4954
11 1 1 0
11 1 2 5669
11 1 3 3698
11 1 4 5677
11 1 5 5556
11 1 6 6043
11 1 7 3759
11 1 8 2463
11 1 9 1553
11 1 10 5331
11 1 11 0
11 1 12 7244
11 1 13 5970
11 2 0 2046
11 2 1 3377
11 2 2 0
11 2 3 2560
11 2 4 3591
11 2 5 1047
11 2 6 4337
11 2 7 2589
11 2 8 1041
11 2 9 5241
11 2 10 3735
11 2 11 0
11 2 12 6265
11 2 13 7288
11 3 0 4925
11 3 1 2538
11 3 2 5470
11 3 3 0
11 3 4 2472
11 3 5 2329
11 3 6 3570
11 3 7 2723
11 3 8 4290
11 3 9 3490
11 3 10 2911
11 3 11 0
11 3 12 3874
11 3 13 4161
11 4 0 2503
11 4 1 3475
11 4 2 2769
11 4 3 5123
11 4 4 0
11 4 5 6646
11 4 6 6469
11 4 7 3148
11 4 8 4195
11 4 9 4732
11 4 10 5875
11 4 11 0
11 4 12 7319
11 4 13 5262
11 5 0 8318
11 5 1 5269
11 5 2 7471
11 5 3 6976
11 5 4 5329
11 5 5 0
11 5 6 5176
11 5 7 9247
11 5 8 8792
11 5 9 6080
11 5 10 6682
11 5 11 0
11 5 12 8213
11 5 13 6873
11 6 0 9106
11 6 1 6816
11 6 2 6755
11 6 3 8424
11 6 4 6160
11 6 5 8974
11 6 6 0
11 6 7 5607
11 6 8 5101
11 6 9 8548
11 6 10 5781
11 6 11 0
11 6 12 8801
11 6 13 7802
11 7 0 4074
11 7 1 2643
11 7 2 5838
11 7 3 4290
11 7 4 4630
11 7 5 3728
11 7 6 5483
11 7 7 0
11 7 8 4499
11 7 9 1569
11 7 10 1885
11 7 11 0
11 7 12 7307
11 7 13 7066
11 8 0 3186
11 8 1 4534
11 8 2 4866
11 8 3 4463
11 8 4 4965
11 8 5 5209
11 8 6 2382
11 8 7 2155
11 8 8 0
11 8 9 4990
11 8 10 3998
11 8 11 0
11 8 12 4201
11 8 13 5965
11 9 0 3590
11 9 1 3078
11 9 2 5341
11 9 3 2836
11 9 4 3679
11 9 5 4255
11 9 6 3586
11 9 7 2708
11 9 8 2625
11 9 9 0
11 9 10 2634
11 9 11 0
11 9 12 3692
11 9 13 5238
11 10 0 3777
11 10 1 3320
11 10 2 5405
11 10 3 5031
11 10 4 7122
11 10 5 5558
11 10 6 3696
11 10 7 5998
11 10 8 6906
11 10 9 5152
11 10 10 0
11 10 11 0
11 10 12 8633
11 10 13 8539
11 11 0 0
11 11 1 0
11 11 2 0
11 11 3 0
11 11 4 0
11 11 5 0
11 11 6 0
11 11 7 0
11 11 8 0
11 11 9 0
11 11 10 0
11 11 11 0
11 11 12 0
11 11 13 0
11 12 0 4796
11 12 1 9360
11 12 2 7503
11 12 3 6309
11 12 4 7563
11 12 5 9170
11 12 6 8664
11 12 7 7414
11 12 8 5310
11 12 9 5364
11 12 10 9718
11 12 11 0
11 12 12 0
11 12 13 5305
11 13 0 5121
11 13 1 7794
11 13 2 8234
11 13 3 6304
11 13 4 5214
11 13 5 7538
11 13 6 7373
11 13 7 6881
11 13 8 6782
11 13 9 6618
11 13 10 9332
11 13 11 0
11 13 12 5761
11 13 13 0
12 0 0 0
12 0 1 4580
12 0 2 4677
12 0 3 3287
12 0 4 1598
12 0 5 1405
12 0 6 1037
12 0 7 684
12 0 8 1139
12 0 9 2635
12 0 10 1411
12 0 11 2442
12 0 12 0
12 0 13 3202
12 1 0 8130
12 1 1 0
12 1 2 8845
12 1 3 6874
12 1 4 8853
12 1 5 8732
12 1 6 9219
12 1 7 6935
12 1 8 5639
12 1 9 4729
12 1 10 8507
12 1 11 7244
12 1 12 0
12 1 13 3557
12 2 0 3934
12 2 1 5265
12 2 2 0
12 2 3 4448
12 2 4 5479
12 2 5 2935
12 2 6 6225
12 2 7 4477
12 2 8 2929
12 2 9 7129
12 2 10 5623
12 2 11 6265
12 2 12 0
12 2 13 6576
12 3 0 5439
12 3 1 3052
12 3 2 5984
12 3 3 0
12 3 4 2986
12 3 5 2843
12 3 6 4084
12 3 7 3237
12 3 8 4804
12 3 9 4004
12 3 10 3425
12 3 11 3874
12 3 12 0
12 3 13 5336
12 4 0 3354
12 4 1 4326
12 4 2 3620
12 4 3 5974
12 4 4 0
12 4 5 7497
12 4 6 7320
12 4 7 3999
12 4 8 5046
12 4 9 5583
12 4 10 6726
12 4 11 7319
12 4 12 0
12 4 13 2109
12 5 0 8483
12 5 1 5434
12 5 2 7636
12 5 3 7141
12 5 4 5494
12 5 5 0
12 5 6 5341
12 5 7 9412
12 5 8 8957
12 5 9 6245
12 5 10 6847
12 5 11 8213
12 5 12 0
12 5 13 4949
12 6 0 8864
12 6 1 6574
12 6 2 6513
12 6 3 8182
12 6 4 5918
12 6 5 8732
12 6 6 0
12 6 7 5365
12 6 8 4859
12 6 9 8306
12 6 10 5539
12 6 11 8801
12 6 12 0
12 6 13 3499
12 7 0 5764
12 7 1 4333
12 7 2 7528
12 7 3 5980
12 7 4 6320
12 7 5 5418
12 7 6 7173
12 7 7 0
12 7 8 6189
12 7 9 3259
12 7 10 3575
12 7 11 7307
12 7 12 0
12 7 13 5700
12 8 0 2987
12 8 1 4335
12 8 2 4667
12 8 3 4264
12 8 4 4766
12 8 5 5010
12 8 6 2183
12 8 7 1956
12 8 8 0
12 8 9 4791
12 8 10 3799
12 8 11 4201
12 8 12 0
12 8 13 5016
12 9 0 2789
12 9 1 2277
12 9 2 4540
12 9 3 2035
12 9 4 2878
12 9 5 3454
12 9 6 2785
12 9 7 1907
12 9 8 1824
12 9 9 0
12 9 10 1833
12 9 11 3692
12 9 12 0
12 9 13 4224
12 10 0 5883
12 10 1 5426
12 10 2 7511
12 10 3 7137
12 10 4 9228
12 10 5 7664
12 10 6 5802
12 10 7 8104
12 10 8 9012
12 10 9 7258
12 10 10 0
12 10 11 8633
12 10 12 0
12 10 13 7791
12 11 0 5667
12 11 1 2400
12 11 2 1831
12 11 3 2011
12 11 4 2928
12 11 5 5221
12 11 6 5122
12 11 7 1940
12 11 8 1725
12 11 9 2381
12 11 10 3828
12 11 11 0
12 11 12 0
12 11 13 9334
12 12 0 0
12 12 1 0
12 12 2 0
12 12 3 0
12 12 4 0
12 12 5 0
12 12 6 0
12 12 7 0
12 12 8 0
12 12 9 0
12 12 10 0
12 12 11 0
12 12 12 0
12 12 13 0
12 13 0 1840
12 13 1 4513
12 13 2 4953
12 13 3 3023
12 13 4 1933
12 13 5 4257
12 13 6 4092
12 13 7 3600
12 13 8 3501
12 13 9 3337
12 13 10 6051
12 13 11 5761
12 13 12 0
12 13 13 0
13 0 0 0
13 0 1 5197
13 0 2 5294
13 0 3 3904
13 0 4 2215
13 0 5 2022
13 0 6 1654
13 0 7 1301
13 0 8 1756
13 0 9 3252
13 0 10 2028
13 0 11 3059
13 0 12 3202
13 0 13 0
13 1 0 6856
13 1 1 0
13 1 2 7571
13 1 3 5600
13 1 4 7579
13 1 5 7458
13 1 6 7945
13 1 7 5661
13 1 8 4365
13 1 9 3455
13 1 10 7233
13 1 11 5970
13 1 12 3557
13 1 13 0
13 2 0 4957
13 2 1 6288
13 2 2 0
13 2 3 5471
13 2 4 6502
13 2 5 3958
13 2 6 7248
13 2 7 5500
13 2 8 3952
13 2 9 8152
13 2 10 6646
13 2 11 7288
13 2 12 6576
13 2 13 0
13 3 0 5726
13 3 1 3339
13 3 2 6271
13 3 3 0
13 3 4 3273
13 3 5 3130
13 3 6 4371
13 3 7 3524
13 3 8 5091
13 3 9 4291
13 3 10 3712
13 3 11 4161
13 3 12 5336
13 3 13 0
13 4 0 1297
13 4 1 2269
13 4 2 1563
13 4 3 3917
13 4 4 0
13 4 5 5440
13 4 6 5263
13 4 7 1942
13 4 8 2989
13 4 9 3526
13 4 10 4669
13 4 11 5262
13 4 12 2109
13 4 13 0
13 5 0 7143
13 5 1 4094
13 5 2 6296
13 5 3 5801
13 5 4 4154
13 5 5 0
13 5 6 4001
13 5 7 8072
13 5 8 7617
13 5 9 4905
13 5 10 5507
13 5 11 6873
13 5 12 4949
13 5 13 0
13 6 0 7865
13 6 1 5575
13 6 2 5514
13 6 3 7183
13 6 4 4919
13 6 5 7733
13 6 6 0
13 6 7 4366
13 6 8 3860
13 6 9 7307
13 6 10 4540
13 6 11 7802
13 6 12 3499
13 6 13 0
13 7 0 5523
13 7 1 4092
13 7 2 7287
13 7 3 5739
13 7 4 6079
13 7 5 5177
13 7 6 6932
13 7 7 0
13 7 8 5948
13 7 9 3018
13 7 10 3334
13 7 11 7066
13 7 12 5700
13 7 13 0
13 8 0 4751
13 8 1 6099
13 8 2 6431
13 8 3 6028
13 8 4 6530
13 8 5 6774
13 8 6 3947
13 8 7 3720
13 8 8 0
13 8 9 6555
13 8 10 5563
13 8 11 5965
13 8 12 5016
13 8 13 0
13 9 0 4335
13 9 1 3823
13 9 2 6086
13 9 3 3581
13 9 4 4424
13 9 5 5000
13 9 6 4331
13 9 7 3453
13 9 8 3370
13 9 9 0
13 9 10 3379
13 9 11 5238
13 9 12 4224
13 9 13 0
13 10 0 5789
13 10 1 5332
13 10 2 7417
13 10 3 7043
13 10 4 9134
13 10 5 7570
13 10 6 5708
13 10 7 8010
13 10 8 8918
13 10 9 7164
13 10 10 0
13 10 11 8539
13 10 12 7791
13 10 13 0
13 11 0 9341
13 11 1 6074
13 11 2 5505
13 11 3 5685
13 11 4 6602
13 11 5 8895
13 11 6 8796
13 11 7 5614
13 11 8 5399
13 11 9 6055
13 11 10 7502
13 11 11 0
13 11 12 9334
13 11 13 0
13 12 0 4441
13 12 1 9005
13 12 2 7148
13 12 3 5954
13 12 4 7208
13 12 5 8815
13 12 6 8309
13 12 7 7059
13 12 8 4955
13 12 9 5009
13 12 10 9363
13 12 11 5305
13 12 12 0
13 12 13 0
13 13 0 0
13 13 1 0
13 13 2 0
13 13 3 0
13 13 4 0
13 13 5 0
13 13 6 0
13 13 7 0
13 13 8 0
13 13 9 0
13 13 10 0
13 13 11 0
13 13 12 0
13 13 13 0
