17
0 0 0 0
0 0 1 0
0 0 2 0
0 0 3 0
0 0 4 0
0 0 5 0
0 0 6 0
0 0 7 0
0 0 8 0
0 0 9 0
0 0 10 0
0 0 11 0
0 0 12 0
0 0 13 0
0 0 14 0
0 0 15 0
0 0 16 0
0 1 0 0
0 1 1 0
0 1 2 2512
0 1 3 3318
0 1 4 4193
0 1 5 6495
0 1 6 6068
0 1 7 4202
0 1 8 6456
0 1 9 4359
0 1 10 5976
0 1 11 3330
0 1 12 4351
0 1 13 1987
0 1 14 4432
0 1 15 5360
0 1 16 5532
0 2 0 0
0 2 1 6872
0 2 2 0
0 2 3 8453
0 2 4 7157
0 2 5 7449
0 2 6 5439
0 2 7 5582
0 2 8 9258
0 2 9 8063
0 2 10 5046
0 2 11 9582
0 2 12 5144
0 2 13 5791
0 2 14 5172
0 2 15 5754
0 2 16 4931
0 3 0 0
0 3 1 3370
0 3 2 1967
0 3 3 0
0 3 4 4157
0 3 5 542
0 3 6 3712
0 3 7 1871
0 3 8 2528
0 3 9 3924
0 3 10 4123
0 3 11 2373
0 3 12 952
0 3 13 3061
0 3 14 2171
0 3 15 1729
0 3 16 4051
0 4 0 0
0 4 1 3396
0 4 2 5779
0 4 3 5161
0 4 4 0
0 4 5 4406
0 4 6 3222
0 4 7 1743
0 4 8 4467
0 4 9 3081
0 4 10 6405
0 4 11 6137
0 4 12 6332
0 4 13 3151
0 4 14 5491
0 4 15 6437
0 4 16 3643
0 5 0 0
0 5 1 8902
0 5 2 4567
0 5 3 6510
0 5 4 5684
0 5 5 0
0 5 6 4144
0 5 7 6574
0 5 8 5335
0 5 9 5915
0 5 10 4130
0 5 11 7924
0 5 12 7075
0 5 13 7321
0 5 14 8834
0 5 15 6007
0 5 16 4799
0 6 0 0
0 6 1 8318
0 6 2 4915
0 6 3 5423
0 6 4 8628
0 6 5 9605
0 6 6 0
0 6 7 5089
0 6 8 9684
0 6 9 6065
0 6 10 6543
0 6 11 7173
0 6 12 8823
0 6 13 6680
0 6 14 7386
0 6 15 8906
0 6 16 9354
0 7 0 0
0 7 1 3770
0 7 2 3883
0 7 3 3732
0 7 4 6792
0 7 5 3703
0 7 6 5201
0 7 7 0
0 7 8 2974
0 7 9 5899
0 7 10 2332
0 7 11 3848
0 7 12 4434
0 7 13 3333
0 7 14 5515
0 7 15 3326
0 7 16 3554
0 8 0 0
0 8 1 3262
0 8 2 1137
0 8 3 3309
0 8 4 901
0 8 5 1634
0 8 6 1825
0 8 7 2815
0 8 8 0
0 8 9 582
0 8 10 4537
0 8 11 4849
0 8 12 628
0 8 13 2282
0 8 14 1714
0 8 15 2141
0 8 16 4569
0 9 0 0
0 9 1 7930
0 9 2 3778
0 9 3 7775
0 9 4 5567
0 9 5 6019
0 9 6 3826
0 9 7 3853
0 9 8 5683
0 9 9 0
0 9 10 7242
0 9 11 4427
0 9 12 7114
0 9 13 8340
0 9 14 7003
0 9 15 4654
0 9 16 5271
0 10 0 0
0 10 1 3854
0 10 2 7305
0 10 3 4954
0 10 4 5043
0 10 5 6682
0 10 6 4338
0 10 7 4276
0 10 8 6404
0 10 9 6956
0 10 10 0
0 10 11 7489
0 10 12 4416
0 10 13 7043
0 10 14 5426
0 10 15 2824
0 10 16 3562
0 11 0 0
0 11 1 4558
0 11 2 4774
0 11 3 4815
0 11 4 3247
0 11 5 3694
0 11 6 4865
0 11 7 2710
0 11 8 3410
0 11 9 1704
0 11 10 3963
0 11 11 0
0 11 12 1878
0 11 13 4497
0 11 14 2900
0 11 15 2120
0 11 16 3766
0 12 0 0
0 12 1 5733
0 12 2 5653
0 12 3 5712
0 12 4 6359
0 12 5 6110
0 12 6 9533
0 12 7 7818
0 12 8 9283
0 12 9 7063
0 12 10 9197
0 12 11 8671
0 12 12 0
0 12 13 7494
0 12 14 5178
0 12 15 7432
0 12 16 9515
0 13 0 0
0 13 1 4936
0 13 2 3544
0 13 3 1647
0 13 4 4012
0 13 5 1541
0 13 6 3034
0 13 7 3943
0 13 8 3761
0 13 9 917
0 13 10 3250
0 13 11 4245
0 13 12 2184
0 13 13 0
0 13 14 4393
0 13 15 5001
0 13 16 1057
0 14 0 0
0 14 1 5412
0 14 2 1439
0 14 3 2318
0 14 4 4303
0 14 5 3682
0 14 6 2543
0 14 7 2368
0 14 8 5080
0 14 9 3608
0 14 10 4362
0 14 11 4374
0 14 12 5041
0 14 13 3919
0 14 14 0
0 14 15 3556
0 14 16 1695
0 15 0 0
0 15 1 6235
0 15 2 6807
0 15 3 5750
0 15 4 6261
0 15 5 2255
0 15 6 2793
0 15 7 5120
0 15 8 6727
0 15 9 4333
0 15 10 7018
0 15 11 3487
0 15 12 6497
0 15 13 2210
0 15 14 4957
0 15 15 0
0 15 16 3354
0 16 0 0
0 16 1 2779
0 16 2 4062
0 16 3 3910
0 16 4 6224
0 16 5 3973
0 16 6 5409
0 16 7 4393
0 16 8 1419
0 16 9 5444
0 16 10 5220
0 16 11 1844
0 16 12 4595
0 16 13 6248
0 16 14 5846
0 16 15 2060
0 16 16 0
1 0 0 0
1 0 1 0
1 0 2 5892
1 0 3 1122
1 0 4 2650
1 0 5 4921
1 0 6 5707
1 0 7 3020
1 0 8 1311
1 0 9 4703
1 0 10 3565
1 0 11 1574
1 0 12 5542
1 0 13 1667
1 0 14 2103
1 0 15 3098
1 0 16 2356
1 1 0 0
1 1 1 0
1 1 2 0
1 1 3 0
1 1 4 0
1 1 5 0
1 1 6 0
1 1 7 0
1 1 8 0
1 1 9 0
1 1 10 0
1 1 11 0
1 1 12 0
1 1 13 0
1 1 14 0
1 1 15 0
1 1 16 0
1 2 0 6872
1 2 1 0
1 2 2 0
1 2 3 4472
1 2 4 3176
1 2 5 3468
1 2 6 1458
1 2 7 1601
1 2 8 5277
1 2 9 4082
1 2 10 1065
1 2 11 5601
1 2 12 1163
1 2 13 1810
1 2 14 1191
1 2 15 1773
1 2 16 950
1 3 0 3370
1 3 1 0
1 3 2 3562
1 3 3 0
1 3 4 5752
1 3 5 2137
1 3 6 5307
1 3 7 3466
1 3 8 4123
1 3 9 5519
1 3 10 5718
1 3 11 3968
1 3 12 2547
1 3 13 4656
1 3 14 3766
1 3 15 3324
1 3 16 5646
1 4 0 3396
1 4 1 0
1 4 2 6721
1 4 3 6103
1 4 4 0
1 4 5 5348
1 4 6 4164
1 4 7 2685
1 4 8 5409
1 4 9 4023
1 4 10 7347
1 4 11 7079
1 4 12 7274
1 4 13 4093
1 4 14 6433
1 4 15 7379
1 4 16 4585
1 5 0 8902
1 5 1 0
1 5 2 5540
1 5 3 7483
1 5 4 6657
1 5 5 0
1 5 6 5117
1 5 7 7547
1 5 8 6308
1 5 9 6888
1 5 10 5103
1 5 11 8897
1 5 12 8048
1 5 13 8294
1 5 14 9807
1 5 15 6980
1 5 16 5772
1 6 0 8318
1 6 1 0
1 6 2 4675
1 6 3 5183
1 6 4 8388
1 6 5 9365
1 6 6 0
1 6 7 4849
1 6 8 9444
1 6 9 5825
1 6 10 6303
1 6 11 6933
1 6 12 8583
1 6 13 6440
1 6 14 7146
1 6 15 8666
1 6 16 9114
1 7 0 3770
1 7 1 0
1 7 2 4464
1 7 3 4313
1 7 4 7373
1 7 5 4284
1 7 6 5782
1 7 7 0
1 7 8 3555
1 7 9 6480
1 7 10 2913
1 7 11 4429
1 7 12 5015
1 7 13 3914
1 7 14 6096
1 7 15 3907
1 7 16 4135
1 8 0 3262
1 8 1 0
1 8 2 5681
1 8 3 7853
1 8 4 5445
1 8 5 6178
1 8 6 6369
1 8 7 7359
1 8 8 0
1 8 9 5126
1 8 10 9081
1 8 11 9393
1 8 12 5172
1 8 13 6826
1 8 14 6258
1 8 15 6685
1 8 16 9113
1 9 0 7930
1 9 1 0
1 9 2 2833
1 9 3 6830
1 9 4 4622
1 9 5 5074
1 9 6 2881
1 9 7 2908
1 9 8 4738
1 9 9 0
1 9 10 6297
1 9 11 3482
1 9 12 6169
1 9 13 7395
1 9 14 6058
1 9 15 3709
1 9 16 4326
1 10 0 3854
1 10 1 0
1 10 2 9115
1 10 3 6764
1 10 4 6853
1 10 5 8492
1 10 6 6148
1 10 7 6086
1 10 8 8214
1 10 9 8766
1 10 10 0
1 10 11 9299
1 10 12 6226
1 10 13 8853
1 10 14 7236
1 10 15 4634
1 10 16 5372
1 11 0 4558
1 11 1 0
1 11 2 5929
1 11 3 5970
1 11 4 4402
1 11 5 4849
1 11 6 6020
1 11 7 3865
1 11 8 4565
1 11 9 2859
1 11 10 5118
1 11 11 0
1 11 12 3033
1 11 13 5652
1 11 14 4055
1 11 15 3275
1 11 16 4921
1 12 0 5733
1 12 1 0
1 12 2 3861
1 12 3 3920
1 12 4 4567
1 12 5 4318
1 12 6 7741
1 12 7 6026
1 12 8 7491
1 12 9 5271
1 12 10 7405
1 12 11 6879
1 12 12 0
1 12 13 5702
1 12 14 5077
1 12 15 5640
1 12 16 7723
1 13 0 4936
1 13 1 0
1 13 2 3263
1 13 3 1366
1 13 4 3731
1 13 5 1260
1 13 6 2753
1 13 7 3662
1 13 8 3480
1 13 9 636
1 13 10 2969
1 13 11 3964
1 13 12 1903
1 13 13 0
1 13 14 4112
1 13 15 4720
1 13 16 776
1 14 0 5412
1 14 1 0
1 14 2 3167
1 14 3 4046
1 14 4 6031
1 14 5 5410
1 14 6 4271
1 14 7 4096
1 14 8 6808
1 14 9 5336
1 14 10 6090
1 14 11 6102
1 14 12 6769
1 14 13 5647
1 14 14 0
1 14 15 5284
1 14 16 3423
1 15 0 6235
1 15 1 0
1 15 2 8468
1 15 3 7411
1 15 4 7922
1 15 5 3916
1 15 6 4454
1 15 7 6781
1 15 8 8388
1 15 9 5994
1 15 10 8679
1 15 11 5148
1 15 12 8158
1 15 13 3871
1 15 14 6618
1 15 15 0
1 15 16 5015
1 16 0 2779
1 16 1 0
1 16 2 6637
1 16 3 6485
1 16 4 8799
1 16 5 6548
1 16 6 7984
1 16 7 6968
1 16 8 3994
1 16 9 8019
1 16 10 7795
1 16 11 4419
1 16 12 7170
1 16 13 8823
1 16 14 8421
1 16 15 4635
1 16 16 0
2 0 0 0
2 0 1 5892
2 0 2 0
2 0 3 2804
2 0 4 4332
2 0 5 6603
2 0 6 7389
2 0 7 4702
2 0 8 2993
2 0 9 6385
2 0 10 5247
2 0 11 3256
2 0 12 7224
2 0 13 3349
2 0 14 3785
2 0 15 4780
2 0 16 4038
2 1 0 2512
2 1 1 0
2 1 2 0
2 1 3 3697
2 1 4 4572
2 1 5 6874
2 1 6 6447
2 1 7 4581
2 1 8 6835
2 1 9 4738
2 1 10 6355
2 1 11 3709
2 1 12 4730
2 1 13 2366
2 1 14 4811
2 1 15 5739
2 1 16 5911
2 2 0 0
2 2 1 0
2 2 2 0
2 2 3 0
2 2 4 0
2 2 5 0
2 2 6 0
2 2 7 0
2 2 8 0
2 2 9 0
2 2 10 0
2 2 11 0
2 2 12 0
2 2 13 0
2 2 14 0
2 2 15 0
2 2 16 0
2 3 0 1967
2 3 1 3562
2 3 2 0
2 3 3 0
2 3 4 7544
2 3 5 3929
2 3 6 7099
2 3 7 5258
2 3 8 5915
2 3 9 7311
2 3 10 7510
2 3 11 5760
2 3 12 4339
2 3 13 6448
2 3 14 5558
2 3 15 5116
2 3 16 7438
2 4 0 5779
2 4 1 6721
2 4 2 0
2 4 3 5724
2 4 4 0
2 4 5 4969
2 4 6 3785
2 4 7 2306
2 4 8 5030
2 4 9 3644
2 4 10 6968
2 4 11 6700
2 4 12 6895
2 4 13 3714
2 4 14 6054
2 4 15 7000
2 4 16 4206
2 5 0 4567
2 5 1 5540
2 5 2 0
2 5 3 5094
2 5 4 4268
2 5 5 0
2 5 6 2728
2 5 7 5158
2 5 8 3919
2 5 9 4499
2 5 10 2714
2 5 11 6508
2 5 12 5659
2 5 13 5905
2 5 14 7418
2 5 15 4591
2 5 16 3383
2 6 0 4915
2 6 1 4675
2 6 2 0
2 6 3 1211
2 6 4 4416
2 6 5 5393
2 6 6 0
2 6 7 877
2 6 8 5472
2 6 9 1853
2 6 10 2331
2 6 11 2961
2 6 12 4611
2 6 13 2468
2 6 14 3174
2 6 15 4694
2 6 16 5142
2 7 0 3883
2 7 1 4464
2 7 2 0
2 7 3 2350
2 7 4 5410
2 7 5 2321
2 7 6 3819
2 7 7 0
2 7 8 1592
2 7 9 4517
2 7 10 950
2 7 11 2466
2 7 12 3052
2 7 13 1951
2 7 14 4133
2 7 15 1944
2 7 16 2172
2 8 0 1137
2 8 1 5681
2 8 2 0
2 8 3 7312
2 8 4 4904
2 8 5 5637
2 8 6 5828
2 8 7 6818
2 8 8 0
2 8 9 4585
2 8 10 8540
2 8 11 8852
2 8 12 4631
2 8 13 6285
2 8 14 5717
2 8 15 6144
2 8 16 8572
2 9 0 3778
2 9 1 2833
2 9 2 0
2 9 3 7191
2 9 4 4983
2 9 5 5435
2 9 6 3242
2 9 7 3269
2 9 8 5099
2 9 9 0
2 9 10 6658
2 9 11 3843
2 9 12 6530
2 9 13 7756
2 9 14 6419
2 9 15 4070
2 9 16 4687
2 10 0 7305
2 10 1 9115
2 10 2 0
2 10 3 2491
2 10 4 2580
2 10 5 4219
2 10 6 1875
2 10 7 1813
2 10 8 3941
2 10 9 4493
2 10 10 0
2 10 11 5026
2 10 12 1953
2 10 13 4580
2 10 14 2963
2 10 15 361
2 10 16 1099
2 11 0 4774
2 11 1 5929
2 11 2 0
2 11 3 8879
2 11 4 7311
2 11 5 7758
2 11 6 8929
2 11 7 6774
2 11 8 7474
2 11 9 5768
2 11 10 8027
2 11 11 0
2 11 12 5942
2 11 13 8561
2 11 14 6964
2 11 15 6184
2 11 16 7830
2 12 0 5653
2 12 1 3861
2 12 2 0
2 12 3 1370
2 12 4 2017
2 12 5 1768
2 12 6 5191
2 12 7 3476
2 12 8 4941
2 12 9 2721
2 12 10 4855
2 12 11 4329
2 12 12 0
2 12 13 3152
2 12 14 4997
2 12 15 3090
2 12 16 5173
2 13 0 3544
2 13 1 3263
2 13 2 0
2 13 3 1827
2 13 4 4192
2 13 5 1721
2 13 6 3214
2 13 7 4123
2 13 8 3941
2 13 9 1097
2 13 10 3430
2 13 11 4425
2 13 12 2364
2 13 13 0
2 13 14 4573
2 13 15 5181
2 13 16 1237
2 14 0 1439
2 14 1 3167
2 14 2 0
2 14 3 1443
2 14 4 3428
2 14 5 2807
2 14 6 1668
2 14 7 1493
2 14 8 4205
2 14 9 2733
2 14 10 3487
2 14 11 3499
2 14 12 4166
2 14 13 3044
2 14 14 0
2 14 15 2681
2 14 16 820
2 15 0 6807
2 15 1 8468
2 15 2 0
2 15 3 4462
2 15 4 4973
2 15 5 967
2 15 6 1505
2 15 7 3832
2 15 8 5439
2 15 9 3045
2 15 10 5730
2 15 11 2199
2 15 12 5209
2 15 13 922
2 15 14 3669
2 15 15 0
2 15 16 2066
2 16 0 4062
2 16 1 6637
2 16 2 0
2 16 3 2541
2 16 4 4855
2 16 5 2604
2 16 6 4040
2 16 7 3024
2 16 8 50
2 16 9 4075
2 16 10 3851
2 16 11 475
2 16 12 3226
2 16 13 4879
2 16 14 4477
2 16 15 691
2 16 16 0
3 0 0 0
3 0 1 1122
3 0 2 2804
3 0 3 0
3 0 4 5376
3 0 5 7647
3 0 6 8433
3 0 7 5746
3 0 8 4037
3 0 9 7429
3 0 10 6291
3 0 11 4300
3 0 12 8268
3 0 13 4393
3 0 14 4829
3 0 15 5824
3 0 16 5082
3 1 0 3318
3 1 1 0
3 1 2 3697
3 1 3 0
3 1 4 5840
3 1 5 8142
3 1 6 7715
3 1 7 5849
3 1 8 8103
3 1 9 6006
3 1 10 7623
3 1 11 4977
3 1 12 5998
3 1 13 3634
3 1 14 6079
3 1 15 7007
3 1 16 7179
3 2 0 8453
3 2 1 4472
3 2 2 0
3 2 3 0
3 2 4 4058
3 2 5 4350
3 2 6 2340
3 2 7 2483
3 2 8 6159
3 2 9 4964
3 2 10 1947
3 2 11 6483
3 2 12 2045
3 2 13 2692
3 2 14 2073
3 2 15 2655
3 2 16 1832
3 3 0 0
3 3 1 0
3 3 2 0
3 3 3 0
3 3 4 0
3 3 5 0
3 3 6 0
3 3 7 0
3 3 8 0
3 3 9 0
3 3 10 0
3 3 11 0
3 3 12 0
3 3 13 0
3 3 14 0
3 3 15 0
3 3 16 0
3 4 0 5161
3 4 1 6103
3 4 2 5724
3 4 3 0
3 4 4 0
3 4 5 6739
3 4 6 5555
3 4 7 4076
3 4 8 6800
3 4 9 5414
3 4 10 8738
3 4 11 8470
3 4 12 8665
3 4 13 5484
3 4 14 7824
3 4 15 8770
3 4 16 5976
3 5 0 6510
3 5 1 7483
3 5 2 5094
3 5 3 0
3 5 4 2131
3 5 5 0
3 5 6 591
3 5 7 3021
3 5 8 1782
3 5 9 2362
3 5 10 577
3 5 11 4371
3 5 12 3522
3 5 13 3768
3 5 14 5281
3 5 15 2454
3 5 16 1246
3 6 0 5423
3 6 1 5183
3 6 2 1211
3 6 3 0
3 6 4 7459
3 6 5 8436
3 6 6 0
3 6 7 3920
3 6 8 8515
3 6 9 4896
3 6 10 5374
3 6 11 6004
3 6 12 7654
3 6 13 5511
3 6 14 6217
3 6 15 7737
3 6 16 8185
3 7 0 3732
3 7 1 4313
3 7 2 2350
3 7 3 0
3 7 4 6469
3 7 5 3380
3 7 6 4878
3 7 7 0
3 7 8 2651
3 7 9 5576
3 7 10 2009
3 7 11 3525
3 7 12 4111
3 7 13 3010
3 7 14 5192
3 7 15 3003
3 7 16 3231
3 8 0 3309
3 8 1 7853
3 8 2 7312
3 8 3 0
3 8 4 2944
3 8 5 3677
3 8 6 3868
3 8 7 4858
3 8 8 0
3 8 9 2625
3 8 10 6580
3 8 11 6892
3 8 12 2671
3 8 13 4325
3 8 14 3757
3 8 15 4184
3 8 16 6612
3 9 0 7775
3 9 1 6830
3 9 2 7191
3 9 3 0
3 9 4 5614
3 9 5 6066
3 9 6 3873
3 9 7 3900
3 9 8 5730
3 9 9 0
3 9 10 7289
3 9 11 4474
3 9 12 7161
3 9 13 8387
3 9 14 7050
3 9 15 4701
3 9 16 5318
3 10 0 4954
3 10 1 6764
3 10 2 2491
3 10 3 0
3 10 4 6427
3 10 5 8066
3 10 6 5722
3 10 7 5660
3 10 8 7788
3 10 9 8340
3 10 10 0
3 10 11 8873
3 10 12 5800
3 10 13 8427
3 10 14 6810
3 10 15 4208
3 10 16 4946
3 11 0 4815
3 11 1 5970
3 11 2 8879
3 11 3 0
3 11 4 4872
3 11 5 5319
3 11 6 6490
3 11 7 4335
3 11 8 5035
3 11 9 3329
3 11 10 5588
3 11 11 0
3 11 12 3503
3 11 13 6122
3 11 14 4525
3 11 15 3745
3 11 16 5391
3 12 0 5712
3 12 1 3920
3 12 2 1370
3 12 3 0
3 12 4 2595
3 12 5 2346
3 12 6 5769
3 12 7 4054
3 12 8 5519
3 12 9 3299
3 12 10 5433
3 12 11 4907
3 12 12 0
3 12 13 3730
3 12 14 5056
3 12 15 3668
3 12 16 5751
3 13 0 1647
3 13 1 1366
3 13 2 1827
3 13 3 0
3 13 4 6232
3 13 5 3761
3 13 6 5254
3 13 7 6163
3 13 8 5981
3 13 9 3137
3 13 10 5470
3 13 11 6465
3 13 12 4404
3 13 13 0
3 13 14 6613
3 13 15 7221
3 13 16 3277
3 14 0 2318
3 14 1 4046
3 14 2 1443
3 14 3 0
3 14 4 5197
3 14 5 4576
3 14 6 3437
3 14 7 3262
3 14 8 5974
3 14 9 4502
3 14 10 5256
3 14 11 5268
3 14 12 5935
3 14 13 4813
3 14 14 0
3 14 15 4450
3 14 16 2589
3 15 0 5750
3 15 1 7411
3 15 2 4462
3 15 3 0
3 15 4 5718
3 15 5 1712
3 15 6 2250
3 15 7 4577
3 15 8 6184
3 15 9 3790
3 15 10 6475
3 15 11 2944
3 15 12 5954
3 15 13 1667
3 15 14 4414
3 15 15 0
3 15 16 2811
3 16 0 3910
3 16 1 6485
3 16 2 2541
3 16 3 0
3 16 4 8745
3 16 5 6494
3 16 6 7930
3 16 7 6914
3 16 8 3940
3 16 9 7965
3 16 10 7741
3 16 11 4365
3 16 12 7116
3 16 13 8769
3 16 14 8367
3 16 15 4581
3 16 16 0
4 0 0 0
4 0 1 2650
4 0 2 4332
4 0 3 5376
4 0 4 0
4 0 5 4470
4 0 6 5256
4 0 7 2569
4 0 8 860
4 0 9 4252
4 0 10 3114
4 0 11 1123
4 0 12 5091
4 0 13 1216
4 0 14 1652
4 0 15 2647
4 0 16 1905
4 1 0 4193
4 1 1 0
4 1 2 4572
4 1 3 5840
4 1 4 0
4 1 5 6640
4 1 6 6213
4 1 7 4347
4 1 8 6601
4 1 9 4504
4 1 10 6121
4 1 11 3475
4 1 12 4496
4 1 13 2132
4 1 14 4577
4 1 15 5505
4 1 16 5677
4 2 0 7157
4 2 1 3176
4 2 2 0
4 2 3 4058
4 2 4 0
4 2 5 6634
4 2 6 4624
4 2 7 4767
4 2 8 8443
4 2 9 7248
4 2 10 4231
4 2 11 8767
4 2 12 4329
4 2 13 4976
4 2 14 4357
4 2 15 4939
4 2 16 4116
4 3 0 4157
4 3 1 5752
4 3 2 7544
4 3 3 0
4 3 4 0
4 3 5 3879
4 3 6 7049
4 3 7 5208
4 3 8 5865
4 3 9 7261
4 3 10 7460
4 3 11 5710
4 3 12 4289
4 3 13 6398
4 3 14 5508
4 3 15 5066
4 3 16 7388
4 4 0 0
4 4 1 0
4 4 2 0
4 4 3 0
4 4 4 0
4 4 5 0
4 4 6 0
4 4 7 0
4 4 8 0
4 4 9 0
4 4 10 0
4 4 11 0
4 4 12 0
4 4 13 0
4 4 14 0
4 4 15 0
4 4 16 0
4 5 0 5684
4 5 1 6657
4 5 2 4268
4 5 3 2131
4 5 4 0
4 5 5 0
4 5 6 2927
4 5 7 5357
4 5 8 4118
4 5 9 4698
4 5 10 2913
4 5 11 6707
4 5 12 5858
4 5 13 6104
4 5 14 7617
4 5 15 4790
4 5 16 3582
4 6 0 8628
4 6 1 8388
4 6 2 4416
4 6 3 7459
4 6 4 0
4 6 5 6418
4 6 6 0
4 6 7 1902
4 6 8 6497
4 6 9 2878
4 6 10 3356
4 6 11 3986
4 6 12 5636
4 6 13 3493
4 6 14 4199
4 6 15 5719
4 6 16 6167
4 7 0 6792
4 7 1 7373
4 7 2 5410
4 7 3 6469
4 7 4 0
4 7 5 1724
4 7 6 3222
4 7 7 0
4 7 8 995
4 7 9 3920
4 7 10 353
4 7 11 1869
4 7 12 2455
4 7 13 1354
4 7 14 3536
4 7 15 1347
4 7 16 1575
4 8 0 901
4 8 1 5445
4 8 2 4904
4 8 3 2944
4 8 4 0
4 8 5 4088
4 8 6 4279
4 8 7 5269
4 8 8 0
4 8 9 3036
4 8 10 6991
4 8 11 7303
4 8 12 3082
4 8 13 4736
4 8 14 4168
4 8 15 4595
4 8 16 7023
4 9 0 5567
4 9 1 4622
4 9 2 4983
4 9 3 5614
4 9 4 0
4 9 5 3695
4 9 6 1502
4 9 7 1529
4 9 8 3359
4 9 9 0
4 9 10 4918
4 9 11 2103
4 9 12 4790
4 9 13 6016
4 9 14 4679
4 9 15 2330
4 9 16 2947
4 10 0 5043
4 10 1 6853
4 10 2 2580
4 10 3 6427
4 10 4 0
4 10 5 8820
4 10 6 6476
4 10 7 6414
4 10 8 8542
4 10 9 9094
4 10 10 0
4 10 11 9627
4 10 12 6554
4 10 13 9181
4 10 14 7564
4 10 15 4962
4 10 16 5700
4 11 0 3247
4 11 1 4402
4 11 2 7311
4 11 3 4872
4 11 4 0
4 11 5 7555
4 11 6 8726
4 11 7 6571
4 11 8 7271
4 11 9 5565
4 11 10 7824
4 11 11 0
4 11 12 5739
4 11 13 8358
4 11 14 6761
4 11 15 5981
4 11 16 7627
4 12 0 6359
4 12 1 4567
4 12 2 2017
4 12 3 2595
4 12 4 0
4 12 5 6198
4 12 6 9621
4 12 7 7906
4 12 8 9371
4 12 9 7151
4 12 10 9285
4 12 11 8759
4 12 12 0
4 12 13 7582
4 12 14 5703
4 12 15 7520
4 12 16 9603
4 13 0 4012
4 13 1 3731
4 13 2 4192
4 13 3 6232
4 13 4 0
4 13 5 2323
4 13 6 3816
4 13 7 4725
4 13 8 4543
4 13 9 1699
4 13 10 4032
4 13 11 5027
4 13 12 2966
4 13 13 0
4 13 14 5175
4 13 15 5783
4 13 16 1839
4 14 0 4303
4 14 1 6031
4 14 2 3428
4 14 3 5197
4 14 4 0
4 14 5 6368
4 14 6 5229
4 14 7 5054
4 14 8 7766
4 14 9 6294
4 14 10 7048
4 14 11 7060
4 14 12 7727
4 14 13 6605
4 14 14 0
4 14 15 6242
4 14 16 4381
4 15 0 6261
4 15 1 7922
4 15 2 4973
4 15 3 5718
4 15 4 0
4 15 5 4892
4 15 6 5430
4 15 7 7757
4 15 8 9364
4 15 9 6970
4 15 10 9655
4 15 11 6124
4 15 12 9134
4 15 13 4847
4 15 14 7594
4 15 15 0
4 15 16 5991
4 16 0 6224
4 16 1 8799
4 16 2 4855
4 16 3 8745
4 16 4 0
4 16 5 4558
4 16 6 5994
4 16 7 4978
4 16 8 2004
4 16 9 6029
4 16 10 5805
4 16 11 2429
4 16 12 5180
4 16 13 6833
4 16 14 6431
4 16 15 2645
4 16 16 0
5 0 0 0
5 0 1 4921
5 0 2 6603
5 0 3 7647
5 0 4 4470
5 0 5 0
5 0 6 5037
5 0 7 2350
5 0 8 641
5 0 9 4033
5 0 10 2895
5 0 11 904
5 0 12 4872
5 0 13 997
5 0 14 1433
5 0 15 2428
5 0 16 1686
5 1 0 6495
5 1 1 0
5 1 2 6874
5 1 3 8142
5 1 4 6640
5 1 5 0
5 1 6 9448
5 1 7 7582
5 1 8 9836
5 1 9 7739
5 1 10 9356
5 1 11 6710
5 1 12 7731
5 1 13 5367
5 1 14 7812
5 1 15 8740
5 1 16 8912
5 2 0 7449
5 2 1 3468
5 2 2 0
5 2 3 4350
5 2 4 6634
5 2 5 0
5 2 6 1141
5 2 7 1284
5 2 8 4960
5 2 9 3765
5 2 10 748
5 2 11 5284
5 2 12 846
5 2 13 1493
5 2 14 874
5 2 15 1456
5 2 16 633
5 3 0 542
5 3 1 2137
5 3 2 3929
5 3 3 0
5 3 4 3879
5 3 5 0
5 3 6 6127
5 3 7 4286
5 3 8 4943
5 3 9 6339
5 3 10 6538
5 3 11 4788
5 3 12 3367
5 3 13 5476
5 3 14 4586
5 3 15 4144
5 3 16 6466
5 4 0 4406
5 4 1 5348
5 4 2 4969
5 4 3 6739
5 4 4 0
5 4 5 0
5 4 6 3283
5 4 7 1804
5 4 8 4528
5 4 9 3142
5 4 10 6466
5 4 11 6198
5 4 12 6393
5 4 13 3212
5 4 14 5552
5 4 15 6498
5 4 16 3704
5 5 0 0
5 5 1 0
5 5 2 0
5 5 3 0
5 5 4 0
5 5 5 0
5 5 6 0
5 5 7 0
5 5 8 0
5 5 9 0
5 5 10 0
5 5 11 0
5 5 12 0
5 5 13 0
5 5 14 0
5 5 15 0
5 5 16 0
5 6 0 9605
5 6 1 9365
5 6 2 5393
5 6 3 8436
5 6 4 6418
5 6 5 0
5 6 6 0
5 6 7 553
5 6 8 5148
5 6 9 1529
5 6 10 2007
5 6 11 2637
5 6 12 4287
5 6 13 2144
5 6 14 2850
5 6 15 4370
5 6 16 4818
5 7 0 3703
5 7 1 4284
5 7 2 2321
5 7 3 3380
5 7 4 1724
5 7 5 0
5 7 6 5782
5 7 7 0
5 7 8 3555
5 7 9 6480
5 7 10 2913
5 7 11 4429
5 7 12 5015
5 7 13 3914
5 7 14 6096
5 7 15 3907
5 7 16 4135
5 8 0 1634
5 8 1 6178
5 8 2 5637
5 8 3 3677
5 8 4 4088
5 8 5 0
5 8 6 2876
5 8 7 3866
5 8 8 0
5 8 9 1633
5 8 10 5588
5 8 11 5900
5 8 12 1679
5 8 13 3333
5 8 14 2765
5 8 15 3192
5 8 16 5620
5 9 0 6019
5 9 1 5074
5 9 2 5435
5 9 3 6066
5 9 4 3695
5 9 5 0
5 9 6 2065
5 9 7 2092
5 9 8 3922
5 9 9 0
5 9 10 5481
5 9 11 2666
5 9 12 5353
5 9 13 6579
5 9 14 5242
5 9 15 2893
5 9 16 3510
5 10 0 6682
5 10 1 8492
5 10 2 4219
5 10 3 8066
5 10 4 8820
5 10 5 0
5 10 6 1930
5 10 7 1868
5 10 8 3996
5 10 9 4548
5 10 10 0
5 10 11 5081
5 10 12 2008
5 10 13 4635
5 10 14 3018
5 10 15 416
5 10 16 1154
5 11 0 3694
5 11 1 4849
5 11 2 7758
5 11 3 5319
5 11 4 7555
5 11 5 0
5 11 6 8242
5 11 7 6087
5 11 8 6787
5 11 9 5081
5 11 10 7340
5 11 11 0
5 11 12 5255
5 11 13 7874
5 11 14 6277
5 11 15 5497
5 11 16 7143
5 12 0 6110
5 12 1 4318
5 12 2 1768
5 12 3 2346
5 12 4 6198
5 12 5 0
5 12 6 8093
5 12 7 6378
5 12 8 7843
5 12 9 5623
5 12 10 7757
5 12 11 7231
5 12 12 0
5 12 13 6054
5 12 14 5454
5 12 15 5992
5 12 16 8075
5 13 0 1541
5 13 1 1260
5 13 2 1721
5 13 3 3761
5 13 4 2323
5 13 5 0
5 13 6 5715
5 13 7 6624
5 13 8 6442
5 13 9 3598
5 13 10 5931
5 13 11 6926
5 13 12 4865
5 13 13 0
5 13 14 7074
5 13 15 7682
5 13 16 3738
5 14 0 3682
5 14 1 5410
5 14 2 2807
5 14 3 4576
5 14 4 6368
5 14 5 0
5 14 6 6301
5 14 7 6126
5 14 8 8838
5 14 9 7366
5 14 10 8120
5 14 11 8132
5 14 12 8799
5 14 13 7677
5 14 14 0
5 14 15 7314
5 14 16 5453
5 15 0 2255
5 15 1 3916
5 15 2 967
5 15 3 1712
5 15 4 4892
5 15 5 0
5 15 6 2729
5 15 7 5056
5 15 8 6663
5 15 9 4269
5 15 10 6954
5 15 11 3423
5 15 12 6433
5 15 13 2146
5 15 14 4893
5 15 15 0
5 15 16 3290
5 16 0 3973
5 16 1 6548
5 16 2 2604
5 16 3 6494
5 16 4 4558
5 16 5 0
5 16 6 4879
5 16 7 3863
5 16 8 889
5 16 9 4914
5 16 10 4690
5 16 11 1314
5 16 12 4065
5 16 13 5718
5 16 14 5316
5 16 15 1530
5 16 16 0
6 0 0 0
6 0 1 5707
6 0 2 7389
6 0 3 8433
6 0 4 5256
6 0 5 5037
6 0 6 0
6 0 7 6905
6 0 8 5196
6 0 9 8588
6 0 10 7450
6 0 11 5459
6 0 12 9427
6 0 13 5552
6 0 14 5988
6 0 15 6983
6 0 16 6241
6 1 0 6068
6 1 1 0
6 1 2 6447
6 1 3 7715
6 1 4 6213
6 1 5 9448
6 1 6 0
6 1 7 6212
6 1 8 8466
6 1 9 6369
6 1 10 7986
6 1 11 5340
6 1 12 6361
6 1 13 3997
6 1 14 6442
6 1 15 7370
6 1 16 7542
6 2 0 5439
6 2 1 1458
6 2 2 0
6 2 3 2340
6 2 4 4624
6 2 5 1141
6 2 6 0
6 2 7 846
6 2 8 4522
6 2 9 3327
6 2 10 310
6 2 11 4846
6 2 12 408
6 2 13 1055
6 2 14 436
6 2 15 1018
6 2 16 195
6 3 0 3712
6 3 1 5307
6 3 2 7099
6 3 3 0
6 3 4 7049
6 3 5 6127
6 3 6 0
6 3 7 2413
6 3 8 3070
6 3 9 4466
6 3 10 4665
6 3 11 2915
6 3 12 1494
6 3 13 3603
6 3 14 2713
6 3 15 2271
6 3 16 4593
6 4 0 3222
6 4 1 4164
6 4 2 3785
6 4 3 5555
6 4 4 0
6 4 5 3283
6 4 6 0
6 4 7 3962
6 4 8 6686
6 4 9 5300
6 4 10 8624
6 4 11 8356
6 4 12 8551
6 4 13 5370
6 4 14 7710
6 4 15 8656
6 4 16 5862
6 5 0 4144
6 5 1 5117
6 5 2 2728
6 5 3 591
6 5 4 2927
6 5 5 0
6 5 6 0
6 5 7 7499
6 5 8 6260
6 5 9 6840
6 5 10 5055
6 5 11 8849
6 5 12 8000
6 5 13 8246
6 5 14 9759
6 5 15 6932
6 5 16 5724
6 6 0 0
6 6 1 0
6 6 2 0
6 6 3 0
6 6 4 0
6 6 5 0
6 6 6 0
6 6 7 0
6 6 8 0
6 6 9 0
6 6 10 0
6 6 11 0
6 6 12 0
6 6 13 0
6 6 14 0
6 6 15 0
6 6 16 0
6 7 0 5201
6 7 1 5782
6 7 2 3819
6 7 3 4878
6 7 4 3222
6 7 5 5782
6 7 6 0
6 7 7 0
6 7 8 1284
6 7 9 4209
6 7 10 642
6 7 11 2158
6 7 12 2744
6 7 13 1643
6 7 14 3825
6 7 15 1636
6 7 16 1864
6 8 0 1825
6 8 1 6369
6 8 2 5828
6 8 3 3868
6 8 4 4279
6 8 5 2876
6 8 6 0
6 8 7 7429
6 8 8 0
6 8 9 5196
6 8 10 9151
6 8 11 9463
6 8 12 5242
6 8 13 6896
6 8 14 6328
6 8 15 6755
6 8 16 9183
6 9 0 3826
6 9 1 2881
6 9 2 3242
6 9 3 3873
6 9 4 1502
6 9 5 2065
6 9 6 0
6 9 7 1456
6 9 8 3286
6 9 9 0
6 9 10 4845
6 9 11 2030
6 9 12 4717
6 9 13 5943
6 9 14 4606
6 9 15 2257
6 9 16 2874
6 10 0 4338
6 10 1 6148
6 10 2 1875
6 10 3 5722
6 10 4 6476
6 10 5 1930
6 10 6 0
6 10 7 3495
6 10 8 5623
6 10 9 6175
6 10 10 0
6 10 11 6708
6 10 12 3635
6 10 13 6262
6 10 14 4645
6 10 15 2043
6 10 16 2781
6 11 0 4865
6 11 1 6020
6 11 2 8929
6 11 3 6490
6 11 4 8726
6 11 5 8242
6 11 6 0
6 11 7 4550
6 11 8 5250
6 11 9 3544
6 11 10 5803
6 11 11 0
6 11 12 3718
6 11 13 6337
6 11 14 4740
6 11 15 3960
6 11 16 5606
6 12 0 9533
6 12 1 7741
6 12 2 5191
6 12 3 5769
6 12 4 9621
6 12 5 8093
6 12 6 0
6 12 7 7340
6 12 8 8805
6 12 9 6585
6 12 10 8719
6 12 11 8193
6 12 12 0
6 12 13 7016
6 12 14 8877
6 12 15 6954
6 12 16 9037
6 13 0 3034
6 13 1 2753
6 13 2 3214
6 13 3 5254
6 13 4 3816
6 13 5 5715
6 13 6 0
6 13 7 5197
6 13 8 5015
6 13 9 2171
6 13 10 4504
6 13 11 5499
6 13 12 3438
6 13 13 0
6 13 14 5647
6 13 15 6255
6 13 16 2311
6 14 0 2543
6 14 1 4271
6 14 2 1668
6 14 3 3437
6 14 4 5229
6 14 5 6301
6 14 6 0
6 14 7 3892
6 14 8 6604
6 14 9 5132
6 14 10 5886
6 14 11 5898
6 14 12 6565
6 14 13 5443
6 14 14 0
6 14 15 5080
6 14 16 3219
6 15 0 2793
6 15 1 4454
6 15 2 1505
6 15 3 2250
6 15 4 5430
6 15 5 2729
6 15 6 0
6 15 7 7169
6 15 8 8776
6 15 9 6382
6 15 10 9067
6 15 11 5536
6 15 12 8546
6 15 13 4259
6 15 14 7006
6 15 15 0
6 15 16 5403
6 16 0 5409
6 16 1 7984
6 16 2 4040
6 16 3 7930
6 16 4 5994
6 16 5 4879
6 16 6 0
6 16 7 7632
6 16 8 4658
6 16 9 8683
6 16 10 8459
6 16 11 5083
6 16 12 7834
6 16 13 9487
6 16 14 9085
6 16 15 5299
6 16 16 0
7 0 0 0
7 0 1 3020
7 0 2 4702
7 0 3 5746
7 0 4 2569
7 0 5 2350
7 0 6 6905
7 0 7 0
7 0 8 4375
7 0 9 7767
7 0 10 6629
7 0 11 4638
7 0 12 8606
7 0 13 4731
7 0 14 5167
7 0 15 6162
7 0 16 5420
7 1 0 4202
7 1 1 0
7 1 2 4581
7 1 3 5849
7 1 4 4347
7 1 5 7582
7 1 6 6212
7 1 7 0
7 1 8 6605
7 1 9 4508
7 1 10 6125
7 1 11 3479
7 1 12 4500
7 1 13 2136
7 1 14 4581
7 1 15 5509
7 1 16 5681
7 2 0 5582
7 2 1 1601
7 2 2 0
7 2 3 2483
7 2 4 4767
7 2 5 1284
7 2 6 846
7 2 7 0
7 2 8 6177
7 2 9 4982
7 2 10 1965
7 2 11 6501
7 2 12 2063
7 2 13 2710
7 2 14 2091
7 2 15 2673
7 2 16 1850
7 3 0 1871
7 3 1 3466
7 3 2 5258
7 3 3 0
7 3 4 5208
7 3 5 4286
7 3 6 2413
7 3 7 0
7 3 8 4066
7 3 9 5462
7 3 10 5661
7 3 11 3911
7 3 12 2490
7 3 13 4599
7 3 14 3709
7 3 15 3267
7 3 16 5589
7 4 0 1743
7 4 1 2685
7 4 2 2306
7 4 3 4076
7 4 4 0
7 4 5 1804
7 4 6 3962
7 4 7 0
7 4 8 7537
7 4 9 6151
7 4 10 9475
7 4 11 9207
7 4 12 9402
7 4 13 6221
7 4 14 8561
7 4 15 9507
7 4 16 6713
7 5 0 6574
7 5 1 7547
7 5 2 5158
7 5 3 3021
7 5 4 5357
7 5 5 0
7 5 6 7499
7 5 7 0
7 5 8 3045
7 5 9 3625
7 5 10 1840
7 5 11 5634
7 5 12 4785
7 5 13 5031
7 5 14 6544
7 5 15 3717
7 5 16 2509
7 6 0 5089
7 6 1 4849
7 6 2 877
7 6 3 3920
7 6 4 1902
7 6 5 553
7 6 6 0
7 6 7 0
7 6 8 8106
7 6 9 4487
7 6 10 4965
7 6 11 5595
7 6 12 7245
7 6 13 5102
7 6 14 5808
7 6 15 7328
7 6 16 7776
7 7 0 0
7 7 1 0
7 7 2 0
7 7 3 0
7 7 4 0
7 7 5 0
7 7 6 0
7 7 7 0
7 7 8 0
7 7 9 0
7 7 10 0
7 7 11 0
7 7 12 0
7 7 13 0
7 7 14 0
7 7 15 0
7 7 16 0
7 8 0 2815
7 8 1 7359
7 8 2 6818
7 8 3 4858
7 8 4 5269
7 8 5 3866
7 8 6 7429
7 8 7 0
7 8 8 0
7 8 9 1173
7 8 10 5128
7 8 11 5440
7 8 12 1219
7 8 13 2873
7 8 14 2305
7 8 15 2732
7 8 16 5160
7 9 0 3853
7 9 1 2908
7 9 2 3269
7 9 3 3900
7 9 4 1529
7 9 5 2092
7 9 6 1456
7 9 7 0
7 9 8 5807
7 9 9 0
7 9 10 7366
7 9 11 4551
7 9 12 7238
7 9 13 8464
7 9 14 7127
7 9 15 4778
7 9 16 5395
7 10 0 4276
7 10 1 6086
7 10 2 1813
7 10 3 5660
7 10 4 6414
7 10 5 1868
7 10 6 3495
7 10 7 0
7 10 8 4099
7 10 9 4651
7 10 10 0
7 10 11 5184
7 10 12 2111
7 10 13 4738
7 10 14 3121
7 10 15 519
7 10 16 1257
7 11 0 2710
7 11 1 3865
7 11 2 6774
7 11 3 4335
7 11 4 6571
7 11 5 6087
7 11 6 4550
7 11 7 0
7 11 8 4612
7 11 9 2906
7 11 10 5165
7 11 11 0
7 11 12 3080
7 11 13 5699
7 11 14 4102
7 11 15 3322
7 11 16 4968
7 12 0 7818
7 12 1 6026
7 12 2 3476
7 12 3 4054
7 12 4 7906
7 12 5 6378
7 12 6 7340
7 12 7 0
7 12 8 7103
7 12 9 4883
7 12 10 7017
7 12 11 6491
7 12 12 0
7 12 13 5314
7 12 14 7162
7 12 15 5252
7 12 16 7335
7 13 0 3943
7 13 1 3662
7 13 2 4123
7 13 3 6163
7 13 4 4725
7 13 5 6624
7 13 6 5197
7 13 7 0
7 13 8 4355
7 13 9 1511
7 13 10 3844
7 13 11 4839
7 13 12 2778
7 13 13 0
7 13 14 4987
7 13 15 5595
7 13 16 1651
7 14 0 2368
7 14 1 4096
7 14 2 1493
7 14 3 3262
7 14 4 5054
7 14 5 6126
7 14 6 3892
7 14 7 0
7 14 8 7420
7 14 9 5948
7 14 10 6702
7 14 11 6714
7 14 12 7381
7 14 13 6259
7 14 14 0
7 14 15 5896
7 14 16 4035
7 15 0 5120
7 15 1 6781
7 15 2 3832
7 15 3 4577
7 15 4 7757
7 15 5 5056
7 15 6 7169
7 15 7 0
7 15 8 5883
7 15 9 3489
7 15 10 6174
7 15 11 2643
7 15 12 5653
7 15 13 1366
7 15 14 4113
7 15 15 0
7 15 16 2510
7 16 0 4393
7 16 1 6968
7 16 2 3024
7 16 3 6914
7 16 4 4978
7 16 5 3863
7 16 6 7632
7 16 7 0
7 16 8 1545
7 16 9 5570
7 16 10 5346
7 16 11 1970
7 16 12 4721
7 16 13 6374
7 16 14 5972
7 16 15 2186
7 16 16 0
8 0 0 0
8 0 1 1311
8 0 2 2993
8 0 3 4037
8 0 4 860
8 0 5 641
8 0 6 5196
8 0 7 4375
8 0 8 0
8 0 9 7589
8 0 10 6451
8 0 11 4460
8 0 12 8428
8 0 13 4553
8 0 14 4989
8 0 15 5984
8 0 16 5242
8 1 0 6456
8 1 1 0
8 1 2 6835
8 1 3 8103
8 1 4 6601
8 1 5 9836
8 1 6 8466
8 1 7 6605
8 1 8 0
8 1 9 5709
8 1 10 7326
8 1 11 4680
8 1 12 5701
8 1 13 3337
8 1 14 5782
8 1 15 6710
8 1 16 6882
8 2 0 9258
8 2 1 5277
8 2 2 0
8 2 3 6159
8 2 4 8443
8 2 5 4960
8 2 6 4522
8 2 7 6177
8 2 8 0
8 2 9 3945
8 2 10 928
8 2 11 5464
8 2 12 1026
8 2 13 1673
8 2 14 1054
8 2 15 1636
8 2 16 813
8 3 0 2528
8 3 1 4123
8 3 2 5915
8 3 3 0
8 3 4 5865
8 3 5 4943
8 3 6 3070
8 3 7 4066
8 3 8 0
8 3 9 6748
8 3 10 6947
8 3 11 5197
8 3 12 3776
8 3 13 5885
8 3 14 4995
8 3 15 4553
8 3 16 6875
8 4 0 4467
8 4 1 5409
8 4 2 5030
8 4 3 6800
8 4 4 0
8 4 5 4528
8 4 6 6686
8 4 7 7537
8 4 8 0
8 4 9 1969
8 4 10 5293
8 4 11 5025
8 4 12 5220
8 4 13 2039
8 4 14 4379
8 4 15 5325
8 4 16 2531
8 5 0 5335
8 5 1 6308
8 5 2 3919
8 5 3 1782
8 5 4 4118
8 5 5 0
8 5 6 6260
8 5 7 3045
8 5 8 0
8 5 9 3265
8 5 10 1480
8 5 11 5274
8 5 12 4425
8 5 13 4671
8 5 14 6184
8 5 15 3357
8 5 16 2149
8 6 0 9684
8 6 1 9444
8 6 2 5472
8 6 3 8515
8 6 4 6497
8 6 5 5148
8 6 6 0
8 6 7 8106
8 6 8 0
8 6 9 2820
8 6 10 3298
8 6 11 3928
8 6 12 5578
8 6 13 3435
8 6 14 4141
8 6 15 5661
8 6 16 6109
8 7 0 2974
8 7 1 3555
8 7 2 1592
8 7 3 2651
8 7 4 995
8 7 5 3555
8 7 6 1284
8 7 7 0
8 7 8 0
8 7 9 6331
8 7 10 2764
8 7 11 4280
8 7 12 4866
8 7 13 3765
8 7 14 5947
8 7 15 3758
8 7 16 3986
8 8 0 0
8 8 1 0
8 8 2 0
8 8 3 0
8 8 4 0
8 8 5 0
8 8 6 0
8 8 7 0
8 8 8 0
8 8 9 0
8 8 10 0
8 8 11 0
8 8 12 0
8 8 13 0
8 8 14 0
8 8 15 0
8 8 16 0
8 9 0 5683
8 9 1 4738
8 9 2 5099
8 9 3 5730
8 9 4 3359
8 9 5 3922
8 9 6 3286
8 9 7 5807
8 9 8 0
8 9 9 0
8 9 10 3758
8 9 11 943
8 9 12 3630
8 9 13 4856
8 9 14 3519
8 9 15 1170
8 9 16 1787
8 10 0 6404
8 10 1 8214
8 10 2 3941
8 10 3 7788
8 10 4 8542
8 10 5 3996
8 10 6 5623
8 10 7 4099
8 10 8 0
8 10 9 8565
8 10 10 0
8 10 11 9098
8 10 12 6025
8 10 13 8652
8 10 14 7035
8 10 15 4433
8 10 16 5171
8 11 0 3410
8 11 1 4565
8 11 2 7474
8 11 3 5035
8 11 4 7271
8 11 5 6787
8 11 6 5250
8 11 7 4612
8 11 8 0
8 11 9 5616
8 11 10 7875
8 11 11 0
8 11 12 5790
8 11 13 8409
8 11 14 6812
8 11 15 6032
8 11 16 7678
8 12 0 9283
8 12 1 7491
8 12 2 4941
8 12 3 5519
8 12 4 9371
8 12 5 7843
8 12 6 8805
8 12 7 7103
8 12 8 0
8 12 9 2786
8 12 10 4920
8 12 11 4394
8 12 12 0
8 12 13 3217
8 12 14 8627
8 12 15 3155
8 12 16 5238
8 13 0 3761
8 13 1 3480
8 13 2 3941
8 13 3 5981
8 13 4 4543
8 13 5 6442
8 13 6 5015
8 13 7 4355
8 13 8 0
8 13 9 2169
8 13 10 4502
8 13 11 5497
8 13 12 3436
8 13 13 0
8 13 14 5645
8 13 15 6253
8 13 16 2309
8 14 0 5080
8 14 1 6808
8 14 2 4205
8 14 3 5974
8 14 4 7766
8 14 5 8838
8 14 6 6604
8 14 7 7420
8 14 8 0
8 14 9 3856
8 14 10 4610
8 14 11 4622
8 14 12 5289
8 14 13 4167
8 14 14 0
8 14 15 3804
8 14 16 1943
8 15 0 6727
8 15 1 8388
8 15 2 5439
8 15 3 6184
8 15 4 9364
8 15 5 6663
8 15 6 8776
8 15 7 5883
8 15 8 0
8 15 9 4013
8 15 10 6698
8 15 11 3167
8 15 12 6177
8 15 13 1890
8 15 14 4637
8 15 15 0
8 15 16 3034
8 16 0 1419
8 16 1 3994
8 16 2 50
8 16 3 3940
8 16 4 2004
8 16 5 889
8 16 6 4658
8 16 7 1545
8 16 8 0
8 16 9 8294
8 16 10 8070
8 16 11 4694
8 16 12 7445
8 16 13 9098
8 16 14 8696
8 16 15 4910
8 16 16 0
9 0 0 0
9 0 1 4703
9 0 2 6385
9 0 3 7429
9 0 4 4252
9 0 5 4033
9 0 6 8588
9 0 7 7767
9 0 8 7589
9 0 9 0
9 0 10 5623
9 0 11 3632
9 0 12 7600
9 0 13 3725
9 0 14 4161
9 0 15 5156
9 0 16 4414
9 1 0 4359
9 1 1 0
9 1 2 4738
9 1 3 6006
9 1 4 4504
9 1 5 7739
9 1 6 6369
9 1 7 4508
9 1 8 5709
9 1 9 0
9 1 10 8602
9 1 11 5956
9 1 12 6977
9 1 13 4613
9 1 14 7058
9 1 15 7986
9 1 16 8158
9 2 0 8063
9 2 1 4082
9 2 2 0
9 2 3 4964
9 2 4 7248
9 2 5 3765
9 2 6 3327
9 2 7 4982
9 2 8 3945
9 2 9 0
9 2 10 177
9 2 11 4713
9 2 12 275
9 2 13 922
9 2 14 303
9 2 15 885
9 2 16 62
9 3 0 3924
9 3 1 5519
9 3 2 7311
9 3 3 0
9 3 4 7261
9 3 5 6339
9 3 6 4466
9 3 7 5462
9 3 8 6748
9 3 9 0
9 3 10 8021
9 3 11 6271
9 3 12 4850
9 3 13 6959
9 3 14 6069
9 3 15 5627
9 3 16 7949
9 4 0 3081
9 4 1 4023
9 4 2 3644
9 4 3 5414
9 4 4 0
9 4 5 3142
9 4 6 5300
9 4 7 6151
9 4 8 1969
9 4 9 0
9 4 10 6567
9 4 11 6299
9 4 12 6494
9 4 13 3313
9 4 14 5653
9 4 15 6599
9 4 16 3805
9 5 0 5915
9 5 1 6888
9 5 2 4499
9 5 3 2362
9 5 4 4698
9 5 5 0
9 5 6 6840
9 5 7 3625
9 5 8 3265
9 5 9 0
9 5 10 2473
9 5 11 6267
9 5 12 5418
9 5 13 5664
9 5 14 7177
9 5 15 4350
9 5 16 3142
9 6 0 6065
9 6 1 5825
9 6 2 1853
9 6 3 4896
9 6 4 2878
9 6 5 1529
9 6 6 0
9 6 7 4487
9 6 8 2820
9 6 9 0
9 6 10 1907
9 6 11 2537
9 6 12 4187
9 6 13 2044
9 6 14 2750
9 6 15 4270
9 6 16 4718
9 7 0 5899
9 7 1 6480
9 7 2 4517
9 7 3 5576
9 7 4 3920
9 7 5 6480
9 7 6 4209
9 7 7 0
9 7 8 6331
9 7 9 0
9 7 10 410
9 7 11 1926
9 7 12 2512
9 7 13 1411
9 7 14 3593
9 7 15 1404
9 7 16 1632
9 8 0 582
9 8 1 5126
9 8 2 4585
9 8 3 2625
9 8 4 3036
9 8 5 1633
9 8 6 5196
9 8 7 1173
9 8 8 0
9 8 9 0
9 8 10 6154
9 8 11 6466
9 8 12 2245
9 8 13 3899
9 8 14 3331
9 8 15 3758
9 8 16 6186
9 9 0 0
9 9 1 0
9 9 2 0
9 9 3 0
9 9 4 0
9 9 5 0
9 9 6 0
9 9 7 0
9 9 8 0
9 9 9 0
9 9 10 0
9 9 11 0
9 9 12 0
9 9 13 0
9 9 14 0
9 9 15 0
9 9 16 0
9 10 0 6956
9 10 1 8766
9 10 2 4493
9 10 3 8340
9 10 4 9094
9 10 5 4548
9 10 6 6175
9 10 7 4651
9 10 8 8565
9 10 9 0
9 10 10 0
9 10 11 8411
9 10 12 5338
9 10 13 7965
9 10 14 6348
9 10 15 3746
9 10 16 4484
9 11 0 1704
9 11 1 2859
9 11 2 5768
9 11 3 3329
9 11 4 5565
9 11 5 5081
9 11 6 3544
9 11 7 2906
9 11 8 5616
9 11 9 0
9 11 10 4061
9 11 11 0
9 11 12 1976
9 11 13 4595
9 11 14 2998
9 11 15 2218
9 11 16 3864
9 12 0 7063
9 12 1 5271
9 12 2 2721
9 12 3 3299
9 12 4 7151
9 12 5 5623
9 12 6 6585
9 12 7 4883
9 12 8 2786
9 12 9 0
9 12 10 8014
9 12 11 7488
9 12 12 0
9 12 13 6311
9 12 14 6407
9 12 15 6249
9 12 16 8332
9 13 0 917
9 13 1 636
9 13 2 1097
9 13 3 3137
9 13 4 1699
9 13 5 3598
9 13 6 2171
9 13 7 1511
9 13 8 2169
9 13 9 0
9 13 10 7168
9 13 11 8163
9 13 12 6102
9 13 13 0
9 13 14 8311
9 13 15 8919
9 13 16 4975
9 14 0 3608
9 14 1 5336
9 14 2 2733
9 14 3 4502
9 14 4 6294
9 14 5 7366
9 14 6 5132
9 14 7 5948
9 14 8 3856
9 14 9 0
9 14 10 6507
9 14 11 6519
9 14 12 7186
9 14 13 6064
9 14 14 0
9 14 15 5701
9 14 16 3840
9 15 0 4333
9 15 1 5994
9 15 2 3045
9 15 3 3790
9 15 4 6970
9 15 5 4269
9 15 6 6382
9 15 7 3489
9 15 8 4013
9 15 9 0
9 15 10 5819
9 15 11 2288
9 15 12 5298
9 15 13 1011
9 15 14 3758
9 15 15 0
9 15 16 2155
9 16 0 5444
9 16 1 8019
9 16 2 4075
9 16 3 7965
9 16 4 6029
9 16 5 4914
9 16 6 8683
9 16 7 5570
9 16 8 8294
9 16 9 0
9 16 10 5380
9 16 11 2004
9 16 12 4755
9 16 13 6408
9 16 14 6006
9 16 15 2220
9 16 16 0
10 0 0 0
10 0 1 3565
10 0 2 5247
10 0 3 6291
10 0 4 3114
10 0 5 2895
10 0 6 7450
10 0 7 6629
10 0 8 6451
10 0 9 5623
10 0 10 0
10 0 11 2390
10 0 12 6358
10 0 13 2483
10 0 14 2919
10 0 15 3914
10 0 16 3172
10 1 0 5976
10 1 1 0
10 1 2 6355
10 1 3 7623
10 1 4 6121
10 1 5 9356
10 1 6 7986
10 1 7 6125
10 1 8 7326
10 1 9 8602
10 1 10 0
10 1 11 3018
10 1 12 4039
10 1 13 1675
10 1 14 4120
10 1 15 5048
10 1 16 5220
10 2 0 5046
10 2 1 1065
10 2 2 0
10 2 3 1947
10 2 4 4231
10 2 5 748
10 2 6 310
10 2 7 1965
10 2 8 928
10 2 9 177
10 2 10 0
10 2 11 9378
10 2 12 4940
10 2 13 5587
10 2 14 4968
10 2 15 5550
10 2 16 4727
10 3 0 4123
10 3 1 5718
10 3 2 7510
10 3 3 0
10 3 4 7460
10 3 5 6538
10 3 6 4665
10 3 7 5661
10 3 8 6947
10 3 9 8021
10 3 10 0
10 3 11 4588
10 3 12 3167
10 3 13 5276
10 3 14 4386
10 3 15 3944
10 3 16 6266
10 4 0 6405
10 4 1 7347
10 4 2 6968
10 4 3 8738
10 4 4 0
10 4 5 6466
10 4 6 8624
10 4 7 9475
10 4 8 5293
10 4 9 6567
10 4 10 0
10 4 11 6913
10 4 12 7108
10 4 13 3927
10 4 14 6267
10 4 15 7213
10 4 16 4419
10 5 0 4130
10 5 1 5103
10 5 2 2714
10 5 3 577
10 5 4 2913
10 5 5 0
10 5 6 5055
10 5 7 1840
10 5 8 1480
10 5 9 2473
10 5 10 0
10 5 11 8068
10 5 12 7219
10 5 13 7465
10 5 14 8978
10 5 15 6151
10 5 16 4943
10 6 0 6543
10 6 1 6303
10 6 2 2331
10 6 3 5374
10 6 4 3356
10 6 5 2007
10 6 6 0
10 6 7 4965
10 6 8 3298
10 6 9 1907
10 6 10 0
10 6 11 4187
10 6 12 5837
10 6 13 3694
10 6 14 4400
10 6 15 5920
10 6 16 6368
10 7 0 2332
10 7 1 2913
10 7 2 950
10 7 3 2009
10 7 4 353
10 7 5 2913
10 7 6 642
10 7 7 0
10 7 8 2764
10 7 9 410
10 7 10 0
10 7 11 3487
10 7 12 4073
10 7 13 2972
10 7 14 5154
10 7 15 2965
10 7 16 3193
10 8 0 4537
10 8 1 9081
10 8 2 8540
10 8 3 6580
10 8 4 6991
10 8 5 5588
10 8 6 9151
10 8 7 5128
10 8 8 0
10 8 9 6154
10 8 10 0
10 8 11 8325
10 8 12 4104
10 8 13 5758
10 8 14 5190
10 8 15 5617
10 8 16 8045
10 9 0 7242
10 9 1 6297
10 9 2 6658
10 9 3 7289
10 9 4 4918
10 9 5 5481
10 9 6 4845
10 9 7 7366
10 9 8 3758
10 9 9 0
10 9 10 0
10 9 11 5063
10 9 12 7750
10 9 13 8976
10 9 14 7639
10 9 15 5290
10 9 16 5907
10 10 0 0
10 10 1 0
10 10 2 0
10 10 3 0
10 10 4 0
10 10 5 0
10 10 6 0
10 10 7 0
10 10 8 0
10 10 9 0
10 10 10 0
10 10 11 0
10 10 12 0
10 10 13 0
10 10 14 0
10 10 15 0
10 10 16 0
10 11 0 3963
10 11 1 5118
10 11 2 8027
10 11 3 5588
10 11 4 7824
10 11 5 7340
10 11 6 5803
10 11 7 5165
10 11 8 7875
10 11 9 4061
10 11 10 0
10 11 11 0
10 11 12 6176
10 11 13 8795
10 11 14 7198
10 11 15 6418
10 11 16 8064
10 12 0 9197
10 12 1 7405
10 12 2 4855
10 12 3 5433
10 12 4 9285
10 12 5 7757
10 12 6 8719
10 12 7 7017
10 12 8 4920
10 12 9 8014
10 12 10 0
10 12 11 5928
10 12 12 0
10 12 13 4751
10 12 14 8541
10 12 15 4689
10 12 16 6772
10 13 0 3250
10 13 1 2969
10 13 2 3430
10 13 3 5470
10 13 4 4032
10 13 5 5931
10 13 6 4504
10 13 7 3844
10 13 8 4502
10 13 9 7168
10 13 10 0
10 13 11 8004
10 13 12 5943
10 13 13 0
10 13 14 8152
10 13 15 8760
10 13 16 4816
10 14 0 4362
10 14 1 6090
10 14 2 3487
10 14 3 5256
10 14 4 7048
10 14 5 8120
10 14 6 5886
10 14 7 6702
10 14 8 4610
10 14 9 6507
10 14 10 0
10 14 11 6080
10 14 12 6747
10 14 13 5625
10 14 14 0
10 14 15 5262
10 14 16 3401
10 15 0 7018
10 15 1 8679
10 15 2 5730
10 15 3 6475
10 15 4 9655
10 15 5 6954
10 15 6 9067
10 15 7 6174
10 15 8 6698
10 15 9 5819
10 15 10 0
10 15 11 1596
10 15 12 4606
10 15 13 319
10 15 14 3066
10 15 15 0
10 15 16 1463
10 16 0 5220
10 16 1 7795
10 16 2 3851
10 16 3 7741
10 16 4 5805
10 16 5 4690
10 16 6 8459
10 16 7 5346
10 16 8 8070
10 16 9 5380
10 16 10 0
10 16 11 1433
10 16 12 4184
10 16 13 5837
10 16 14 5435
10 16 15 1649
10 16 16 0
11 0 0 0
11 0 1 1574
11 0 2 3256
11 0 3 4300
11 0 4 1123
11 0 5 904
11 0 6 5459
11 0 7 4638
11 0 8 4460
11 0 9 3632
11 0 10 2390
11 0 11 0
11 0 12 6201
11 0 13 2326
11 0 14 2762
11 0 15 3757
11 0 16 3015
11 1 0 3330
11 1 1 0
11 1 2 3709
11 1 3 4977
11 1 4 3475
11 1 5 6710
11 1 6 5340
11 1 7 3479
11 1 8 4680
11 1 9 5956
11 1 10 3018
11 1 11 0
11 1 12 6734
11 1 13 4370
11 1 14 6815
11 1 15 7743
11 1 16 7915
11 2 0 9582
11 2 1 5601
11 2 2 0
11 2 3 6483
11 2 4 8767
11 2 5 5284
11 2 6 4846
11 2 7 6501
11 2 8 5464
11 2 9 4713
11 2 10 9378
11 2 11 0
11 2 12 4400
11 2 13 5047
11 2 14 4428
11 2 15 5010
11 2 16 4187
11 3 0 2373
11 3 1 3968
11 3 2 5760
11 3 3 0
11 3 4 5710
11 3 5 4788
11 3 6 2915
11 3 7 3911
11 3 8 5197
11 3 9 6271
11 3 10 4588
11 3 11 0
11 3 12 5019
11 3 13 7128
11 3 14 6238
11 3 15 5796
11 3 16 8118
11 4 0 6137
11 4 1 7079
11 4 2 6700
11 4 3 8470
11 4 4 0
11 4 5 6198
11 4 6 8356
11 4 7 9207
11 4 8 5025
11 4 9 6299
11 4 10 6913
11 4 11 0
11 4 12 7303
11 4 13 4122
11 4 14 6462
11 4 15 7408
11 4 16 4614
11 5 0 7924
11 5 1 8897
11 5 2 6508
11 5 3 4371
11 5 4 6707
11 5 5 0
11 5 6 8849
11 5 7 5634
11 5 8 5274
11 5 9 6267
11 5 10 8068
11 5 11 0
11 5 12 6222
11 5 13 6468
11 5 14 7981
11 5 15 5154
11 5 16 3946
11 6 0 7173
11 6 1 6933
11 6 2 2961
11 6 3 6004
11 6 4 3986
11 6 5 2637
11 6 6 0
11 6 7 5595
11 6 8 3928
11 6 9 2537
11 6 10 4187
11 6 11 0
11 6 12 8355
11 6 13 6212
11 6 14 6918
11 6 15 8438
11 6 16 8886
11 7 0 3848
11 7 1 4429
11 7 2 2466
11 7 3 3525
11 7 4 1869
11 7 5 4429
11 7 6 2158
11 7 7 0
11 7 8 4280
11 7 9 1926
11 7 10 3487
11 7 11 0
11 7 12 4498
11 7 13 3397
11 7 14 5579
11 7 15 3390
11 7 16 3618
11 8 0 4849
11 8 1 9393
11 8 2 8852
11 8 3 6892
11 8 4 7303
11 8 5 5900
11 8 6 9463
11 8 7 5440
11 8 8 0
11 8 9 6466
11 8 10 8325
11 8 11 0
11 8 12 3101
11 8 13 4755
11 8 14 4187
11 8 15 4614
11 8 16 7042
11 9 0 4427
11 9 1 3482
11 9 2 3843
11 9 3 4474
11 9 4 2103
11 9 5 2666
11 9 6 2030
11 9 7 4551
11 9 8 943
11 9 9 0
11 9 10 5063
11 9 11 0
11 9 12 4489
11 9 13 5715
11 9 14 4378
11 9 15 2029
11 9 16 2646
11 10 0 7489
11 10 1 9299
11 10 2 5026
11 10 3 8873
11 10 4 9627
11 10 5 5081
11 10 6 6708
11 10 7 5184
11 10 8 9098
11 10 9 8411
11 10 10 0
11 10 11 0
11 10 12 5188
11 10 13 7815
11 10 14 6198
11 10 15 3596
11 10 16 4334
11 11 0 0
11 11 1 0
11 11 2 0
11 11 3 0
11 11 4 0
11 11 5 0
11 11 6 0
11 11 7 0
11 11 8 0
11 11 9 0
11 11 10 0
11 11 11 0
11 11 12 0
11 11 13 0
11 11 14 0
11 11 15 0
11 11 16 0
11 12 0 8671
11 12 1 6879
11 12 2 4329
11 12 3 4907
11 12 4 8759
11 12 5 7231
11 12 6 8193
11 12 7 6491
11 12 8 4394
11 12 9 7488
11 12 10 5928
11 12 11 0
11 12 12 0
11 12 13 4204
11 12 14 8015
11 12 15 4142
11 12 16 6225
11 13 0 4245
11 13 1 3964
11 13 2 4425
11 13 3 6465
11 13 4 5027
11 13 5 6926
11 13 6 5499
11 13 7 4839
11 13 8 5497
11 13 9 8163
11 13 10 8004
11 13 11 0
11 13 12 5388
11 13 13 0
11 13 14 7597
11 13 15 8205
11 13 16 4261
11 14 0 4374
11 14 1 6102
11 14 2 3499
11 14 3 5268
11 14 4 7060
11 14 5 8132
11 14 6 5898
11 14 7 6714
11 14 8 4622
11 14 9 6519
11 14 10 6080
11 14 11 0
11 14 12 6212
11 14 13 5090
11 14 14 0
11 14 15 4727
11 14 16 2866
11 15 0 3487
11 15 1 5148
11 15 2 2199
11 15 3 2944
11 15 4 6124
11 15 5 3423
11 15 6 5536
11 15 7 2643
11 15 8 3167
11 15 9 2288
11 15 10 1596
11 15 11 0
11 15 12 5893
11 15 13 1606
11 15 14 4353
11 15 15 0
11 15 16 2750
11 16 0 1844
11 16 1 4419
11 16 2 475
11 16 3 4365
11 16 4 2429
11 16 5 1314
11 16 6 5083
11 16 7 1970
11 16 8 4694
11 16 9 2004
11 16 10 1433
11 16 11 0
11 16 12 6379
11 16 13 8032
11 16 14 7630
11 16 15 3844
11 16 16 0
12 0 0 0
12 0 1 5542
12 0 2 7224
12 0 3 8268
12 0 4 5091
12 0 5 4872
12 0 6 9427
12 0 7 8606
12 0 8 8428
12 0 9 7600
12 0 10 6358
12 0 11 6201
12 0 12 0
12 0 13 1959
12 0 14 2395
12 0 15 3390
12 0 16 2648
12 1 0 4351
12 1 1 0
12 1 2 4730
12 1 3 5998
12 1 4 4496
12 1 5 7731
12 1 6 6361
12 1 7 4500
12 1 8 5701
12 1 9 6977
12 1 10 4039
12 1 11 6734
12 1 12 0
12 1 13 1577
12 1 14 4022
12 1 15 4950
12 1 16 5122
12 2 0 5144
12 2 1 1163
12 2 2 0
12 2 3 2045
12 2 4 4329
12 2 5 846
12 2 6 408
12 2 7 2063
12 2 8 1026
12 2 9 275
12 2 10 4940
12 2 11 4400
12 2 12 0
12 2 13 1958
12 2 14 1339
12 2 15 1921
12 2 16 1098
12 3 0 952
12 3 1 2547
12 3 2 4339
12 3 3 0
12 3 4 4289
12 3 5 3367
12 3 6 1494
12 3 7 2490
12 3 8 3776
12 3 9 4850
12 3 10 3167
12 3 11 5019
12 3 12 0
12 3 13 4057
12 3 14 3167
12 3 15 2725
12 3 16 5047
12 4 0 6332
12 4 1 7274
12 4 2 6895
12 4 3 8665
12 4 4 0
12 4 5 6393
12 4 6 8551
12 4 7 9402
12 4 8 5220
12 4 9 6494
12 4 10 7108
12 4 11 7303
12 4 12 0
12 4 13 3266
12 4 14 5606
12 4 15 6552
12 4 16 3758
12 5 0 7075
12 5 1 8048
12 5 2 5659
12 5 3 3522
12 5 4 5858
12 5 5 0
12 5 6 8000
12 5 7 4785
12 5 8 4425
12 5 9 5418
12 5 10 7219
12 5 11 6222
12 5 12 0
12 5 13 4916
12 5 14 6429
12 5 15 3602
12 5 16 2394
12 6 0 8823
12 6 1 8583
12 6 2 4611
12 6 3 7654
12 6 4 5636
12 6 5 4287
12 6 6 0
12 6 7 7245
12 6 8 5578
12 6 9 4187
12 6 10 5837
12 6 11 8355
12 6 12 0
12 6 13 6912
12 6 14 7618
12 6 15 9138
12 6 16 9586
12 7 0 4434
12 7 1 5015
12 7 2 3052
12 7 3 4111
12 7 4 2455
12 7 5 5015
12 7 6 2744
12 7 7 0
12 7 8 4866
12 7 9 2512
12 7 10 4073
12 7 11 4498
12 7 12 0
12 7 13 4537
12 7 14 6719
12 7 15 4530
12 7 16 4758
12 8 0 628
12 8 1 5172
12 8 2 4631
12 8 3 2671
12 8 4 3082
12 8 5 1679
12 8 6 5242
12 8 7 1219
12 8 8 0
12 8 9 2245
12 8 10 4104
12 8 11 3101
12 8 12 0
12 8 13 6660
12 8 14 6092
12 8 15 6519
12 8 16 8947
12 9 0 7114
12 9 1 6169
12 9 2 6530
12 9 3 7161
12 9 4 4790
12 9 5 5353
12 9 6 4717
12 9 7 7238
12 9 8 3630
12 9 9 0
12 9 10 7750
12 9 11 4489
12 9 12 0
12 9 13 7106
12 9 14 5769
12 9 15 3420
12 9 16 4037
12 10 0 4416
12 10 1 6226
12 10 2 1953
12 10 3 5800
12 10 4 6554
12 10 5 2008
12 10 6 3635
12 10 7 2111
12 10 8 6025
12 10 9 5338
12 10 10 0
12 10 11 5188
12 10 12 0
12 10 13 9081
12 10 14 7464
12 10 15 4862
12 10 16 5600
12 11 0 1878
12 11 1 3033
12 11 2 5942
12 11 3 3503
12 11 4 5739
12 11 5 5255
12 11 6 3718
12 11 7 3080
12 11 8 5790
12 11 9 1976
12 11 10 6176
12 11 11 0
12 11 12 0
12 11 13 8000
12 11 14 6403
12 11 15 5623
12 11 16 7269
12 12 0 0
12 12 1 0
12 12 2 0
12 12 3 0
12 12 4 0
12 12 5 0
12 12 6 0
12 12 7 0
12 12 8 0
12 12 9 0
12 12 10 0
12 12 11 0
12 12 12 0
12 12 13 0
12 12 14 0
12 12 15 0
12 12 16 0
12 13 0 2184
12 13 1 1903
12 13 2 2364
12 13 3 4404
12 13 4 2966
12 13 5 4865
12 13 6 3438
12 13 7 2778
12 13 8 3436
12 13 9 6102
12 13 10 5943
12 13 11 5388
12 13 12 0
12 13 13 0
12 13 14 6626
12 13 15 7234
12 13 16 3290
12 14 0 5041
12 14 1 6769
12 14 2 4166
12 14 3 5935
12 14 4 7727
12 14 5 8799
12 14 6 6565
12 14 7 7381
12 14 8 5289
12 14 9 7186
12 14 10 6747
12 14 11 6212
12 14 12 0
12 14 13 7612
12 14 14 0
12 14 15 6745
12 14 16 8376
12 15 0 6497
12 15 1 8158
12 15 2 5209
12 15 3 5954
12 15 4 9134
12 15 5 6433
12 15 6 8546
12 15 7 5653
12 15 8 6177
12 15 9 5298
12 15 10 4606
12 15 11 5893
12 15 12 0
12 15 13 2950
12 15 14 5697
12 15 15 0
12 15 16 4094
12 16 0 4595
12 16 1 7170
12 16 2 3226
12 16 3 7116
12 16 4 5180
12 16 5 4065
12 16 6 7834
12 16 7 4721
12 16 8 7445
12 16 9 4755
12 16 10 4184
12 16 11 6379
12 16 12 0
12 16 13 9813
12 16 14 9411
12 16 15 5625
12 16 16 0
13 0 0 0
13 0 1 1667
13 0 2 3349
13 0 3 4393
13 0 4 1216
13 0 5 997
13 0 6 5552
13 0 7 4731
13 0 8 4553
13 0 9 3725
13 0 10 2483
13 0 11 2326
13 0 12 1959
13 0 13 0
13 0 14 3871
13 0 15 4866
13 0 16 4124
13 1 0 1987
13 1 1 0
13 1 2 2366
13 1 3 3634
13 1 4 2132
13 1 5 5367
13 1 6 3997
13 1 7 2136
13 1 8 3337
13 1 9 4613
13 1 10 1675
13 1 11 4370
13 1 12 1577
13 1 13 0
13 1 14 7100
13 1 15 8028
13 1 16 8200
13 2 0 5791
13 2 1 1810
13 2 2 0
13 2 3 2692
13 2 4 4976
13 2 5 1493
13 2 6 1055
13 2 7 2710
13 2 8 1673
13 2 9 922
13 2 10 5587
13 2 11 5047
13 2 12 1958
13 2 13 0
13 2 14 3105
13 2 15 3687
13 2 16 2864
13 3 0 3061
13 3 1 4656
13 3 2 6448
13 3 3 0
13 3 4 6398
13 3 5 5476
13 3 6 3603
13 3 7 4599
13 3 8 5885
13 3 9 6959
13 3 10 5276
13 3 11 7128
13 3 12 4057
13 3 13 0
13 3 14 2977
13 3 15 2535
13 3 16 4857
13 4 0 3151
13 4 1 4093
13 4 2 3714
13 4 3 5484
13 4 4 0
13 4 5 3212
13 4 6 5370
13 4 7 6221
13 4 8 2039
13 4 9 3313
13 4 10 3927
13 4 11 4122
13 4 12 3266
13 4 13 0
13 4 14 7134
13 4 15 8080
13 4 16 5286
13 5 0 7321
13 5 1 8294
13 5 2 5905
13 5 3 3768
13 5 4 6104
13 5 5 0
13 5 6 8246
13 5 7 5031
13 5 8 4671
13 5 9 5664
13 5 10 7465
13 5 11 6468
13 5 12 4916
13 5 13 0
13 5 14 5735
13 5 15 2908
13 5 16 1700
13 6 0 6680
13 6 1 6440
13 6 2 2468
13 6 3 5511
13 6 4 3493
13 6 5 2144
13 6 6 0
13 6 7 5102
13 6 8 3435
13 6 9 2044
13 6 10 3694
13 6 11 6212
13 6 12 6912
13 6 13 0
13 6 14 4994
13 6 15 6514
13 6 16 6962
13 7 0 3333
13 7 1 3914
13 7 2 1951
13 7 3 3010
13 7 4 1354
13 7 5 3914
13 7 6 1643
13 7 7 0
13 7 8 3765
13 7 9 1411
13 7 10 2972
13 7 11 3397
13 7 12 4537
13 7 13 0
13 7 14 6719
13 7 15 4530
13 7 16 4758
13 8 0 2282
13 8 1 6826
13 8 2 6285
13 8 3 4325
13 8 4 4736
13 8 5 3333
13 8 6 6896
13 8 7 2873
13 8 8 0
13 8 9 3899
13 8 10 5758
13 8 11 4755
13 8 12 6660
13 8 13 0
13 8 14 4445
13 8 15 4872
13 8 16 7300
13 9 0 8340
13 9 1 7395
13 9 2 7756
13 9 3 8387
13 9 4 6016
13 9 5 6579
13 9 6 5943
13 9 7 8464
13 9 8 4856
13 9 9 0
13 9 10 8976
13 9 11 5715
13 9 12 7106
13 9 13 0
13 9 14 3498
13 9 15 1149
13 9 16 1766
13 10 0 7043
13 10 1 8853
13 10 2 4580
13 10 3 8427
13 10 4 9181
13 10 5 4635
13 10 6 6262
13 10 7 4738
13 10 8 8652
13 10 9 7965
13 10 10 0
13 10 11 7815
13 10 12 9081
13 10 13 0
13 10 14 5392
13 10 15 2790
13 10 16 3528
13 11 0 4497
13 11 1 5652
13 11 2 8561
13 11 3 6122
13 11 4 8358
13 11 5 7874
13 11 6 6337
13 11 7 5699
13 11 8 8409
13 11 9 4595
13 11 10 8795
13 11 11 0
13 11 12 8000
13 11 13 0
13 11 14 5852
13 11 15 5072
13 11 16 6718
13 12 0 7494
13 12 1 5702
13 12 2 3152
13 12 3 3730
13 12 4 7582
13 12 5 6054
13 12 6 7016
13 12 7 5314
13 12 8 3217
13 12 9 6311
13 12 10 4751
13 12 11 4204
13 12 12 0
13 12 13 0
13 12 14 6838
13 12 15 4355
13 12 16 6438
13 13 0 0
13 13 1 0
13 13 2 0
13 13 3 0
13 13 4 0
13 13 5 0
13 13 6 0
13 13 7 0
13 13 8 0
13 13 9 0
13 13 10 0
13 13 11 0
13 13 12 0
13 13 13 0
13 13 14 0
13 13 15 0
13 13 16 0
13 14 0 3919
13 14 1 5647
13 14 2 3044
13 14 3 4813
13 14 4 6605
13 14 5 7677
13 14 6 5443
13 14 7 6259
13 14 8 4167
13 14 9 6064
13 14 10 5625
13 14 11 5090
13 14 12 7612
13 14 13 0
13 14 14 0
13 14 15 6127
13 14 16 4266
13 15 0 2210
13 15 1 3871
13 15 2 922
13 15 3 1667
13 15 4 4847
13 15 5 2146
13 15 6 4259
13 15 7 1366
13 15 8 1890
13 15 9 1011
13 15 10 319
13 15 11 1606
13 15 12 2950
13 15 13 0
13 15 14 7141
13 15 15 0
13 15 16 5538
13 16 0 6248
13 16 1 8823
13 16 2 4879
13 16 3 8769
13 16 4 6833
13 16 5 5718
13 16 6 9487
13 16 7 6374
13 16 8 9098
13 16 9 6408
13 16 10 5837
13 16 11 8032
13 16 12 9813
13 16 13 0
13 16 14 4828
13 16 15 1042
13 16 16 0
14 0 0 0
14 0 1 2103
14 0 2 3785
14 0 3 4829
14 0 4 1652
14 0 5 1433
14 0 6 5988
14 0 7 5167
14 0 8 4989
14 0 9 4161
14 0 10 2919
14 0 11 2762
14 0 12 2395
14 0 13 3871
14 0 14 0
14 0 15 2548
14 0 16 1806
14 1 0 4432
14 1 1 0
14 1 2 4811
14 1 3 6079
14 1 4 4577
14 1 5 7812
14 1 6 6442
14 1 7 4581
14 1 8 5782
14 1 9 7058
14 1 10 4120
14 1 11 6815
14 1 12 4022
14 1 13 7100
14 1 14 0
14 1 15 8068
14 1 16 8240
14 2 0 5172
14 2 1 1191
14 2 2 0
14 2 3 2073
14 2 4 4357
14 2 5 874
14 2 6 436
14 2 7 2091
14 2 8 1054
14 2 9 303
14 2 10 4968
14 2 11 4428
14 2 12 1339
14 2 13 3105
14 2 14 0
14 2 15 1146
14 2 16 323
14 3 0 2171
14 3 1 3766
14 3 2 5558
14 3 3 0
14 3 4 5508
14 3 5 4586
14 3 6 2713
14 3 7 3709
14 3 8 4995
14 3 9 6069
14 3 10 4386
14 3 11 6238
14 3 12 3167
14 3 13 2977
14 3 14 0
14 3 15 2770
14 3 16 5092
14 4 0 5491
14 4 1 6433
14 4 2 6054
14 4 3 7824
14 4 4 0
14 4 5 5552
14 4 6 7710
14 4 7 8561
14 4 8 4379
14 4 9 5653
14 4 10 6267
14 4 11 6462
14 4 12 5606
14 4 13 7134
14 4 14 0
14 4 15 7935
14 4 16 5141
14 5 0 8834
14 5 1 9807
14 5 2 7418
14 5 3 5281
14 5 4 7617
14 5 5 0
14 5 6 9759
14 5 7 6544
14 5 8 6184
14 5 9 7177
14 5 10 8978
14 5 11 7981
14 5 12 6429
14 5 13 5735
14 5 14 0
14 5 15 4613
14 5 16 3405
14 6 0 7386
14 6 1 7146
14 6 2 3174
14 6 3 6217
14 6 4 4199
14 6 5 2850
14 6 6 0
14 6 7 5808
14 6 8 4141
14 6 9 2750
14 6 10 4400
14 6 11 6918
14 6 12 7618
14 6 13 4994
14 6 14 0
14 6 15 5587
14 6 16 6035
14 7 0 5515
14 7 1 6096
14 7 2 4133
14 7 3 5192
14 7 4 3536
14 7 5 6096
14 7 6 3825
14 7 7 0
14 7 8 5947
14 7 9 3593
14 7 10 5154
14 7 11 5579
14 7 12 6719
14 7 13 6719
14 7 14 0
14 7 15 2519
14 7 16 2747
14 8 0 1714
14 8 1 6258
14 8 2 5717
14 8 3 3757
14 8 4 4168
14 8 5 2765
14 8 6 6328
14 8 7 2305
14 8 8 0
14 8 9 3331
14 8 10 5190
14 8 11 4187
14 8 12 6092
14 8 13 4445
14 8 14 0
14 8 15 5755
14 8 16 8183
14 9 0 7003
14 9 1 6058
14 9 2 6419
14 9 3 7050
14 9 4 4679
14 9 5 5242
14 9 6 4606
14 9 7 7127
14 9 8 3519
14 9 9 0
14 9 10 7639
14 9 11 4378
14 9 12 5769
14 9 13 3498
14 9 14 0
14 9 15 3404
14 9 16 4021
14 10 0 5426
14 10 1 7236
14 10 2 2963
14 10 3 6810
14 10 4 7564
14 10 5 3018
14 10 6 4645
14 10 7 3121
14 10 8 7035
14 10 9 6348
14 10 10 0
14 10 11 6198
14 10 12 7464
14 10 13 5392
14 10 14 0
14 10 15 3466
14 10 16 4204
14 11 0 2900
14 11 1 4055
14 11 2 6964
14 11 3 4525
14 11 4 6761
14 11 5 6277
14 11 6 4740
14 11 7 4102
14 11 8 6812
14 11 9 2998
14 11 10 7198
14 11 11 0
14 11 12 6403
14 11 13 5852
14 11 14 0
14 11 15 4765
14 11 16 6411
14 12 0 5178
14 12 1 5077
14 12 2 4997
14 12 3 5056
14 12 4 5703
14 12 5 5454
14 12 6 8877
14 12 7 7162
14 12 8 8627
14 12 9 6407
14 12 10 8541
14 12 11 8015
14 12 12 0
14 12 13 6838
14 12 14 0
14 12 15 6776
14 12 16 8859
14 13 0 4393
14 13 1 4112
14 13 2 4573
14 13 3 6613
14 13 4 5175
14 13 5 7074
14 13 6 5647
14 13 7 4987
14 13 8 5645
14 13 9 8311
14 13 10 8152
14 13 11 7597
14 13 12 6626
14 13 13 0
14 13 14 0
14 13 15 7098
14 13 16 3154
14 14 0 0
14 14 1 0
14 14 2 0
14 14 3 0
14 14 4 0
14 14 5 0
14 14 6 0
14 14 7 0
14 14 8 0
14 14 9 0
14 14 10 0
14 14 11 0
14 14 12 0
14 14 13 0
14 14 14 0
14 14 15 0
14 14 16 0
14 15 0 4957
14 15 1 6618
14 15 2 3669
14 15 3 4414
14 15 4 7594
14 15 5 4893
14 15 6 7006
14 15 7 4113
14 15 8 4637
14 15 9 3758
14 15 10 3066
14 15 11 4353
14 15 12 5697
14 15 13 7141
14 15 14 0
14 15 15 0
14 15 16 3657
14 16 0 5846
14 16 1 8421
14 16 2 4477
14 16 3 8367
14 16 4 6431
14 16 5 5316
14 16 6 9085
14 16 7 5972
14 16 8 8696
14 16 9 6006
14 16 10 5435
14 16 11 7630
14 16 12 9411
14 16 13 4828
14 16 14 0
14 16 15 1244
14 16 16 0
15 0 0 0
15 0 1 3098
15 0 2 4780
15 0 3 5824
15 0 4 2647
15 0 5 2428
15 0 6 6983
15 0 7 6162
15 0 8 5984
15 0 9 5156
15 0 10 3914
15 0 11 3757
15 0 12 3390
15 0 13 4866
15 0 14 2548
15 0 15 0
15 0 16 6173
15 1 0 5360
15 1 1 0
15 1 2 5739
15 1 3 7007
15 1 4 5505
15 1 5 8740
15 1 6 7370
15 1 7 5509
15 1 8 6710
15 1 9 7986
15 1 10 5048
15 1 11 7743
15 1 12 4950
15 1 13 8028
15 1 14 8068
15 1 15 0
15 1 16 8068
15 2 0 5754
15 2 1 1773
15 2 2 0
15 2 3 2655
15 2 4 4939
15 2 5 1456
15 2 6 1018
15 2 7 2673
15 2 8 1636
15 2 9 885
15 2 10 5550
15 2 11 5010
15 2 12 1921
15 2 13 3687
15 2 14 1146
15 2 15 0
15 2 16 4696
15 3 0 1729
15 3 1 3324
15 3 2 5116
15 3 3 0
15 3 4 5066
15 3 5 4144
15 3 6 2271
15 3 7 3267
15 3 8 4553
15 3 9 5627
15 3 10 3944
15 3 11 5796
15 3 12 2725
15 3 13 2535
15 3 14 2770
15 3 15 0
15 3 16 7529
15 4 0 6437
15 4 1 7379
15 4 2 7000
15 4 3 8770
15 4 4 0
15 4 5 6498
15 4 6 8656
15 4 7 9507
15 4 8 5325
15 4 9 6599
15 4 10 7213
15 4 11 7408
15 4 12 6552
15 4 13 8080
15 4 14 7935
15 4 15 0
15 4 16 6104
15 5 0 6007
15 5 1 6980
15 5 2 4591
15 5 3 2454
15 5 4 4790
15 5 5 0
15 5 6 6932
15 5 7 3717
15 5 8 3357
15 5 9 4350
15 5 10 6151
15 5 11 5154
15 5 12 3602
15 5 13 2908
15 5 14 4613
15 5 15 0
15 5 16 983
15 6 0 8906
15 6 1 8666
15 6 2 4694
15 6 3 7737
15 6 4 5719
15 6 5 4370
15 6 6 0
15 6 7 7328
15 6 8 5661
15 6 9 4270
15 6 10 5920
15 6 11 8438
15 6 12 9138
15 6 13 6514
15 6 14 5587
15 6 15 0
15 6 16 5290
15 7 0 3326
15 7 1 3907
15 7 2 1944
15 7 3 3003
15 7 4 1347
15 7 5 3907
15 7 6 1636
15 7 7 0
15 7 8 3758
15 7 9 1404
15 7 10 2965
15 7 11 3390
15 7 12 4530
15 7 13 4530
15 7 14 2519
15 7 15 0
15 7 16 4504
15 8 0 2141
15 8 1 6685
15 8 2 6144
15 8 3 4184
15 8 4 4595
15 8 5 3192
15 8 6 6755
15 8 7 2732
15 8 8 0
15 8 9 3758
15 8 10 5617
15 8 11 4614
15 8 12 6519
15 8 13 4872
15 8 14 5755
15 8 15 0
15 8 16 8835
15 9 0 4654
15 9 1 3709
15 9 2 4070
15 9 3 4701
15 9 4 2330
15 9 5 2893
15 9 6 2257
15 9 7 4778
15 9 8 1170
15 9 9 0
15 9 10 5290
15 9 11 2029
15 9 12 3420
15 9 13 1149
15 9 14 3404
15 9 15 0
15 9 16 3751
15 10 0 2824
15 10 1 4634
15 10 2 361
15 10 3 4208
15 10 4 4962
15 10 5 416
15 10 6 2043
15 10 7 519
15 10 8 4433
15 10 9 3746
15 10 10 0
15 10 11 3596
15 10 12 4862
15 10 13 2790
15 10 14 3466
15 10 15 0
15 10 16 5865
15 11 0 2120
15 11 1 3275
15 11 2 6184
15 11 3 3745
15 11 4 5981
15 11 5 5497
15 11 6 3960
15 11 7 3322
15 11 8 6032
15 11 9 2218
15 11 10 6418
15 11 11 0
15 11 12 5623
15 11 13 5072
15 11 14 4765
15 11 15 0
15 11 16 4529
15 12 0 7432
15 12 1 5640
15 12 2 3090
15 12 3 3668
15 12 4 7520
15 12 5 5992
15 12 6 6954
15 12 7 5252
15 12 8 3155
15 12 9 6249
15 12 10 4689
15 12 11 4142
15 12 12 0
15 12 13 4355
15 12 14 6776
15 12 15 0
15 12 16 9320
15 13 0 5001
15 13 1 4720
15 13 2 5181
15 13 3 7221
15 13 4 5783
15 13 5 7682
15 13 6 6255
15 13 7 5595
15 13 8 6253
15 13 9 8919
15 13 10 8760
15 13 11 8205
15 13 12 7234
15 13 13 0
15 13 14 7098
15 13 15 0
15 13 16 450
15 14 0 3556
15 14 1 5284
15 14 2 2681
15 14 3 4450
15 14 4 6242
15 14 5 7314
15 14 6 5080
15 14 7 5896
15 14 8 3804
15 14 9 5701
15 14 10 5262
15 14 11 4727
15 14 12 6745
15 14 13 6127
15 14 14 0
15 14 15 0
15 14 16 3399
15 15 0 0
15 15 1 0
15 15 2 0
15 15 3 0
15 15 4 0
15 15 5 0
15 15 6 0
15 15 7 0
15 15 8 0
15 15 9 0
15 15 10 0
15 15 11 0
15 15 12 0
15 15 13 0
15 15 14 0
15 15 15 0
15 15 16 0
15 16 0 2060
15 16 1 4635
15 16 2 691
15 16 3 4581
15 16 4 2645
15 16 5 1530
15 16 6 5299
15 16 7 2186
15 16 8 4910
15 16 9 2220
15 16 10 1649
15 16 11 3844
15 16 12 5625
15 16 13 1042
15 16 14 1244
15 16 15 0
15 16 16 0
16 0 0 0
16 0 1 2356
16 0 2 4038
16 0 3 5082
16 0 4 1905
16 0 5 1686
16 0 6 6241
16 0 7 5420
16 0 8 5242
16 0 9 4414
16 0 10 3172
16 0 11 3015
16 0 12 2648
16 0 13 4124
16 0 14 1806
16 0 15 6173
16 0 16 0
16 1 0 5532
16 1 1 0
16 1 2 5911
16 1 3 7179
16 1 4 5677
16 1 5 8912
16 1 6 7542
16 1 7 5681
16 1 8 6882
16 1 9 8158
16 1 10 5220
16 1 11 7915
16 1 12 5122
16 1 13 8200
16 1 14 8240
16 1 15 8068
16 1 16 0
16 2 0 4931
16 2 1 950
16 2 2 0
16 2 3 1832
16 2 4 4116
16 2 5 633
16 2 6 195
16 2 7 1850
16 2 8 813
16 2 9 62
16 2 10 4727
16 2 11 4187
16 2 12 1098
16 2 13 2864
16 2 14 323
16 2 15 4696
16 2 16 0
16 3 0 4051
16 3 1 5646
16 3 2 7438
16 3 3 0
16 3 4 7388
16 3 5 6466
16 3 6 4593
16 3 7 5589
16 3 8 6875
16 3 9 7949
16 3 10 6266
16 3 11 8118
16 3 12 5047
16 3 13 4857
16 3 14 5092
16 3 15 7529
16 3 16 0
16 4 0 3643
16 4 1 4585
16 4 2 4206
16 4 3 5976
16 4 4 0
16 4 5 3704
16 4 6 5862
16 4 7 6713
16 4 8 2531
16 4 9 3805
16 4 10 4419
16 4 11 4614
16 4 12 3758
16 4 13 5286
16 4 14 5141
16 4 15 6104
16 4 16 0
16 5 0 4799
16 5 1 5772
16 5 2 3383
16 5 3 1246
16 5 4 3582
16 5 5 0
16 5 6 5724
16 5 7 2509
16 5 8 2149
16 5 9 3142
16 5 10 4943
16 5 11 3946
16 5 12 2394
16 5 13 1700
16 5 14 3405
16 5 15 983
16 5 16 0
16 6 0 9354
16 6 1 9114
16 6 2 5142
16 6 3 8185
16 6 4 6167
16 6 5 4818
16 6 6 0
16 6 7 7776
16 6 8 6109
16 6 9 4718
16 6 10 6368
16 6 11 8886
16 6 12 9586
16 6 13 6962
16 6 14 6035
16 6 15 5290
16 6 16 0
16 7 0 3554
16 7 1 4135
16 7 2 2172
16 7 3 3231
16 7 4 1575
16 7 5 4135
16 7 6 1864
16 7 7 0
16 7 8 3986
16 7 9 1632
16 7 10 3193
16 7 11 3618
16 7 12 4758
16 7 13 4758
16 7 14 2747
16 7 15 4504
16 7 16 0
16 8 0 4569
16 8 1 9113
16 8 2 8572
16 8 3 6612
16 8 4 7023
16 8 5 5620
16 8 6 9183
16 8 7 5160
16 8 8 0
16 8 9 6186
16 8 10 8045
16 8 11 7042
16 8 12 8947
16 8 13 7300
16 8 14 8183
16 8 15 8835
16 8 16 0
16 9 0 5271
16 9 1 4326
16 9 2 4687
16 9 3 5318
16 9 4 2947
16 9 5 3510
16 9 6 2874
16 9 7 5395
16 9 8 1787
16 9 9 0
16 9 10 5907
16 9 11 2646
16 9 12 4037
16 9 13 1766
16 9 14 4021
16 9 15 3751
16 9 16 0
16 10 0 3562
16 10 1 5372
16 10 2 1099
16 10 3 4946
16 10 4 5700
16 10 5 1154
16 10 6 2781
16 10 7 1257
16 10 8 5171
16 10 9 4484
16 10 10 0
16 10 11 4334
16 10 12 5600
16 10 13 3528
16 10 14 4204
16 10 15 5865
16 10 16 0
16 11 0 3766
16 11 1 4921
16 11 2 7830
16 11 3 5391
16 11 4 7627
16 11 5 7143
16 11 6 5606
16 11 7 4968
16 11 8 7678
16 11 9 3864
16 11 10 8064
16 11 11 0
16 11 12 7269
16 11 13 6718
16 11 14 6411
16 11 15 4529
16 11 16 0
16 12 0 9515
16 12 1 7723
16 12 2 5173
16 12 3 5751
16 12 4 9603
16 12 5 8075
16 12 6 9037
16 12 7 7335
16 12 8 5238
16 12 9 8332
16 12 10 6772
16 12 11 6225
16 12 12 0
16 12 13 6438
16 12 14 8859
16 12 15 9320
16 12 16 0
16 13 0 1057
16 13 1 776
16 13 2 1237
16 13 3 3277
16 13 4 1839
16 13 5 3738
16 13 6 2311
16 13 7 1651
16 13 8 2309
16 13 9 4975
16 13 10 4816
16 13 11 4261
16 13 12 3290
16 13 13 0
16 13 14 3154
16 13 15 450
16 13 16 0
16 14 0 1695
16 14 1 3423
16 14 2 820
16 14 3 2589
16 14 4 4381
16 14 5 5453
16 14 6 3219
16 14 7 4035
16 14 8 1943
16 14 9 3840
16 14 10 3401
16 14 11 2866
16 14 12 8376
16 14 13 4266
16 14 14 0
16 14 15 3399
16 14 16 0
16 15 0 3354
16 15 1 5015
16 15 2 2066
16 15 3 2811
16 15 4 5991
16 15 5 3290
16 15 6 5403
16 15 7 2510
16 15 8 3034
16 15 9 2155
16 15 10 1463
16 15 11 2750
16 15 12 4094
16 15 13 5538
16 15 14 3657
16 15 15 0
16 15 16 0
16 16 0 0
16 16 1 0
16 16 2 0
16 16 3 0
16 16 4 0
16 16 5 0
16 16 6 0
16 16 7 0
16 16 8 0
16 16 9 0
16 16 10 0
16 16 11 0
16 16 12 0
16 16 13 0
16 16 14 0
16 16 15 0
16 16 16 0
