11
0 0 0 0
0 0 1 0
0 0 2 0
0 0 3 0
0 0 4 0
0 0 5 0
0 0 6 0
0 0 7 0
0 0 8 0
0 0 9 0
0 0 10 0
0 1 0 0
0 1 1 0
0 1 2 2530
0 1 3 5821
0 1 4 3150
0 1 5 2169
0 1 6 2590
0 1 7 4859
0 1 8 3861
0 1 9 3136
0 1 10 3345
0 2 0 0
0 2 1 2072
0 2 2 0
0 2 3 4414
0 2 4 2578
0 2 5 1309
0 2 6 2511
0 2 7 4304
0 2 8 2570
0 2 9 2313
0 2 10 793
0 3 0 0
0 3 1 6626
0 3 2 5004
0 3 3 0
0 3 4 4943
0 3 5 6972
0 3 6 8323
0 3 7 5111
0 3 8 4736
0 3 9 5965
0 3 10 9036
0 4 0 0
0 4 1 4529
0 4 2 5078
0 4 3 394
0 4 4 0
0 4 5 2083
0 4 6 4099
0 4 7 2900
0 4 8 5170
0 4 9 3289
0 4 10 4217
0 5 0 0
0 5 1 8992
0 5 2 5831
0 5 3 7616
0 5 4 8406
0 5 5 0
0 5 6 6604
0 5 7 7605
0 5 8 8009
0 5 9 8483
0 5 10 6624
0 6 0 0
0 6 1 3184
0 6 2 4807
0 6 3 5886
0 6 4 5462
0 6 5 3346
0 6 6 0
0 6 7 4612
0 6 8 2418
0 6 9 5937
0 6 10 2952
0 7 0 0
0 7 1 6089
0 7 2 6172
0 7 3 6853
0 7 4 5501
0 7 5 4071
0 7 6 6308
0 7 7 0
0 7 8 5745
0 7 9 6388
0 7 10 2322
0 8 0 0
0 8 1 1202
0 8 2 798
0 8 3 1017
0 8 4 860
0 8 5 4993
0 8 6 4746
0 8 7 5575
0 8 8 0
0 8 9 4469
0 8 10 1721
0 9 0 0
0 9 1 5577
0 9 2 6336
0 9 3 2907
0 9 4 3332
0 9 5 2773
0 9 6 6142
0 9 7 6397
0 9 8 5882
0 9 9 0
0 9 10 3551
0 10 0 0
0 10 1 5682
0 10 2 8252
0 10 3 5621
0 10 4 6778
0 10 5 5116
0 10 6 6193
0 10 7 7065
0 10 8 4725
0 10 9 7922
0 10 10 0
1 0 0 0
1 0 1 0
1 0 2 5635
1 0 3 9257
1 0 4 5160
1 0 5 9180
1 0 6 7146
1 0 7 6861
1 0 8 5664
1 0 9 6345
1 0 10 8787
1 1 0 0
1 1 1 0
1 1 2 0
1 1 3 0
1 1 4 0
1 1 5 0
1 1 6 0
1 1 7 0
1 1 8 0
1 1 9 0
1 1 10 0
1 2 0 2072
1 2 1 0
1 2 2 0
1 2 3 4969
1 2 4 3133
1 2 5 1864
1 2 6 3066
1 2 7 4859
1 2 8 3125
1 2 9 2868
1 2 10 1348
1 3 0 6626
1 3 1 0
1 3 2 5228
1 3 3 0
1 3 4 5167
1 3 5 7196
1 3 6 8547
1 3 7 5335
1 3 8 4960
1 3 9 6189
1 3 10 9260
1 4 0 4529
1 4 1 0
1 4 2 6728
1 4 3 2044
1 4 4 0
1 4 5 3733
1 4 6 5749
1 4 7 4550
1 4 8 6820
1 4 9 4939
1 4 10 5867
1 5 0 8992
1 5 1 0
1 5 2 2480
1 5 3 4265
1 5 4 5055
1 5 5 0
1 5 6 3253
1 5 7 4254
1 5 8 4658
1 5 9 5132
1 5 10 3273
1 6 0 3184
1 6 1 0
1 6 2 3911
1 6 3 4990
1 6 4 4566
1 6 5 2450
1 6 6 0
1 6 7 3716
1 6 8 1522
1 6 9 5041
1 6 10 2056
1 7 0 6089
1 7 1 0
1 7 2 7830
1 7 3 8511
1 7 4 7159
1 7 5 5729
1 7 6 7966
1 7 7 0
1 7 8 7403
1 7 9 8046
1 7 10 3980
1 8 0 1202
1 8 1 0
1 8 2 2655
1 8 3 2874
1 8 4 2717
1 8 5 6850
1 8 6 6603
1 8 7 7432
1 8 8 0
1 8 9 6326
1 8 10 3578
1 9 0 5577
1 9 1 0
1 9 2 6787
1 9 3 3358
1 9 4 3783
1 9 5 3224
1 9 6 6593
1 9 7 6848
1 9 8 6333
1 9 9 0
1 9 10 4002
1 10 0 5682
1 10 1 0
1 10 2 6470
1 10 3 3839
1 10 4 4996
1 10 5 3334
1 10 6 4411
1 10 7 5283
1 10 8 2943
1 10 9 6140
1 10 10 0
2 0 0 0
2 0 1 5635
2 0 2 0
2 0 3 4415
2 0 4 318
2 0 5 4338
2 0 6 2304
2 0 7 2019
2 0 8 822
2 0 9 1503
2 0 10 3945
2 1 0 2530
2 1 1 0
2 1 2 0
2 1 3 5918
2 1 4 3247
2 1 5 2266
2 1 6 2687
2 1 7 4956
2 1 8 3958
2 1 9 3233
2 1 10 3442
2 2 0 0
2 2 1 0
2 2 2 0
2 2 3 0
2 2 4 0
2 2 5 0
2 2 6 0
2 2 7 0
2 2 8 0
2 2 9 0
2 2 10 0
2 3 0 5004
2 3 1 5228
2 3 2 0
2 3 3 0
2 3 4 4359
2 3 5 6388
2 3 6 7739
2 3 7 4527
2 3 8 4152
2 3 9 5381
2 3 10 8452
2 4 0 5078
2 4 1 6728
2 4 2 0
2 4 3 2071
2 4 4 0
2 4 5 3760
2 4 6 5776
2 4 7 4577
2 4 8 6847
2 4 9 4966
2 4 10 5894
2 5 0 5831
2 5 1 2480
2 5 2 0
2 5 3 4004
2 5 4 4794
2 5 5 0
2 5 6 2992
2 5 7 3993
2 5 8 4397
2 5 9 4871
2 5 10 3012
2 6 0 4807
2 6 1 3911
2 6 2 0
2 6 3 5510
2 6 4 5086
2 6 5 2970
2 6 6 0
2 6 7 4236
2 6 8 2042
2 6 9 5561
2 6 10 2576
2 7 0 6172
2 7 1 7830
2 7 2 0
2 7 3 8555
2 7 4 7203
2 7 5 5773
2 7 6 8010
2 7 7 0
2 7 8 7447
2 7 9 8090
2 7 10 4024
2 8 0 798
2 8 1 2655
2 8 2 0
2 8 3 2182
2 8 4 2025
2 8 5 6158
2 8 6 5911
2 8 7 6740
2 8 8 0
2 8 9 5634
2 8 10 2886
2 9 0 6336
2 9 1 6787
2 9 2 0
2 9 3 3134
2 9 4 3559
2 9 5 3000
2 9 6 6369
2 9 7 6624
2 9 8 6109
2 9 9 0
2 9 10 3778
2 10 0 8252
2 10 1 6470
2 10 2 0
2 10 3 1886
2 10 4 3043
2 10 5 1381
2 10 6 2458
2 10 7 3330
2 10 8 990
2 10 9 4187
2 10 10 0
3 0 0 0
3 0 1 9257
3 0 2 4415
3 0 3 0
3 0 4 4908
3 0 5 8928
3 0 6 6894
3 0 7 6609
3 0 8 5412
3 0 9 6093
3 0 10 8535
3 1 0 5821
3 1 1 0
3 1 2 5918
3 1 3 0
3 1 4 4179
3 1 5 3198
3 1 6 3619
3 1 7 5888
3 1 8 4890
3 1 9 4165
3 1 10 4374
3 2 0 4414
3 2 1 4969
3 2 2 0
3 2 3 0
3 2 4 2584
3 2 5 1315
3 2 6 2517
3 2 7 4310
3 2 8 2576
3 2 9 2319
3 2 10 799
3 3 0 0
3 3 1 0
3 3 2 0
3 3 3 0
3 3 4 0
3 3 5 0
3 3 6 0
3 3 7 0
3 3 8 0
3 3 9 0
3 3 10 0
3 4 0 394
3 4 1 2044
3 4 2 2071
3 4 3 0
3 4 4 0
3 4 5 2503
3 4 6 4519
3 4 7 3320
3 4 8 5590
3 4 9 3709
3 4 10 4637
3 5 0 7616
3 5 1 4265
3 5 2 4004
3 5 3 0
3 5 4 6835
3 5 5 0
3 5 6 5033
3 5 7 6034
3 5 8 6438
3 5 9 6912
3 5 10 5053
3 6 0 5886
3 6 1 4990
3 6 2 5510
3 6 3 0
3 6 4 7276
3 6 5 5160
3 6 6 0
3 6 7 6426
3 6 8 4232
3 6 9 7751
3 6 10 4766
3 7 0 6853
3 7 1 8511
3 7 2 8555
3 7 3 0
3 7 4 4388
3 7 5 2958
3 7 6 5195
3 7 7 0
3 7 8 4632
3 7 9 5275
3 7 10 1209
3 8 0 1017
3 8 1 2874
3 8 2 2182
3 8 3 0
3 8 4 569
3 8 5 4702
3 8 6 4455
3 8 7 5284
3 8 8 0
3 8 9 4178
3 8 10 1430
3 9 0 2907
3 9 1 3358
3 9 2 3134
3 9 3 0
3 9 4 3589
3 9 5 3030
3 9 6 6399
3 9 7 6654
3 9 8 6139
3 9 9 0
3 9 10 3808
3 10 0 5621
3 10 1 3839
3 10 2 1886
3 10 3 0
3 10 4 7664
3 10 5 6002
3 10 6 7079
3 10 7 7951
3 10 8 5611
3 10 9 8808
3 10 10 0
4 0 0 0
4 0 1 5160
4 0 2 318
4 0 3 4908
4 0 4 0
4 0 5 8951
4 0 6 6917
4 0 7 6632
4 0 8 5435
4 0 9 6116
4 0 10 8558
4 1 0 3150
4 1 1 0
4 1 2 3247
4 1 3 4179
4 1 4 0
4 1 5 5198
4 1 6 5619
4 1 7 7888
4 1 8 6890
4 1 9 6165
4 1 10 6374
4 2 0 2578
4 2 1 3133
4 2 2 0
4 2 3 2584
4 2 4 0
4 2 5 5486
4 2 6 6688
4 2 7 8481
4 2 8 6747
4 2 9 6490
4 2 10 4970
4 3 0 4943
4 3 1 5167
4 3 2 4359
4 3 3 0
4 3 4 0
4 3 5 2843
4 3 6 4194
4 3 7 982
4 3 8 607
4 3 9 1836
4 3 10 4907
4 4 0 0
4 4 1 0
4 4 2 0
4 4 3 0
4 4 4 0
4 4 5 0
4 4 6 0
4 4 7 0
4 4 8 0
4 4 9 0
4 4 10 0
4 5 0 8406
4 5 1 5055
4 5 2 4794
4 5 3 6835
4 5 4 0
4 5 5 0
4 5 6 4241
4 5 7 5242
4 5 8 5646
4 5 9 6120
4 5 10 4261
4 6 0 5462
4 6 1 4566
4 6 2 5086
4 6 3 7276
4 6 4 0
4 6 5 5033
4 6 6 0
4 6 7 6299
4 6 8 4105
4 6 9 7624
4 6 10 4639
4 7 0 5501
4 7 1 7159
4 7 2 7203
4 7 3 4388
4 7 4 0
4 7 5 4844
4 7 6 7081
4 7 7 0
4 7 8 6518
4 7 9 7161
4 7 10 3095
4 8 0 860
4 8 1 2717
4 8 2 2025
4 8 3 569
4 8 4 0
4 8 5 9233
4 8 6 8986
4 8 7 9815
4 8 8 0
4 8 9 8709
4 8 10 5961
4 9 0 3332
4 9 1 3783
4 9 2 3559
4 9 3 3589
4 9 4 0
4 9 5 4451
4 9 6 7820
4 9 7 8075
4 9 8 7560
4 9 9 0
4 9 10 5229
4 10 0 6778
4 10 1 4996
4 10 2 3043
4 10 3 7664
4 10 4 0
4 10 5 5280
4 10 6 6357
4 10 7 7229
4 10 8 4889
4 10 9 8086
4 10 10 0
5 0 0 0
5 0 1 9180
5 0 2 4338
5 0 3 8928
5 0 4 8951
5 0 5 0
5 0 6 2515
5 0 7 2230
5 0 8 1033
5 0 9 1714
5 0 10 4156
5 1 0 2169
5 1 1 0
5 1 2 2266
5 1 3 3198
5 1 4 5198
5 1 5 0
5 1 6 6062
5 1 7 8331
5 1 8 7333
5 1 9 6608
5 1 10 6817
5 2 0 1309
5 2 1 1864
5 2 2 0
5 2 3 1315
5 2 4 5486
5 2 5 0
5 2 6 3421
5 2 7 5214
5 2 8 3480
5 2 9 3223
5 2 10 1703
5 3 0 6972
5 3 1 7196
5 3 2 6388
5 3 3 0
5 3 4 2843
5 3 5 0
5 3 6 7396
5 3 7 4184
5 3 8 3809
5 3 9 5038
5 3 10 8109
5 4 0 2083
5 4 1 3733
5 4 2 3760
5 4 3 2503
5 4 4 0
5 4 5 0
5 4 6 8059
5 4 7 6860
5 4 8 9130
5 4 9 7249
5 4 10 8177
5 5 0 0
5 5 1 0
5 5 2 0
5 5 3 0
5 5 4 0
5 5 5 0
5 5 6 0
5 5 7 0
5 5 8 0
5 5 9 0
5 5 10 0
5 6 0 3346
5 6 1 2450
5 6 2 2970
5 6 3 5160
5 6 4 5033
5 6 5 0
5 6 6 0
5 6 7 4784
5 6 8 2590
5 6 9 6109
5 6 10 3124
5 7 0 4071
5 7 1 5729
5 7 2 5773
5 7 3 2958
5 7 4 4844
5 7 5 0
5 7 6 7766
5 7 7 0
5 7 8 7203
5 7 9 7846
5 7 10 3780
5 8 0 4993
5 8 1 6850
5 8 2 6158
5 8 3 4702
5 8 4 9233
5 8 5 0
5 8 6 7805
5 8 7 8634
5 8 8 0
5 8 9 7528
5 8 10 4780
5 9 0 2773
5 9 1 3224
5 9 2 3000
5 9 3 3030
5 9 4 4451
5 9 5 0
5 9 6 8994
5 9 7 9249
5 9 8 8734
5 9 9 0
5 9 10 6403
5 10 0 5116
5 10 1 3334
5 10 2 1381
5 10 3 6002
5 10 4 5280
5 10 5 0
5 10 6 4744
5 10 7 5616
5 10 8 3276
5 10 9 6473
5 10 10 0
6 0 0 0
6 0 1 7146
6 0 2 2304
6 0 3 6894
6 0 4 6917
6 0 5 2515
6 0 6 0
6 0 7 4831
6 0 8 3634
6 0 9 4315
6 0 10 6757
6 1 0 2590
6 1 1 0
6 1 2 2687
6 1 3 3619
6 1 4 5619
6 1 5 6062
6 1 6 0
6 1 7 4557
6 1 8 3559
6 1 9 2834
6 1 10 3043
6 2 0 2511
6 2 1 3066
6 2 2 0
6 2 3 2517
6 2 4 6688
6 2 5 3421
6 2 6 0
6 2 7 6224
6 2 8 4490
6 2 9 4233
6 2 10 2713
6 3 0 8323
6 3 1 8547
6 3 2 7739
6 3 3 0
6 3 4 4194
6 3 5 7396
6 3 6 0
6 3 7 4488
6 3 8 4113
6 3 9 5342
6 3 10 8413
6 4 0 4099
6 4 1 5749
6 4 2 5776
6 4 3 4519
6 4 4 0
6 4 5 8059
6 4 6 0
6 4 7 5950
6 4 8 8220
6 4 9 6339
6 4 10 7267
6 5 0 6604
6 5 1 3253
6 5 2 2992
6 5 3 5033
6 5 4 4241
6 5 5 0
6 5 6 0
6 5 7 4519
6 5 8 4923
6 5 9 5397
6 5 10 3538
6 6 0 0
6 6 1 0
6 6 2 0
6 6 3 0
6 6 4 0
6 6 5 0
6 6 6 0
6 6 7 0
6 6 8 0
6 6 9 0
6 6 10 0
6 7 0 6308
6 7 1 7966
6 7 2 8010
6 7 3 5195
6 7 4 7081
6 7 5 7766
6 7 6 0
6 7 7 0
6 7 8 6244
6 7 9 6887
6 7 10 2821
6 8 0 4746
6 8 1 6603
6 8 2 5911
6 8 3 4455
6 8 4 8986
6 8 5 7805
6 8 6 0
6 8 7 5077
6 8 8 0
6 8 9 3971
6 8 10 1223
6 9 0 6142
6 9 1 6593
6 9 2 6369
6 9 3 6399
6 9 4 7820
6 9 5 8994
6 9 6 0
6 9 7 8737
6 9 8 8222
6 9 9 0
6 9 10 5891
6 10 0 6193
6 10 1 4411
6 10 2 2458
6 10 3 7079
6 10 4 6357
6 10 5 4744
6 10 6 0
6 10 7 3978
6 10 8 1638
6 10 9 4835
6 10 10 0
7 0 0 0
7 0 1 6861
7 0 2 2019
7 0 3 6609
7 0 4 6632
7 0 5 2230
7 0 6 4831
7 0 7 0
7 0 8 3069
7 0 9 3750
7 0 10 6192
7 1 0 4859
7 1 1 0
7 1 2 4956
7 1 3 5888
7 1 4 7888
7 1 5 8331
7 1 6 4557
7 1 7 0
7 1 8 6749
7 1 9 6024
7 1 10 6233
7 2 0 4304
7 2 1 4859
7 2 2 0
7 2 3 4310
7 2 4 8481
7 2 5 5214
7 2 6 6224
7 2 7 0
7 2 8 6140
7 2 9 5883
7 2 10 4363
7 3 0 5111
7 3 1 5335
7 3 2 4527
7 3 3 0
7 3 4 982
7 3 5 4184
7 3 6 4488
7 3 7 0
7 3 8 5365
7 3 9 6594
7 3 10 9665
7 4 0 2900
7 4 1 4550
7 4 2 4577
7 4 3 3320
7 4 4 0
7 4 5 6860
7 4 6 5950
7 4 7 0
7 4 8 8544
7 4 9 6663
7 4 10 7591
7 5 0 7605
7 5 1 4254
7 5 2 3993
7 5 3 6034
7 5 4 5242
7 5 5 0
7 5 6 4519
7 5 7 0
7 5 8 5933
7 5 9 6407
7 5 10 4548
7 6 0 4612
7 6 1 3716
7 6 2 4236
7 6 3 6426
7 6 4 6299
7 6 5 4784
7 6 6 0
7 6 7 0
7 6 8 4613
7 6 9 8132
7 6 10 5147
7 7 0 0
7 7 1 0
7 7 2 0
7 7 3 0
7 7 4 0
7 7 5 0
7 7 6 0
7 7 7 0
7 7 8 0
7 7 9 0
7 7 10 0
7 8 0 5575
7 8 1 7432
7 8 2 6740
7 8 3 5284
7 8 4 9815
7 8 5 8634
7 8 6 5077
7 8 7 0
7 8 8 0
7 8 9 7583
7 8 10 4835
7 9 0 6397
7 9 1 6848
7 9 2 6624
7 9 3 6654
7 9 4 8075
7 9 5 9249
7 9 6 8737
7 9 7 0
7 9 8 8958
7 9 9 0
7 9 10 6627
7 10 0 7065
7 10 1 5283
7 10 2 3330
7 10 3 7951
7 10 4 7229
7 10 5 5616
7 10 6 3978
7 10 7 0
7 10 8 1293
7 10 9 4490
7 10 10 0
8 0 0 0
8 0 1 5664
8 0 2 822
8 0 3 5412
8 0 4 5435
8 0 5 1033
8 0 6 3634
8 0 7 3069
8 0 8 0
8 0 9 3035
8 0 10 5477
8 1 0 3861
8 1 1 0
8 1 2 3958
8 1 3 4890
8 1 4 6890
8 1 5 7333
8 1 6 3559
8 1 7 6749
8 1 8 0
8 1 9 2334
8 1 10 2543
8 2 0 2570
8 2 1 3125
8 2 2 0
8 2 3 2576
8 2 4 6747
8 2 5 3480
8 2 6 4490
8 2 7 6140
8 2 8 0
8 2 9 1706
8 2 10 186
8 3 0 4736
8 3 1 4960
8 3 2 4152
8 3 3 0
8 3 4 607
8 3 5 3809
8 3 6 4113
8 3 7 5365
8 3 8 0
8 3 9 1955
8 3 10 5026
8 4 0 5170
8 4 1 6820
8 4 2 6847
8 4 3 5590
8 4 4 0
8 4 5 9130
8 4 6 8220
8 4 7 8544
8 4 8 0
8 4 9 3219
8 4 10 4147
8 5 0 8009
8 5 1 4658
8 5 2 4397
8 5 3 6438
8 5 4 5646
8 5 5 0
8 5 6 4923
8 5 7 5933
8 5 8 0
8 5 9 8526
8 5 10 6667
8 6 0 2418
8 6 1 1522
8 6 2 2042
8 6 3 4232
8 6 4 4105
8 6 5 2590
8 6 6 0
8 6 7 4613
8 6 8 0
8 6 9 7767
8 6 10 4782
8 7 0 5745
8 7 1 7403
8 7 2 7447
8 7 3 4632
8 7 4 6518
8 7 5 7203
8 7 6 6244
8 7 7 0
8 7 8 0
8 7 9 9332
8 7 10 5266
8 8 0 0
8 8 1 0
8 8 2 0
8 8 3 0
8 8 4 0
8 8 5 0
8 8 6 0
8 8 7 0
8 8 8 0
8 8 9 0
8 8 10 0
8 9 0 5882
8 9 1 6333
8 9 2 6109
8 9 3 6139
8 9 4 7560
8 9 5 8734
8 9 6 8222
8 9 7 8958
8 9 8 0
8 9 9 0
8 9 10 5905
8 10 0 4725
8 10 1 2943
8 10 2 990
8 10 3 5611
8 10 4 4889
8 10 5 3276
8 10 6 1638
8 10 7 1293
8 10 8 0
8 10 9 5086
8 10 10 0
9 0 0 0
9 0 1 6345
9 0 2 1503
9 0 3 6093
9 0 4 6116
9 0 5 1714
9 0 6 4315
9 0 7 3750
9 0 8 3035
9 0 9 0
9 0 10 5817
9 1 0 3136
9 1 1 0
9 1 2 3233
9 1 3 4165
9 1 4 6165
9 1 5 6608
9 1 6 2834
9 1 7 6024
9 1 8 2334
9 1 9 0
9 1 10 6237
9 2 0 2313
9 2 1 2868
9 2 2 0
9 2 3 2319
9 2 4 6490
9 2 5 3223
9 2 6 4233
9 2 7 5883
9 2 8 1706
9 2 9 0
9 2 10 5043
9 3 0 5965
9 3 1 6189
9 3 2 5381
9 3 3 0
9 3 4 1836
9 3 5 5038
9 3 6 5342
9 3 7 6594
9 3 8 1955
9 3 9 0
9 3 10 6235
9 4 0 3289
9 4 1 4939
9 4 2 4966
9 4 3 3709
9 4 4 0
9 4 5 7249
9 4 6 6339
9 4 7 6663
9 4 8 3219
9 4 9 0
9 4 10 5938
9 5 0 8483
9 5 1 5132
9 5 2 4871
9 5 3 6912
9 5 4 6120
9 5 5 0
9 5 6 5397
9 5 7 6407
9 5 8 8526
9 5 9 0
9 5 10 3766
9 6 0 5937
9 6 1 5041
9 6 2 5561
9 6 3 7751
9 6 4 7624
9 6 5 6109
9 6 6 0
9 6 7 8132
9 6 8 7767
9 6 9 0
9 6 10 5497
9 7 0 6388
9 7 1 8046
9 7 2 8090
9 7 3 5275
9 7 4 7161
9 7 5 7846
9 7 6 6887
9 7 7 0
9 7 8 9332
9 7 9 0
9 7 10 5407
9 8 0 4469
9 8 1 6326
9 8 2 5634
9 8 3 4178
9 8 4 8709
9 8 5 7528
9 8 6 3971
9 8 7 7583
9 8 8 0
9 8 9 0
9 8 10 5488
9 9 0 0
9 9 1 0
9 9 2 0
9 9 3 0
9 9 4 0
9 9 5 0
9 9 6 0
9 9 7 0
9 9 8 0
9 9 9 0
9 9 10 0
9 10 0 7922
9 10 1 6140
9 10 2 4187
9 10 3 8808
9 10 4 8086
9 10 5 6473
9 10 6 4835
9 10 7 4490
9 10 8 5086
9 10 9 0
9 10 10 0
10 0 0 0
10 0 1 8787
10 0 2 3945
10 0 3 8535
10 0 4 8558
10 0 5 4156
10 0 6 6757
10 0 7 6192
10 0 8 5477
10 0 9 5817
10 0 10 0
10 1 0 3345
10 1 1 0
10 1 2 3442
10 1 3 4374
10 1 4 6374
10 1 5 6817
10 1 6 3043
10 1 7 6233
10 1 8 2543
10 1 9 6237
10 1 10 0
10 2 0 793
10 2 1 1348
10 2 2 0
10 2 3 799
10 2 4 4970
10 2 5 1703
10 2 6 2713
10 2 7 4363
10 2 8 186
10 2 9 5043
10 2 10 0
10 3 0 9036
10 3 1 9260
10 3 2 8452
10 3 3 0
10 3 4 4907
10 3 5 8109
10 3 6 8413
10 3 7 9665
10 3 8 5026
10 3 9 6235
10 3 10 0
10 4 0 4217
10 4 1 5867
10 4 2 5894
10 4 3 4637
10 4 4 0
10 4 5 8177
10 4 6 7267
10 4 7 7591
10 4 8 4147
10 4 9 5938
10 4 10 0
10 5 0 6624
10 5 1 3273
10 5 2 3012
10 5 3 5053
10 5 4 4261
10 5 5 0
10 5 6 3538
10 5 7 4548
10 5 8 6667
10 5 9 3766
10 5 10 0
10 6 0 2952
10 6 1 2056
10 6 2 2576
10 6 3 4766
10 6 4 4639
10 6 5 3124
10 6 6 0
10 6 7 5147
10 6 8 4782
10 6 9 5497
10 6 10 0
10 7 0 2322
10 7 1 3980
10 7 2 4024
10 7 3 1209
10 7 4 3095
10 7 5 3780
10 7 6 2821
10 7 7 0
10 7 8 5266
10 7 9 5407
10 7 10 0
10 8 0 1721
10 8 1 3578
10 8 2 2886
10 8 3 1430
10 8 4 5961
10 8 5 4780
10 8 6 1223
10 8 7 4835
10 8 8 0
10 8 9 5488
10 8 10 0
10 9 0 3551
10 9 1 4002
10 9 2 3778
10 9 3 3808
10 9 4 5229
10 9 5 6403
10 9 6 5891
10 9 7 6627
10 9 8 5905
10 9 9 0
10 9 10 0
10 10 0 0
10 10 1 0
10 10 2 0
10 10 3 0
10 10 4 0
10 10 5 0
10 10 6 0
10 10 7 0
10 10 8 0
10 10 9 0
10 10 10 0
