13
0 0 0 0
0 0 1 0
0 0 2 0
0 0 3 0
0 0 4 0
0 0 5 0
0 0 6 0
0 0 7 0
0 0 8 0
0 0 9 0
0 0 10 0
0 0 11 0
0 0 12 0
0 1 0 0
0 1 1 0
0 1 2 4492
0 1 3 8296
0 1 4 3520
0 1 5 6308
0 1 6 6823
0 1 7 6117
0 1 8 3883
0 1 9 4089
0 1 10 4496
0 1 11 3962
0 1 12 8463
0 2 0 0
0 2 1 7291
0 2 2 0
0 2 3 8060
0 2 4 4767
0 2 5 8252
0 2 6 4617
0 2 7 6551
0 2 8 4321
0 2 9 8021
0 2 10 7158
0 2 11 8177
0 2 12 5394
0 3 0 0
0 3 1 481
0 3 2 1766
0 3 3 0
0 3 4 4777
0 3 5 908
0 3 6 647
0 3 7 2594
0 3 8 3697
0 3 9 484
0 3 10 1575
0 3 11 616
0 3 12 2777
0 4 0 0
0 4 1 2911
0 4 2 3844
0 4 3 4336
0 4 4 0
0 4 5 6194
0 4 6 2424
0 4 7 3624
0 4 8 4928
0 4 9 3904
0 4 10 2363
0 4 11 6638
0 4 12 5568
0 5 0 0
0 5 1 7003
0 5 2 8773
0 5 3 8582
0 5 4 8819
0 5 5 0
0 5 6 4663
0 5 7 8242
0 5 8 8246
0 5 9 4755
0 5 10 8532
0 5 11 4791
0 5 12 5606
0 6 0 0
0 6 1 8998
0 6 2 9530
0 6 3 4877
0 6 4 7674
0 6 5 8042
0 6 6 0
0 6 7 7661
0 6 8 5351
0 6 9 7608
0 6 10 7558
0 6 11 6450
0 6 12 8074
0 7 0 0
0 7 1 8210
0 7 2 3792
0 7 3 5631
0 7 4 7492
0 7 5 5722
0 7 6 6108
0 7 7 0
0 7 8 6153
0 7 9 8196
0 7 10 7603
0 7 11 4529
0 7 12 3892
0 8 0 0
0 8 1 7487
0 8 2 4421
0 8 3 4443
0 8 4 6269
0 8 5 3134
0 8 6 5006
0 8 7 7013
0 8 8 0
0 8 9 6560
0 8 10 2815
0 8 11 4670
0 8 12 7504
0 9 0 0
0 9 1 4710
0 9 2 6130
0 9 3 6057
0 9 4 5275
0 9 5 5119
0 9 6 4620
0 9 7 3423
0 9 8 3284
0 9 9 0
0 9 10 6259
0 9 11 2619
0 9 12 5784
0 10 0 0
0 10 1 8773
0 10 2 6569
0 10 3 9245
0 10 4 7050
0 10 5 5157
0 10 6 8104
0 10 7 4527
0 10 8 6870
0 10 9 6388
0 10 10 0
0 10 11 5641
0 10 12 6993
0 11 0 0
0 11 1 2448
0 11 2 3798
0 11 3 4352
0 11 4 1818
0 11 5 5372
0 11 6 2051
0 11 7 1594
0 11 8 5264
0 11 9 2009
0 11 10 3546
0 11 11 0
0 11 12 1618
0 12 0 0
0 12 1 3829
0 12 2 1975
0 12 3 1895
0 12 4 3964
0 12 5 3967
0 12 6 3229
0 12 7 5856
0 12 8 4067
0 12 9 5885
0 12 10 6442
0 12 11 4600
0 12 12 0
1 0 0 0
1 0 1 0
1 0 2 4829
1 0 3 804
1 0 4 2918
1 0 5 4897
1 0 6 5431
1 0 7 4070
1 0 8 3456
1 0 9 2362
1 0 10 5136
1 0 11 1946
1 0 12 2367
1 1 0 0
1 1 1 0
1 1 2 0
1 1 3 0
1 1 4 0
1 1 5 0
1 1 6 0
1 1 7 0
1 1 8 0
1 1 9 0
1 1 10 0
1 1 11 0
1 1 12 0
1 2 0 7291
1 2 1 0
1 2 2 0
1 2 3 4977
1 2 4 1684
1 2 5 5169
1 2 6 1534
1 2 7 3468
1 2 8 1238
1 2 9 4938
1 2 10 4075
1 2 11 5094
1 2 12 2311
1 3 0 481
1 3 1 0
1 3 2 6512
1 3 3 0
1 3 4 9523
1 3 5 5654
1 3 6 5393
1 3 7 7340
1 3 8 8443
1 3 9 5230
1 3 10 6321
1 3 11 5362
1 3 12 7523
1 4 0 2911
1 4 1 0
1 4 2 1700
1 4 3 2192
1 4 4 0
1 4 5 4050
1 4 6 280
1 4 7 1480
1 4 8 2784
1 4 9 1760
1 4 10 219
1 4 11 4494
1 4 12 3424
1 5 0 7003
1 5 1 0
1 5 2 7438
1 5 3 7247
1 5 4 7484
1 5 5 0
1 5 6 3328
1 5 7 6907
1 5 8 6911
1 5 9 3420
1 5 10 7197
1 5 11 3456
1 5 12 4271
1 6 0 8998
1 6 1 0
1 6 2 8176
1 6 3 3523
1 6 4 6320
1 6 5 6688
1 6 6 0
1 6 7 6307
1 6 8 3997
1 6 9 6254
1 6 10 6204
1 6 11 5096
1 6 12 6720
1 7 0 8210
1 7 1 0
1 7 2 3093
1 7 3 4932
1 7 4 6793
1 7 5 5023
1 7 6 5409
1 7 7 0
1 7 8 5454
1 7 9 7497
1 7 10 6904
1 7 11 3830
1 7 12 3193
1 8 0 7487
1 8 1 0
1 8 2 2102
1 8 3 2124
1 8 4 3950
1 8 5 815
1 8 6 2687
1 8 7 4694
1 8 8 0
1 8 9 4241
1 8 10 496
1 8 11 2351
1 8 12 5185
1 9 0 4710
1 9 1 0
1 9 2 5111
1 9 3 5038
1 9 4 4256
1 9 5 4100
1 9 6 3601
1 9 7 2404
1 9 8 2265
1 9 9 0
1 9 10 5240
1 9 11 1600
1 9 12 4765
1 10 0 8773
1 10 1 0
1 10 2 3183
1 10 3 5859
1 10 4 3664
1 10 5 1771
1 10 6 4718
1 10 7 1141
1 10 8 3484
1 10 9 3002
1 10 10 0
1 10 11 2255
1 10 12 3607
1 11 0 2448
1 11 1 0
1 11 2 3068
1 11 3 3622
1 11 4 1088
1 11 5 4642
1 11 6 1321
1 11 7 864
1 11 8 4534
1 11 9 1279
1 11 10 2816
1 11 11 0
1 11 12 888
1 12 0 3829
1 12 1 0
1 12 2 5325
1 12 3 5245
1 12 4 7314
1 12 5 7317
1 12 6 6579
1 12 7 9206
1 12 8 7417
1 12 9 9235
1 12 10 9792
1 12 11 7950
1 12 12 0
2 0 0 0
2 0 1 4829
2 0 2 0
2 0 3 1141
2 0 4 3255
2 0 5 5234
2 0 6 5768
2 0 7 4407
2 0 8 3793
2 0 9 2699
2 0 10 5473
2 0 11 2283
2 0 12 2704
2 1 0 4492
2 1 1 0
2 1 2 0
2 1 3 8012
2 1 4 3236
2 1 5 6024
2 1 6 6539
2 1 7 5833
2 1 8 3599
2 1 9 3805
2 1 10 4212
2 1 11 3678
2 1 12 8179
2 2 0 0
2 2 1 0
2 2 2 0
2 2 3 0
2 2 4 0
2 2 5 0
2 2 6 0
2 2 7 0
2 2 8 0
2 2 9 0
2 2 10 0
2 2 11 0
2 2 12 0
2 3 0 1766
2 3 1 6512
2 3 2 0
2 3 3 0
2 3 4 8722
2 3 5 4853
2 3 6 4592
2 3 7 6539
2 3 8 7642
2 3 9 4429
2 3 10 5520
2 3 11 4561
2 3 12 6722
2 4 0 3844
2 4 1 1700
2 4 2 0
2 4 3 2874
2 4 4 0
2 4 5 4732
2 4 6 962
2 4 7 2162
2 4 8 3466
2 4 9 2442
2 4 10 901
2 4 11 5176
2 4 12 4106
2 5 0 8773
2 5 1 7438
2 5 2 0
2 5 3 8626
2 5 4 8863
2 5 5 0
2 5 6 4707
2 5 7 8286
2 5 8 8290
2 5 9 4799
2 5 10 8576
2 5 11 4835
2 5 12 5650
2 6 0 9530
2 6 1 8176
2 6 2 0
2 6 3 752
2 6 4 3549
2 6 5 3917
2 6 6 0
2 6 7 3536
2 6 8 1226
2 6 9 3483
2 6 10 3433
2 6 11 2325
2 6 12 3949
2 7 0 3792
2 7 1 3093
2 7 2 0
2 7 3 4801
2 7 4 6662
2 7 5 4892
2 7 6 5278
2 7 7 0
2 7 8 5323
2 7 9 7366
2 7 10 6773
2 7 11 3699
2 7 12 3062
2 8 0 4421
2 8 1 2102
2 8 2 0
2 8 3 1997
2 8 4 3823
2 8 5 688
2 8 6 2560
2 8 7 4567
2 8 8 0
2 8 9 4114
2 8 10 369
2 8 11 2224
2 8 12 5058
2 9 0 6130
2 9 1 5111
2 9 2 0
2 9 3 8405
2 9 4 7623
2 9 5 7467
2 9 6 6968
2 9 7 5771
2 9 8 5632
2 9 9 0
2 9 10 8607
2 9 11 4967
2 9 12 8132
2 10 0 6569
2 10 1 3183
2 10 2 0
2 10 3 7956
2 10 4 5761
2 10 5 3868
2 10 6 6815
2 10 7 3238
2 10 8 5581
2 10 9 5099
2 10 10 0
2 10 11 4352
2 10 12 5704
2 11 0 3798
2 11 1 3068
2 11 2 0
2 11 3 7272
2 11 4 4738
2 11 5 8292
2 11 6 4971
2 11 7 4514
2 11 8 8184
2 11 9 4929
2 11 10 6466
2 11 11 0
2 11 12 4538
2 12 0 1975
2 12 1 5325
2 12 2 0
2 12 3 1611
2 12 4 3680
2 12 5 3683
2 12 6 2945
2 12 7 5572
2 12 8 3783
2 12 9 5601
2 12 10 6158
2 12 11 4316
2 12 12 0
3 0 0 0
3 0 1 804
3 0 2 1141
3 0 3 0
3 0 4 4519
3 0 5 6498
3 0 6 7032
3 0 7 5671
3 0 8 5057
3 0 9 3963
3 0 10 6737
3 0 11 3547
3 0 12 3968
3 1 0 8296
3 1 1 0
3 1 2 8012
3 1 3 0
3 1 4 451
3 1 5 3239
3 1 6 3754
3 1 7 3048
3 1 8 814
3 1 9 1020
3 1 10 1427
3 1 11 893
3 1 12 5394
3 2 0 8060
3 2 1 4977
3 2 2 0
3 2 3 0
3 2 4 2418
3 2 5 5903
3 2 6 2268
3 2 7 4202
3 2 8 1972
3 2 9 5672
3 2 10 4809
3 2 11 5828
3 2 12 3045
3 3 0 0
3 3 1 0
3 3 2 0
3 3 3 0
3 3 4 0
3 3 5 0
3 3 6 0
3 3 7 0
3 3 8 0
3 3 9 0
3 3 10 0
3 3 11 0
3 3 12 0
3 4 0 4336
3 4 1 2192
3 4 2 2874
3 4 3 0
3 4 4 0
3 4 5 8767
3 4 6 4997
3 4 7 6197
3 4 8 7501
3 4 9 6477
3 4 10 4936
3 4 11 9211
3 4 12 8141
3 5 0 8582
3 5 1 7247
3 5 2 8626
3 5 3 0
3 5 4 5544
3 5 5 0
3 5 6 1388
3 5 7 4967
3 5 8 4971
3 5 9 1480
3 5 10 5257
3 5 11 1516
3 5 12 2331
3 6 0 4877
3 6 1 3523
3 6 2 752
3 6 3 0
3 6 4 3604
3 6 5 3972
3 6 6 0
3 6 7 3591
3 6 8 1281
3 6 9 3538
3 6 10 3488
3 6 11 2380
3 6 12 4004
3 7 0 5631
3 7 1 4932
3 7 2 4801
3 7 3 0
3 7 4 6730
3 7 5 4960
3 7 6 5346
3 7 7 0
3 7 8 5391
3 7 9 7434
3 7 10 6841
3 7 11 3767
3 7 12 3130
3 8 0 4443
3 8 1 2124
3 8 2 1997
3 8 3 0
3 8 4 7224
3 8 5 4089
3 8 6 5961
3 8 7 7968
3 8 8 0
3 8 9 7515
3 8 10 3770
3 8 11 5625
3 8 12 8459
3 9 0 6057
3 9 1 5038
3 9 2 8405
3 9 3 0
3 9 4 4111
3 9 5 3955
3 9 6 3456
3 9 7 2259
3 9 8 2120
3 9 9 0
3 9 10 5095
3 9 11 1455
3 9 12 4620
3 10 0 9245
3 10 1 5859
3 10 2 7956
3 10 3 0
3 10 4 4203
3 10 5 2310
3 10 6 5257
3 10 7 1680
3 10 8 4023
3 10 9 3541
3 10 10 0
3 10 11 2794
3 10 12 4146
3 11 0 4352
3 11 1 3622
3 11 2 7272
3 11 3 0
3 11 4 1202
3 11 5 4756
3 11 6 1435
3 11 7 978
3 11 8 4648
3 11 9 1393
3 11 10 2930
3 11 11 0
3 11 12 1002
3 12 0 1895
3 12 1 5245
3 12 2 1611
3 12 3 0
3 12 4 5088
3 12 5 5091
3 12 6 4353
3 12 7 6980
3 12 8 5191
3 12 9 7009
3 12 10 7566
3 12 11 5724
3 12 12 0
4 0 0 0
4 0 1 2918
4 0 2 3255
4 0 3 4519
4 0 4 0
4 0 5 8180
4 0 6 8714
4 0 7 7353
4 0 8 6739
4 0 9 5645
4 0 10 8419
4 0 11 5229
4 0 12 5650
4 1 0 3520
4 1 1 0
4 1 2 3236
4 1 3 451
4 1 4 0
4 1 5 3555
4 1 6 4070
4 1 7 3364
4 1 8 1130
4 1 9 1336
4 1 10 1743
4 1 11 1209
4 1 12 5710
4 2 0 4767
4 2 1 1684
4 2 2 0
4 2 3 2418
4 2 4 0
4 2 5 5867
4 2 6 2232
4 2 7 4166
4 2 8 1936
4 2 9 5636
4 2 10 4773
4 2 11 5792
4 2 12 3009
4 3 0 4777
4 3 1 9523
4 3 2 8722
4 3 3 0
4 3 4 0
4 3 5 3040
4 3 6 2779
4 3 7 4726
4 3 8 5829
4 3 9 2616
4 3 10 3707
4 3 11 2748
4 3 12 4909
4 4 0 0
4 4 1 0
4 4 2 0
4 4 3 0
4 4 4 0
4 4 5 0
4 4 6 0
4 4 7 0
4 4 8 0
4 4 9 0
4 4 10 0
4 4 11 0
4 4 12 0
4 5 0 8819
4 5 1 7484
4 5 2 8863
4 5 3 5544
4 5 4 0
4 5 5 0
4 5 6 4560
4 5 7 8139
4 5 8 8143
4 5 9 4652
4 5 10 8429
4 5 11 4688
4 5 12 5503
4 6 0 7674
4 6 1 6320
4 6 2 3549
4 6 3 3604
4 6 4 0
4 6 5 3635
4 6 6 0
4 6 7 3254
4 6 8 944
4 6 9 3201
4 6 10 3151
4 6 11 2043
4 6 12 3667
4 7 0 7492
4 7 1 6793
4 7 2 6662
4 7 3 6730
4 7 4 0
4 7 5 3876
4 7 6 4262
4 7 7 0
4 7 8 4307
4 7 9 6350
4 7 10 5757
4 7 11 2683
4 7 12 2046
4 8 0 6269
4 8 1 3950
4 8 2 3823
4 8 3 7224
4 8 4 0
4 8 5 3206
4 8 6 5078
4 8 7 7085
4 8 8 0
4 8 9 6632
4 8 10 2887
4 8 11 4742
4 8 12 7576
4 9 0 5275
4 9 1 4256
4 9 2 7623
4 9 3 4111
4 9 4 0
4 9 5 5261
4 9 6 4762
4 9 7 3565
4 9 8 3426
4 9 9 0
4 9 10 6401
4 9 11 2761
4 9 12 5926
4 10 0 7050
4 10 1 3664
4 10 2 5761
4 10 3 4203
4 10 4 0
4 10 5 984
4 10 6 3931
4 10 7 354
4 10 8 2697
4 10 9 2215
4 10 10 0
4 10 11 1468
4 10 12 2820
4 11 0 1818
4 11 1 1088
4 11 2 4738
4 11 3 1202
4 11 4 0
4 11 5 8664
4 11 6 5343
4 11 7 4886
4 11 8 8556
4 11 9 5301
4 11 10 6838
4 11 11 0
4 11 12 4910
4 12 0 3964
4 12 1 7314
4 12 2 3680
4 12 3 5088
4 12 4 0
4 12 5 5768
4 12 6 5030
4 12 7 7657
4 12 8 5868
4 12 9 7686
4 12 10 8243
4 12 11 6401
4 12 12 0
5 0 0 0
5 0 1 4897
5 0 2 5234
5 0 3 6498
5 0 4 8180
5 0 5 0
5 0 6 6871
5 0 7 5510
5 0 8 4896
5 0 9 3802
5 0 10 6576
5 0 11 3386
5 0 12 3807
5 1 0 6308
5 1 1 0
5 1 2 6024
5 1 3 3239
5 1 4 3555
5 1 5 0
5 1 6 6183
5 1 7 5477
5 1 8 3243
5 1 9 3449
5 1 10 3856
5 1 11 3322
5 1 12 7823
5 2 0 8252
5 2 1 5169
5 2 2 0
5 2 3 5903
5 2 4 5867
5 2 5 0
5 2 6 5182
5 2 7 7116
5 2 8 4886
5 2 9 8586
5 2 10 7723
5 2 11 8742
5 2 12 5959
5 3 0 908
5 3 1 5654
5 3 2 4853
5 3 3 0
5 3 4 3040
5 3 5 0
5 3 6 5046
5 3 7 6993
5 3 8 8096
5 3 9 4883
5 3 10 5974
5 3 11 5015
5 3 12 7176
5 4 0 6194
5 4 1 4050
5 4 2 4732
5 4 3 8767
5 4 4 0
5 4 5 0
5 4 6 4946
5 4 7 6146
5 4 8 7450
5 4 9 6426
5 4 10 4885
5 4 11 9160
5 4 12 8090
5 5 0 0
5 5 1 0
5 5 2 0
5 5 3 0
5 5 4 0
5 5 5 0
5 5 6 0
5 5 7 0
5 5 8 0
5 5 9 0
5 5 10 0
5 5 11 0
5 5 12 0
5 6 0 8042
5 6 1 6688
5 6 2 3917
5 6 3 3972
5 6 4 3635
5 6 5 0
5 6 6 0
5 6 7 3514
5 6 8 1204
5 6 9 3461
5 6 10 3411
5 6 11 2303
5 6 12 3927
5 7 0 5722
5 7 1 5023
5 7 2 4892
5 7 3 4960
5 7 4 3876
5 7 5 0
5 7 6 6901
5 7 7 0
5 7 8 6946
5 7 9 8989
5 7 10 8396
5 7 11 5322
5 7 12 4685
5 8 0 3134
5 8 1 815
5 8 2 688
5 8 3 4089
5 8 4 3206
5 8 5 0
5 8 6 6417
5 8 7 8424
5 8 8 0
5 8 9 7971
5 8 10 4226
5 8 11 6081
5 8 12 8915
5 9 0 5119
5 9 1 4100
5 9 2 7467
5 9 3 3955
5 9 4 5261
5 9 5 0
5 9 6 3634
5 9 7 2437
5 9 8 2298
5 9 9 0
5 9 10 5273
5 9 11 1633
5 9 12 4798
5 10 0 5157
5 10 1 1771
5 10 2 3868
5 10 3 2310
5 10 4 984
5 10 5 0
5 10 6 8121
5 10 7 4544
5 10 8 6887
5 10 9 6405
5 10 10 0
5 10 11 5658
5 10 12 7010
5 11 0 5372
5 11 1 4642
5 11 2 8292
5 11 3 4756
5 11 4 8664
5 11 5 0
5 11 6 1517
5 11 7 1060
5 11 8 4730
5 11 9 1475
5 11 10 3012
5 11 11 0
5 11 12 1084
5 12 0 3967
5 12 1 7317
5 12 2 3683
5 12 3 5091
5 12 4 5768
5 12 5 0
5 12 6 3089
5 12 7 5716
5 12 8 3927
5 12 9 5745
5 12 10 6302
5 12 11 4460
5 12 12 0
6 0 0 0
6 0 1 5431
6 0 2 5768
6 0 3 7032
6 0 4 8714
6 0 5 6871
6 0 6 0
6 0 7 4747
6 0 8 4133
6 0 9 3039
6 0 10 5813
6 0 11 2623
6 0 12 3044
6 1 0 6823
6 1 1 0
6 1 2 6539
6 1 3 3754
6 1 4 4070
6 1 5 6183
6 1 6 0
6 1 7 6938
6 1 8 4704
6 1 9 4910
6 1 10 5317
6 1 11 4783
6 1 12 9284
6 2 0 4617
6 2 1 1534
6 2 2 0
6 2 3 2268
6 2 4 2232
6 2 5 5182
6 2 6 0
6 2 7 7339
6 2 8 5109
6 2 9 8809
6 2 10 7946
6 2 11 8965
6 2 12 6182
6 3 0 647
6 3 1 5393
6 3 2 4592
6 3 3 0
6 3 4 2779
6 3 5 5046
6 3 6 0
6 3 7 2754
6 3 8 3857
6 3 9 644
6 3 10 1735
6 3 11 776
6 3 12 2937
6 4 0 2424
6 4 1 280
6 4 2 962
6 4 3 4997
6 4 4 0
6 4 5 4946
6 4 6 0
6 4 7 4467
6 4 8 5771
6 4 9 4747
6 4 10 3206
6 4 11 7481
6 4 12 6411
6 5 0 4663
6 5 1 3328
6 5 2 4707
6 5 3 1388
6 5 4 4560
6 5 5 0
6 5 6 0
6 5 7 7474
6 5 8 7478
6 5 9 3987
6 5 10 7764
6 5 11 4023
6 5 12 4838
6 6 0 0
6 6 1 0
6 6 2 0
6 6 3 0
6 6 4 0
6 6 5 0
6 6 6 0
6 6 7 0
6 6 8 0
6 6 9 0
6 6 10 0
6 6 11 0
6 6 12 0
6 7 0 6108
6 7 1 5409
6 7 2 5278
6 7 3 5346
6 7 4 4262
6 7 5 6901
6 7 6 0
6 7 7 0
6 7 8 5831
6 7 9 7874
6 7 10 7281
6 7 11 4207
6 7 12 3570
6 8 0 5006
6 8 1 2687
6 8 2 2560
6 8 3 5961
6 8 4 5078
6 8 5 6417
6 8 6 0
6 8 7 4995
6 8 8 0
6 8 9 4542
6 8 10 797
6 8 11 2652
6 8 12 5486
6 9 0 4620
6 9 1 3601
6 9 2 6968
6 9 3 3456
6 9 4 4762
6 9 5 3634
6 9 6 0
6 9 7 4756
6 9 8 4617
6 9 9 0
6 9 10 7592
6 9 11 3952
6 9 12 7117
6 10 0 8104
6 10 1 4718
6 10 2 6815
6 10 3 5257
6 10 4 3931
6 10 5 8121
6 10 6 0
6 10 7 3036
6 10 8 5379
6 10 9 4897
6 10 10 0
6 10 11 4150
6 10 12 5502
6 11 0 2051
6 11 1 1321
6 11 2 4971
6 11 3 1435
6 11 4 5343
6 11 5 1517
6 11 6 0
6 11 7 2185
6 11 8 5855
6 11 9 2600
6 11 10 4137
6 11 11 0
6 11 12 2209
6 12 0 3229
6 12 1 6579
6 12 2 2945
6 12 3 4353
6 12 4 5030
6 12 5 3089
6 12 6 0
6 12 7 7650
6 12 8 5861
6 12 9 7679
6 12 10 8236
6 12 11 6394
6 12 12 0
7 0 0 0
7 0 1 4070
7 0 2 4407
7 0 3 5671
7 0 4 7353
7 0 5 5510
7 0 6 4747
7 0 7 0
7 0 8 7064
7 0 9 5970
7 0 10 8744
7 0 11 5554
7 0 12 5975
7 1 0 6117
7 1 1 0
7 1 2 5833
7 1 3 3048
7 1 4 3364
7 1 5 5477
7 1 6 6938
7 1 7 0
7 1 8 5277
7 1 9 5483
7 1 10 5890
7 1 11 5356
7 1 12 9857
7 2 0 6551
7 2 1 3468
7 2 2 0
7 2 3 4202
7 2 4 4166
7 2 5 7116
7 2 6 7339
7 2 7 0
7 2 8 732
7 2 9 4432
7 2 10 3569
7 2 11 4588
7 2 12 1805
7 3 0 2594
7 3 1 7340
7 3 2 6539
7 3 3 0
7 3 4 4726
7 3 5 6993
7 3 6 2754
7 3 7 0
7 3 8 5972
7 3 9 2759
7 3 10 3850
7 3 11 2891
7 3 12 5052
7 4 0 3624
7 4 1 1480
7 4 2 2162
7 4 3 6197
7 4 4 0
7 4 5 6146
7 4 6 4467
7 4 7 0
7 4 8 6950
7 4 9 5926
7 4 10 4385
7 4 11 8660
7 4 12 7590
7 5 0 8242
7 5 1 6907
7 5 2 8286
7 5 3 4967
7 5 4 8139
7 5 5 0
7 5 6 7474
7 5 7 0
7 5 8 6519
7 5 9 3028
7 5 10 6805
7 5 11 3064
7 5 12 3879
7 6 0 7661
7 6 1 6307
7 6 2 3536
7 6 3 3591
7 6 4 3254
7 6 5 3514
7 6 6 0
7 6 7 0
7 6 8 3476
7 6 9 5733
7 6 10 5683
7 6 11 4575
7 6 12 6199
7 7 0 0
7 7 1 0
7 7 2 0
7 7 3 0
7 7 4 0
7 7 5 0
7 7 6 0
7 7 7 0
7 7 8 0
7 7 9 0
7 7 10 0
7 7 11 0
7 7 12 0
7 8 0 7013
7 8 1 4694
7 8 2 4567
7 8 3 7968
7 8 4 7085
7 8 5 8424
7 8 6 4995
7 8 7 0
7 8 8 0
7 8 9 6705
7 8 10 2960
7 8 11 4815
7 8 12 7649
7 9 0 3423
7 9 1 2404
7 9 2 5771
7 9 3 2259
7 9 4 3565
7 9 5 2437
7 9 6 4756
7 9 7 0
7 9 8 6566
7 9 9 0
7 9 10 9541
7 9 11 5901
7 9 12 9066
7 10 0 4527
7 10 1 1141
7 10 2 3238
7 10 3 1680
7 10 4 354
7 10 5 4544
7 10 6 3036
7 10 7 0
7 10 8 6785
7 10 9 6303
7 10 10 0
7 10 11 5556
7 10 12 6908
7 11 0 1594
7 11 1 864
7 11 2 4514
7 11 3 978
7 11 4 4886
7 11 5 1060
7 11 6 2185
7 11 7 0
7 11 8 5295
7 11 9 2040
7 11 10 3577
7 11 11 0
7 11 12 1649
7 12 0 5856
7 12 1 9206
7 12 2 5572
7 12 3 6980
7 12 4 7657
7 12 5 5716
7 12 6 7650
7 12 7 0
7 12 8 3040
7 12 9 4858
7 12 10 5415
7 12 11 3573
7 12 12 0
8 0 0 0
8 0 1 3456
8 0 2 3793
8 0 3 5057
8 0 4 6739
8 0 5 4896
8 0 6 4133
8 0 7 7064
8 0 8 0
8 0 9 3745
8 0 10 6519
8 0 11 3329
8 0 12 3750
8 1 0 3883
8 1 1 0
8 1 2 3599
8 1 3 814
8 1 4 1130
8 1 5 3243
8 1 6 4704
8 1 7 5277
8 1 8 0
8 1 9 5374
8 1 10 5781
8 1 11 5247
8 1 12 9748
8 2 0 4321
8 2 1 1238
8 2 2 0
8 2 3 1972
8 2 4 1936
8 2 5 4886
8 2 6 5109
8 2 7 732
8 2 8 0
8 2 9 5675
8 2 10 4812
8 2 11 5831
8 2 12 3048
8 3 0 3697
8 3 1 8443
8 3 2 7642
8 3 3 0
8 3 4 5829
8 3 5 8096
8 3 6 3857
8 3 7 5972
8 3 8 0
8 3 9 2185
8 3 10 3276
8 3 11 2317
8 3 12 4478
8 4 0 4928
8 4 1 2784
8 4 2 3466
8 4 3 7501
8 4 4 0
8 4 5 7450
8 4 6 5771
8 4 7 6950
8 4 8 0
8 4 9 5317
8 4 10 3776
8 4 11 8051
8 4 12 6981
8 5 0 8246
8 5 1 6911
8 5 2 8290
8 5 3 4971
8 5 4 8143
8 5 5 0
8 5 6 7478
8 5 7 6519
8 5 8 0
8 5 9 1054
8 5 10 4831
8 5 11 1090
8 5 12 1905
8 6 0 5351
8 6 1 3997
8 6 2 1226
8 6 3 1281
8 6 4 944
8 6 5 1204
8 6 6 0
8 6 7 3476
8 6 8 0
8 6 9 5245
8 6 10 5195
8 6 11 4087
8 6 12 5711
8 7 0 6153
8 7 1 5454
8 7 2 5323
8 7 3 5391
8 7 4 4307
8 7 5 6946
8 7 6 5831
8 7 7 0
8 7 8 0
8 7 9 9201
8 7 10 8608
8 7 11 5534
8 7 12 4897
8 8 0 0
8 8 1 0
8 8 2 0
8 8 3 0
8 8 4 0
8 8 5 0
8 8 6 0
8 8 7 0
8 8 8 0
8 8 9 0
8 8 10 0
8 8 11 0
8 8 12 0
8 9 0 3284
8 9 1 2265
8 9 2 5632
8 9 3 2120
8 9 4 3426
8 9 5 2298
8 9 6 4617
8 9 7 6566
8 9 8 0
8 9 9 0
8 9 10 8519
8 9 11 4879
8 9 12 8044
8 10 0 6870
8 10 1 3484
8 10 2 5581
8 10 3 4023
8 10 4 2697
8 10 5 6887
8 10 6 5379
8 10 7 6785
8 10 8 0
8 10 9 2129
8 10 10 0
8 10 11 1382
8 10 12 2734
8 11 0 5264
8 11 1 4534
8 11 2 8184
8 11 3 4648
8 11 4 8556
8 11 5 4730
8 11 6 5855
8 11 7 5295
8 11 8 0
8 11 9 2795
8 11 10 4332
8 11 11 0
8 11 12 2404
8 12 0 4067
8 12 1 7417
8 12 2 3783
8 12 3 5191
8 12 4 5868
8 12 5 3927
8 12 6 5861
8 12 7 3040
8 12 8 0
8 12 9 9084
8 12 10 9641
8 12 11 7799
8 12 12 0
9 0 0 0
9 0 1 2362
9 0 2 2699
9 0 3 3963
9 0 4 5645
9 0 5 3802
9 0 6 3039
9 0 7 5970
9 0 8 3745
9 0 9 0
9 0 10 4865
9 0 11 1675
9 0 12 2096
9 1 0 4089
9 1 1 0
9 1 2 3805
9 1 3 1020
9 1 4 1336
9 1 5 3449
9 1 6 4910
9 1 7 5483
9 1 8 5374
9 1 9 0
9 1 10 4098
9 1 11 3564
9 1 12 8065
9 2 0 8021
9 2 1 4938
9 2 2 0
9 2 3 5672
9 2 4 5636
9 2 5 8586
9 2 6 8809
9 2 7 4432
9 2 8 5675
9 2 9 0
9 2 10 7615
9 2 11 8634
9 2 12 5851
9 3 0 484
9 3 1 5230
9 3 2 4429
9 3 3 0
9 3 4 2616
9 3 5 4883
9 3 6 644
9 3 7 2759
9 3 8 2185
9 3 9 0
9 3 10 5984
9 3 11 5025
9 3 12 7186
9 4 0 3904
9 4 1 1760
9 4 2 2442
9 4 3 6477
9 4 4 0
9 4 5 6426
9 4 6 4747
9 4 7 5926
9 4 8 5317
9 4 9 0
9 4 10 3876
9 4 11 8151
9 4 12 7081
9 5 0 4755
9 5 1 3420
9 5 2 4799
9 5 3 1480
9 5 4 4652
9 5 5 0
9 5 6 3987
9 5 7 3028
9 5 8 1054
9 5 9 0
9 5 10 7910
9 5 11 4169
9 5 12 4984
9 6 0 7608
9 6 1 6254
9 6 2 3483
9 6 3 3538
9 6 4 3201
9 6 5 3461
9 6 6 0
9 6 7 5733
9 6 8 5245
9 6 9 0
9 6 10 5903
9 6 11 4795
9 6 12 6419
9 7 0 8196
9 7 1 7497
9 7 2 7366
9 7 3 7434
9 7 4 6350
9 7 5 8989
9 7 6 7874
9 7 7 0
9 7 8 9201
9 7 9 0
9 7 10 6112
9 7 11 3038
9 7 12 2401
9 8 0 6560
9 8 1 4241
9 8 2 4114
9 8 3 7515
9 8 4 6632
9 8 5 7971
9 8 6 4542
9 8 7 6705
9 8 8 0
9 8 9 0
9 8 10 1799
9 8 11 3654
9 8 12 6488
9 9 0 0
9 9 1 0
9 9 2 0
9 9 3 0
9 9 4 0
9 9 5 0
9 9 6 0
9 9 7 0
9 9 8 0
9 9 9 0
9 9 10 0
9 9 11 0
9 9 12 0
9 10 0 6388
9 10 1 3002
9 10 2 5099
9 10 3 3541
9 10 4 2215
9 10 5 6405
9 10 6 4897
9 10 7 6303
9 10 8 2129
9 10 9 0
9 10 10 0
9 10 11 5920
9 10 12 7272
9 11 0 2009
9 11 1 1279
9 11 2 4929
9 11 3 1393
9 11 4 5301
9 11 5 1475
9 11 6 2600
9 11 7 2040
9 11 8 2795
9 11 9 0
9 11 10 3375
9 11 11 0
9 11 12 1447
9 12 0 5885
9 12 1 9235
9 12 2 5601
9 12 3 7009
9 12 4 7686
9 12 5 5745
9 12 6 7679
9 12 7 4858
9 12 8 9084
9 12 9 0
9 12 10 9015
9 12 11 7173
9 12 12 0
10 0 0 0
10 0 1 5136
10 0 2 5473
10 0 3 6737
10 0 4 8419
10 0 5 6576
10 0 6 5813
10 0 7 8744
10 0 8 6519
10 0 9 4865
10 0 10 0
10 0 11 1516
10 0 12 1937
10 1 0 4496
10 1 1 0
10 1 2 4212
10 1 3 1427
10 1 4 1743
10 1 5 3856
10 1 6 5317
10 1 7 5890
10 1 8 5781
10 1 9 4098
10 1 10 0
10 1 11 4853
10 1 12 9354
10 2 0 7158
10 2 1 4075
10 2 2 0
10 2 3 4809
10 2 4 4773
10 2 5 7723
10 2 6 7946
10 2 7 3569
10 2 8 4812
10 2 9 7615
10 2 10 0
10 2 11 6299
10 2 12 3516
10 3 0 1575
10 3 1 6321
10 3 2 5520
10 3 3 0
10 3 4 3707
10 3 5 5974
10 3 6 1735
10 3 7 3850
10 3 8 3276
10 3 9 5984
10 3 10 0
10 3 11 5439
10 3 12 7600
10 4 0 2363
10 4 1 219
10 4 2 901
10 4 3 4936
10 4 4 0
10 4 5 4885
10 4 6 3206
10 4 7 4385
10 4 8 3776
10 4 9 3876
10 4 10 0
10 4 11 7152
10 4 12 6082
10 5 0 8532
10 5 1 7197
10 5 2 8576
10 5 3 5257
10 5 4 8429
10 5 5 0
10 5 6 7764
10 5 7 6805
10 5 8 4831
10 5 9 7910
10 5 10 0
10 5 11 1433
10 5 12 2248
10 6 0 7558
10 6 1 6204
10 6 2 3433
10 6 3 3488
10 6 4 3151
10 6 5 3411
10 6 6 0
10 6 7 5683
10 6 8 5195
10 6 9 5903
10 6 10 0
10 6 11 5505
10 6 12 7129
10 7 0 7603
10 7 1 6904
10 7 2 6773
10 7 3 6841
10 7 4 5757
10 7 5 8396
10 7 6 7281
10 7 7 0
10 7 8 8608
10 7 9 6112
10 7 10 0
10 7 11 1368
10 7 12 731
10 8 0 2815
10 8 1 496
10 8 2 369
10 8 3 3770
10 8 4 2887
10 8 5 4226
10 8 6 797
10 8 7 2960
10 8 8 0
10 8 9 1799
10 8 10 0
10 8 11 4466
10 8 12 7300
10 9 0 6259
10 9 1 5240
10 9 2 8607
10 9 3 5095
10 9 4 6401
10 9 5 5273
10 9 6 7592
10 9 7 9541
10 9 8 8519
10 9 9 0
10 9 10 0
10 9 11 3027
10 9 12 6192
10 10 0 0
10 10 1 0
10 10 2 0
10 10 3 0
10 10 4 0
10 10 5 0
10 10 6 0
10 10 7 0
10 10 8 0
10 10 9 0
10 10 10 0
10 10 11 0
10 10 12 0
10 11 0 3546
10 11 1 2816
10 11 2 6466
10 11 3 2930
10 11 4 6838
10 11 5 3012
10 11 6 4137
10 11 7 3577
10 11 8 4332
10 11 9 3375
10 11 10 0
10 11 11 0
10 11 12 1695
10 12 0 6442
10 12 1 9792
10 12 2 6158
10 12 3 7566
10 12 4 8243
10 12 5 6302
10 12 6 8236
10 12 7 5415
10 12 8 9641
10 12 9 9015
10 12 10 0
10 12 11 5608
10 12 12 0
11 0 0 0
11 0 1 1946
11 0 2 2283
11 0 3 3547
11 0 4 5229
11 0 5 3386
11 0 6 2623
11 0 7 5554
11 0 8 3329
11 0 9 1675
11 0 10 1516
11 0 11 0
11 0 12 3272
11 1 0 3962
11 1 1 0
11 1 2 3678
11 1 3 893
11 1 4 1209
11 1 5 3322
11 1 6 4783
11 1 7 5356
11 1 8 5247
11 1 9 3564
11 1 10 4853
11 1 11 0
11 1 12 6219
11 2 0 8177
11 2 1 5094
11 2 2 0
11 2 3 5828
11 2 4 5792
11 2 5 8742
11 2 6 8965
11 2 7 4588
11 2 8 5831
11 2 9 8634
11 2 10 6299
11 2 11 0
11 2 12 3935
11 3 0 616
11 3 1 5362
11 3 2 4561
11 3 3 0
11 3 4 2748
11 3 5 5015
11 3 6 776
11 3 7 2891
11 3 8 2317
11 3 9 5025
11 3 10 5439
11 3 11 0
11 3 12 5897
11 4 0 6638
11 4 1 4494
11 4 2 5176
11 4 3 9211
11 4 4 0
11 4 5 9160
11 4 6 7481
11 4 7 8660
11 4 8 8051
11 4 9 8151
11 4 10 7152
11 4 11 0
11 4 12 4040
11 5 0 4791
11 5 1 3456
11 5 2 4835
11 5 3 1516
11 5 4 4688
11 5 5 0
11 5 6 4023
11 5 7 3064
11 5 8 1090
11 5 9 4169
11 5 10 1433
11 5 11 0
11 5 12 5653
11 6 0 6450
11 6 1 5096
11 6 2 2325
11 6 3 2380
11 6 4 2043
11 6 5 2303
11 6 6 0
11 6 7 4575
11 6 8 4087
11 6 9 4795
11 6 10 5505
11 6 11 0
11 6 12 4266
11 7 0 4529
11 7 1 3830
11 7 2 3699
11 7 3 3767
11 7 4 2683
11 7 5 5322
11 7 6 4207
11 7 7 0
11 7 8 5534
11 7 9 3038
11 7 10 1368
11 7 11 0
11 7 12 988
11 8 0 4670
11 8 1 2351
11 8 2 2224
11 8 3 5625
11 8 4 4742
11 8 5 6081
11 8 6 2652
11 8 7 4815
11 8 8 0
11 8 9 3654
11 8 10 4466
11 8 11 0
11 8 12 8884
11 9 0 2619
11 9 1 1600
11 9 2 4967
11 9 3 1455
11 9 4 2761
11 9 5 1633
11 9 6 3952
11 9 7 5901
11 9 8 4879
11 9 9 0
11 9 10 3027
11 9 11 0
11 9 12 5003
11 10 0 5641
11 10 1 2255
11 10 2 4352
11 10 3 2794
11 10 4 1468
11 10 5 5658
11 10 6 4150
11 10 7 5556
11 10 8 1382
11 10 9 5920
11 10 10 0
11 10 11 0
11 10 12 4975
11 11 0 0
11 11 1 0
11 11 2 0
11 11 3 0
11 11 4 0
11 11 5 0
11 11 6 0
11 11 7 0
11 11 8 0
11 11 9 0
11 11 10 0
11 11 11 0
11 11 12 0
11 12 0 4600
11 12 1 7950
11 12 2 4316
11 12 3 5724
11 12 4 6401
11 12 5 4460
11 12 6 6394
11 12 7 3573
11 12 8 7799
11 12 9 7173
11 12 10 5608
11 12 11 0
11 12 12 0
12 0 0 0
12 0 1 2367
12 0 2 2704
12 0 3 3968
12 0 4 5650
12 0 5 3807
12 0 6 3044
12 0 7 5975
12 0 8 3750
12 0 9 2096
12 0 10 1937
12 0 11 3272
12 0 12 0
12 1 0 8463
12 1 1 0
12 1 2 8179
12 1 3 5394
12 1 4 5710
12 1 5 7823
12 1 6 9284
12 1 7 9857
12 1 8 9748
12 1 9 8065
12 1 10 9354
12 1 11 6219
12 1 12 0
12 2 0 5394
12 2 1 2311
12 2 2 0
12 2 3 3045
12 2 4 3009
12 2 5 5959
12 2 6 6182
12 2 7 1805
12 2 8 3048
12 2 9 5851
12 2 10 3516
12 2 11 3935
12 2 12 0
12 3 0 2777
12 3 1 7523
12 3 2 6722
12 3 3 0
12 3 4 4909
12 3 5 7176
12 3 6 2937
12 3 7 5052
12 3 8 4478
12 3 9 7186
12 3 10 7600
12 3 11 5897
12 3 12 0
12 4 0 5568
12 4 1 3424
12 4 2 4106
12 4 3 8141
12 4 4 0
12 4 5 8090
12 4 6 6411
12 4 7 7590
12 4 8 6981
12 4 9 7081
12 4 10 6082
12 4 11 4040
12 4 12 0
12 5 0 5606
12 5 1 4271
12 5 2 5650
12 5 3 2331
12 5 4 5503
12 5 5 0
12 5 6 4838
12 5 7 3879
12 5 8 1905
12 5 9 4984
12 5 10 2248
12 5 11 5653
12 5 12 0
12 6 0 8074
12 6 1 6720
12 6 2 3949
12 6 3 4004
12 6 4 3667
12 6 5 3927
12 6 6 0
12 6 7 6199
12 6 8 5711
12 6 9 6419
12 6 10 7129
12 6 11 4266
12 6 12 0
12 7 0 3892
12 7 1 3193
12 7 2 3062
12 7 3 3130
12 7 4 2046
12 7 5 4685
12 7 6 3570
12 7 7 0
12 7 8 4897
12 7 9 2401
12 7 10 731
12 7 11 988
12 7 12 0
12 8 0 7504
12 8 1 5185
12 8 2 5058
12 8 3 8459
12 8 4 7576
12 8 5 8915
12 8 6 5486
12 8 7 7649
12 8 8 0
12 8 9 6488
12 8 10 7300
12 8 11 8884
12 8 12 0
12 9 0 5784
12 9 1 4765
12 9 2 8132
12 9 3 4620
12 9 4 5926
12 9 5 4798
12 9 6 7117
12 9 7 9066
12 9 8 8044
12 9 9 0
12 9 10 6192
12 9 11 5003
12 9 12 0
12 10 0 6993
12 10 1 3607
12 10 2 5704
12 10 3 4146
12 10 4 2820
12 10 5 7010
12 10 6 5502
12 10 7 6908
12 10 8 2734
12 10 9 7272
12 10 10 0
12 10 11 4975
12 10 12 0
12 11 0 1618
12 11 1 888
12 11 2 4538
12 11 3 1002
12 11 4 4910
12 11 5 1084
12 11 6 2209
12 11 7 1649
12 11 8 2404
12 11 9 1447
12 11 10 1695
12 11 11 0
12 11 12 0
12 12 0 0
12 12 1 0
12 12 2 0
12 12 3 0
12 12 4 0
12 12 5 0
12 12 6 0
12 12 7 0
12 12 8 0
12 12 9 0
12 12 10 0
12 12 11 0
12 12 12 0
