19
0 0 0 0
0 0 1 0
0 0 2 0
0 0 3 0
0 0 4 0
0 0 5 0
0 0 6 0
0 0 7 0
0 0 8 0
0 0 9 0
0 0 10 0
0 0 11 0
0 0 12 0
0 0 13 0
0 0 14 0
0 0 15 0
0 0 16 0
0 0 17 0
0 0 18 0
0 1 0 0
0 1 1 0
0 1 2 5615
0 1 3 4234
0 1 4 8104
0 1 5 7769
0 1 6 4485
0 1 7 5654
0 1 8 4066
0 1 9 4565
0 1 10 5505
0 1 11 8489
0 1 12 7061
0 1 13 6030
0 1 14 6666
0 1 15 6235
0 1 16 4291
0 1 17 6941
0 1 18 4038
0 2 0 0
0 2 1 4277
0 2 2 0
0 2 3 5959
0 2 4 8221
0 2 5 6969
0 2 6 5044
0 2 7 4296
0 2 8 6431
0 2 9 6391
0 2 10 4592
0 2 11 4387
0 2 12 8342
0 2 13 5849
0 2 14 4081
0 2 15 5053
0 2 16 3907
0 2 17 7637
0 2 18 3919
0 3 0 0
0 3 1 2996
0 3 2 5500
0 3 3 0
0 3 4 5415
0 3 5 3955
0 3 6 2669
0 3 7 6200
0 3 8 5068
0 3 9 4017
0 3 10 5361
0 3 11 5949
0 3 12 4646
0 3 13 5358
0 3 14 2985
0 3 15 6708
0 3 16 2352
0 3 17 6736
0 3 18 5649
0 4 0 0
0 4 1 6974
0 4 2 5825
0 4 3 5026
0 4 4 0
0 4 5 8633
0 4 6 8215
0 4 7 5799
0 4 8 6510
0 4 9 5634
0 4 10 5808
0 4 11 7253
0 4 12 8779
0 4 13 7583
0 4 14 8000
0 4 15 8835
0 4 16 7586
0 4 17 9258
0 4 18 6390
0 5 0 0
0 5 1 5867
0 5 2 9541
0 5 3 8273
0 5 4 7805
0 5 5 0
0 5 6 7016
0 5 7 8999
0 5 8 8960
0 5 9 6579
0 5 10 4986
0 5 11 9088
0 5 12 6316
0 5 13 8899
0 5 14 5516
0 5 15 7698
0 5 16 5535
0 5 17 4758
0 5 18 5986
0 6 0 0
0 6 1 3107
0 6 2 5097
0 6 3 4980
0 6 4 7587
0 6 5 4102
0 6 6 0
0 6 7 6126
0 6 8 3275
0 6 9 4297
0 6 10 5989
0 6 11 3934
0 6 12 3052
0 6 13 3521
0 6 14 6403
0 6 15 3776
0 6 16 5699
0 6 17 6059
0 6 18 5384
0 7 0 0
0 7 1 5810
0 7 2 4274
0 7 3 7466
0 7 4 6251
0 7 5 5497
0 7 6 8266
0 7 7 0
0 7 8 4614
0 7 9 6166
0 7 10 6399
0 7 11 4636
0 7 12 3948
0 7 13 6849
0 7 14 5562
0 7 15 5453
0 7 16 6940
0 7 17 4139
0 7 18 8340
0 8 0 0
0 8 1 5801
0 8 2 2821
0 8 3 6073
0 8 4 5103
0 8 5 5067
0 8 6 5471
0 8 7 1942
0 8 8 0
0 8 9 3180
0 8 10 4832
0 8 11 3690
0 8 12 3869
0 8 13 3808
0 8 14 3661
0 8 15 3236
0 8 16 1866
0 8 17 1427
0 8 18 2532
0 9 0 0
0 9 1 6727
0 9 2 3508
0 9 3 3843
0 9 4 5658
0 9 5 3098
0 9 6 3653
0 9 7 3490
0 9 8 4677
0 9 9 0
0 9 10 4913
0 9 11 5052
0 9 12 3912
0 9 13 2265
0 9 14 4347
0 9 15 3308
0 9 16 5390
0 9 17 6390
0 9 18 3260
0 10 0 0
0 10 1 7938
0 10 2 8989
0 10 3 5114
0 10 4 9000
0 10 5 7741
0 10 6 7664
0 10 7 5780
0 10 8 7576
0 10 9 6503
0 10 10 0
0 10 11 8682
0 10 12 9517
0 10 13 7388
0 10 14 5231
0 10 15 5765
0 10 16 9053
0 10 17 8042
0 10 18 6387
0 11 0 0
0 11 1 4986
0 11 2 4724
0 11 3 5189
0 11 4 2484
0 11 5 5595
0 11 6 3453
0 11 7 3635
0 11 8 3648
0 11 9 3987
0 11 10 2719
0 11 11 0
0 11 12 4691
0 11 13 5426
0 11 14 3264
0 11 15 6651
0 11 16 4323
0 11 17 4281
0 11 18 4304
0 12 0 0
0 12 1 3874
0 12 2 4407
0 12 3 2931
0 12 4 4415
0 12 5 6206
0 12 6 3506
0 12 7 5048
0 12 8 5703
0 12 9 7258
0 12 10 5538
0 12 11 5668
0 12 12 0
0 12 13 3688
0 12 14 7422
0 12 15 6650
0 12 16 7116
0 12 17 2858
0 12 18 3307
0 13 0 0
0 13 1 5706
0 13 2 6797
0 13 3 5493
0 13 4 6481
0 13 5 4953
0 13 6 6708
0 13 7 7610
0 13 8 5061
0 13 9 4691
0 13 10 3686
0 13 11 3343
0 13 12 4108
0 13 13 0
0 13 14 6336
0 13 15 4377
0 13 16 3592
0 13 17 6323
0 13 18 5981
0 14 0 0
0 14 1 5644
0 14 2 3835
0 14 3 3581
0 14 4 4220
0 14 5 3039
0 14 6 5854
0 14 7 5888
0 14 8 3641
0 14 9 4530
0 14 10 2242
0 14 11 2077
0 14 12 3663
0 14 13 4030
0 14 14 0
0 14 15 1893
0 14 16 5384
0 14 17 5862
0 14 18 4835
0 15 0 0
0 15 1 4411
0 15 2 1871
0 15 3 5409
0 15 4 3328
0 15 5 4765
0 15 6 1206
0 15 7 5406
0 15 8 3996
0 15 9 2497
0 15 10 6155
0 15 11 3345
0 15 12 1292
0 15 13 4974
0 15 14 5890
0 15 15 0
0 15 16 1329
0 15 17 4667
0 15 18 4140
0 16 0 0
0 16 1 4321
0 16 2 5201
0 16 3 6046
0 16 4 2148
0 16 5 6755
0 16 6 6179
0 16 7 7033
0 16 8 2159
0 16 9 5194
0 16 10 4046
0 16 11 3134
0 16 12 3166
0 16 13 2806
0 16 14 5711
0 16 15 5346
0 16 16 0
0 16 17 5299
0 16 18 7041
0 17 0 0
0 17 1 2336
0 17 2 4228
0 17 3 2628
0 17 4 4724
0 17 5 2230
0 17 6 3902
0 17 7 5723
0 17 8 3428
0 17 9 2071
0 17 10 4738
0 17 11 2751
0 17 12 2252
0 17 13 3823
0 17 14 4426
0 17 15 2934
0 17 16 2444
0 17 17 0
0 17 18 3746
0 18 0 0
0 18 1 4464
0 18 2 5100
0 18 3 5301
0 18 4 5334
0 18 5 5419
0 18 6 3633
0 18 7 4080
0 18 8 3074
0 18 9 7647
0 18 10 5885
0 18 11 6574
0 18 12 6208
0 18 13 4795
0 18 14 7582
0 18 15 6539
0 18 16 4333
0 18 17 5166
0 18 18 0
1 0 0 0
1 0 1 0
1 0 2 5681
1 0 3 3800
1 0 4 6555
1 0 5 6574
1 0 6 4945
1 0 7 5664
1 0 8 3113
1 0 9 3941
1 0 10 6755
1 0 11 4323
1 0 12 4773
1 0 13 4868
1 0 14 2945
1 0 15 3158
1 0 16 4077
1 0 17 3447
1 0 18 4673
1 1 0 0
1 1 1 0
1 1 2 0
1 1 3 0
1 1 4 0
1 1 5 0
1 1 6 0
1 1 7 0
1 1 8 0
1 1 9 0
1 1 10 0
1 1 11 0
1 1 12 0
1 1 13 0
1 1 14 0
1 1 15 0
1 1 16 0
1 1 17 0
1 1 18 0
1 2 0 4277
1 2 1 0
1 2 2 0
1 2 3 4103
1 2 4 6365
1 2 5 5113
1 2 6 3188
1 2 7 2440
1 2 8 4575
1 2 9 4535
1 2 10 2736
1 2 11 2531
1 2 12 6486
1 2 13 3993
1 2 14 2225
1 2 15 3197
1 2 16 2051
1 2 17 5781
1 2 18 2063
1 3 0 2996
1 3 1 0
1 3 2 4144
1 3 3 0
1 3 4 4059
1 3 5 2599
1 3 6 1313
1 3 7 4844
1 3 8 3712
1 3 9 2661
1 3 10 4005
1 3 11 4593
1 3 12 3290
1 3 13 4002
1 3 14 1629
1 3 15 5352
1 3 16 996
1 3 17 5380
1 3 18 4293
1 4 0 6974
1 4 1 0
1 4 2 5584
1 4 3 4785
1 4 4 0
1 4 5 8392
1 4 6 7974
1 4 7 5558
1 4 8 6269
1 4 9 5393
1 4 10 5567
1 4 11 7012
1 4 12 8538
1 4 13 7342
1 4 14 7759
1 4 15 8594
1 4 16 7345
1 4 17 9017
1 4 18 6149
1 5 0 5867
1 5 1 0
1 5 2 8946
1 5 3 7678
1 5 4 7210
1 5 5 0
1 5 6 6421
1 5 7 8404
1 5 8 8365
1 5 9 5984
1 5 10 4391
1 5 11 8493
1 5 12 5721
1 5 13 8304
1 5 14 4921
1 5 15 7103
1 5 16 4940
1 5 17 4163
1 5 18 5391
1 6 0 3107
1 6 1 0
1 6 2 2847
1 6 3 2730
1 6 4 5337
1 6 5 1852
1 6 6 0
1 6 7 3876
1 6 8 1025
1 6 9 2047
1 6 10 3739
1 6 11 1684
1 6 12 802
1 6 13 1271
1 6 14 4153
1 6 15 1526
1 6 16 3449
1 6 17 3809
1 6 18 3134
1 7 0 5810
1 7 1 0
1 7 2 2474
1 7 3 5666
1 7 4 4451
1 7 5 3697
1 7 6 6466
1 7 7 0
1 7 8 2814
1 7 9 4366
1 7 10 4599
1 7 11 2836
1 7 12 2148
1 7 13 5049
1 7 14 3762
1 7 15 3653
1 7 16 5140
1 7 17 2339
1 7 18 6540
1 8 0 5801
1 8 1 0
1 8 2 1984
1 8 3 5236
1 8 4 4266
1 8 5 4230
1 8 6 4634
1 8 7 1105
1 8 8 0
1 8 9 2343
1 8 10 3995
1 8 11 2853
1 8 12 3032
1 8 13 2971
1 8 14 2824
1 8 15 2399
1 8 16 1029
1 8 17 590
1 8 18 1695
1 9 0 6727
1 9 1 0
1 9 2 2342
1 9 3 2677
1 9 4 4492
1 9 5 1932
1 9 6 2487
1 9 7 2324
1 9 8 3511
1 9 9 0
1 9 10 3747
1 9 11 3886
1 9 12 2746
1 9 13 1099
1 9 14 3181
1 9 15 2142
1 9 16 4224
1 9 17 5224
1 9 18 2094
1 10 0 7938
1 10 1 0
1 10 2 5949
1 10 3 2074
1 10 4 5960
1 10 5 4701
1 10 6 4624
1 10 7 2740
1 10 8 4536
1 10 9 3463
1 10 10 0
1 10 11 5642
1 10 12 6477
1 10 13 4348
1 10 14 2191
1 10 15 2725
1 10 16 6013
1 10 17 5002
1 10 18 3347
1 11 0 4986
1 11 1 0
1 11 2 7100
1 11 3 7565
1 11 4 4860
1 11 5 7971
1 11 6 5829
1 11 7 6011
1 11 8 6024
1 11 9 6363
1 11 10 5095
1 11 11 0
1 11 12 7067
1 11 13 7802
1 11 14 5640
1 11 15 9027
1 11 16 6699
1 11 17 6657
1 11 18 6680
1 12 0 3874
1 12 1 0
1 12 2 4905
1 12 3 3429
1 12 4 4913
1 12 5 6704
1 12 6 4004
1 12 7 5546
1 12 8 6201
1 12 9 7756
1 12 10 6036
1 12 11 6166
1 12 12 0
1 12 13 4186
1 12 14 7920
1 12 15 7148
1 12 16 7614
1 12 17 3356
1 12 18 3805
1 13 0 5706
1 13 1 0
1 13 2 6169
1 13 3 4865
1 13 4 5853
1 13 5 4325
1 13 6 6080
1 13 7 6982
1 13 8 4433
1 13 9 4063
1 13 10 3058
1 13 11 2715
1 13 12 3480
1 13 13 0
1 13 14 5708
1 13 15 3749
1 13 16 2964
1 13 17 5695
1 13 18 5353
1 14 0 5644
1 14 1 0
1 14 2 5766
1 14 3 5512
1 14 4 6151
1 14 5 4970
1 14 6 7785
1 14 7 7819
1 14 8 5572
1 14 9 6461
1 14 10 4173
1 14 11 4008
1 14 12 5594
1 14 13 5961
1 14 14 0
1 14 15 3824
1 14 16 7315
1 14 17 7793
1 14 18 6766
1 15 0 4411
1 15 1 0
1 15 2 3158
1 15 3 6696
1 15 4 4615
1 15 5 6052
1 15 6 2493
1 15 7 6693
1 15 8 5283
1 15 9 3784
1 15 10 7442
1 15 11 4632
1 15 12 2579
1 15 13 6261
1 15 14 7177
1 15 15 0
1 15 16 2616
1 15 17 5954
1 15 18 5427
1 16 0 4321
1 16 1 0
1 16 2 3625
1 16 3 4470
1 16 4 572
1 16 5 5179
1 16 6 4603
1 16 7 5457
1 16 8 583
1 16 9 3618
1 16 10 2470
1 16 11 1558
1 16 12 1590
1 16 13 1230
1 16 14 4135
1 16 15 3770
1 16 16 0
1 16 17 3723
1 16 18 5465
1 17 0 2336
1 17 1 0
1 17 2 5932
1 17 3 4332
1 17 4 6428
1 17 5 3934
1 17 6 5606
1 17 7 7427
1 17 8 5132
1 17 9 3775
1 17 10 6442
1 17 11 4455
1 17 12 3956
1 17 13 5527
1 17 14 6130
1 17 15 4638
1 17 16 4148
1 17 17 0
1 17 18 5450
1 18 0 4464
1 18 1 0
1 18 2 2675
1 18 3 2876
1 18 4 2909
1 18 5 2994
1 18 6 1208
1 18 7 1655
1 18 8 649
1 18 9 5222
1 18 10 3460
1 18 11 4149
1 18 12 3783
1 18 13 2370
1 18 14 5157
1 18 15 4114
1 18 16 1908
1 18 17 2741
1 18 18 0
2 0 0 0
2 0 1 5681
2 0 2 0
2 0 3 3977
2 0 4 6732
2 0 5 6751
2 0 6 5122
2 0 7 5841
2 0 8 3290
2 0 9 4118
2 0 10 6932
2 0 11 4500
2 0 12 4950
2 0 13 5045
2 0 14 3122
2 0 15 3335
2 0 16 4254
2 0 17 3624
2 0 18 4850
2 1 0 5615
2 1 1 0
2 1 2 0
2 1 3 1040
2 1 4 4910
2 1 5 4575
2 1 6 1291
2 1 7 2460
2 1 8 872
2 1 9 1371
2 1 10 2311
2 1 11 5295
2 1 12 3867
2 1 13 2836
2 1 14 3472
2 1 15 3041
2 1 16 1097
2 1 17 3747
2 1 18 844
2 2 0 0
2 2 1 0
2 2 2 0
2 2 3 0
2 2 4 0
2 2 5 0
2 2 6 0
2 2 7 0
2 2 8 0
2 2 9 0
2 2 10 0
2 2 11 0
2 2 12 0
2 2 13 0
2 2 14 0
2 2 15 0
2 2 16 0
2 2 17 0
2 2 18 0
2 3 0 5500
2 3 1 4144
2 3 2 0
2 3 3 0
2 3 4 5859
2 3 5 4399
2 3 6 3113
2 3 7 6644
2 3 8 5512
2 3 9 4461
2 3 10 5805
2 3 11 6393
2 3 12 5090
2 3 13 5802
2 3 14 3429
2 3 15 7152
2 3 16 2796
2 3 17 7180
2 3 18 6093
2 4 0 5825
2 4 1 5584
2 4 2 0
2 4 3 4977
2 4 4 0
2 4 5 8584
2 4 6 8166
2 4 7 5750
2 4 8 6461
2 4 9 5585
2 4 10 5759
2 4 11 7204
2 4 12 8730
2 4 13 7534
2 4 14 7951
2 4 15 8786
2 4 16 7537
2 4 17 9209
2 4 18 6341
2 5 0 9541
2 5 1 8946
2 5 2 0
2 5 3 6953
2 5 4 6485
2 5 5 0
2 5 6 5696
2 5 7 7679
2 5 8 7640
2 5 9 5259
2 5 10 3666
2 5 11 7768
2 5 12 4996
2 5 13 7579
2 5 14 4196
2 5 15 6378
2 5 16 4215
2 5 17 3438
2 5 18 4666
2 6 0 5097
2 6 1 2847
2 6 2 0
2 6 3 3364
2 6 4 5971
2 6 5 2486
2 6 6 0
2 6 7 4510
2 6 8 1659
2 6 9 2681
2 6 10 4373
2 6 11 2318
2 6 12 1436
2 6 13 1905
2 6 14 4787
2 6 15 2160
2 6 16 4083
2 6 17 4443
2 6 18 3768
2 7 0 4274
2 7 1 2474
2 7 2 0
2 7 3 4383
2 7 4 3168
2 7 5 2414
2 7 6 5183
2 7 7 0
2 7 8 1531
2 7 9 3083
2 7 10 3316
2 7 11 1553
2 7 12 865
2 7 13 3766
2 7 14 2479
2 7 15 2370
2 7 16 3857
2 7 17 1056
2 7 18 5257
2 8 0 2821
2 8 1 1984
2 8 2 0
2 8 3 7676
2 8 4 6706
2 8 5 6670
2 8 6 7074
2 8 7 3545
2 8 8 0
2 8 9 4783
2 8 10 6435
2 8 11 5293
2 8 12 5472
2 8 13 5411
2 8 14 5264
2 8 15 4839
2 8 16 3469
2 8 17 3030
2 8 18 4135
2 9 0 3508
2 9 1 2342
2 9 2 0
2 9 3 4578
2 9 4 6393
2 9 5 3833
2 9 6 4388
2 9 7 4225
2 9 8 5412
2 9 9 0
2 9 10 5648
2 9 11 5787
2 9 12 4647
2 9 13 3000
2 9 14 5082
2 9 15 4043
2 9 16 6125
2 9 17 7125
2 9 18 3995
2 10 0 8989
2 10 1 5949
2 10 2 0
2 10 3 1236
2 10 4 5122
2 10 5 3863
2 10 6 3786
2 10 7 1902
2 10 8 3698
2 10 9 2625
2 10 10 0
2 10 11 4804
2 10 12 5639
2 10 13 3510
2 10 14 1353
2 10 15 1887
2 10 16 5175
2 10 17 4164
2 10 18 2509
2 11 0 4724
2 11 1 7100
2 11 2 0
2 11 3 3538
2 11 4 833
2 11 5 3944
2 11 6 1802
2 11 7 1984
2 11 8 1997
2 11 9 2336
2 11 10 1068
2 11 11 0
2 11 12 3040
2 11 13 3775
2 11 14 1613
2 11 15 5000
2 11 16 2672
2 11 17 2630
2 11 18 2653
2 12 0 4407
2 12 1 4905
2 12 2 0
2 12 3 4785
2 12 4 6269
2 12 5 8060
2 12 6 5360
2 12 7 6902
2 12 8 7557
2 12 9 9112
2 12 10 7392
2 12 11 7522
2 12 12 0
2 12 13 5542
2 12 14 9276
2 12 15 8504
2 12 16 8970
2 12 17 4712
2 12 18 5161
2 13 0 6797
2 13 1 6169
2 13 2 0
2 13 3 4759
2 13 4 5747
2 13 5 4219
2 13 6 5974
2 13 7 6876
2 13 8 4327
2 13 9 3957
2 13 10 2952
2 13 11 2609
2 13 12 3374
2 13 13 0
2 13 14 5602
2 13 15 3643
2 13 16 2858
2 13 17 5589
2 13 18 5247
2 14 0 3835
2 14 1 5766
2 14 2 0
2 14 3 3002
2 14 4 3641
2 14 5 2460
2 14 6 5275
2 14 7 5309
2 14 8 3062
2 14 9 3951
2 14 10 1663
2 14 11 1498
2 14 12 3084
2 14 13 3451
2 14 14 0
2 14 15 1314
2 14 16 4805
2 14 17 5283
2 14 18 4256
2 15 0 1871
2 15 1 3158
2 15 2 0
2 15 3 5589
2 15 4 3508
2 15 5 4945
2 15 6 1386
2 15 7 5586
2 15 8 4176
2 15 9 2677
2 15 10 6335
2 15 11 3525
2 15 12 1472
2 15 13 5154
2 15 14 6070
2 15 15 0
2 15 16 1509
2 15 17 4847
2 15 18 4320
2 16 0 5201
2 16 1 3625
2 16 2 0
2 16 3 4161
2 16 4 263
2 16 5 4870
2 16 6 4294
2 16 7 5148
2 16 8 274
2 16 9 3309
2 16 10 2161
2 16 11 1249
2 16 12 1281
2 16 13 921
2 16 14 3826
2 16 15 3461
2 16 16 0
2 16 17 3414
2 16 18 5156
2 17 0 4228
2 17 1 5932
2 17 2 0
2 17 3 5103
2 17 4 7199
2 17 5 4705
2 17 6 6377
2 17 7 8198
2 17 8 5903
2 17 9 4546
2 17 10 7213
2 17 11 5226
2 17 12 4727
2 17 13 6298
2 17 14 6901
2 17 15 5409
2 17 16 4919
2 17 17 0
2 17 18 6221
2 18 0 5100
2 18 1 2675
2 18 2 0
2 18 3 2832
2 18 4 2865
2 18 5 2950
2 18 6 1164
2 18 7 1611
2 18 8 605
2 18 9 5178
2 18 10 3416
2 18 11 4105
2 18 12 3739
2 18 13 2326
2 18 14 5113
2 18 15 4070
2 18 16 1864
2 18 17 2697
2 18 18 0
3 0 0 0
3 0 1 3800
3 0 2 3977
3 0 3 0
3 0 4 8187
3 0 5 8206
3 0 6 6577
3 0 7 7296
3 0 8 4745
3 0 9 5573
3 0 10 8387
3 0 11 5955
3 0 12 6405
3 0 13 6500
3 0 14 4577
3 0 15 4790
3 0 16 5709
3 0 17 5079
3 0 18 6305
3 1 0 4234
3 1 1 0
3 1 2 1040
3 1 3 0
3 1 4 5510
3 1 5 5175
3 1 6 1891
3 1 7 3060
3 1 8 1472
3 1 9 1971
3 1 10 2911
3 1 11 5895
3 1 12 4467
3 1 13 3436
3 1 14 4072
3 1 15 3641
3 1 16 1697
3 1 17 4347
3 1 18 1444
3 2 0 5959
3 2 1 4103
3 2 2 0
3 2 3 0
3 2 4 8206
3 2 5 6954
3 2 6 5029
3 2 7 4281
3 2 8 6416
3 2 9 6376
3 2 10 4577
3 2 11 4372
3 2 12 8327
3 2 13 5834
3 2 14 4066
3 2 15 5038
3 2 16 3892
3 2 17 7622
3 2 18 3904
3 3 0 0
3 3 1 0
3 3 2 0
3 3 3 0
3 3 4 0
3 3 5 0
3 3 6 0
3 3 7 0
3 3 8 0
3 3 9 0
3 3 10 0
3 3 11 0
3 3 12 0
3 3 13 0
3 3 14 0
3 3 15 0
3 3 16 0
3 3 17 0
3 3 18 0
3 4 0 5026
3 4 1 4785
3 4 2 4977
3 4 3 0
3 4 4 0
3 4 5 7659
3 4 6 7241
3 4 7 4825
3 4 8 5536
3 4 9 4660
3 4 10 4834
3 4 11 6279
3 4 12 7805
3 4 13 6609
3 4 14 7026
3 4 15 7861
3 4 16 6612
3 4 17 8284
3 4 18 5416
3 5 0 8273
3 5 1 7678
3 5 2 6953
3 5 3 0
3 5 4 5352
3 5 5 0
3 5 6 4563
3 5 7 6546
3 5 8 6507
3 5 9 4126
3 5 10 2533
3 5 11 6635
3 5 12 3863
3 5 13 6446
3 5 14 3063
3 5 15 5245
3 5 16 3082
3 5 17 2305
3 5 18 3533
3 6 0 4980
3 6 1 2730
3 6 2 3364
3 6 3 0
3 6 4 5477
3 6 5 1992
3 6 6 0
3 6 7 4016
3 6 8 1165
3 6 9 2187
3 6 10 3879
3 6 11 1824
3 6 12 942
3 6 13 1411
3 6 14 4293
3 6 15 1666
3 6 16 3589
3 6 17 3949
3 6 18 3274
3 7 0 7466
3 7 1 5666
3 7 2 4383
3 7 3 0
3 7 4 6953
3 7 5 6199
3 7 6 8968
3 7 7 0
3 7 8 5316
3 7 9 6868
3 7 10 7101
3 7 11 5338
3 7 12 4650
3 7 13 7551
3 7 14 6264
3 7 15 6155
3 7 16 7642
3 7 17 4841
3 7 18 9042
3 8 0 6073
3 8 1 5236
3 8 2 7676
3 8 3 0
3 8 4 7224
3 8 5 7188
3 8 6 7592
3 8 7 4063
3 8 8 0
3 8 9 5301
3 8 10 6953
3 8 11 5811
3 8 12 5990
3 8 13 5929
3 8 14 5782
3 8 15 5357
3 8 16 3987
3 8 17 3548
3 8 18 4653
3 9 0 3843
3 9 1 2677
3 9 2 4578
3 9 3 0
3 9 4 5900
3 9 5 3340
3 9 6 3895
3 9 7 3732
3 9 8 4919
3 9 9 0
3 9 10 5155
3 9 11 5294
3 9 12 4154
3 9 13 2507
3 9 14 4589
3 9 15 3550
3 9 16 5632
3 9 17 6632
3 9 18 3502
3 10 0 5114
3 10 1 2074
3 10 2 1236
3 10 3 0
3 10 4 7772
3 10 5 6513
3 10 6 6436
3 10 7 4552
3 10 8 6348
3 10 9 5275
3 10 10 0
3 10 11 7454
3 10 12 8289
3 10 13 6160
3 10 14 4003
3 10 15 4537
3 10 16 7825
3 10 17 6814
3 10 18 5159
3 11 0 5189
3 11 1 7565
3 11 2 3538
3 11 3 0
3 11 4 4276
3 11 5 7387
3 11 6 5245
3 11 7 5427
3 11 8 5440
3 11 9 5779
3 11 10 4511
3 11 11 0
3 11 12 6483
3 11 13 7218
3 11 14 5056
3 11 15 8443
3 11 16 6115
3 11 17 6073
3 11 18 6096
3 12 0 2931
3 12 1 3429
3 12 2 4785
3 12 3 0
3 12 4 4454
3 12 5 6245
3 12 6 3545
3 12 7 5087
3 12 8 5742
3 12 9 7297
3 12 10 5577
3 12 11 5707
3 12 12 0
3 12 13 3727
3 12 14 7461
3 12 15 6689
3 12 16 7155
3 12 17 2897
3 12 18 3346
3 13 0 5493
3 13 1 4865
3 13 2 4759
3 13 3 0
3 13 4 7137
3 13 5 5609
3 13 6 7364
3 13 7 8266
3 13 8 5717
3 13 9 5347
3 13 10 4342
3 13 11 3999
3 13 12 4764
3 13 13 0
3 13 14 6992
3 13 15 5033
3 13 16 4248
3 13 17 6979
3 13 18 6637
3 14 0 3581
3 14 1 5512
3 14 2 3002
3 14 3 0
3 14 4 4426
3 14 5 3245
3 14 6 6060
3 14 7 6094
3 14 8 3847
3 14 9 4736
3 14 10 2448
3 14 11 2283
3 14 12 3869
3 14 13 4236
3 14 14 0
3 14 15 2099
3 14 16 5590
3 14 17 6068
3 14 18 5041
3 15 0 5409
3 15 1 6696
3 15 2 5589
3 15 3 0
3 15 4 7044
3 15 5 8481
3 15 6 4922
3 15 7 9122
3 15 8 7712
3 15 9 6213
3 15 10 9871
3 15 11 7061
3 15 12 5008
3 15 13 8690
3 15 14 9606
3 15 15 0
3 15 16 5045
3 15 17 8383
3 15 18 7856
3 16 0 6046
3 16 1 4470
3 16 2 4161
3 16 3 0
3 16 4 589
3 16 5 5196
3 16 6 4620
3 16 7 5474
3 16 8 600
3 16 9 3635
3 16 10 2487
3 16 11 1575
3 16 12 1607
3 16 13 1247
3 16 14 4152
3 16 15 3787
3 16 16 0
3 16 17 3740
3 16 18 5482
3 17 0 2628
3 17 1 4332
3 17 2 5103
3 17 3 0
3 17 4 8179
3 17 5 5685
3 17 6 7357
3 17 7 9178
3 17 8 6883
3 17 9 5526
3 17 10 8193
3 17 11 6206
3 17 12 5707
3 17 13 7278
3 17 14 7881
3 17 15 6389
3 17 16 5899
3 17 17 0
3 17 18 7201
3 18 0 5301
3 18 1 2876
3 18 2 2832
3 18 3 0
3 18 4 6476
3 18 5 6561
3 18 6 4775
3 18 7 5222
3 18 8 4216
3 18 9 8789
3 18 10 7027
3 18 11 7716
3 18 12 7350
3 18 13 5937
3 18 14 8724
3 18 15 7681
3 18 16 5475
3 18 17 6308
3 18 18 0
4 0 0 0
4 0 1 6555
4 0 2 6732
4 0 3 8187
4 0 4 0
4 0 5 6680
4 0 6 5051
4 0 7 5770
4 0 8 3219
4 0 9 4047
4 0 10 6861
4 0 11 4429
4 0 12 4879
4 0 13 4974
4 0 14 3051
4 0 15 3264
4 0 16 4183
4 0 17 3553
4 0 18 4779
4 1 0 8104
4 1 1 0
4 1 2 4910
4 1 3 5510
4 1 4 0
4 1 5 6398
4 1 6 3114
4 1 7 4283
4 1 8 2695
4 1 9 3194
4 1 10 4134
4 1 11 7118
4 1 12 5690
4 1 13 4659
4 1 14 5295
4 1 15 4864
4 1 16 2920
4 1 17 5570
4 1 18 2667
4 2 0 8221
4 2 1 6365
4 2 2 0
4 2 3 8206
4 2 4 0
4 2 5 4524
4 2 6 2599
4 2 7 1851
4 2 8 3986
4 2 9 3946
4 2 10 2147
4 2 11 1942
4 2 12 5897
4 2 13 3404
4 2 14 1636
4 2 15 2608
4 2 16 1462
4 2 17 5192
4 2 18 1474
4 3 0 5415
4 3 1 4059
4 3 2 5859
4 3 3 0
4 3 4 0
4 3 5 2592
4 3 6 1306
4 3 7 4837
4 3 8 3705
4 3 9 2654
4 3 10 3998
4 3 11 4586
4 3 12 3283
4 3 13 3995
4 3 14 1622
4 3 15 5345
4 3 16 989
4 3 17 5373
4 3 18 4286
4 4 0 0
4 4 1 0
4 4 2 0
4 4 3 0
4 4 4 0
4 4 5 0
4 4 6 0
4 4 7 0
4 4 8 0
4 4 9 0
4 4 10 0
4 4 11 0
4 4 12 0
4 4 13 0
4 4 14 0
4 4 15 0
4 4 16 0
4 4 17 0
4 4 18 0
4 5 0 7805
4 5 1 7210
4 5 2 6485
4 5 3 5352
4 5 4 0
4 5 5 0
4 5 6 6486
4 5 7 8469
4 5 8 8430
4 5 9 6049
4 5 10 4456
4 5 11 8558
4 5 12 5786
4 5 13 8369
4 5 14 4986
4 5 15 7168
4 5 16 5005
4 5 17 4228
4 5 18 5456
4 6 0 7587
4 6 1 5337
4 6 2 5971
4 6 3 5477
4 6 4 0
4 6 5 4783
4 6 6 0
4 6 7 6807
4 6 8 3956
4 6 9 4978
4 6 10 6670
4 6 11 4615
4 6 12 3733
4 6 13 4202
4 6 14 7084
4 6 15 4457
4 6 16 6380
4 6 17 6740
4 6 18 6065
4 7 0 6251
4 7 1 4451
4 7 2 3168
4 7 3 6953
4 7 4 0
4 7 5 3043
4 7 6 5812
4 7 7 0
4 7 8 2160
4 7 9 3712
4 7 10 3945
4 7 11 2182
4 7 12 1494
4 7 13 4395
4 7 14 3108
4 7 15 2999
4 7 16 4486
4 7 17 1685
4 7 18 5886
4 8 0 5103
4 8 1 4266
4 8 2 6706
4 8 3 7224
4 8 4 0
4 8 5 5875
4 8 6 6279
4 8 7 2750
4 8 8 0
4 8 9 3988
4 8 10 5640
4 8 11 4498
4 8 12 4677
4 8 13 4616
4 8 14 4469
4 8 15 4044
4 8 16 2674
4 8 17 2235
4 8 18 3340
4 9 0 5658
4 9 1 4492
4 9 2 6393
4 9 3 5900
4 9 4 0
4 9 5 2202
4 9 6 2757
4 9 7 2594
4 9 8 3781
4 9 9 0
4 9 10 4017
4 9 11 4156
4 9 12 3016
4 9 13 1369
4 9 14 3451
4 9 15 2412
4 9 16 4494
4 9 17 5494
4 9 18 2364
4 10 0 9000
4 10 1 5960
4 10 2 5122
4 10 3 7772
4 10 4 0
4 10 5 4205
4 10 6 4128
4 10 7 2244
4 10 8 4040
4 10 9 2967
4 10 10 0
4 10 11 5146
4 10 12 5981
4 10 13 3852
4 10 14 1695
4 10 15 2229
4 10 16 5517
4 10 17 4506
4 10 18 2851
4 11 0 2484
4 11 1 4860
4 11 2 833
4 11 3 4276
4 11 4 0
4 11 5 5936
4 11 6 3794
4 11 7 3976
4 11 8 3989
4 11 9 4328
4 11 10 3060
4 11 11 0
4 11 12 5032
4 11 13 5767
4 11 14 3605
4 11 15 6992
4 11 16 4664
4 11 17 4622
4 11 18 4645
4 12 0 4415
4 12 1 4913
4 12 2 6269
4 12 3 4454
4 12 4 0
4 12 5 7623
4 12 6 4923
4 12 7 6465
4 12 8 7120
4 12 9 8675
4 12 10 6955
4 12 11 7085
4 12 12 0
4 12 13 5105
4 12 14 8839
4 12 15 8067
4 12 16 8533
4 12 17 4275
4 12 18 4724
4 13 0 6481
4 13 1 5853
4 13 2 5747
4 13 3 7137
4 13 4 0
4 13 5 5079
4 13 6 6834
4 13 7 7736
4 13 8 5187
4 13 9 4817
4 13 10 3812
4 13 11 3469
4 13 12 4234
4 13 13 0
4 13 14 6462
4 13 15 4503
4 13 16 3718
4 13 17 6449
4 13 18 6107
4 14 0 4220
4 14 1 6151
4 14 2 3641
4 14 3 4426
4 14 4 0
4 14 5 5505
4 14 6 8320
4 14 7 8354
4 14 8 6107
4 14 9 6996
4 14 10 4708
4 14 11 4543
4 14 12 6129
4 14 13 6496
4 14 14 0
4 14 15 4359
4 14 16 7850
4 14 17 8328
4 14 18 7301
4 15 0 3328
4 15 1 4615
4 15 2 3508
4 15 3 7044
4 15 4 0
4 15 5 7853
4 15 6 4294
4 15 7 8494
4 15 8 7084
4 15 9 5585
4 15 10 9243
4 15 11 6433
4 15 12 4380
4 15 13 8062
4 15 14 8978
4 15 15 0
4 15 16 4417
4 15 17 7755
4 15 18 7228
4 16 0 2148
4 16 1 572
4 16 2 263
4 16 3 589
4 16 4 0
4 16 5 7675
4 16 6 7099
4 16 7 7953
4 16 8 3079
4 16 9 6114
4 16 10 4966
4 16 11 4054
4 16 12 4086
4 16 13 3726
4 16 14 6631
4 16 15 6266
4 16 16 0
4 16 17 6219
4 16 18 7961
4 17 0 4724
4 17 1 6428
4 17 2 7199
4 17 3 8179
4 17 4 0
4 17 5 5452
4 17 6 7124
4 17 7 8945
4 17 8 6650
4 17 9 5293
4 17 10 7960
4 17 11 5973
4 17 12 5474
4 17 13 7045
4 17 14 7648
4 17 15 6156
4 17 16 5666
4 17 17 0
4 17 18 6968
4 18 0 5334
4 18 1 2909
4 18 2 2865
4 18 3 6476
4 18 4 0
4 18 5 4547
4 18 6 2761
4 18 7 3208
4 18 8 2202
4 18 9 6775
4 18 10 5013
4 18 11 5702
4 18 12 5336
4 18 13 3923
4 18 14 6710
4 18 15 5667
4 18 16 3461
4 18 17 4294
4 18 18 0
5 0 0 0
5 0 1 6574
5 0 2 6751
5 0 3 8206
5 0 4 6680
5 0 5 0
5 0 6 4913
5 0 7 5632
5 0 8 3081
5 0 9 3909
5 0 10 6723
5 0 11 4291
5 0 12 4741
5 0 13 4836
5 0 14 2913
5 0 15 3126
5 0 16 4045
5 0 17 3415
5 0 18 4641
5 1 0 7769
5 1 1 0
5 1 2 4575
5 1 3 5175
5 1 4 6398
5 1 5 0
5 1 6 1988
5 1 7 3157
5 1 8 1569
5 1 9 2068
5 1 10 3008
5 1 11 5992
5 1 12 4564
5 1 13 3533
5 1 14 4169
5 1 15 3738
5 1 16 1794
5 1 17 4444
5 1 18 1541
5 2 0 6969
5 2 1 5113
5 2 2 0
5 2 3 6954
5 2 4 4524
5 2 5 0
5 2 6 6296
5 2 7 5548
5 2 8 7683
5 2 9 7643
5 2 10 5844
5 2 11 5639
5 2 12 9594
5 2 13 7101
5 2 14 5333
5 2 15 6305
5 2 16 5159
5 2 17 8889
5 2 18 5171
5 3 0 3955
5 3 1 2599
5 3 2 4399
5 3 3 0
5 3 4 2592
5 3 5 0
5 3 6 4534
5 3 7 8065
5 3 8 6933
5 3 9 5882
5 3 10 7226
5 3 11 7814
5 3 12 6511
5 3 13 7223
5 3 14 4850
5 3 15 8573
5 3 16 4217
5 3 17 8601
5 3 18 7514
5 4 0 8633
5 4 1 8392
5 4 2 8584
5 4 3 7659
5 4 4 0
5 4 5 0
5 4 6 6857
5 4 7 4441
5 4 8 5152
5 4 9 4276
5 4 10 4450
5 4 11 5895
5 4 12 7421
5 4 13 6225
5 4 14 6642
5 4 15 7477
5 4 16 6228
5 4 17 7900
5 4 18 5032
5 5 0 0
5 5 1 0
5 5 2 0
5 5 3 0
5 5 4 0
5 5 5 0
5 5 6 0
5 5 7 0
5 5 8 0
5 5 9 0
5 5 10 0
5 5 11 0
5 5 12 0
5 5 13 0
5 5 14 0
5 5 15 0
5 5 16 0
5 5 17 0
5 5 18 0
5 6 0 4102
5 6 1 1852
5 6 2 2486
5 6 3 1992
5 6 4 4783
5 6 5 0
5 6 6 0
5 6 7 5589
5 6 8 2738
5 6 9 3760
5 6 10 5452
5 6 11 3397
5 6 12 2515
5 6 13 2984
5 6 14 5866
5 6 15 3239
5 6 16 5162
5 6 17 5522
5 6 18 4847
5 7 0 5497
5 7 1 3697
5 7 2 2414
5 7 3 6199
5 7 4 3043
5 7 5 0
5 7 6 8993
5 7 7 0
5 7 8 5341
5 7 9 6893
5 7 10 7126
5 7 11 5363
5 7 12 4675
5 7 13 7576
5 7 14 6289
5 7 15 6180
5 7 16 7667
5 7 17 4866
5 7 18 9067
5 8 0 5067
5 8 1 4230
5 8 2 6670
5 8 3 7188
5 8 4 5875
5 8 5 0
5 8 6 8710
5 8 7 5181
5 8 8 0
5 8 9 6419
5 8 10 8071
5 8 11 6929
5 8 12 7108
5 8 13 7047
5 8 14 6900
5 8 15 6475
5 8 16 5105
5 8 17 4666
5 8 18 5771
5 9 0 3098
5 9 1 1932
5 9 2 3833
5 9 3 3340
5 9 4 2202
5 9 5 0
5 9 6 3683
5 9 7 3520
5 9 8 4707
5 9 9 0
5 9 10 4943
5 9 11 5082
5 9 12 3942
5 9 13 2295
5 9 14 4377
5 9 15 3338
5 9 16 5420
5 9 17 6420
5 9 18 3290
5 10 0 7741
5 10 1 4701
5 10 2 3863
5 10 3 6513
5 10 4 4205
5 10 5 0
5 10 6 3287
5 10 7 1403
5 10 8 3199
5 10 9 2126
5 10 10 0
5 10 11 4305
5 10 12 5140
5 10 13 3011
5 10 14 854
5 10 15 1388
5 10 16 4676
5 10 17 3665
5 10 18 2010
5 11 0 5595
5 11 1 7971
5 11 2 3944
5 11 3 7387
5 11 4 5936
5 11 5 0
5 11 6 5610
5 11 7 5792
5 11 8 5805
5 11 9 6144
5 11 10 4876
5 11 11 0
5 11 12 6848
5 11 13 7583
5 11 14 5421
5 11 15 8808
5 11 16 6480
5 11 17 6438
5 11 18 6461
5 12 0 6206
5 12 1 6704
5 12 2 8060
5 12 3 6245
5 12 4 7623
5 12 5 0
5 12 6 2441
5 12 7 3983
5 12 8 4638
5 12 9 6193
5 12 10 4473
5 12 11 4603
5 12 12 0
5 12 13 2623
5 12 14 6357
5 12 15 5585
5 12 16 6051
5 12 17 1793
5 12 18 2242
5 13 0 4953
5 13 1 4325
5 13 2 4219
5 13 3 5609
5 13 4 5079
5 13 5 0
5 13 6 8131
5 13 7 9033
5 13 8 6484
5 13 9 6114
5 13 10 5109
5 13 11 4766
5 13 12 5531
5 13 13 0
5 13 14 7759
5 13 15 5800
5 13 16 5015
5 13 17 7746
5 13 18 7404
5 14 0 3039
5 14 1 4970
5 14 2 2460
5 14 3 3245
5 14 4 5505
5 14 5 0
5 14 6 5817
5 14 7 5851
5 14 8 3604
5 14 9 4493
5 14 10 2205
5 14 11 2040
5 14 12 3626
5 14 13 3993
5 14 14 0
5 14 15 1856
5 14 16 5347
5 14 17 5825
5 14 18 4798
5 15 0 4765
5 15 1 6052
5 15 2 4945
5 15 3 8481
5 15 4 7853
5 15 5 0
5 15 6 3138
5 15 7 7338
5 15 8 5928
5 15 9 4429
5 15 10 8087
5 15 11 5277
5 15 12 3224
5 15 13 6906
5 15 14 7822
5 15 15 0
5 15 16 3261
5 15 17 6599
5 15 18 6072
5 16 0 6755
5 16 1 5179
5 16 2 4870
5 16 3 5196
5 16 4 7675
5 16 5 0
5 16 6 5029
5 16 7 5883
5 16 8 1009
5 16 9 4044
5 16 10 2896
5 16 11 1984
5 16 12 2016
5 16 13 1656
5 16 14 4561
5 16 15 4196
5 16 16 0
5 16 17 4149
5 16 18 5891
5 17 0 2230
5 17 1 3934
5 17 2 4705
5 17 3 5685
5 17 4 5452
5 17 5 0
5 17 6 2605
5 17 7 4426
5 17 8 2131
5 17 9 774
5 17 10 3441
5 17 11 1454
5 17 12 955
5 17 13 2526
5 17 14 3129
5 17 15 1637
5 17 16 1147
5 17 17 0
5 17 18 2449
5 18 0 5419
5 18 1 2994
5 18 2 2950
5 18 3 6561
5 18 4 4547
5 18 5 0
5 18 6 2338
5 18 7 2785
5 18 8 1779
5 18 9 6352
5 18 10 4590
5 18 11 5279
5 18 12 4913
5 18 13 3500
5 18 14 6287
5 18 15 5244
5 18 16 3038
5 18 17 3871
5 18 18 0
6 0 0 0
6 0 1 4945
6 0 2 5122
6 0 3 6577
6 0 4 5051
6 0 5 4913
6 0 6 0
6 0 7 7883
6 0 8 5332
6 0 9 6160
6 0 10 8974
6 0 11 6542
6 0 12 6992
6 0 13 7087
6 0 14 5164
6 0 15 5377
6 0 16 6296
6 0 17 5666
6 0 18 6892
6 1 0 4485
6 1 1 0
6 1 2 1291
6 1 3 1891
6 1 4 3114
6 1 5 1988
6 1 6 0
6 1 7 2026
6 1 8 438
6 1 9 937
6 1 10 1877
6 1 11 4861
6 1 12 3433
6 1 13 2402
6 1 14 3038
6 1 15 2607
6 1 16 663
6 1 17 3313
6 1 18 410
6 2 0 5044
6 2 1 3188
6 2 2 0
6 2 3 5029
6 2 4 2599
6 2 5 6296
6 2 6 0
6 2 7 2733
6 2 8 4868
6 2 9 4828
6 2 10 3029
6 2 11 2824
6 2 12 6779
6 2 13 4286
6 2 14 2518
6 2 15 3490
6 2 16 2344
6 2 17 6074
6 2 18 2356
6 3 0 2669
6 3 1 1313
6 3 2 3113
6 3 3 0
6 3 4 1306
6 3 5 4534
6 3 6 0
6 3 7 6401
6 3 8 5269
6 3 9 4218
6 3 10 5562
6 3 11 6150
6 3 12 4847
6 3 13 5559
6 3 14 3186
6 3 15 6909
6 3 16 2553
6 3 17 6937
6 3 18 5850
6 4 0 8215
6 4 1 7974
6 4 2 8166
6 4 3 7241
6 4 4 0
6 4 5 6857
6 4 6 0
6 4 7 5852
6 4 8 6563
6 4 9 5687
6 4 10 5861
6 4 11 7306
6 4 12 8832
6 4 13 7636
6 4 14 8053
6 4 15 8888
6 4 16 7639
6 4 17 9311
6 4 18 6443
6 5 0 7016
6 5 1 6421
6 5 2 5696
6 5 3 4563
6 5 4 6486
6 5 5 0
6 5 6 0
6 5 7 5548
6 5 8 5509
6 5 9 3128
6 5 10 1535
6 5 11 5637
6 5 12 2865
6 5 13 5448
6 5 14 2065
6 5 15 4247
6 5 16 2084
6 5 17 1307
6 5 18 2535
6 6 0 0
6 6 1 0
6 6 2 0
6 6 3 0
6 6 4 0
6 6 5 0
6 6 6 0
6 6 7 0
6 6 8 0
6 6 9 0
6 6 10 0
6 6 11 0
6 6 12 0
6 6 13 0
6 6 14 0
6 6 15 0
6 6 16 0
6 6 17 0
6 6 18 0
6 7 0 8266
6 7 1 6466
6 7 2 5183
6 7 3 8968
6 7 4 5812
6 7 5 8993
6 7 6 0
6 7 7 0
6 7 8 4097
6 7 9 5649
6 7 10 5882
6 7 11 4119
6 7 12 3431
6 7 13 6332
6 7 14 5045
6 7 15 4936
6 7 16 6423
6 7 17 3622
6 7 18 7823
6 8 0 5471
6 8 1 4634
6 8 2 7074
6 8 3 7592
6 8 4 6279
6 8 5 8710
6 8 6 0
6 8 7 1125
6 8 8 0
6 8 9 2363
6 8 10 4015
6 8 11 2873
6 8 12 3052
6 8 13 2991
6 8 14 2844
6 8 15 2419
6 8 16 1049
6 8 17 610
6 8 18 1715
6 9 0 3653
6 9 1 2487
6 9 2 4388
6 9 3 3895
6 9 4 2757
6 9 5 3683
6 9 6 0
6 9 7 2867
6 9 8 4054
6 9 9 0
6 9 10 4290
6 9 11 4429
6 9 12 3289
6 9 13 1642
6 9 14 3724
6 9 15 2685
6 9 16 4767
6 9 17 5767
6 9 18 2637
6 10 0 7664
6 10 1 4624
6 10 2 3786
6 10 3 6436
6 10 4 4128
6 10 5 3287
6 10 6 0
6 10 7 4035
6 10 8 5831
6 10 9 4758
6 10 10 0
6 10 11 6937
6 10 12 7772
6 10 13 5643
6 10 14 3486
6 10 15 4020
6 10 16 7308
6 10 17 6297
6 10 18 4642
6 11 0 3453
6 11 1 5829
6 11 2 1802
6 11 3 5245
6 11 4 3794
6 11 5 5610
6 11 6 0
6 11 7 2267
6 11 8 2280
6 11 9 2619
6 11 10 1351
6 11 11 0
6 11 12 3323
6 11 13 4058
6 11 14 1896
6 11 15 5283
6 11 16 2955
6 11 17 2913
6 11 18 2936
6 12 0 3506
6 12 1 4004
6 12 2 5360
6 12 3 3545
6 12 4 4923
6 12 5 2441
6 12 6 0
6 12 7 2348
6 12 8 3003
6 12 9 4558
6 12 10 2838
6 12 11 2968
6 12 12 0
6 12 13 988
6 12 14 4722
6 12 15 3950
6 12 16 4416
6 12 17 158
6 12 18 607
6 13 0 6708
6 13 1 6080
6 13 2 5974
6 13 3 7364
6 13 4 6834
6 13 5 8131
6 13 6 0
6 13 7 5284
6 13 8 2735
6 13 9 2365
6 13 10 1360
6 13 11 1017
6 13 12 1782
6 13 13 0
6 13 14 4010
6 13 15 2051
6 13 16 1266
6 13 17 3997
6 13 18 3655
6 14 0 5854
6 14 1 7785
6 14 2 5275
6 14 3 6060
6 14 4 8320
6 14 5 5817
6 14 6 0
6 14 7 8367
6 14 8 6120
6 14 9 7009
6 14 10 4721
6 14 11 4556
6 14 12 6142
6 14 13 6509
6 14 14 0
6 14 15 4372
6 14 16 7863
6 14 17 8341
6 14 18 7314
6 15 0 1206
6 15 1 2493
6 15 2 1386
6 15 3 4922
6 15 4 4294
6 15 5 3138
6 15 6 0
6 15 7 5045
6 15 8 3635
6 15 9 2136
6 15 10 5794
6 15 11 2984
6 15 12 931
6 15 13 4613
6 15 14 5529
6 15 15 0
6 15 16 968
6 15 17 4306
6 15 18 3779
6 16 0 6179
6 16 1 4603
6 16 2 4294
6 16 3 4620
6 16 4 7099
6 16 5 5029
6 16 6 0
6 16 7 7676
6 16 8 2802
6 16 9 5837
6 16 10 4689
6 16 11 3777
6 16 12 3809
6 16 13 3449
6 16 14 6354
6 16 15 5989
6 16 16 0
6 16 17 5942
6 16 18 7684
6 17 0 3902
6 17 1 5606
6 17 2 6377
6 17 3 7357
6 17 4 7124
6 17 5 2605
6 17 6 0
6 17 7 7356
6 17 8 5061
6 17 9 3704
6 17 10 6371
6 17 11 4384
6 17 12 3885
6 17 13 5456
6 17 14 6059
6 17 15 4567
6 17 16 4077
6 17 17 0
6 17 18 5379
6 18 0 3633
6 18 1 1208
6 18 2 1164
6 18 3 4775
6 18 4 2761
6 18 5 2338
6 18 6 0
6 18 7 3812
6 18 8 2806
6 18 9 7379
6 18 10 5617
6 18 11 6306
6 18 12 5940
6 18 13 4527
6 18 14 7314
6 18 15 6271
6 18 16 4065
6 18 17 4898
6 18 18 0
7 0 0 0
7 0 1 5664
7 0 2 5841
7 0 3 7296
7 0 4 5770
7 0 5 5632
7 0 6 7883
7 0 7 0
7 0 8 4098
7 0 9 4926
7 0 10 7740
7 0 11 5308
7 0 12 5758
7 0 13 5853
7 0 14 3930
7 0 15 4143
7 0 16 5062
7 0 17 4432
7 0 18 5658
7 1 0 5654
7 1 1 0
7 1 2 2460
7 1 3 3060
7 1 4 4283
7 1 5 3157
7 1 6 2026
7 1 7 0
7 1 8 2422
7 1 9 2921
7 1 10 3861
7 1 11 6845
7 1 12 5417
7 1 13 4386
7 1 14 5022
7 1 15 4591
7 1 16 2647
7 1 17 5297
7 1 18 2394
7 2 0 4296
7 2 1 2440
7 2 2 0
7 2 3 4281
7 2 4 1851
7 2 5 5548
7 2 6 2733
7 2 7 0
7 2 8 3326
7 2 9 3286
7 2 10 1487
7 2 11 1282
7 2 12 5237
7 2 13 2744
7 2 14 976
7 2 15 1948
7 2 16 802
7 2 17 4532
7 2 18 814
7 3 0 6200
7 3 1 4844
7 3 2 6644
7 3 3 0
7 3 4 4837
7 3 5 8065
7 3 6 6401
7 3 7 0
7 3 8 7036
7 3 9 5985
7 3 10 7329
7 3 11 7917
7 3 12 6614
7 3 13 7326
7 3 14 4953
7 3 15 8676
7 3 16 4320
7 3 17 8704
7 3 18 7617
7 4 0 5799
7 4 1 5558
7 4 2 5750
7 4 3 4825
7 4 4 0
7 4 5 4441
7 4 6 5852
7 4 7 0
7 4 8 4508
7 4 9 3632
7 4 10 3806
7 4 11 5251
7 4 12 6777
7 4 13 5581
7 4 14 5998
7 4 15 6833
7 4 16 5584
7 4 17 7256
7 4 18 4388
7 5 0 8999
7 5 1 8404
7 5 2 7679
7 5 3 6546
7 5 4 8469
7 5 5 0
7 5 6 5548
7 5 7 0
7 5 8 6185
7 5 9 3804
7 5 10 2211
7 5 11 6313
7 5 12 3541
7 5 13 6124
7 5 14 2741
7 5 15 4923
7 5 16 2760
7 5 17 1983
7 5 18 3211
7 6 0 6126
7 6 1 3876
7 6 2 4510
7 6 3 4016
7 6 4 6807
7 6 5 5589
7 6 6 0
7 6 7 0
7 6 8 4898
7 6 9 5920
7 6 10 7612
7 6 11 5557
7 6 12 4675
7 6 13 5144
7 6 14 8026
7 6 15 5399
7 6 16 7322
7 6 17 7682
7 6 18 7007
7 7 0 0
7 7 1 0
7 7 2 0
7 7 3 0
7 7 4 0
7 7 5 0
7 7 6 0
7 7 7 0
7 7 8 0
7 7 9 0
7 7 10 0
7 7 11 0
7 7 12 0
7 7 13 0
7 7 14 0
7 7 15 0
7 7 16 0
7 7 17 0
7 7 18 0
7 8 0 1942
7 8 1 1105
7 8 2 3545
7 8 3 4063
7 8 4 2750
7 8 5 5181
7 8 6 1125
7 8 7 0
7 8 8 0
7 8 9 2983
7 8 10 4635
7 8 11 3493
7 8 12 3672
7 8 13 3611
7 8 14 3464
7 8 15 3039
7 8 16 1669
7 8 17 1230
7 8 18 2335
7 9 0 3490
7 9 1 2324
7 9 2 4225
7 9 3 3732
7 9 4 2594
7 9 5 3520
7 9 6 2867
7 9 7 0
7 9 8 5204
7 9 9 0
7 9 10 5440
7 9 11 5579
7 9 12 4439
7 9 13 2792
7 9 14 4874
7 9 15 3835
7 9 16 5917
7 9 17 6917
7 9 18 3787
7 10 0 5780
7 10 1 2740
7 10 2 1902
7 10 3 4552
7 10 4 2244
7 10 5 1403
7 10 6 4035
7 10 7 0
7 10 8 5522
7 10 9 4449
7 10 10 0
7 10 11 6628
7 10 12 7463
7 10 13 5334
7 10 14 3177
7 10 15 3711
7 10 16 6999
7 10 17 5988
7 10 18 4333
7 11 0 3635
7 11 1 6011
7 11 2 1984
7 11 3 5427
7 11 4 3976
7 11 5 5792
7 11 6 2267
7 11 7 0
7 11 8 2263
7 11 9 2602
7 11 10 1334
7 11 11 0
7 11 12 3306
7 11 13 4041
7 11 14 1879
7 11 15 5266
7 11 16 2938
7 11 17 2896
7 11 18 2919
7 12 0 5048
7 12 1 5546
7 12 2 6902
7 12 3 5087
7 12 4 6465
7 12 5 3983
7 12 6 2348
7 12 7 0
7 12 8 3180
7 12 9 4735
7 12 10 3015
7 12 11 3145
7 12 12 0
7 12 13 1165
7 12 14 4899
7 12 15 4127
7 12 16 4593
7 12 17 335
7 12 18 784
7 13 0 7610
7 13 1 6982
7 13 2 6876
7 13 3 8266
7 13 4 7736
7 13 5 9033
7 13 6 5284
7 13 7 0
7 13 8 5344
7 13 9 4974
7 13 10 3969
7 13 11 3626
7 13 12 4391
7 13 13 0
7 13 14 6619
7 13 15 4660
7 13 16 3875
7 13 17 6606
7 13 18 6264
7 14 0 5888
7 14 1 7819
7 14 2 5309
7 14 3 6094
7 14 4 8354
7 14 5 5851
7 14 6 8367
7 14 7 0
7 14 8 4560
7 14 9 5449
7 14 10 3161
7 14 11 2996
7 14 12 4582
7 14 13 4949
7 14 14 0
7 14 15 2812
7 14 16 6303
7 14 17 6781
7 14 18 5754
7 15 0 5406
7 15 1 6693
7 15 2 5586
7 15 3 9122
7 15 4 8494
7 15 5 7338
7 15 6 5045
7 15 7 0
7 15 8 4593
7 15 9 3094
7 15 10 6752
7 15 11 3942
7 15 12 1889
7 15 13 5571
7 15 14 6487
7 15 15 0
7 15 16 1926
7 15 17 5264
7 15 18 4737
7 16 0 7033
7 16 1 5457
7 16 2 5148
7 16 3 5474
7 16 4 7953
7 16 5 5883
7 16 6 7676
7 16 7 0
7 16 8 3324
7 16 9 6359
7 16 10 5211
7 16 11 4299
7 16 12 4331
7 16 13 3971
7 16 14 6876
7 16 15 6511
7 16 16 0
7 16 17 6464
7 16 18 8206
7 17 0 5723
7 17 1 7427
7 17 2 8198
7 17 3 9178
7 17 4 8945
7 17 5 4426
7 17 6 7356
7 17 7 0
7 17 8 2422
7 17 9 1065
7 17 10 3732
7 17 11 1745
7 17 12 1246
7 17 13 2817
7 17 14 3420
7 17 15 1928
7 17 16 1438
7 17 17 0
7 17 18 2740
7 18 0 4080
7 18 1 1655
7 18 2 1611
7 18 3 5222
7 18 4 3208
7 18 5 2785
7 18 6 3812
7 18 7 0
7 18 8 5043
7 18 9 9616
7 18 10 7854
7 18 11 8543
7 18 12 8177
7 18 13 6764
7 18 14 9551
7 18 15 8508
7 18 16 6302
7 18 17 7135
7 18 18 0
8 0 0 0
8 0 1 3113
8 0 2 3290
8 0 3 4745
8 0 4 3219
8 0 5 3081
8 0 6 5332
8 0 7 4098
8 0 8 0
8 0 9 5109
8 0 10 7923
8 0 11 5491
8 0 12 5941
8 0 13 6036
8 0 14 4113
8 0 15 4326
8 0 16 5245
8 0 17 4615
8 0 18 5841
8 1 0 4066
8 1 1 0
8 1 2 872
8 1 3 1472
8 1 4 2695
8 1 5 1569
8 1 6 438
8 1 7 2422
8 1 8 0
8 1 9 5463
8 1 10 6403
8 1 11 9387
8 1 12 7959
8 1 13 6928
8 1 14 7564
8 1 15 7133
8 1 16 5189
8 1 17 7839
8 1 18 4936
8 2 0 6431
8 2 1 4575
8 2 2 0
8 2 3 6416
8 2 4 3986
8 2 5 7683
8 2 6 4868
8 2 7 3326
8 2 8 0
8 2 9 4384
8 2 10 2585
8 2 11 2380
8 2 12 6335
8 2 13 3842
8 2 14 2074
8 2 15 3046
8 2 16 1900
8 2 17 5630
8 2 18 1912
8 3 0 5068
8 3 1 3712
8 3 2 5512
8 3 3 0
8 3 4 3705
8 3 5 6933
8 3 6 5269
8 3 7 7036
8 3 8 0
8 3 9 7143
8 3 10 8487
8 3 11 9075
8 3 12 7772
8 3 13 8484
8 3 14 6111
8 3 15 9834
8 3 16 5478
8 3 17 9862
8 3 18 8775
8 4 0 6510
8 4 1 6269
8 4 2 6461
8 4 3 5536
8 4 4 0
8 4 5 5152
8 4 6 6563
8 4 7 4508
8 4 8 0
8 4 9 5035
8 4 10 5209
8 4 11 6654
8 4 12 8180
8 4 13 6984
8 4 14 7401
8 4 15 8236
8 4 16 6987
8 4 17 8659
8 4 18 5791
8 5 0 8960
8 5 1 8365
8 5 2 7640
8 5 3 6507
8 5 4 8430
8 5 5 0
8 5 6 5509
8 5 7 6185
8 5 8 0
8 5 9 5925
8 5 10 4332
8 5 11 8434
8 5 12 5662
8 5 13 8245
8 5 14 4862
8 5 15 7044
8 5 16 4881
8 5 17 4104
8 5 18 5332
8 6 0 3275
8 6 1 1025
8 6 2 1659
8 6 3 1165
8 6 4 3956
8 6 5 2738
8 6 6 0
8 6 7 4898
8 6 8 0
8 6 9 5676
8 6 10 7368
8 6 11 5313
8 6 12 4431
8 6 13 4900
8 6 14 7782
8 6 15 5155
8 6 16 7078
8 6 17 7438
8 6 18 6763
8 7 0 4614
8 7 1 2814
8 7 2 1531
8 7 3 5316
8 7 4 2160
8 7 5 5341
8 7 6 4097
8 7 7 0
8 7 8 0
8 7 9 3297
8 7 10 3530
8 7 11 1767
8 7 12 1079
8 7 13 3980
8 7 14 2693
8 7 15 2584
8 7 16 4071
8 7 17 1270
8 7 18 5471
8 8 0 0
8 8 1 0
8 8 2 0
8 8 3 0
8 8 4 0
8 8 5 0
8 8 6 0
8 8 7 0
8 8 8 0
8 8 9 0
8 8 10 0
8 8 11 0
8 8 12 0
8 8 13 0
8 8 14 0
8 8 15 0
8 8 16 0
8 8 17 0
8 8 18 0
8 9 0 4677
8 9 1 3511
8 9 2 5412
8 9 3 4919
8 9 4 3781
8 9 5 4707
8 9 6 4054
8 9 7 5204
8 9 8 0
8 9 9 0
8 9 10 5005
8 9 11 5144
8 9 12 4004
8 9 13 2357
8 9 14 4439
8 9 15 3400
8 9 16 5482
8 9 17 6482
8 9 18 3352
8 10 0 7576
8 10 1 4536
8 10 2 3698
8 10 3 6348
8 10 4 4040
8 10 5 3199
8 10 6 5831
8 10 7 5522
8 10 8 0
8 10 9 5433
8 10 10 0
8 10 11 7612
8 10 12 8447
8 10 13 6318
8 10 14 4161
8 10 15 4695
8 10 16 7983
8 10 17 6972
8 10 18 5317
8 11 0 3648
8 11 1 6024
8 11 2 1997
8 11 3 5440
8 11 4 3989
8 11 5 5805
8 11 6 2280
8 11 7 2263
8 11 8 0
8 11 9 4207
8 11 10 2939
8 11 11 0
8 11 12 4911
8 11 13 5646
8 11 14 3484
8 11 15 6871
8 11 16 4543
8 11 17 4501
8 11 18 4524
8 12 0 5703
8 12 1 6201
8 12 2 7557
8 12 3 5742
8 12 4 7120
8 12 5 4638
8 12 6 3003
8 12 7 3180
8 12 8 0
8 12 9 7207
8 12 10 5487
8 12 11 5617
8 12 12 0
8 12 13 3637
8 12 14 7371
8 12 15 6599
8 12 16 7065
8 12 17 2807
8 12 18 3256
8 13 0 5061
8 13 1 4433
8 13 2 4327
8 13 3 5717
8 13 4 5187
8 13 5 6484
8 13 6 2735
8 13 7 5344
8 13 8 0
8 13 9 4484
8 13 10 3479
8 13 11 3136
8 13 12 3901
8 13 13 0
8 13 14 6129
8 13 15 4170
8 13 16 3385
8 13 17 6116
8 13 18 5774
8 14 0 3641
8 14 1 5572
8 14 2 3062
8 14 3 3847
8 14 4 6107
8 14 5 3604
8 14 6 6120
8 14 7 4560
8 14 8 0
8 14 9 6099
8 14 10 3811
8 14 11 3646
8 14 12 5232
8 14 13 5599
8 14 14 0
8 14 15 3462
8 14 16 6953
8 14 17 7431
8 14 18 6404
8 15 0 3996
8 15 1 5283
8 15 2 4176
8 15 3 7712
8 15 4 7084
8 15 5 5928
8 15 6 3635
8 15 7 4593
8 15 8 0
8 15 9 3428
8 15 10 7086
8 15 11 4276
8 15 12 2223
8 15 13 5905
8 15 14 6821
8 15 15 0
8 15 16 2260
8 15 17 5598
8 15 18 5071
8 16 0 2159
8 16 1 583
8 16 2 274
8 16 3 600
8 16 4 3079
8 16 5 1009
8 16 6 2802
8 16 7 3324
8 16 8 0
8 16 9 3836
8 16 10 2688
8 16 11 1776
8 16 12 1808
8 16 13 1448
8 16 14 4353
8 16 15 3988
8 16 16 0
8 16 17 3941
8 16 18 5683
8 17 0 3428
8 17 1 5132
8 17 2 5903
8 17 3 6883
8 17 4 6650
8 17 5 2131
8 17 6 5061
8 17 7 2422
8 17 8 0
8 17 9 904
8 17 10 3571
8 17 11 1584
8 17 12 1085
8 17 13 2656
8 17 14 3259
8 17 15 1767
8 17 16 1277
8 17 17 0
8 17 18 2579
8 18 0 3074
8 18 1 649
8 18 2 605
8 18 3 4216
8 18 4 2202
8 18 5 1779
8 18 6 2806
8 18 7 5043
8 18 8 0
8 18 9 6359
8 18 10 4597
8 18 11 5286
8 18 12 4920
8 18 13 3507
8 18 14 6294
8 18 15 5251
8 18 16 3045
8 18 17 3878
8 18 18 0
9 0 0 0
9 0 1 3941
9 0 2 4118
9 0 3 5573
9 0 4 4047
9 0 5 3909
9 0 6 6160
9 0 7 4926
9 0 8 5109
9 0 9 0
9 0 10 5456
9 0 11 3024
9 0 12 3474
9 0 13 3569
9 0 14 1646
9 0 15 1859
9 0 16 2778
9 0 17 2148
9 0 18 3374
9 1 0 4565
9 1 1 0
9 1 2 1371
9 1 3 1971
9 1 4 3194
9 1 5 2068
9 1 6 937
9 1 7 2921
9 1 8 5463
9 1 9 0
9 1 10 6501
9 1 11 9485
9 1 12 8057
9 1 13 7026
9 1 14 7662
9 1 15 7231
9 1 16 5287
9 1 17 7937
9 1 18 5034
9 2 0 6391
9 2 1 4535
9 2 2 0
9 2 3 6376
9 2 4 3946
9 2 5 7643
9 2 6 4828
9 2 7 3286
9 2 8 4384
9 2 9 0
9 2 10 2444
9 2 11 2239
9 2 12 6194
9 2 13 3701
9 2 14 1933
9 2 15 2905
9 2 16 1759
9 2 17 5489
9 2 18 1771
9 3 0 4017
9 3 1 2661
9 3 2 4461
9 3 3 0
9 3 4 2654
9 3 5 5882
9 3 6 4218
9 3 7 5985
9 3 8 7143
9 3 9 0
9 3 10 5429
9 3 11 6017
9 3 12 4714
9 3 13 5426
9 3 14 3053
9 3 15 6776
9 3 16 2420
9 3 17 6804
9 3 18 5717
9 4 0 5634
9 4 1 5393
9 4 2 5585
9 4 3 4660
9 4 4 0
9 4 5 4276
9 4 6 5687
9 4 7 3632
9 4 8 5035
9 4 9 0
9 4 10 4936
9 4 11 6381
9 4 12 7907
9 4 13 6711
9 4 14 7128
9 4 15 7963
9 4 16 6714
9 4 17 8386
9 4 18 5518
9 5 0 6579
9 5 1 5984
9 5 2 5259
9 5 3 4126
9 5 4 6049
9 5 5 0
9 5 6 3128
9 5 7 3804
9 5 8 5925
9 5 9 0
9 5 10 1535
9 5 11 5637
9 5 12 2865
9 5 13 5448
9 5 14 2065
9 5 15 4247
9 5 16 2084
9 5 17 1307
9 5 18 2535
9 6 0 4297
9 6 1 2047
9 6 2 2681
9 6 3 2187
9 6 4 4978
9 6 5 3760
9 6 6 0
9 6 7 5920
9 6 8 5676
9 6 9 0
9 6 10 4722
9 6 11 2667
9 6 12 1785
9 6 13 2254
9 6 14 5136
9 6 15 2509
9 6 16 4432
9 6 17 4792
9 6 18 4117
9 7 0 6166
9 7 1 4366
9 7 2 3083
9 7 3 6868
9 7 4 3712
9 7 5 6893
9 7 6 5649
9 7 7 0
9 7 8 3297
9 7 9 0
9 7 10 4250
9 7 11 2487
9 7 12 1799
9 7 13 4700
9 7 14 3413
9 7 15 3304
9 7 16 4791
9 7 17 1990
9 7 18 6191
9 8 0 3180
9 8 1 2343
9 8 2 4783
9 8 3 5301
9 8 4 3988
9 8 5 6419
9 8 6 2363
9 8 7 2983
9 8 8 0
9 8 9 0
9 8 10 6421
9 8 11 5279
9 8 12 5458
9 8 13 5397
9 8 14 5250
9 8 15 4825
9 8 16 3455
9 8 17 3016
9 8 18 4121
9 9 0 0
9 9 1 0
9 9 2 0
9 9 3 0
9 9 4 0
9 9 5 0
9 9 6 0
9 9 7 0
9 9 8 0
9 9 9 0
9 9 10 0
9 9 11 0
9 9 12 0
9 9 13 0
9 9 14 0
9 9 15 0
9 9 16 0
9 9 17 0
9 9 18 0
9 10 0 6503
9 10 1 3463
9 10 2 2625
9 10 3 5275
9 10 4 2967
9 10 5 2126
9 10 6 4758
9 10 7 4449
9 10 8 5433
9 10 9 0
9 10 10 0
9 10 11 6865
9 10 12 7700
9 10 13 5571
9 10 14 3414
9 10 15 3948
9 10 16 7236
9 10 17 6225
9 10 18 4570
9 11 0 3987
9 11 1 6363
9 11 2 2336
9 11 3 5779
9 11 4 4328
9 11 5 6144
9 11 6 2619
9 11 7 2602
9 11 8 4207
9 11 9 0
9 11 10 3473
9 11 11 0
9 11 12 5445
9 11 13 6180
9 11 14 4018
9 11 15 7405
9 11 16 5077
9 11 17 5035
9 11 18 5058
9 12 0 7258
9 12 1 7756
9 12 2 9112
9 12 3 7297
9 12 4 8675
9 12 5 6193
9 12 6 4558
9 12 7 4735
9 12 8 7207
9 12 9 0
9 12 10 4702
9 12 11 4832
9 12 12 0
9 12 13 2852
9 12 14 6586
9 12 15 5814
9 12 16 6280
9 12 17 2022
9 12 18 2471
9 13 0 4691
9 13 1 4063
9 13 2 3957
9 13 3 5347
9 13 4 4817
9 13 5 6114
9 13 6 2365
9 13 7 4974
9 13 8 4484
9 13 9 0
9 13 10 1108
9 13 11 765
9 13 12 1530
9 13 13 0
9 13 14 3758
9 13 15 1799
9 13 16 1014
9 13 17 3745
9 13 18 3403
9 14 0 4530
9 14 1 6461
9 14 2 3951
9 14 3 4736
9 14 4 6996
9 14 5 4493
9 14 6 7009
9 14 7 5449
9 14 8 6099
9 14 9 0
9 14 10 3669
9 14 11 3504
9 14 12 5090
9 14 13 5457
9 14 14 0
9 14 15 3320
9 14 16 6811
9 14 17 7289
9 14 18 6262
9 15 0 2497
9 15 1 3784
9 15 2 2677
9 15 3 6213
9 15 4 5585
9 15 5 4429
9 15 6 2136
9 15 7 3094
9 15 8 3428
9 15 9 0
9 15 10 6330
9 15 11 3520
9 15 12 1467
9 15 13 5149
9 15 14 6065
9 15 15 0
9 15 16 1504
9 15 17 4842
9 15 18 4315
9 16 0 5194
9 16 1 3618
9 16 2 3309
9 16 3 3635
9 16 4 6114
9 16 5 4044
9 16 6 5837
9 16 7 6359
9 16 8 3836
9 16 9 0
9 16 10 5384
9 16 11 4472
9 16 12 4504
9 16 13 4144
9 16 14 7049
9 16 15 6684
9 16 16 0
9 16 17 6637
9 16 18 8379
9 17 0 2071
9 17 1 3775
9 17 2 4546
9 17 3 5526
9 17 4 5293
9 17 5 774
9 17 6 3704
9 17 7 1065
9 17 8 904
9 17 9 0
9 17 10 7706
9 17 11 5719
9 17 12 5220
9 17 13 6791
9 17 14 7394
9 17 15 5902
9 17 16 5412
9 17 17 0
9 17 18 6714
9 18 0 7647
9 18 1 5222
9 18 2 5178
9 18 3 8789
9 18 4 6775
9 18 5 6352
9 18 6 7379
9 18 7 9616
9 18 8 6359
9 18 9 0
9 18 10 4497
9 18 11 5186
9 18 12 4820
9 18 13 3407
9 18 14 6194
9 18 15 5151
9 18 16 2945
9 18 17 3778
9 18 18 0
10 0 0 0
10 0 1 6755
10 0 2 6932
10 0 3 8387
10 0 4 6861
10 0 5 6723
10 0 6 8974
10 0 7 7740
10 0 8 7923
10 0 9 5456
10 0 10 0
10 0 11 2824
10 0 12 3274
10 0 13 3369
10 0 14 1446
10 0 15 1659
10 0 16 2578
10 0 17 1948
10 0 18 3174
10 1 0 5505
10 1 1 0
10 1 2 2311
10 1 3 2911
10 1 4 4134
10 1 5 3008
10 1 6 1877
10 1 7 3861
10 1 8 6403
10 1 9 6501
10 1 10 0
10 1 11 7882
10 1 12 6454
10 1 13 5423
10 1 14 6059
10 1 15 5628
10 1 16 3684
10 1 17 6334
10 1 18 3431
10 2 0 4592
10 2 1 2736
10 2 2 0
10 2 3 4577
10 2 4 2147
10 2 5 5844
10 2 6 3029
10 2 7 1487
10 2 8 2585
10 2 9 2444
10 2 10 0
10 2 11 4906
10 2 12 8861
10 2 13 6368
10 2 14 4600
10 2 15 5572
10 2 16 4426
10 2 17 8156
10 2 18 4438
10 3 0 5361
10 3 1 4005
10 3 2 5805
10 3 3 0
10 3 4 3998
10 3 5 7226
10 3 6 5562
10 3 7 7329
10 3 8 8487
10 3 9 5429
10 3 10 0
10 3 11 4474
10 3 12 3171
10 3 13 3883
10 3 14 1510
10 3 15 5233
10 3 16 877
10 3 17 5261
10 3 18 4174
10 4 0 5808
10 4 1 5567
10 4 2 5759
10 4 3 4834
10 4 4 0
10 4 5 4450
10 4 6 5861
10 4 7 3806
10 4 8 5209
10 4 9 4936
10 4 10 0
10 4 11 6909
10 4 12 8435
10 4 13 7239
10 4 14 7656
10 4 15 8491
10 4 16 7242
10 4 17 8914
10 4 18 6046
10 5 0 4986
10 5 1 4391
10 5 2 3666
10 5 3 2533
10 5 4 4456
10 5 5 0
10 5 6 1535
10 5 7 2211
10 5 8 4332
10 5 9 1535
10 5 10 0
10 5 11 7466
10 5 12 4694
10 5 13 7277
10 5 14 3894
10 5 15 6076
10 5 16 3913
10 5 17 3136
10 5 18 4364
10 6 0 5989
10 6 1 3739
10 6 2 4373
10 6 3 3879
10 6 4 6670
10 6 5 5452
10 6 6 0
10 6 7 7612
10 6 8 7368
10 6 9 4722
10 6 10 0
10 6 11 3864
10 6 12 2982
10 6 13 3451
10 6 14 6333
10 6 15 3706
10 6 16 5629
10 6 17 5989
10 6 18 5314
10 7 0 6399
10 7 1 4599
10 7 2 3316
10 7 3 7101
10 7 4 3945
10 7 5 7126
10 7 6 5882
10 7 7 0
10 7 8 3530
10 7 9 4250
10 7 10 0
10 7 11 1963
10 7 12 1275
10 7 13 4176
10 7 14 2889
10 7 15 2780
10 7 16 4267
10 7 17 1466
10 7 18 5667
10 8 0 4832
10 8 1 3995
10 8 2 6435
10 8 3 6953
10 8 4 5640
10 8 5 8071
10 8 6 4015
10 8 7 4635
10 8 8 0
10 8 9 6421
10 8 10 0
10 8 11 5364
10 8 12 5543
10 8 13 5482
10 8 14 5335
10 8 15 4910
10 8 16 3540
10 8 17 3101
10 8 18 4206
10 9 0 4913
10 9 1 3747
10 9 2 5648
10 9 3 5155
10 9 4 4017
10 9 5 4943
10 9 6 4290
10 9 7 5440
10 9 8 5005
10 9 9 0
10 9 10 0
10 9 11 4825
10 9 12 3685
10 9 13 2038
10 9 14 4120
10 9 15 3081
10 9 16 5163
10 9 17 6163
10 9 18 3033
10 10 0 0
10 10 1 0
10 10 2 0
10 10 3 0
10 10 4 0
10 10 5 0
10 10 6 0
10 10 7 0
10 10 8 0
10 10 9 0
10 10 10 0
10 10 11 0
10 10 12 0
10 10 13 0
10 10 14 0
10 10 15 0
10 10 16 0
10 10 17 0
10 10 18 0
10 11 0 2719
10 11 1 5095
10 11 2 1068
10 11 3 4511
10 11 4 3060
10 11 5 4876
10 11 6 1351
10 11 7 1334
10 11 8 2939
10 11 9 3473
10 11 10 0
10 11 11 0
10 11 12 6261
10 11 13 6996
10 11 14 4834
10 11 15 8221
10 11 16 5893
10 11 17 5851
10 11 18 5874
10 12 0 5538
10 12 1 6036
10 12 2 7392
10 12 3 5577
10 12 4 6955
10 12 5 4473
10 12 6 2838
10 12 7 3015
10 12 8 5487
10 12 9 4702
10 12 10 0
10 12 11 7623
10 12 12 0
10 12 13 5643
10 12 14 9377
10 12 15 8605
10 12 16 9071
10 12 17 4813
10 12 18 5262
10 13 0 3686
10 13 1 3058
10 13 2 2952
10 13 3 4342
10 13 4 3812
10 13 5 5109
10 13 6 1360
10 13 7 3969
10 13 8 3479
10 13 9 1108
10 13 10 0
10 13 11 3074
10 13 12 3839
10 13 13 0
10 13 14 6067
10 13 15 4108
10 13 16 3323
10 13 17 6054
10 13 18 5712
10 14 0 2242
10 14 1 4173
10 14 2 1663
10 14 3 2448
10 14 4 4708
10 14 5 2205
10 14 6 4721
10 14 7 3161
10 14 8 3811
10 14 9 3669
10 14 10 0
10 14 11 1574
10 14 12 3160
10 14 13 3527
10 14 14 0
10 14 15 1390
10 14 16 4881
10 14 17 5359
10 14 18 4332
10 15 0 6155
10 15 1 7442
10 15 2 6335
10 15 3 9871
10 15 4 9243
10 15 5 8087
10 15 6 5794
10 15 7 6752
10 15 8 7086
10 15 9 6330
10 15 10 0
10 15 11 3163
10 15 12 1110
10 15 13 4792
10 15 14 5708
10 15 15 0
10 15 16 1147
10 15 17 4485
10 15 18 3958
10 16 0 4046
10 16 1 2470
10 16 2 2161
10 16 3 2487
10 16 4 4966
10 16 5 2896
10 16 6 4689
10 16 7 5211
10 16 8 2688
10 16 9 5384
10 16 10 0
10 16 11 5321
10 16 12 5353
10 16 13 4993
10 16 14 7898
10 16 15 7533
10 16 16 0
10 16 17 7486
10 16 18 9228
10 17 0 4738
10 17 1 6442
10 17 2 7213
10 17 3 8193
10 17 4 7960
10 17 5 3441
10 17 6 6371
10 17 7 3732
10 17 8 3571
10 17 9 7706
10 17 10 0
10 17 11 4557
10 17 12 4058
10 17 13 5629
10 17 14 6232
10 17 15 4740
10 17 16 4250
10 17 17 0
10 17 18 5552
10 18 0 5885
10 18 1 3460
10 18 2 3416
10 18 3 7027
10 18 4 5013
10 18 5 4590
10 18 6 5617
10 18 7 7854
10 18 8 4597
10 18 9 4497
10 18 10 0
10 18 11 5499
10 18 12 5133
10 18 13 3720
10 18 14 6507
10 18 15 5464
10 18 16 3258
10 18 17 4091
10 18 18 0
11 0 0 0
11 0 1 4323
11 0 2 4500
11 0 3 5955
11 0 4 4429
11 0 5 4291
11 0 6 6542
11 0 7 5308
11 0 8 5491
11 0 9 3024
11 0 10 2824
11 0 11 0
11 0 12 4932
11 0 13 5027
11 0 14 3104
11 0 15 3317
11 0 16 4236
11 0 17 3606
11 0 18 4832
11 1 0 8489
11 1 1 0
11 1 2 5295
11 1 3 5895
11 1 4 7118
11 1 5 5992
11 1 6 4861
11 1 7 6845
11 1 8 9387
11 1 9 9485
11 1 10 7882
11 1 11 0
11 1 12 5934
11 1 13 4903
11 1 14 5539
11 1 15 5108
11 1 16 3164
11 1 17 5814
11 1 18 2911
11 2 0 4387
11 2 1 2531
11 2 2 0
11 2 3 4372
11 2 4 1942
11 2 5 5639
11 2 6 2824
11 2 7 1282
11 2 8 2380
11 2 9 2239
11 2 10 4906
11 2 11 0
11 2 12 7028
11 2 13 4535
11 2 14 2767
11 2 15 3739
11 2 16 2593
11 2 17 6323
11 2 18 2605
11 3 0 5949
11 3 1 4593
11 3 2 6393
11 3 3 0
11 3 4 4586
11 3 5 7814
11 3 6 6150
11 3 7 7917
11 3 8 9075
11 3 9 6017
11 3 10 4474
11 3 11 0
11 3 12 5678
11 3 13 6390
11 3 14 4017
11 3 15 7740
11 3 16 3384
11 3 17 7768
11 3 18 6681
11 4 0 7253
11 4 1 7012
11 4 2 7204
11 4 3 6279
11 4 4 0
11 4 5 5895
11 4 6 7306
11 4 7 5251
11 4 8 6654
11 4 9 6381
11 4 10 6909
11 4 11 0
11 4 12 4351
11 4 13 3155
11 4 14 3572
11 4 15 4407
11 4 16 3158
11 4 17 4830
11 4 18 1962
11 5 0 9088
11 5 1 8493
11 5 2 7768
11 5 3 6635
11 5 4 8558
11 5 5 0
11 5 6 5637
11 5 7 6313
11 5 8 8434
11 5 9 5637
11 5 10 7466
11 5 11 0
11 5 12 4980
11 5 13 7563
11 5 14 4180
11 5 15 6362
11 5 16 4199
11 5 17 3422
11 5 18 4650
11 6 0 3934
11 6 1 1684
11 6 2 2318
11 6 3 1824
11 6 4 4615
11 6 5 3397
11 6 6 0
11 6 7 5557
11 6 8 5313
11 6 9 2667
11 6 10 3864
11 6 11 0
11 6 12 1203
11 6 13 1672
11 6 14 4554
11 6 15 1927
11 6 16 3850
11 6 17 4210
11 6 18 3535
11 7 0 4636
11 7 1 2836
11 7 2 1553
11 7 3 5338
11 7 4 2182
11 7 5 5363
11 7 6 4119
11 7 7 0
11 7 8 1767
11 7 9 2487
11 7 10 1963
11 7 11 0
11 7 12 1562
11 7 13 4463
11 7 14 3176
11 7 15 3067
11 7 16 4554
11 7 17 1753
11 7 18 5954
11 8 0 3690
11 8 1 2853
11 8 2 5293
11 8 3 5811
11 8 4 4498
11 8 5 6929
11 8 6 2873
11 8 7 3493
11 8 8 0
11 8 9 5279
11 8 10 5364
11 8 11 0
11 8 12 4047
11 8 13 3986
11 8 14 3839
11 8 15 3414
11 8 16 2044
11 8 17 1605
11 8 18 2710
11 9 0 5052
11 9 1 3886
11 9 2 5787
11 9 3 5294
11 9 4 4156
11 9 5 5082
11 9 6 4429
11 9 7 5579
11 9 8 5144
11 9 9 0
11 9 10 4825
11 9 11 0
11 9 12 3601
11 9 13 1954
11 9 14 4036
11 9 15 2997
11 9 16 5079
11 9 17 6079
11 9 18 2949
11 10 0 8682
11 10 1 5642
11 10 2 4804
11 10 3 7454
11 10 4 5146
11 10 5 4305
11 10 6 6937
11 10 7 6628
11 10 8 7612
11 10 9 6865
11 10 10 0
11 10 11 0
11 10 12 5124
11 10 13 2995
11 10 14 838
11 10 15 1372
11 10 16 4660
11 10 17 3649
11 10 18 1994
11 11 0 0
11 11 1 0
11 11 2 0
11 11 3 0
11 11 4 0
11 11 5 0
11 11 6 0
11 11 7 0
11 11 8 0
11 11 9 0
11 11 10 0
11 11 11 0
11 11 12 0
11 11 13 0
11 11 14 0
11 11 15 0
11 11 16 0
11 11 17 0
11 11 18 0
11 12 0 5668
11 12 1 6166
11 12 2 7522
11 12 3 5707
11 12 4 7085
11 12 5 4603
11 12 6 2968
11 12 7 3145
11 12 8 5617
11 12 9 4832
11 12 10 7623
11 12 11 0
11 12 12 0
11 12 13 3249
11 12 14 6983
11 12 15 6211
11 12 16 6677
11 12 17 2419
11 12 18 2868
11 13 0 3343
11 13 1 2715
11 13 2 2609
11 13 3 3999
11 13 4 3469
11 13 5 4766
11 13 6 1017
11 13 7 3626
11 13 8 3136
11 13 9 765
11 13 10 3074
11 13 11 0
11 13 12 4309
11 13 13 0
11 13 14 6537
11 13 15 4578
11 13 16 3793
11 13 17 6524
11 13 18 6182
11 14 0 2077
11 14 1 4008
11 14 2 1498
11 14 3 2283
11 14 4 4543
11 14 5 2040
11 14 6 4556
11 14 7 2996
11 14 8 3646
11 14 9 3504
11 14 10 1574
11 14 11 0
11 14 12 3625
11 14 13 3992
11 14 14 0
11 14 15 1855
11 14 16 5346
11 14 17 5824
11 14 18 4797
11 15 0 3345
11 15 1 4632
11 15 2 3525
11 15 3 7061
11 15 4 6433
11 15 5 5277
11 15 6 2984
11 15 7 3942
11 15 8 4276
11 15 9 3520
11 15 10 3163
11 15 11 0
11 15 12 4428
11 15 13 8110
11 15 14 9026
11 15 15 0
11 15 16 4465
11 15 17 7803
11 15 18 7276
11 16 0 3134
11 16 1 1558
11 16 2 1249
11 16 3 1575
11 16 4 4054
11 16 5 1984
11 16 6 3777
11 16 7 4299
11 16 8 1776
11 16 9 4472
11 16 10 5321
11 16 11 0
11 16 12 3055
11 16 13 2695
11 16 14 5600
11 16 15 5235
11 16 16 0
11 16 17 5188
11 16 18 6930
11 17 0 2751
11 17 1 4455
11 17 2 5226
11 17 3 6206
11 17 4 5973
11 17 5 1454
11 17 6 4384
11 17 7 1745
11 17 8 1584
11 17 9 5719
11 17 10 4557
11 17 11 0
11 17 12 2729
11 17 13 4300
11 17 14 4903
11 17 15 3411
11 17 16 2921
11 17 17 0
11 17 18 4223
11 18 0 6574
11 18 1 4149
11 18 2 4105
11 18 3 7716
11 18 4 5702
11 18 5 5279
11 18 6 6306
11 18 7 8543
11 18 8 5286
11 18 9 5186
11 18 10 5499
11 18 11 0
11 18 12 5482
11 18 13 4069
11 18 14 6856
11 18 15 5813
11 18 16 3607
11 18 17 4440
11 18 18 0
12 0 0 0
12 0 1 4773
12 0 2 4950
12 0 3 6405
12 0 4 4879
12 0 5 4741
12 0 6 6992
12 0 7 5758
12 0 8 5941
12 0 9 3474
12 0 10 3274
12 0 11 4932
12 0 12 0
12 0 13 6281
12 0 14 4358
12 0 15 4571
12 0 16 5490
12 0 17 4860
12 0 18 6086
12 1 0 7061
12 1 1 0
12 1 2 3867
12 1 3 4467
12 1 4 5690
12 1 5 4564
12 1 6 3433
12 1 7 5417
12 1 8 7959
12 1 9 8057
12 1 10 6454
12 1 11 5934
12 1 12 0
12 1 13 3341
12 1 14 3977
12 1 15 3546
12 1 16 1602
12 1 17 4252
12 1 18 1349
12 2 0 8342
12 2 1 6486
12 2 2 0
12 2 3 8327
12 2 4 5897
12 2 5 9594
12 2 6 6779
12 2 7 5237
12 2 8 6335
12 2 9 6194
12 2 10 8861
12 2 11 7028
12 2 12 0
12 2 13 3768
12 2 14 2000
12 2 15 2972
12 2 16 1826
12 2 17 5556
12 2 18 1838
12 3 0 4646
12 3 1 3290
12 3 2 5090
12 3 3 0
12 3 4 3283
12 3 5 6511
12 3 6 4847
12 3 7 6614
12 3 8 7772
12 3 9 4714
12 3 10 3171
12 3 11 5678
12 3 12 0
12 3 13 3682
12 3 14 1309
12 3 15 5032
12 3 16 676
12 3 17 5060
12 3 18 3973
12 4 0 8779
12 4 1 8538
12 4 2 8730
12 4 3 7805
12 4 4 0
12 4 5 7421
12 4 6 8832
12 4 7 6777
12 4 8 8180
12 4 9 7907
12 4 10 8435
12 4 11 4351
12 4 12 0
12 4 13 4636
12 4 14 5053
12 4 15 5888
12 4 16 4639
12 4 17 6311
12 4 18 3443
12 5 0 6316
12 5 1 5721
12 5 2 4996
12 5 3 3863
12 5 4 5786
12 5 5 0
12 5 6 2865
12 5 7 3541
12 5 8 5662
12 5 9 2865
12 5 10 4694
12 5 11 4980
12 5 12 0
12 5 13 7724
12 5 14 4341
12 5 15 6523
12 5 16 4360
12 5 17 3583
12 5 18 4811
12 6 0 3052
12 6 1 802
12 6 2 1436
12 6 3 942
12 6 4 3733
12 6 5 2515
12 6 6 0
12 6 7 4675
12 6 8 4431
12 6 9 1785
12 6 10 2982
12 6 11 1203
12 6 12 0
12 6 13 1275
12 6 14 4157
12 6 15 1530
12 6 16 3453
12 6 17 3813
12 6 18 3138
12 7 0 3948
12 7 1 2148
12 7 2 865
12 7 3 4650
12 7 4 1494
12 7 5 4675
12 7 6 3431
12 7 7 0
12 7 8 1079
12 7 9 1799
12 7 10 1275
12 7 11 1562
12 7 12 0
12 7 13 5426
12 7 14 4139
12 7 15 4030
12 7 16 5517
12 7 17 2716
12 7 18 6917
12 8 0 3869
12 8 1 3032
12 8 2 5472
12 8 3 5990
12 8 4 4677
12 8 5 7108
12 8 6 3052
12 8 7 3672
12 8 8 0
12 8 9 5458
12 8 10 5543
12 8 11 4047
12 8 12 0
12 8 13 5591
12 8 14 5444
12 8 15 5019
12 8 16 3649
12 8 17 3210
12 8 18 4315
12 9 0 3912
12 9 1 2746
12 9 2 4647
12 9 3 4154
12 9 4 3016
12 9 5 3942
12 9 6 3289
12 9 7 4439
12 9 8 4004
12 9 9 0
12 9 10 3685
12 9 11 3601
12 9 12 0
12 9 13 4775
12 9 14 6857
12 9 15 5818
12 9 16 7900
12 9 17 8900
12 9 18 5770
12 10 0 9517
12 10 1 6477
12 10 2 5639
12 10 3 8289
12 10 4 5981
12 10 5 5140
12 10 6 7772
12 10 7 7463
12 10 8 8447
12 10 9 7700
12 10 10 0
12 10 11 5124
12 10 12 0
12 10 13 5364
12 10 14 3207
12 10 15 3741
12 10 16 7029
12 10 17 6018
12 10 18 4363
12 11 0 4691
12 11 1 7067
12 11 2 3040
12 11 3 6483
12 11 4 5032
12 11 5 6848
12 11 6 3323
12 11 7 3306
12 11 8 4911
12 11 9 5445
12 11 10 6261
12 11 11 0
12 11 12 0
12 11 13 5964
12 11 14 3802
12 11 15 7189
12 11 16 4861
12 11 17 4819
12 11 18 4842
12 12 0 0
12 12 1 0
12 12 2 0
12 12 3 0
12 12 4 0
12 12 5 0
12 12 6 0
12 12 7 0
12 12 8 0
12 12 9 0
12 12 10 0
12 12 11 0
12 12 12 0
12 12 13 0
12 12 14 0
12 12 15 0
12 12 16 0
12 12 17 0
12 12 18 0
12 13 0 4108
12 13 1 3480
12 13 2 3374
12 13 3 4764
12 13 4 4234
12 13 5 5531
12 13 6 1782
12 13 7 4391
12 13 8 3901
12 13 9 1530
12 13 10 3839
12 13 11 4309
12 13 12 0
12 13 13 0
12 13 14 4349
12 13 15 2390
12 13 16 1605
12 13 17 4336
12 13 18 3994
12 14 0 3663
12 14 1 5594
12 14 2 3084
12 14 3 3869
12 14 4 6129
12 14 5 3626
12 14 6 6142
12 14 7 4582
12 14 8 5232
12 14 9 5090
12 14 10 3160
12 14 11 3625
12 14 12 0
12 14 13 7700
12 14 14 0
12 14 15 5563
12 14 16 9054
12 14 17 9532
12 14 18 8505
12 15 0 1292
12 15 1 2579
12 15 2 1472
12 15 3 5008
12 15 4 4380
12 15 5 3224
12 15 6 931
12 15 7 1889
12 15 8 2223
12 15 9 1467
12 15 10 1110
12 15 11 4428
12 15 12 0
12 15 13 7659
12 15 14 8575
12 15 15 0
12 15 16 4014
12 15 17 7352
12 15 18 6825
12 16 0 3166
12 16 1 1590
12 16 2 1281
12 16 3 1607
12 16 4 4086
12 16 5 2016
12 16 6 3809
12 16 7 4331
12 16 8 1808
12 16 9 4504
12 16 10 5353
12 16 11 3055
12 16 12 0
12 16 13 5038
12 16 14 7943
12 16 15 7578
12 16 16 0
12 16 17 7531
12 16 18 9273
12 17 0 2252
12 17 1 3956
12 17 2 4727
12 17 3 5707
12 17 4 5474
12 17 5 955
12 17 6 3885
12 17 7 1246
12 17 8 1085
12 17 9 5220
12 17 10 4058
12 17 11 2729
12 17 12 0
12 17 13 2427
12 17 14 3030
12 17 15 1538
12 17 16 1048
12 17 17 0
12 17 18 2350
12 18 0 6208
12 18 1 3783
12 18 2 3739
12 18 3 7350
12 18 4 5336
12 18 5 4913
12 18 6 5940
12 18 7 8177
12 18 8 4920
12 18 9 4820
12 18 10 5133
12 18 11 5482
12 18 12 0
12 18 13 2622
12 18 14 5409
12 18 15 4366
12 18 16 2160
12 18 17 2993
12 18 18 0
13 0 0 0
13 0 1 4868
13 0 2 5045
13 0 3 6500
13 0 4 4974
13 0 5 4836
13 0 6 7087
13 0 7 5853
13 0 8 6036
13 0 9 3569
13 0 10 3369
13 0 11 5027
13 0 12 6281
13 0 13 0
13 0 14 5459
13 0 15 5672
13 0 16 6591
13 0 17 5961
13 0 18 7187
13 1 0 6030
13 1 1 0
13 1 2 2836
13 1 3 3436
13 1 4 4659
13 1 5 3533
13 1 6 2402
13 1 7 4386
13 1 8 6928
13 1 9 7026
13 1 10 5423
13 1 11 4903
13 1 12 3341
13 1 13 0
13 1 14 5714
13 1 15 5283
13 1 16 3339
13 1 17 5989
13 1 18 3086
13 2 0 5849
13 2 1 3993
13 2 2 0
13 2 3 5834
13 2 4 3404
13 2 5 7101
13 2 6 4286
13 2 7 2744
13 2 8 3842
13 2 9 3701
13 2 10 6368
13 2 11 4535
13 2 12 3768
13 2 13 0
13 2 14 4295
13 2 15 5267
13 2 16 4121
13 2 17 7851
13 2 18 4133
13 3 0 5358
13 3 1 4002
13 3 2 5802
13 3 3 0
13 3 4 3995
13 3 5 7223
13 3 6 5559
13 3 7 7326
13 3 8 8484
13 3 9 5426
13 3 10 3883
13 3 11 6390
13 3 12 3682
13 3 13 0
13 3 14 3776
13 3 15 7499
13 3 16 3143
13 3 17 7527
13 3 18 6440
13 4 0 7583
13 4 1 7342
13 4 2 7534
13 4 3 6609
13 4 4 0
13 4 5 6225
13 4 6 7636
13 4 7 5581
13 4 8 6984
13 4 9 6711
13 4 10 7239
13 4 11 3155
13 4 12 4636
13 4 13 0
13 4 14 7024
13 4 15 7859
13 4 16 6610
13 4 17 8282
13 4 18 5414
13 5 0 8899
13 5 1 8304
13 5 2 7579
13 5 3 6446
13 5 4 8369
13 5 5 0
13 5 6 5448
13 5 7 6124
13 5 8 8245
13 5 9 5448
13 5 10 7277
13 5 11 7563
13 5 12 7724
13 5 13 0
13 5 14 2993
13 5 15 5175
13 5 16 3012
13 5 17 2235
13 5 18 3463
13 6 0 3521
13 6 1 1271
13 6 2 1905
13 6 3 1411
13 6 4 4202
13 6 5 2984
13 6 6 0
13 6 7 5144
13 6 8 4900
13 6 9 2254
13 6 10 3451
13 6 11 1672
13 6 12 1275
13 6 13 0
13 6 14 7264
13 6 15 4637
13 6 16 6560
13 6 17 6920
13 6 18 6245
13 7 0 6849
13 7 1 5049
13 7 2 3766
13 7 3 7551
13 7 4 4395
13 7 5 7576
13 7 6 6332
13 7 7 0
13 7 8 3980
13 7 9 4700
13 7 10 4176
13 7 11 4463
13 7 12 5426
13 7 13 0
13 7 14 6606
13 7 15 6497
13 7 16 7984
13 7 17 5183
13 7 18 9384
13 8 0 3808
13 8 1 2971
13 8 2 5411
13 8 3 5929
13 8 4 4616
13 8 5 7047
13 8 6 2991
13 8 7 3611
13 8 8 0
13 8 9 5397
13 8 10 5482
13 8 11 3986
13 8 12 5591
13 8 13 0
13 8 14 4707
13 8 15 4282
13 8 16 2912
13 8 17 2473
13 8 18 3578
13 9 0 2265
13 9 1 1099
13 9 2 3000
13 9 3 2507
13 9 4 1369
13 9 5 2295
13 9 6 1642
13 9 7 2792
13 9 8 2357
13 9 9 0
13 9 10 2038
13 9 11 1954
13 9 12 4775
13 9 13 0
13 9 14 4195
13 9 15 3156
13 9 16 5238
13 9 17 6238
13 9 18 3108
13 10 0 7388
13 10 1 4348
13 10 2 3510
13 10 3 6160
13 10 4 3852
13 10 5 3011
13 10 6 5643
13 10 7 5334
13 10 8 6318
13 10 9 5571
13 10 10 0
13 10 11 2995
13 10 12 5364
13 10 13 0
13 10 14 1260
13 10 15 1794
13 10 16 5082
13 10 17 4071
13 10 18 2416
13 11 0 5426
13 11 1 7802
13 11 2 3775
13 11 3 7218
13 11 4 5767
13 11 5 7583
13 11 6 4058
13 11 7 4041
13 11 8 5646
13 11 9 6180
13 11 10 6996
13 11 11 0
13 11 12 5964
13 11 13 0
13 11 14 1382
13 11 15 4769
13 11 16 2441
13 11 17 2399
13 11 18 2422
13 12 0 3688
13 12 1 4186
13 12 2 5542
13 12 3 3727
13 12 4 5105
13 12 5 2623
13 12 6 988
13 12 7 1165
13 12 8 3637
13 12 9 2852
13 12 10 5643
13 12 11 3249
13 12 12 0
13 12 13 0
13 12 14 5855
13 12 15 5083
13 12 16 5549
13 12 17 1291
13 12 18 1740
13 13 0 0
13 13 1 0
13 13 2 0
13 13 3 0
13 13 4 0
13 13 5 0
13 13 6 0
13 13 7 0
13 13 8 0
13 13 9 0
13 13 10 0
13 13 11 0
13 13 12 0
13 13 13 0
13 13 14 0
13 13 15 0
13 13 16 0
13 13 17 0
13 13 18 0
13 14 0 4030
13 14 1 5961
13 14 2 3451
13 14 3 4236
13 14 4 6496
13 14 5 3993
13 14 6 6509
13 14 7 4949
13 14 8 5599
13 14 9 5457
13 14 10 3527
13 14 11 3992
13 14 12 7700
13 14 13 0
13 14 14 0
13 14 15 4382
13 14 16 7873
13 14 17 8351
13 14 18 7324
13 15 0 4974
13 15 1 6261
13 15 2 5154
13 15 3 8690
13 15 4 8062
13 15 5 6906
13 15 6 4613
13 15 7 5571
13 15 8 5905
13 15 9 5149
13 15 10 4792
13 15 11 8110
13 15 12 7659
13 15 13 0
13 15 14 6207
13 15 15 0
13 15 16 1646
13 15 17 4984
13 15 18 4457
13 16 0 2806
13 16 1 1230
13 16 2 921
13 16 3 1247
13 16 4 3726
13 16 5 1656
13 16 6 3449
13 16 7 3971
13 16 8 1448
13 16 9 4144
13 16 10 4993
13 16 11 2695
13 16 12 5038
13 16 13 0
13 16 14 4324
13 16 15 3959
13 16 16 0
13 16 17 3912
13 16 18 5654
13 17 0 3823
13 17 1 5527
13 17 2 6298
13 17 3 7278
13 17 4 7045
13 17 5 2526
13 17 6 5456
13 17 7 2817
13 17 8 2656
13 17 9 6791
13 17 10 5629
13 17 11 4300
13 17 12 2427
13 17 13 0
13 17 14 6400
13 17 15 4908
13 17 16 4418
13 17 17 0
13 17 18 5720
13 18 0 4795
13 18 1 2370
13 18 2 2326
13 18 3 5937
13 18 4 3923
13 18 5 3500
13 18 6 4527
13 18 7 6764
13 18 8 3507
13 18 9 3407
13 18 10 3720
13 18 11 4069
13 18 12 2622
13 18 13 0
13 18 14 7988
13 18 15 6945
13 18 16 4739
13 18 17 5572
13 18 18 0
14 0 0 0
14 0 1 2945
14 0 2 3122
14 0 3 4577
14 0 4 3051
14 0 5 2913
14 0 6 5164
14 0 7 3930
14 0 8 4113
14 0 9 1646
14 0 10 1446
14 0 11 3104
14 0 12 4358
14 0 13 5459
14 0 14 0
14 0 15 6087
14 0 16 7006
14 0 17 6376
14 0 18 7602
14 1 0 6666
14 1 1 0
14 1 2 3472
14 1 3 4072
14 1 4 5295
14 1 5 4169
14 1 6 3038
14 1 7 5022
14 1 8 7564
14 1 9 7662
14 1 10 6059
14 1 11 5539
14 1 12 3977
14 1 13 5714
14 1 14 0
14 1 15 7144
14 1 16 5200
14 1 17 7850
14 1 18 4947
14 2 0 4081
14 2 1 2225
14 2 2 0
14 2 3 4066
14 2 4 1636
14 2 5 5333
14 2 6 2518
14 2 7 976
14 2 8 2074
14 2 9 1933
14 2 10 4600
14 2 11 2767
14 2 12 2000
14 2 13 4295
14 2 14 0
14 2 15 4228
14 2 16 3082
14 2 17 6812
14 2 18 3094
14 3 0 2985
14 3 1 1629
14 3 2 3429
14 3 3 0
14 3 4 1622
14 3 5 4850
14 3 6 3186
14 3 7 4953
14 3 8 6111
14 3 9 3053
14 3 10 1510
14 3 11 4017
14 3 12 1309
14 3 13 3776
14 3 14 0
14 3 15 7510
14 3 16 3154
14 3 17 7538
14 3 18 6451
14 4 0 8000
14 4 1 7759
14 4 2 7951
14 4 3 7026
14 4 4 0
14 4 5 6642
14 4 6 8053
14 4 7 5998
14 4 8 7401
14 4 9 7128
14 4 10 7656
14 4 11 3572
14 4 12 5053
14 4 13 7024
14 4 14 0
14 4 15 7521
14 4 16 6272
14 4 17 7944
14 4 18 5076
14 5 0 5516
14 5 1 4921
14 5 2 4196
14 5 3 3063
14 5 4 4986
14 5 5 0
14 5 6 2065
14 5 7 2741
14 5 8 4862
14 5 9 2065
14 5 10 3894
14 5 11 4180
14 5 12 4341
14 5 13 2993
14 5 14 0
14 5 15 5184
14 5 16 3021
14 5 17 2244
14 5 18 3472
14 6 0 6403
14 6 1 4153
14 6 2 4787
14 6 3 4293
14 6 4 7084
14 6 5 5866
14 6 6 0
14 6 7 8026
14 6 8 7782
14 6 9 5136
14 6 10 6333
14 6 11 4554
14 6 12 4157
14 6 13 7264
14 6 14 0
14 6 15 5706
14 6 16 7629
14 6 17 7989
14 6 18 7314
14 7 0 5562
14 7 1 3762
14 7 2 2479
14 7 3 6264
14 7 4 3108
14 7 5 6289
14 7 6 5045
14 7 7 0
14 7 8 2693
14 7 9 3413
14 7 10 2889
14 7 11 3176
14 7 12 4139
14 7 13 6606
14 7 14 0
14 7 15 6698
14 7 16 8185
14 7 17 5384
14 7 18 9585
14 8 0 3661
14 8 1 2824
14 8 2 5264
14 8 3 5782
14 8 4 4469
14 8 5 6900
14 8 6 2844
14 8 7 3464
14 8 8 0
14 8 9 5250
14 8 10 5335
14 8 11 3839
14 8 12 5444
14 8 13 4707
14 8 14 0
14 8 15 4785
14 8 16 3415
14 8 17 2976
14 8 18 4081
14 9 0 4347
14 9 1 3181
14 9 2 5082
14 9 3 4589
14 9 4 3451
14 9 5 4377
14 9 6 3724
14 9 7 4874
14 9 8 4439
14 9 9 0
14 9 10 4120
14 9 11 4036
14 9 12 6857
14 9 13 4195
14 9 14 0
14 9 15 4918
14 9 16 7000
14 9 17 8000
14 9 18 4870
14 10 0 5231
14 10 1 2191
14 10 2 1353
14 10 3 4003
14 10 4 1695
14 10 5 854
14 10 6 3486
14 10 7 3177
14 10 8 4161
14 10 9 3414
14 10 10 0
14 10 11 838
14 10 12 3207
14 10 13 1260
14 10 14 0
14 10 15 2273
14 10 16 5561
14 10 17 4550
14 10 18 2895
14 11 0 3264
14 11 1 5640
14 11 2 1613
14 11 3 5056
14 11 4 3605
14 11 5 5421
14 11 6 1896
14 11 7 1879
14 11 8 3484
14 11 9 4018
14 11 10 4834
14 11 11 0
14 11 12 3802
14 11 13 1382
14 11 14 0
14 11 15 5426
14 11 16 3098
14 11 17 3056
14 11 18 3079
14 12 0 7422
14 12 1 7920
14 12 2 9276
14 12 3 7461
14 12 4 8839
14 12 5 6357
14 12 6 4722
14 12 7 4899
14 12 8 7371
14 12 9 6586
14 12 10 9377
14 12 11 6983
14 12 12 0
14 12 13 5855
14 12 14 0
14 12 15 6561
14 12 16 7027
14 12 17 2769
14 12 18 3218
14 13 0 6336
14 13 1 5708
14 13 2 5602
14 13 3 6992
14 13 4 6462
14 13 5 7759
14 13 6 4010
14 13 7 6619
14 13 8 6129
14 13 9 3758
14 13 10 6067
14 13 11 6537
14 13 12 4349
14 13 13 0
14 13 14 0
14 13 15 4560
14 13 16 3775
14 13 17 6506
14 13 18 6164
14 14 0 0
14 14 1 0
14 14 2 0
14 14 3 0
14 14 4 0
14 14 5 0
14 14 6 0
14 14 7 0
14 14 8 0
14 14 9 0
14 14 10 0
14 14 11 0
14 14 12 0
14 14 13 0
14 14 14 0
14 14 15 0
14 14 16 0
14 14 17 0
14 14 18 0
14 15 0 5890
14 15 1 7177
14 15 2 6070
14 15 3 9606
14 15 4 8978
14 15 5 7822
14 15 6 5529
14 15 7 6487
14 15 8 6821
14 15 9 6065
14 15 10 5708
14 15 11 9026
14 15 12 8575
14 15 13 6207
14 15 14 0
14 15 15 0
14 15 16 1085
14 15 17 4423
14 15 18 3896
14 16 0 5711
14 16 1 4135
14 16 2 3826
14 16 3 4152
14 16 4 6631
14 16 5 4561
14 16 6 6354
14 16 7 6876
14 16 8 4353
14 16 9 7049
14 16 10 7898
14 16 11 5600
14 16 12 7943
14 16 13 4324
14 16 14 0
14 16 15 7674
14 16 16 0
14 16 17 7627
14 16 18 9369
14 17 0 4426
14 17 1 6130
14 17 2 6901
14 17 3 7881
14 17 4 7648
14 17 5 3129
14 17 6 6059
14 17 7 3420
14 17 8 3259
14 17 9 7394
14 17 10 6232
14 17 11 4903
14 17 12 3030
14 17 13 6400
14 17 14 0
14 17 15 6370
14 17 16 5880
14 17 17 0
14 17 18 7182
14 18 0 7582
14 18 1 5157
14 18 2 5113
14 18 3 8724
14 18 4 6710
14 18 5 6287
14 18 6 7314
14 18 7 9551
14 18 8 6294
14 18 9 6194
14 18 10 6507
14 18 11 6856
14 18 12 5409
14 18 13 7988
14 18 14 0
14 18 15 7722
14 18 16 5516
14 18 17 6349
14 18 18 0
15 0 0 0
15 0 1 3158
15 0 2 3335
15 0 3 4790
15 0 4 3264
15 0 5 3126
15 0 6 5377
15 0 7 4143
15 0 8 4326
15 0 9 1859
15 0 10 1659
15 0 11 3317
15 0 12 4571
15 0 13 5672
15 0 14 6087
15 0 15 0
15 0 16 6260
15 0 17 5630
15 0 18 6856
15 1 0 6235
15 1 1 0
15 1 2 3041
15 1 3 3641
15 1 4 4864
15 1 5 3738
15 1 6 2607
15 1 7 4591
15 1 8 7133
15 1 9 7231
15 1 10 5628
15 1 11 5108
15 1 12 3546
15 1 13 5283
15 1 14 7144
15 1 15 0
15 1 16 3754
15 1 17 6404
15 1 18 3501
15 2 0 5053
15 2 1 3197
15 2 2 0
15 2 3 5038
15 2 4 2608
15 2 5 6305
15 2 6 3490
15 2 7 1948
15 2 8 3046
15 2 9 2905
15 2 10 5572
15 2 11 3739
15 2 12 2972
15 2 13 5267
15 2 14 4228
15 2 15 0
15 2 16 905
15 2 17 4635
15 2 18 917
15 3 0 6708
15 3 1 5352
15 3 2 7152
15 3 3 0
15 3 4 5345
15 3 5 8573
15 3 6 6909
15 3 7 8676
15 3 8 9834
15 3 9 6776
15 3 10 5233
15 3 11 7740
15 3 12 5032
15 3 13 7499
15 3 14 7510
15 3 15 0
15 3 16 4769
15 3 17 9153
15 3 18 8066
15 4 0 8835
15 4 1 8594
15 4 2 8786
15 4 3 7861
15 4 4 0
15 4 5 7477
15 4 6 8888
15 4 7 6833
15 4 8 8236
15 4 9 7963
15 4 10 8491
15 4 11 4407
15 4 12 5888
15 4 13 7859
15 4 14 7521
15 4 15 0
15 4 16 5167
15 4 17 6839
15 4 18 3971
15 5 0 7698
15 5 1 7103
15 5 2 6378
15 5 3 5245
15 5 4 7168
15 5 5 0
15 5 6 4247
15 5 7 4923
15 5 8 7044
15 5 9 4247
15 5 10 6076
15 5 11 6362
15 5 12 6523
15 5 13 5175
15 5 14 5184
15 5 15 0
15 5 16 4534
15 5 17 3757
15 5 18 4985
15 6 0 3776
15 6 1 1526
15 6 2 2160
15 6 3 1666
15 6 4 4457
15 6 5 3239
15 6 6 0
15 6 7 5399
15 6 8 5155
15 6 9 2509
15 6 10 3706
15 6 11 1927
15 6 12 1530
15 6 13 4637
15 6 14 5706
15 6 15 0
15 6 16 2768
15 6 17 3128
15 6 18 2453
15 7 0 5453
15 7 1 3653
15 7 2 2370
15 7 3 6155
15 7 4 2999
15 7 5 6180
15 7 6 4936
15 7 7 0
15 7 8 2584
15 7 9 3304
15 7 10 2780
15 7 11 3067
15 7 12 4030
15 7 13 6497
15 7 14 6698
15 7 15 0
15 7 16 7490
15 7 17 4689
15 7 18 8890
15 8 0 3236
15 8 1 2399
15 8 2 4839
15 8 3 5357
15 8 4 4044
15 8 5 6475
15 8 6 2419
15 8 7 3039
15 8 8 0
15 8 9 4825
15 8 10 4910
15 8 11 3414
15 8 12 5019
15 8 13 4282
15 8 14 4785
15 8 15 0
15 8 16 3557
15 8 17 3118
15 8 18 4223
15 9 0 3308
15 9 1 2142
15 9 2 4043
15 9 3 3550
15 9 4 2412
15 9 5 3338
15 9 6 2685
15 9 7 3835
15 9 8 3400
15 9 9 0
15 9 10 3081
15 9 11 2997
15 9 12 5818
15 9 13 3156
15 9 14 4918
15 9 15 0
15 9 16 4754
15 9 17 5754
15 9 18 2624
15 10 0 5765
15 10 1 2725
15 10 2 1887
15 10 3 4537
15 10 4 2229
15 10 5 1388
15 10 6 4020
15 10 7 3711
15 10 8 4695
15 10 9 3948
15 10 10 0
15 10 11 1372
15 10 12 3741
15 10 13 1794
15 10 14 2273
15 10 15 0
15 10 16 9261
15 10 17 8250
15 10 18 6595
15 11 0 6651
15 11 1 9027
15 11 2 5000
15 11 3 8443
15 11 4 6992
15 11 5 8808
15 11 6 5283
15 11 7 5266
15 11 8 6871
15 11 9 7405
15 11 10 8221
15 11 11 0
15 11 12 7189
15 11 13 4769
15 11 14 5426
15 11 15 0
15 11 16 4153
15 11 17 4111
15 11 18 4134
15 12 0 6650
15 12 1 7148
15 12 2 8504
15 12 3 6689
15 12 4 8067
15 12 5 5585
15 12 6 3950
15 12 7 4127
15 12 8 6599
15 12 9 5814
15 12 10 8605
15 12 11 6211
15 12 12 0
15 12 13 5083
15 12 14 6561
15 12 15 0
15 12 16 4443
15 12 17 185
15 12 18 634
15 13 0 4377
15 13 1 3749
15 13 2 3643
15 13 3 5033
15 13 4 4503
15 13 5 5800
15 13 6 2051
15 13 7 4660
15 13 8 4170
15 13 9 1799
15 13 10 4108
15 13 11 4578
15 13 12 2390
15 13 13 0
15 13 14 4560
15 13 15 0
15 13 16 4506
15 13 17 7237
15 13 18 6895
15 14 0 1893
15 14 1 3824
15 14 2 1314
15 14 3 2099
15 14 4 4359
15 14 5 1856
15 14 6 4372
15 14 7 2812
15 14 8 3462
15 14 9 3320
15 14 10 1390
15 14 11 1855
15 14 12 5563
15 14 13 4382
15 14 14 0
15 14 15 0
15 14 16 9137
15 14 17 9615
15 14 18 8588
15 15 0 0
15 15 1 0
15 15 2 0
15 15 3 0
15 15 4 0
15 15 5 0
15 15 6 0
15 15 7 0
15 15 8 0
15 15 9 0
15 15 10 0
15 15 11 0
15 15 12 0
15 15 13 0
15 15 14 0
15 15 15 0
15 15 16 0
15 15 17 0
15 15 18 0
15 16 0 5346
15 16 1 3770
15 16 2 3461
15 16 3 3787
15 16 4 6266
15 16 5 4196
15 16 6 5989
15 16 7 6511
15 16 8 3988
15 16 9 6684
15 16 10 7533
15 16 11 5235
15 16 12 7578
15 16 13 3959
15 16 14 7674
15 16 15 0
15 16 16 0
15 16 17 3359
15 16 18 5101
15 17 0 2934
15 17 1 4638
15 17 2 5409
15 17 3 6389
15 17 4 6156
15 17 5 1637
15 17 6 4567
15 17 7 1928
15 17 8 1767
15 17 9 5902
15 17 10 4740
15 17 11 3411
15 17 12 1538
15 17 13 4908
15 17 14 6370
15 17 15 0
15 17 16 4472
15 17 17 0
15 17 18 5774
15 18 0 6539
15 18 1 4114
15 18 2 4070
15 18 3 7681
15 18 4 5667
15 18 5 5244
15 18 6 6271
15 18 7 8508
15 18 8 5251
15 18 9 5151
15 18 10 5464
15 18 11 5813
15 18 12 4366
15 18 13 6945
15 18 14 7722
15 18 15 0
15 18 16 4608
15 18 17 5441
15 18 18 0
16 0 0 0
16 0 1 4077
16 0 2 4254
16 0 3 5709
16 0 4 4183
16 0 5 4045
16 0 6 6296
16 0 7 5062
16 0 8 5245
16 0 9 2778
16 0 10 2578
16 0 11 4236
16 0 12 5490
16 0 13 6591
16 0 14 7006
16 0 15 6260
16 0 16 0
16 0 17 5692
16 0 18 6918
16 1 0 4291
16 1 1 0
16 1 2 1097
16 1 3 1697
16 1 4 2920
16 1 5 1794
16 1 6 663
16 1 7 2647
16 1 8 5189
16 1 9 5287
16 1 10 3684
16 1 11 3164
16 1 12 1602
16 1 13 3339
16 1 14 5200
16 1 15 3754
16 1 16 0
16 1 17 5395
16 1 18 2492
16 2 0 3907
16 2 1 2051
16 2 2 0
16 2 3 3892
16 2 4 1462
16 2 5 5159
16 2 6 2344
16 2 7 802
16 2 8 1900
16 2 9 1759
16 2 10 4426
16 2 11 2593
16 2 12 1826
16 2 13 4121
16 2 14 3082
16 2 15 905
16 2 16 0
16 2 17 7046
16 2 18 3328
16 3 0 2352
16 3 1 996
16 3 2 2796
16 3 3 0
16 3 4 989
16 3 5 4217
16 3 6 2553
16 3 7 4320
16 3 8 5478
16 3 9 2420
16 3 10 877
16 3 11 3384
16 3 12 676
16 3 13 3143
16 3 14 3154
16 3 15 4769
16 3 16 0
16 3 17 8871
16 3 18 7784
16 4 0 7586
16 4 1 7345
16 4 2 7537
16 4 3 6612
16 4 4 0
16 4 5 6228
16 4 6 7639
16 4 7 5584
16 4 8 6987
16 4 9 6714
16 4 10 7242
16 4 11 3158
16 4 12 4639
16 4 13 6610
16 4 14 6272
16 4 15 5167
16 4 16 0
16 4 17 4740
16 4 18 1872
16 5 0 5535
16 5 1 4940
16 5 2 4215
16 5 3 3082
16 5 4 5005
16 5 5 0
16 5 6 2084
16 5 7 2760
16 5 8 4881
16 5 9 2084
16 5 10 3913
16 5 11 4199
16 5 12 4360
16 5 13 3012
16 5 14 3021
16 5 15 4534
16 5 16 0
16 5 17 4828
16 5 18 6056
16 6 0 5699
16 6 1 3449
16 6 2 4083
16 6 3 3589
16 6 4 6380
16 6 5 5162
16 6 6 0
16 6 7 7322
16 6 8 7078
16 6 9 4432
16 6 10 5629
16 6 11 3850
16 6 12 3453
16 6 13 6560
16 6 14 7629
16 6 15 2768
16 6 16 0
16 6 17 7182
16 6 18 6507
16 7 0 6940
16 7 1 5140
16 7 2 3857
16 7 3 7642
16 7 4 4486
16 7 5 7667
16 7 6 6423
16 7 7 0
16 7 8 4071
16 7 9 4791
16 7 10 4267
16 7 11 4554
16 7 12 5517
16 7 13 7984
16 7 14 8185
16 7 15 7490
16 7 16 0
16 7 17 5397
16 7 18 9598
16 8 0 1866
16 8 1 1029
16 8 2 3469
16 8 3 3987
16 8 4 2674
16 8 5 5105
16 8 6 1049
16 8 7 1669
16 8 8 0
16 8 9 3455
16 8 10 3540
16 8 11 2044
16 8 12 3649
16 8 13 2912
16 8 14 3415
16 8 15 3557
16 8 16 0
16 8 17 362
16 8 18 1467
16 9 0 5390
16 9 1 4224
16 9 2 6125
16 9 3 5632
16 9 4 4494
16 9 5 5420
16 9 6 4767
16 9 7 5917
16 9 8 5482
16 9 9 0
16 9 10 5163
16 9 11 5079
16 9 12 7900
16 9 13 5238
16 9 14 7000
16 9 15 4754
16 9 16 0
16 9 17 7532
16 9 18 4402
16 10 0 9053
16 10 1 6013
16 10 2 5175
16 10 3 7825
16 10 4 5517
16 10 5 4676
16 10 6 7308
16 10 7 6999
16 10 8 7983
16 10 9 7236
16 10 10 0
16 10 11 4660
16 10 12 7029
16 10 13 5082
16 10 14 5561
16 10 15 9261
16 10 16 0
16 10 17 5222
16 10 18 3567
16 11 0 4323
16 11 1 6699
16 11 2 2672
16 11 3 6115
16 11 4 4664
16 11 5 6480
16 11 6 2955
16 11 7 2938
16 11 8 4543
16 11 9 5077
16 11 10 5893
16 11 11 0
16 11 12 4861
16 11 13 2441
16 11 14 3098
16 11 15 4153
16 11 16 0
16 11 17 2981
16 11 18 3004
16 12 0 7116
16 12 1 7614
16 12 2 8970
16 12 3 7155
16 12 4 8533
16 12 5 6051
16 12 6 4416
16 12 7 4593
16 12 8 7065
16 12 9 6280
16 12 10 9071
16 12 11 6677
16 12 12 0
16 12 13 5549
16 12 14 7027
16 12 15 4443
16 12 16 0
16 12 17 1140
16 12 18 1589
16 13 0 3592
16 13 1 2964
16 13 2 2858
16 13 3 4248
16 13 4 3718
16 13 5 5015
16 13 6 1266
16 13 7 3875
16 13 8 3385
16 13 9 1014
16 13 10 3323
16 13 11 3793
16 13 12 1605
16 13 13 0
16 13 14 3775
16 13 15 4506
16 13 16 0
16 13 17 4150
16 13 18 3808
16 14 0 5384
16 14 1 7315
16 14 2 4805
16 14 3 5590
16 14 4 7850
16 14 5 5347
16 14 6 7863
16 14 7 6303
16 14 8 6953
16 14 9 6811
16 14 10 4881
16 14 11 5346
16 14 12 9054
16 14 13 7873
16 14 14 0
16 14 15 9137
16 14 16 0
16 14 17 8517
16 14 18 7490
16 15 0 1329
16 15 1 2616
16 15 2 1509
16 15 3 5045
16 15 4 4417
16 15 5 3261
16 15 6 968
16 15 7 1926
16 15 8 2260
16 15 9 1504
16 15 10 1147
16 15 11 4465
16 15 12 4014
16 15 13 1646
16 15 14 1085
16 15 15 0
16 15 16 0
16 15 17 6744
16 15 18 6217
16 16 0 0
16 16 1 0
16 16 2 0
16 16 3 0
16 16 4 0
16 16 5 0
16 16 6 0
16 16 7 0
16 16 8 0
16 16 9 0
16 16 10 0
16 16 11 0
16 16 12 0
16 16 13 0
16 16 14 0
16 16 15 0
16 16 16 0
16 16 17 0
16 16 18 0
16 17 0 2444
16 17 1 4148
16 17 2 4919
16 17 3 5899
16 17 4 5666
16 17 5 1147
16 17 6 4077
16 17 7 1438
16 17 8 1277
16 17 9 5412
16 17 10 4250
16 17 11 2921
16 17 12 1048
16 17 13 4418
16 17 14 5880
16 17 15 4472
16 17 16 0
16 17 17 0
16 17 18 5487
16 18 0 4333
16 18 1 1908
16 18 2 1864
16 18 3 5475
16 18 4 3461
16 18 5 3038
16 18 6 4065
16 18 7 6302
16 18 8 3045
16 18 9 2945
16 18 10 3258
16 18 11 3607
16 18 12 2160
16 18 13 4739
16 18 14 5516
16 18 15 4608
16 18 16 0
16 18 17 7423
16 18 18 0
17 0 0 0
17 0 1 3447
17 0 2 3624
17 0 3 5079
17 0 4 3553
17 0 5 3415
17 0 6 5666
17 0 7 4432
17 0 8 4615
17 0 9 2148
17 0 10 1948
17 0 11 3606
17 0 12 4860
17 0 13 5961
17 0 14 6376
17 0 15 5630
17 0 16 5692
17 0 17 0
17 0 18 7141
17 1 0 6941
17 1 1 0
17 1 2 3747
17 1 3 4347
17 1 4 5570
17 1 5 4444
17 1 6 3313
17 1 7 5297
17 1 8 7839
17 1 9 7937
17 1 10 6334
17 1 11 5814
17 1 12 4252
17 1 13 5989
17 1 14 7850
17 1 15 6404
17 1 16 5395
17 1 17 0
17 1 18 1137
17 2 0 7637
17 2 1 5781
17 2 2 0
17 2 3 7622
17 2 4 5192
17 2 5 8889
17 2 6 6074
17 2 7 4532
17 2 8 5630
17 2 9 5489
17 2 10 8156
17 2 11 6323
17 2 12 5556
17 2 13 7851
17 2 14 6812
17 2 15 4635
17 2 16 7046
17 2 17 0
17 2 18 2985
17 3 0 6736
17 3 1 5380
17 3 2 7180
17 3 3 0
17 3 4 5373
17 3 5 8601
17 3 6 6937
17 3 7 8704
17 3 8 9862
17 3 9 6804
17 3 10 5261
17 3 11 7768
17 3 12 5060
17 3 13 7527
17 3 14 7538
17 3 15 9153
17 3 16 8871
17 3 17 0
17 3 18 4996
17 4 0 9258
17 4 1 9017
17 4 2 9209
17 4 3 8284
17 4 4 0
17 4 5 7900
17 4 6 9311
17 4 7 7256
17 4 8 8659
17 4 9 8386
17 4 10 8914
17 4 11 4830
17 4 12 6311
17 4 13 8282
17 4 14 7944
17 4 15 6839
17 4 16 4740
17 4 17 0
17 4 18 5078
17 5 0 4758
17 5 1 4163
17 5 2 3438
17 5 3 2305
17 5 4 4228
17 5 5 0
17 5 6 1307
17 5 7 1983
17 5 8 4104
17 5 9 1307
17 5 10 3136
17 5 11 3422
17 5 12 3583
17 5 13 2235
17 5 14 2244
17 5 15 3757
17 5 16 4828
17 5 17 0
17 5 18 2161
17 6 0 6059
17 6 1 3809
17 6 2 4443
17 6 3 3949
17 6 4 6740
17 6 5 5522
17 6 6 0
17 6 7 7682
17 6 8 7438
17 6 9 4792
17 6 10 5989
17 6 11 4210
17 6 12 3813
17 6 13 6920
17 6 14 7989
17 6 15 3128
17 6 16 7182
17 6 17 0
17 6 18 4860
17 7 0 4139
17 7 1 2339
17 7 2 1056
17 7 3 4841
17 7 4 1685
17 7 5 4866
17 7 6 3622
17 7 7 0
17 7 8 1270
17 7 9 1990
17 7 10 1466
17 7 11 1753
17 7 12 2716
17 7 13 5183
17 7 14 5384
17 7 15 4689
17 7 16 5397
17 7 17 0
17 7 18 8918
17 8 0 1427
17 8 1 590
17 8 2 3030
17 8 3 3548
17 8 4 2235
17 8 5 4666
17 8 6 610
17 8 7 1230
17 8 8 0
17 8 9 3016
17 8 10 3101
17 8 11 1605
17 8 12 3210
17 8 13 2473
17 8 14 2976
17 8 15 3118
17 8 16 362
17 8 17 0
17 8 18 3366
17 9 0 6390
17 9 1 5224
17 9 2 7125
17 9 3 6632
17 9 4 5494
17 9 5 6420
17 9 6 5767
17 9 7 6917
17 9 8 6482
17 9 9 0
17 9 10 6163
17 9 11 6079
17 9 12 8900
17 9 13 6238
17 9 14 8000
17 9 15 5754
17 9 16 7532
17 9 17 0
17 9 18 1909
17 10 0 8042
17 10 1 5002
17 10 2 4164
17 10 3 6814
17 10 4 4506
17 10 5 3665
17 10 6 6297
17 10 7 5988
17 10 8 6972
17 10 9 6225
17 10 10 0
17 10 11 3649
17 10 12 6018
17 10 13 4071
17 10 14 4550
17 10 15 8250
17 10 16 5222
17 10 17 0
17 10 18 4889
17 11 0 4281
17 11 1 6657
17 11 2 2630
17 11 3 6073
17 11 4 4622
17 11 5 6438
17 11 6 2913
17 11 7 2896
17 11 8 4501
17 11 9 5035
17 11 10 5851
17 11 11 0
17 11 12 4819
17 11 13 2399
17 11 14 3056
17 11 15 4111
17 11 16 2981
17 11 17 0
17 11 18 3251
17 12 0 2858
17 12 1 3356
17 12 2 4712
17 12 3 2897
17 12 4 4275
17 12 5 1793
17 12 6 158
17 12 7 335
17 12 8 2807
17 12 9 2022
17 12 10 4813
17 12 11 2419
17 12 12 0
17 12 13 1291
17 12 14 2769
17 12 15 185
17 12 16 1140
17 12 17 0
17 12 18 1305
17 13 0 6323
17 13 1 5695
17 13 2 5589
17 13 3 6979
17 13 4 6449
17 13 5 7746
17 13 6 3997
17 13 7 6606
17 13 8 6116
17 13 9 3745
17 13 10 6054
17 13 11 6524
17 13 12 4336
17 13 13 0
17 13 14 6506
17 13 15 7237
17 13 16 4150
17 13 17 0
17 13 18 5455
17 14 0 5862
17 14 1 7793
17 14 2 5283
17 14 3 6068
17 14 4 8328
17 14 5 5825
17 14 6 8341
17 14 7 6781
17 14 8 7431
17 14 9 7289
17 14 10 5359
17 14 11 5824
17 14 12 9532
17 14 13 8351
17 14 14 0
17 14 15 9615
17 14 16 8517
17 14 17 0
17 14 18 6835
17 15 0 4667
17 15 1 5954
17 15 2 4847
17 15 3 8383
17 15 4 7755
17 15 5 6599
17 15 6 4306
17 15 7 5264
17 15 8 5598
17 15 9 4842
17 15 10 4485
17 15 11 7803
17 15 12 7352
17 15 13 4984
17 15 14 4423
17 15 15 0
17 15 16 6744
17 15 17 0
17 15 18 4435
17 16 0 5299
17 16 1 3723
17 16 2 3414
17 16 3 3740
17 16 4 6219
17 16 5 4149
17 16 6 5942
17 16 7 6464
17 16 8 3941
17 16 9 6637
17 16 10 7486
17 16 11 5188
17 16 12 7531
17 16 13 3912
17 16 14 7627
17 16 15 3359
17 16 16 0
17 16 17 0
17 16 18 5927
17 17 0 0
17 17 1 0
17 17 2 0
17 17 3 0
17 17 4 0
17 17 5 0
17 17 6 0
17 17 7 0
17 17 8 0
17 17 9 0
17 17 10 0
17 17 11 0
17 17 12 0
17 17 13 0
17 17 14 0
17 17 15 0
17 17 16 0
17 17 17 0
17 17 18 0
17 18 0 5166
17 18 1 2741
17 18 2 2697
17 18 3 6308
17 18 4 4294
17 18 5 3871
17 18 6 4898
17 18 7 7135
17 18 8 3878
17 18 9 3778
17 18 10 4091
17 18 11 4440
17 18 12 2993
17 18 13 5572
17 18 14 6349
17 18 15 5441
17 18 16 7423
17 18 17 0
17 18 18 0
18 0 0 0
18 0 1 4673
18 0 2 4850
18 0 3 6305
18 0 4 4779
18 0 5 4641
18 0 6 6892
18 0 7 5658
18 0 8 5841
18 0 9 3374
18 0 10 3174
18 0 11 4832
18 0 12 6086
18 0 13 7187
18 0 14 7602
18 0 15 6856
18 0 16 6918
18 0 17 7141
18 0 18 0
18 1 0 4038
18 1 1 0
18 1 2 844
18 1 3 1444
18 1 4 2667
18 1 5 1541
18 1 6 410
18 1 7 2394
18 1 8 4936
18 1 9 5034
18 1 10 3431
18 1 11 2911
18 1 12 1349
18 1 13 3086
18 1 14 4947
18 1 15 3501
18 1 16 2492
18 1 17 1137
18 1 18 0
18 2 0 3919
18 2 1 2063
18 2 2 0
18 2 3 3904
18 2 4 1474
18 2 5 5171
18 2 6 2356
18 2 7 814
18 2 8 1912
18 2 9 1771
18 2 10 4438
18 2 11 2605
18 2 12 1838
18 2 13 4133
18 2 14 3094
18 2 15 917
18 2 16 3328
18 2 17 2985
18 2 18 0
18 3 0 5649
18 3 1 4293
18 3 2 6093
18 3 3 0
18 3 4 4286
18 3 5 7514
18 3 6 5850
18 3 7 7617
18 3 8 8775
18 3 9 5717
18 3 10 4174
18 3 11 6681
18 3 12 3973
18 3 13 6440
18 3 14 6451
18 3 15 8066
18 3 16 7784
18 3 17 4996
18 3 18 0
18 4 0 6390
18 4 1 6149
18 4 2 6341
18 4 3 5416
18 4 4 0
18 4 5 5032
18 4 6 6443
18 4 7 4388
18 4 8 5791
18 4 9 5518
18 4 10 6046
18 4 11 1962
18 4 12 3443
18 4 13 5414
18 4 14 5076
18 4 15 3971
18 4 16 1872
18 4 17 5078
18 4 18 0
18 5 0 5986
18 5 1 5391
18 5 2 4666
18 5 3 3533
18 5 4 5456
18 5 5 0
18 5 6 2535
18 5 7 3211
18 5 8 5332
18 5 9 2535
18 5 10 4364
18 5 11 4650
18 5 12 4811
18 5 13 3463
18 5 14 3472
18 5 15 4985
18 5 16 6056
18 5 17 2161
18 5 18 0
18 6 0 5384
18 6 1 3134
18 6 2 3768
18 6 3 3274
18 6 4 6065
18 6 5 4847
18 6 6 0
18 6 7 7007
18 6 8 6763
18 6 9 4117
18 6 10 5314
18 6 11 3535
18 6 12 3138
18 6 13 6245
18 6 14 7314
18 6 15 2453
18 6 16 6507
18 6 17 4860
18 6 18 0
18 7 0 8340
18 7 1 6540
18 7 2 5257
18 7 3 9042
18 7 4 5886
18 7 5 9067
18 7 6 7823
18 7 7 0
18 7 8 5471
18 7 9 6191
18 7 10 5667
18 7 11 5954
18 7 12 6917
18 7 13 9384
18 7 14 9585
18 7 15 8890
18 7 16 9598
18 7 17 8918
18 7 18 0
18 8 0 2532
18 8 1 1695
18 8 2 4135
18 8 3 4653
18 8 4 3340
18 8 5 5771
18 8 6 1715
18 8 7 2335
18 8 8 0
18 8 9 4121
18 8 10 4206
18 8 11 2710
18 8 12 4315
18 8 13 3578
18 8 14 4081
18 8 15 4223
18 8 16 1467
18 8 17 3366
18 8 18 0
18 9 0 3260
18 9 1 2094
18 9 2 3995
18 9 3 3502
18 9 4 2364
18 9 5 3290
18 9 6 2637
18 9 7 3787
18 9 8 3352
18 9 9 0
18 9 10 3033
18 9 11 2949
18 9 12 5770
18 9 13 3108
18 9 14 4870
18 9 15 2624
18 9 16 4402
18 9 17 1909
18 9 18 0
18 10 0 6387
18 10 1 3347
18 10 2 2509
18 10 3 5159
18 10 4 2851
18 10 5 2010
18 10 6 4642
18 10 7 4333
18 10 8 5317
18 10 9 4570
18 10 10 0
18 10 11 1994
18 10 12 4363
18 10 13 2416
18 10 14 2895
18 10 15 6595
18 10 16 3567
18 10 17 4889
18 10 18 0
18 11 0 4304
18 11 1 6680
18 11 2 2653
18 11 3 6096
18 11 4 4645
18 11 5 6461
18 11 6 2936
18 11 7 2919
18 11 8 4524
18 11 9 5058
18 11 10 5874
18 11 11 0
18 11 12 4842
18 11 13 2422
18 11 14 3079
18 11 15 4134
18 11 16 3004
18 11 17 3251
18 11 18 0
18 12 0 3307
18 12 1 3805
18 12 2 5161
18 12 3 3346
18 12 4 4724
18 12 5 2242
18 12 6 607
18 12 7 784
18 12 8 3256
18 12 9 2471
18 12 10 5262
18 12 11 2868
18 12 12 0
18 12 13 1740
18 12 14 3218
18 12 15 634
18 12 16 1589
18 12 17 1305
18 12 18 0
18 13 0 5981
18 13 1 5353
18 13 2 5247
18 13 3 6637
18 13 4 6107
18 13 5 7404
18 13 6 3655
18 13 7 6264
18 13 8 5774
18 13 9 3403
18 13 10 5712
18 13 11 6182
18 13 12 3994
18 13 13 0
18 13 14 6164
18 13 15 6895
18 13 16 3808
18 13 17 5455
18 13 18 0
18 14 0 4835
18 14 1 6766
18 14 2 4256
18 14 3 5041
18 14 4 7301
18 14 5 4798
18 14 6 7314
18 14 7 5754
18 14 8 6404
18 14 9 6262
18 14 10 4332
18 14 11 4797
18 14 12 8505
18 14 13 7324
18 14 14 0
18 14 15 8588
18 14 16 7490
18 14 17 6835
18 14 18 0
18 15 0 4140
18 15 1 5427
18 15 2 4320
18 15 3 7856
18 15 4 7228
18 15 5 6072
18 15 6 3779
18 15 7 4737
18 15 8 5071
18 15 9 4315
18 15 10 3958
18 15 11 7276
18 15 12 6825
18 15 13 4457
18 15 14 3896
18 15 15 0
18 15 16 6217
18 15 17 4435
18 15 18 0
18 16 0 7041
18 16 1 5465
18 16 2 5156
18 16 3 5482
18 16 4 7961
18 16 5 5891
18 16 6 7684
18 16 7 8206
18 16 8 5683
18 16 9 8379
18 16 10 9228
18 16 11 6930
18 16 12 9273
18 16 13 5654
18 16 14 9369
18 16 15 5101
18 16 16 0
18 16 17 5927
18 16 18 0
18 17 0 3746
18 17 1 5450
18 17 2 6221
18 17 3 7201
18 17 4 6968
18 17 5 2449
18 17 6 5379
18 17 7 2740
18 17 8 2579
18 17 9 6714
18 17 10 5552
18 17 11 4223
18 17 12 2350
18 17 13 5720
18 17 14 7182
18 17 15 5774
18 17 16 5487
18 17 17 0
18 17 18 0
18 18 0 0
18 18 1 0
18 18 2 0
18 18 3 0
18 18 4 0
18 18 5 0
18 18 6 0
18 18 7 0
18 18 8 0
18 18 9 0
18 18 10 0
18 18 11 0
18 18 12 0
18 18 13 0
18 18 14 0
18 18 15 0
18 18 16 0
18 18 17 0
18 18 18 0
