17
0 0 0 0
0 0 1 0
0 0 2 0
0 0 3 0
0 0 4 0
0 0 5 0
0 0 6 0
0 0 7 0
0 0 8 0
0 0 9 0
0 0 10 0
0 0 11 0
0 0 12 0
0 0 13 0
0 0 14 0
0 0 15 0
0 0 16 0
0 1 0 0
0 1 1 0
0 1 2 7032
0 1 3 5630
0 1 4 9381
0 1 5 5779
0 1 6 5774
0 1 7 5152
0 1 8 7306
0 1 9 8406
0 1 10 7195
0 1 11 8753
0 1 12 7968
0 1 13 7090
0 1 14 8064
0 1 15 5430
0 1 16 9191
0 2 0 0
0 2 1 5114
0 2 2 0
0 2 3 6212
0 2 4 2598
0 2 5 4825
0 2 6 6400
0 2 7 4777
0 2 8 4060
0 2 9 6354
0 2 10 6040
0 2 11 1775
0 2 12 5631
0 2 13 5301
0 2 14 5809
0 2 15 2348
0 2 16 3652
0 3 0 0
0 3 1 5916
0 3 2 5795
0 3 3 0
0 3 4 4949
0 3 5 3760
0 3 6 4996
0 3 7 6267
0 3 8 6875
0 3 9 4419
0 3 10 4876
0 3 11 8020
0 3 12 4436
0 3 13 3995
0 3 14 6072
0 3 15 4899
0 3 16 3723
0 4 0 0
0 4 1 4889
0 4 2 1873
0 4 3 5367
0 4 4 0
0 4 5 1894
0 4 6 6298
0 4 7 4286
0 4 8 2719
0 4 9 6233
0 4 10 3088
0 4 11 1669
0 4 12 2163
0 4 13 2378
0 4 14 2524
0 4 15 4028
0 4 16 4514
0 5 0 0
0 5 1 5264
0 5 2 4305
0 5 3 7613
0 5 4 7692
0 5 5 0
0 5 6 5646
0 5 7 4241
0 5 8 4579
0 5 9 4816
0 5 10 4224
0 5 11 5313
0 5 12 6178
0 5 13 4820
0 5 14 5845
0 5 15 4745
0 5 16 6637
0 6 0 0
0 6 1 6793
0 6 2 5016
0 6 3 6575
0 6 4 7589
0 6 5 7753
0 6 6 0
0 6 7 7229
0 6 8 3098
0 6 9 3900
0 6 10 7755
0 6 11 4466
0 6 12 3182
0 6 13 5496
0 6 14 4304
0 6 15 5769
0 6 16 6301
0 7 0 0
0 7 1 6425
0 7 2 7159
0 7 3 6315
0 7 4 7291
0 7 5 4759
0 7 6 6205
0 7 7 0
0 7 8 4501
0 7 9 3896
0 7 10 5167
0 7 11 6543
0 7 12 2728
0 7 13 2883
0 7 14 4431
0 7 15 5998
0 7 16 4293
0 8 0 0
0 8 1 6648
0 8 2 6663
0 8 3 5105
0 8 4 3322
0 8 5 4202
0 8 6 5593
0 8 7 3042
0 8 8 0
0 8 9 2766
0 8 10 4211
0 8 11 5579
0 8 12 4400
0 8 13 6833
0 8 14 5220
0 8 15 3452
0 8 16 5249
0 9 0 0
0 9 1 5444
0 9 2 6976
0 9 3 8994
0 9 4 5233
0 9 5 5135
0 9 6 5334
0 9 7 8012
0 9 8 9595
0 9 9 0
0 9 10 5870
0 9 11 6888
0 9 12 8227
0 9 13 7572
0 9 14 6317
0 9 15 7715
0 9 16 5952
0 10 0 0
0 10 1 5711
0 10 2 5912
0 10 3 3108
0 10 4 5009
0 10 5 7414
0 10 6 4145
0 10 7 5328
0 10 8 6104
0 10 9 4237
0 10 10 0
0 10 11 3109
0 10 12 6096
0 10 13 5075
0 10 14 2734
0 10 15 3510
0 10 16 3302
0 11 0 0
0 11 1 7345
0 11 2 3451
0 11 3 5508
0 11 4 7008
0 11 5 7611
0 11 6 7272
0 11 7 5358
0 11 8 4044
0 11 9 5570
0 11 10 6751
0 11 11 0
0 11 12 5490
0 11 13 7115
0 11 14 7537
0 11 15 3320
0 11 16 4091
0 12 0 0
0 12 1 754
0 12 2 3101
0 12 3 989
0 12 4 4191
0 12 5 5130
0 12 6 2214
0 12 7 1713
0 12 8 4908
0 12 9 5417
0 12 10 793
0 12 11 1631
0 12 12 0
0 12 13 5078
0 12 14 2244
0 12 15 4683
0 12 16 3283
0 13 0 0
0 13 1 659
0 13 2 5092
0 13 3 3129
0 13 4 1359
0 13 5 1088
0 13 6 1103
0 13 7 3325
0 13 8 759
0 13 9 254
0 13 10 2617
0 13 11 4537
0 13 12 1044
0 13 13 0
0 13 14 258
0 13 15 1903
0 13 16 1328
0 14 0 0
0 14 1 3593
0 14 2 3916
0 14 3 2759
0 14 4 2259
0 14 5 4348
0 14 6 639
0 14 7 2439
0 14 8 599
0 14 9 1278
0 14 10 568
0 14 11 2654
0 14 12 1265
0 14 13 5160
0 14 14 0
0 14 15 3428
0 14 16 4641
0 15 0 0
0 15 1 7659
0 15 2 6260
0 15 3 5513
0 15 4 5356
0 15 5 5369
0 15 6 4920
0 15 7 5275
0 15 8 7613
0 15 9 5191
0 15 10 8285
0 15 11 5934
0 15 12 7204
0 15 13 8593
0 15 14 8205
0 15 15 0
0 15 16 4314
0 16 0 0
0 16 1 5717
0 16 2 4902
0 16 3 7094
0 16 4 6441
0 16 5 3986
0 16 6 7325
0 16 7 3518
0 16 8 6855
0 16 9 3856
0 16 10 5396
0 16 11 7299
0 16 12 7676
0 16 13 3789
0 16 14 3511
0 16 15 3689
0 16 16 0
1 0 0 0
1 0 1 0
1 0 2 4875
1 0 3 6494
1 0 4 4793
1 0 5 5959
1 0 6 6090
1 0 7 5925
1 0 8 5366
1 0 9 8168
1 0 10 5765
1 0 11 6135
1 0 12 3943
1 0 13 3367
1 0 14 3416
1 0 15 7358
1 0 16 6683
1 1 0 0
1 1 1 0
1 1 2 0
1 1 3 0
1 1 4 0
1 1 5 0
1 1 6 0
1 1 7 0
1 1 8 0
1 1 9 0
1 1 10 0
1 1 11 0
1 1 12 0
1 1 13 0
1 1 14 0
1 1 15 0
1 1 16 0
1 2 0 5114
1 2 1 0
1 2 2 0
1 2 3 6913
1 2 4 3299
1 2 5 5526
1 2 6 7101
1 2 7 5478
1 2 8 4761
1 2 9 7055
1 2 10 6741
1 2 11 2476
1 2 12 6332
1 2 13 6002
1 2 14 6510
1 2 15 3049
1 2 16 4353
1 3 0 5916
1 3 1 0
1 3 2 3475
1 3 3 0
1 3 4 2629
1 3 5 1440
1 3 6 2676
1 3 7 3947
1 3 8 4555
1 3 9 2099
1 3 10 2556
1 3 11 5700
1 3 12 2116
1 3 13 1675
1 3 14 3752
1 3 15 2579
1 3 16 1403
1 4 0 4889
1 4 1 0
1 4 2 5005
1 4 3 8499
1 4 4 0
1 4 5 5026
1 4 6 9430
1 4 7 7418
1 4 8 5851
1 4 9 9365
1 4 10 6220
1 4 11 4801
1 4 12 5295
1 4 13 5510
1 4 14 5656
1 4 15 7160
1 4 16 7646
1 5 0 5264
1 5 1 0
1 5 2 2669
1 5 3 5977
1 5 4 6056
1 5 5 0
1 5 6 4010
1 5 7 2605
1 5 8 2943
1 5 9 3180
1 5 10 2588
1 5 11 3677
1 5 12 4542
1 5 13 3184
1 5 14 4209
1 5 15 3109
1 5 16 5001
1 6 0 6793
1 6 1 0
1 6 2 3244
1 6 3 4803
1 6 4 5817
1 6 5 5981
1 6 6 0
1 6 7 5457
1 6 8 1326
1 6 9 2128
1 6 10 5983
1 6 11 2694
1 6 12 1410
1 6 13 3724
1 6 14 2532
1 6 15 3997
1 6 16 4529
1 7 0 6425
1 7 1 0
1 7 2 4930
1 7 3 4086
1 7 4 5062
1 7 5 2530
1 7 6 3976
1 7 7 0
1 7 8 2272
1 7 9 1667
1 7 10 2938
1 7 11 4314
1 7 12 499
1 7 13 654
1 7 14 2202
1 7 15 3769
1 7 16 2064
1 8 0 6648
1 8 1 0
1 8 2 7147
1 8 3 5589
1 8 4 3806
1 8 5 4686
1 8 6 6077
1 8 7 3526
1 8 8 0
1 8 9 3250
1 8 10 4695
1 8 11 6063
1 8 12 4884
1 8 13 7317
1 8 14 5704
1 8 15 3936
1 8 16 5733
1 9 0 5444
1 9 1 0
1 9 2 5758
1 9 3 7776
1 9 4 4015
1 9 5 3917
1 9 6 4116
1 9 7 6794
1 9 8 8377
1 9 9 0
1 9 10 4652
1 9 11 5670
1 9 12 7009
1 9 13 6354
1 9 14 5099
1 9 15 6497
1 9 16 4734
1 10 0 5711
1 10 1 0
1 10 2 5886
1 10 3 3082
1 10 4 4983
1 10 5 7388
1 10 6 4119
1 10 7 5302
1 10 8 6078
1 10 9 4211
1 10 10 0
1 10 11 3083
1 10 12 6070
1 10 13 5049
1 10 14 2708
1 10 15 3484
1 10 16 3276
1 11 0 7345
1 11 1 0
1 11 2 4613
1 11 3 6670
1 11 4 8170
1 11 5 8773
1 11 6 8434
1 11 7 6520
1 11 8 5206
1 11 9 6732
1 11 10 7913
1 11 11 0
1 11 12 6652
1 11 13 8277
1 11 14 8699
1 11 15 4482
1 11 16 5253
1 12 0 754
1 12 1 0
1 12 2 5670
1 12 3 3558
1 12 4 6760
1 12 5 7699
1 12 6 4783
1 12 7 4282
1 12 8 7477
1 12 9 7986
1 12 10 3362
1 12 11 4200
1 12 12 0
1 12 13 7647
1 12 14 4813
1 12 15 7252
1 12 16 5852
1 13 0 659
1 13 1 0
1 13 2 7359
1 13 3 5396
1 13 4 3626
1 13 5 3355
1 13 6 3370
1 13 7 5592
1 13 8 3026
1 13 9 2521
1 13 10 4884
1 13 11 6804
1 13 12 3311
1 13 13 0
1 13 14 2525
1 13 15 4170
1 13 16 3595
1 14 0 3593
1 14 1 0
1 14 2 7108
1 14 3 5951
1 14 4 5451
1 14 5 7540
1 14 6 3831
1 14 7 5631
1 14 8 3791
1 14 9 4470
1 14 10 3760
1 14 11 5846
1 14 12 4457
1 14 13 8352
1 14 14 0
1 14 15 6620
1 14 16 7833
1 15 0 7659
1 15 1 0
1 15 2 2876
1 15 3 2129
1 15 4 1972
1 15 5 1985
1 15 6 1536
1 15 7 1891
1 15 8 4229
1 15 9 1807
1 15 10 4901
1 15 11 2550
1 15 12 3820
1 15 13 5209
1 15 14 4821
1 15 15 0
1 15 16 930
1 16 0 5717
1 16 1 0
1 16 2 5954
1 16 3 8146
1 16 4 7493
1 16 5 5038
1 16 6 8377
1 16 7 4570
1 16 8 7907
1 16 9 4908
1 16 10 6448
1 16 11 8351
1 16 12 8728
1 16 13 4841
1 16 14 4563
1 16 15 4741
1 16 16 0
2 0 0 0
2 0 1 4875
2 0 2 0
2 0 3 6176
2 0 4 4475
2 0 5 5641
2 0 6 5772
2 0 7 5607
2 0 8 5048
2 0 9 7850
2 0 10 5447
2 0 11 5817
2 0 12 3625
2 0 13 3049
2 0 14 3098
2 0 15 7040
2 0 16 6365
2 1 0 7032
2 1 1 0
2 1 2 0
2 1 3 4413
2 1 4 8164
2 1 5 4562
2 1 6 4557
2 1 7 3935
2 1 8 6089
2 1 9 7189
2 1 10 5978
2 1 11 7536
2 1 12 6751
2 1 13 5873
2 1 14 6847
2 1 15 4213
2 1 16 7974
2 2 0 0
2 2 1 0
2 2 2 0
2 2 3 0
2 2 4 0
2 2 5 0
2 2 6 0
2 2 7 0
2 2 8 0
2 2 9 0
2 2 10 0
2 2 11 0
2 2 12 0
2 2 13 0
2 2 14 0
2 2 15 0
2 2 16 0
2 3 0 5795
2 3 1 3475
2 3 2 0
2 3 3 0
2 3 4 6214
2 3 5 5025
2 3 6 6261
2 3 7 7532
2 3 8 8140
2 3 9 5684
2 3 10 6141
2 3 11 9285
2 3 12 5701
2 3 13 5260
2 3 14 7337
2 3 15 6164
2 3 16 4988
2 4 0 1873
2 4 1 5005
2 4 2 0
2 4 3 4719
2 4 4 0
2 4 5 1246
2 4 6 5650
2 4 7 3638
2 4 8 2071
2 4 9 5585
2 4 10 2440
2 4 11 1021
2 4 12 1515
2 4 13 1730
2 4 14 1876
2 4 15 3380
2 4 16 3866
2 5 0 4305
2 5 1 2669
2 5 2 0
2 5 3 8026
2 5 4 8105
2 5 5 0
2 5 6 6059
2 5 7 4654
2 5 8 4992
2 5 9 5229
2 5 10 4637
2 5 11 5726
2 5 12 6591
2 5 13 5233
2 5 14 6258
2 5 15 5158
2 5 16 7050
2 6 0 5016
2 6 1 3244
2 6 2 0
2 6 3 8432
2 6 4 9446
2 6 5 9610
2 6 6 0
2 6 7 9086
2 6 8 4955
2 6 9 5757
2 6 10 9612
2 6 11 6323
2 6 12 5039
2 6 13 7353
2 6 14 6161
2 6 15 7626
2 6 16 8158
2 7 0 7159
2 7 1 4930
2 7 2 0
2 7 3 6714
2 7 4 7690
2 7 5 5158
2 7 6 6604
2 7 7 0
2 7 8 4900
2 7 9 4295
2 7 10 5566
2 7 11 6942
2 7 12 3127
2 7 13 3282
2 7 14 4830
2 7 15 6397
2 7 16 4692
2 8 0 6663
2 8 1 7147
2 8 2 0
2 8 3 5346
2 8 4 3563
2 8 5 4443
2 8 6 5834
2 8 7 3283
2 8 8 0
2 8 9 3007
2 8 10 4452
2 8 11 5820
2 8 12 4641
2 8 13 7074
2 8 14 5461
2 8 15 3693
2 8 16 5490
2 9 0 6976
2 9 1 5758
2 9 2 0
2 9 3 8727
2 9 4 4966
2 9 5 4868
2 9 6 5067
2 9 7 7745
2 9 8 9328
2 9 9 0
2 9 10 5603
2 9 11 6621
2 9 12 7960
2 9 13 7305
2 9 14 6050
2 9 15 7448
2 9 16 5685
2 10 0 5912
2 10 1 5886
2 10 2 0
2 10 3 4930
2 10 4 6831
2 10 5 9236
2 10 6 5967
2 10 7 7150
2 10 8 7926
2 10 9 6059
2 10 10 0
2 10 11 4931
2 10 12 7918
2 10 13 6897
2 10 14 4556
2 10 15 5332
2 10 16 5124
2 11 0 3451
2 11 1 4613
2 11 2 0
2 11 3 2695
2 11 4 4195
2 11 5 4798
2 11 6 4459
2 11 7 2545
2 11 8 1231
2 11 9 2757
2 11 10 3938
2 11 11 0
2 11 12 2677
2 11 13 4302
2 11 14 4724
2 11 15 507
2 11 16 1278
2 12 0 3101
2 12 1 5670
2 12 2 0
2 12 3 4224
2 12 4 7426
2 12 5 8365
2 12 6 5449
2 12 7 4948
2 12 8 8143
2 12 9 8652
2 12 10 4028
2 12 11 4866
2 12 12 0
2 12 13 8313
2 12 14 5479
2 12 15 7918
2 12 16 6518
2 13 0 5092
2 13 1 7359
2 13 2 0
2 13 3 6610
2 13 4 4840
2 13 5 4569
2 13 6 4584
2 13 7 6806
2 13 8 4240
2 13 9 3735
2 13 10 6098
2 13 11 8018
2 13 12 4525
2 13 13 0
2 13 14 3739
2 13 15 5384
2 13 16 4809
2 14 0 3916
2 14 1 7108
2 14 2 0
2 14 3 6699
2 14 4 6199
2 14 5 8288
2 14 6 4579
2 14 7 6379
2 14 8 4539
2 14 9 5218
2 14 10 4508
2 14 11 6594
2 14 12 5205
2 14 13 9100
2 14 14 0
2 14 15 7368
2 14 16 8581
2 15 0 6260
2 15 1 2876
2 15 2 0
2 15 3 2050
2 15 4 1893
2 15 5 1906
2 15 6 1457
2 15 7 1812
2 15 8 4150
2 15 9 1728
2 15 10 4822
2 15 11 2471
2 15 12 3741
2 15 13 5130
2 15 14 4742
2 15 15 0
2 15 16 851
2 16 0 4902
2 16 1 5954
2 16 2 0
2 16 3 5610
2 16 4 4957
2 16 5 2502
2 16 6 5841
2 16 7 2034
2 16 8 5371
2 16 9 2372
2 16 10 3912
2 16 11 5815
2 16 12 6192
2 16 13 2305
2 16 14 2027
2 16 15 2205
2 16 16 0
3 0 0 0
3 0 1 6494
3 0 2 6176
3 0 3 0
3 0 4 5266
3 0 5 6432
3 0 6 6563
3 0 7 6398
3 0 8 5839
3 0 9 8641
3 0 10 6238
3 0 11 6608
3 0 12 4416
3 0 13 3840
3 0 14 3889
3 0 15 7831
3 0 16 7156
3 1 0 5630
3 1 1 0
3 1 2 4413
3 1 3 0
3 1 4 7347
3 1 5 3745
3 1 6 3740
3 1 7 3118
3 1 8 5272
3 1 9 6372
3 1 10 5161
3 1 11 6719
3 1 12 5934
3 1 13 5056
3 1 14 6030
3 1 15 3396
3 1 16 7157
3 2 0 6212
3 2 1 6913
3 2 2 0
3 2 3 0
3 2 4 3446
3 2 5 5673
3 2 6 7248
3 2 7 5625
3 2 8 4908
3 2 9 7202
3 2 10 6888
3 2 11 2623
3 2 12 6479
3 2 13 6149
3 2 14 6657
3 2 15 3196
3 2 16 4500
3 3 0 0
3 3 1 0
3 3 2 0
3 3 3 0
3 3 4 0
3 3 5 0
3 3 6 0
3 3 7 0
3 3 8 0
3 3 9 0
3 3 10 0
3 3 11 0
3 3 12 0
3 3 13 0
3 3 14 0
3 3 15 0
3 3 16 0
3 4 0 5367
3 4 1 8499
3 4 2 4719
3 4 3 0
3 4 4 0
3 4 5 1978
3 4 6 6382
3 4 7 4370
3 4 8 2803
3 4 9 6317
3 4 10 3172
3 4 11 1753
3 4 12 2247
3 4 13 2462
3 4 14 2608
3 4 15 4112
3 4 16 4598
3 5 0 7613
3 5 1 5977
3 5 2 8026
3 5 3 0
3 5 4 5421
3 5 5 0
3 5 6 3375
3 5 7 1970
3 5 8 2308
3 5 9 2545
3 5 10 1953
3 5 11 3042
3 5 12 3907
3 5 13 2549
3 5 14 3574
3 5 15 2474
3 5 16 4366
3 6 0 6575
3 6 1 4803
3 6 2 8432
3 6 3 0
3 6 4 6423
3 6 5 6587
3 6 6 0
3 6 7 6063
3 6 8 1932
3 6 9 2734
3 6 10 6589
3 6 11 3300
3 6 12 2016
3 6 13 4330
3 6 14 3138
3 6 15 4603
3 6 16 5135
3 7 0 6315
3 7 1 4086
3 7 2 6714
3 7 3 0
3 7 4 7561
3 7 5 5029
3 7 6 6475
3 7 7 0
3 7 8 4771
3 7 9 4166
3 7 10 5437
3 7 11 6813
3 7 12 2998
3 7 13 3153
3 7 14 4701
3 7 15 6268
3 7 16 4563
3 8 0 5105
3 8 1 5589
3 8 2 5346
3 8 3 0
3 8 4 4759
3 8 5 5639
3 8 6 7030
3 8 7 4479
3 8 8 0
3 8 9 4203
3 8 10 5648
3 8 11 7016
3 8 12 5837
3 8 13 8270
3 8 14 6657
3 8 15 4889
3 8 16 6686
3 9 0 8994
3 9 1 7776
3 9 2 8727
3 9 3 0
3 9 4 1412
3 9 5 1314
3 9 6 1513
3 9 7 4191
3 9 8 5774
3 9 9 0
3 9 10 2049
3 9 11 3067
3 9 12 4406
3 9 13 3751
3 9 14 2496
3 9 15 3894
3 9 16 2131
3 10 0 3108
3 10 1 3082
3 10 2 4930
3 10 3 0
3 10 4 4048
3 10 5 6453
3 10 6 3184
3 10 7 4367
3 10 8 5143
3 10 9 3276
3 10 10 0
3 10 11 2148
3 10 12 5135
3 10 13 4114
3 10 14 1773
3 10 15 2549
3 10 16 2341
3 11 0 5508
3 11 1 6670
3 11 2 2695
3 11 3 0
3 11 4 8821
3 11 5 9424
3 11 6 9085
3 11 7 7171
3 11 8 5857
3 11 9 7383
3 11 10 8564
3 11 11 0
3 11 12 7303
3 11 13 8928
3 11 14 9350
3 11 15 5133
3 11 16 5904
3 12 0 989
3 12 1 3558
3 12 2 4224
3 12 3 0
3 12 4 4612
3 12 5 5551
3 12 6 2635
3 12 7 2134
3 12 8 5329
3 12 9 5838
3 12 10 1214
3 12 11 2052
3 12 12 0
3 12 13 5499
3 12 14 2665
3 12 15 5104
3 12 16 3704
3 13 0 3129
3 13 1 5396
3 13 2 6610
3 13 3 0
3 13 4 1915
3 13 5 1644
3 13 6 1659
3 13 7 3881
3 13 8 1315
3 13 9 810
3 13 10 3173
3 13 11 5093
3 13 12 1600
3 13 13 0
3 13 14 814
3 13 15 2459
3 13 16 1884
3 14 0 2759
3 14 1 5951
3 14 2 6699
3 14 3 0
3 14 4 4843
3 14 5 6932
3 14 6 3223
3 14 7 5023
3 14 8 3183
3 14 9 3862
3 14 10 3152
3 14 11 5238
3 14 12 3849
3 14 13 7744
3 14 14 0
3 14 15 6012
3 14 16 7225
3 15 0 5513
3 15 1 2129
3 15 2 2050
3 15 3 0
3 15 4 2825
3 15 5 2838
3 15 6 2389
3 15 7 2744
3 15 8 5082
3 15 9 2660
3 15 10 5754
3 15 11 3403
3 15 12 4673
3 15 13 6062
3 15 14 5674
3 15 15 0
3 15 16 1783
3 16 0 7094
3 16 1 8146
3 16 2 5610
3 16 3 0
3 16 4 3409
3 16 5 954
3 16 6 4293
3 16 7 486
3 16 8 3823
3 16 9 824
3 16 10 2364
3 16 11 4267
3 16 12 4644
3 16 13 757
3 16 14 479
3 16 15 657
3 16 16 0
4 0 0 0
4 0 1 4793
4 0 2 4475
4 0 3 5266
4 0 4 0
4 0 5 4109
4 0 6 4240
4 0 7 4075
4 0 8 3516
4 0 9 6318
4 0 10 3915
4 0 11 4285
4 0 12 2093
4 0 13 1517
4 0 14 1566
4 0 15 5508
4 0 16 4833
4 1 0 9381
4 1 1 0
4 1 2 8164
4 1 3 7347
4 1 4 0
4 1 5 4419
4 1 6 4414
4 1 7 3792
4 1 8 5946
4 1 9 7046
4 1 10 5835
4 1 11 7393
4 1 12 6608
4 1 13 5730
4 1 14 6704
4 1 15 4070
4 1 16 7831
4 2 0 2598
4 2 1 3299
4 2 2 0
4 2 3 3446
4 2 4 0
4 2 5 3452
4 2 6 5027
4 2 7 3404
4 2 8 2687
4 2 9 4981
4 2 10 4667
4 2 11 402
4 2 12 4258
4 2 13 3928
4 2 14 4436
4 2 15 975
4 2 16 2279
4 3 0 4949
4 3 1 2629
4 3 2 6214
4 3 3 0
4 3 4 0
4 3 5 4262
4 3 6 5498
4 3 7 6769
4 3 8 7377
4 3 9 4921
4 3 10 5378
4 3 11 8522
4 3 12 4938
4 3 13 4497
4 3 14 6574
4 3 15 5401
4 3 16 4225
4 4 0 0
4 4 1 0
4 4 2 0
4 4 3 0
4 4 4 0
4 4 5 0
4 4 6 0
4 4 7 0
4 4 8 0
4 4 9 0
4 4 10 0
4 4 11 0
4 4 12 0
4 4 13 0
4 4 14 0
4 4 15 0
4 4 16 0
4 5 0 7692
4 5 1 6056
4 5 2 8105
4 5 3 5421
4 5 4 0
4 5 5 0
4 5 6 3210
4 5 7 1805
4 5 8 2143
4 5 9 2380
4 5 10 1788
4 5 11 2877
4 5 12 3742
4 5 13 2384
4 5 14 3409
4 5 15 2309
4 5 16 4201
4 6 0 7589
4 6 1 5817
4 6 2 9446
4 6 3 6423
4 6 4 0
4 6 5 9590
4 6 6 0
4 6 7 9066
4 6 8 4935
4 6 9 5737
4 6 10 9592
4 6 11 6303
4 6 12 5019
4 6 13 7333
4 6 14 6141
4 6 15 7606
4 6 16 8138
4 7 0 7291
4 7 1 5062
4 7 2 7690
4 7 3 7561
4 7 4 0
4 7 5 4749
4 7 6 6195
4 7 7 0
4 7 8 4491
4 7 9 3886
4 7 10 5157
4 7 11 6533
4 7 12 2718
4 7 13 2873
4 7 14 4421
4 7 15 5988
4 7 16 4283
4 8 0 3322
4 8 1 3806
4 8 2 3563
4 8 3 4759
4 8 4 0
4 8 5 3184
4 8 6 4575
4 8 7 2024
4 8 8 0
4 8 9 1748
4 8 10 3193
4 8 11 4561
4 8 12 3382
4 8 13 5815
4 8 14 4202
4 8 15 2434
4 8 16 4231
4 9 0 5233
4 9 1 4015
4 9 2 4966
4 9 3 1412
4 9 4 0
4 9 5 4829
4 9 6 5028
4 9 7 7706
4 9 8 9289
4 9 9 0
4 9 10 5564
4 9 11 6582
4 9 12 7921
4 9 13 7266
4 9 14 6011
4 9 15 7409
4 9 16 5646
4 10 0 5009
4 10 1 4983
4 10 2 6831
4 10 3 4048
4 10 4 0
4 10 5 6366
4 10 6 3097
4 10 7 4280
4 10 8 5056
4 10 9 3189
4 10 10 0
4 10 11 2061
4 10 12 5048
4 10 13 4027
4 10 14 1686
4 10 15 2462
4 10 16 2254
4 11 0 7008
4 11 1 8170
4 11 2 4195
4 11 3 8821
4 11 4 0
4 11 5 4774
4 11 6 4435
4 11 7 2521
4 11 8 1207
4 11 9 2733
4 11 10 3914
4 11 11 0
4 11 12 2653
4 11 13 4278
4 11 14 4700
4 11 15 483
4 11 16 1254
4 12 0 4191
4 12 1 6760
4 12 2 7426
4 12 3 4612
4 12 4 0
4 12 5 4979
4 12 6 2063
4 12 7 1562
4 12 8 4757
4 12 9 5266
4 12 10 642
4 12 11 1480
4 12 12 0
4 12 13 4927
4 12 14 2093
4 12 15 4532
4 12 16 3132
4 13 0 1359
4 13 1 3626
4 13 2 4840
4 13 3 1915
4 13 4 0
4 13 5 1728
4 13 6 1743
4 13 7 3965
4 13 8 1399
4 13 9 894
4 13 10 3257
4 13 11 5177
4 13 12 1684
4 13 13 0
4 13 14 898
4 13 15 2543
4 13 16 1968
4 14 0 2259
4 14 1 5451
4 14 2 6199
4 14 3 4843
4 14 4 0
4 14 5 5085
4 14 6 1376
4 14 7 3176
4 14 8 1336
4 14 9 2015
4 14 10 1305
4 14 11 3391
4 14 12 2002
4 14 13 5897
4 14 14 0
4 14 15 4165
4 14 16 5378
4 15 0 5356
4 15 1 1972
4 15 2 1893
4 15 3 2825
4 15 4 0
4 15 5 3668
4 15 6 3219
4 15 7 3574
4 15 8 5912
4 15 9 3490
4 15 10 6584
4 15 11 4233
4 15 12 5503
4 15 13 6892
4 15 14 6504
4 15 15 0
4 15 16 2613
4 16 0 6441
4 16 1 7493
4 16 2 4957
4 16 3 3409
4 16 4 0
4 16 5 3446
4 16 6 6785
4 16 7 2978
4 16 8 6315
4 16 9 3316
4 16 10 4856
4 16 11 6759
4 16 12 7136
4 16 13 3249
4 16 14 2971
4 16 15 3149
4 16 16 0
5 0 0 0
5 0 1 5959
5 0 2 5641
5 0 3 6432
5 0 4 4109
5 0 5 0
5 0 6 6617
5 0 7 6452
5 0 8 5893
5 0 9 8695
5 0 10 6292
5 0 11 6662
5 0 12 4470
5 0 13 3894
5 0 14 3943
5 0 15 7885
5 0 16 7210
5 1 0 5779
5 1 1 0
5 1 2 4562
5 1 3 3745
5 1 4 4419
5 1 5 0
5 1 6 3623
5 1 7 3001
5 1 8 5155
5 1 9 6255
5 1 10 5044
5 1 11 6602
5 1 12 5817
5 1 13 4939
5 1 14 5913
5 1 15 3279
5 1 16 7040
5 2 0 4825
5 2 1 5526
5 2 2 0
5 2 3 5673
5 2 4 3452
5 2 5 0
5 2 6 6293
5 2 7 4670
5 2 8 3953
5 2 9 6247
5 2 10 5933
5 2 11 1668
5 2 12 5524
5 2 13 5194
5 2 14 5702
5 2 15 2241
5 2 16 3545
5 3 0 3760
5 3 1 1440
5 3 2 5025
5 3 3 0
5 3 4 4262
5 3 5 0
5 3 6 6578
5 3 7 7849
5 3 8 8457
5 3 9 6001
5 3 10 6458
5 3 11 9602
5 3 12 6018
5 3 13 5577
5 3 14 7654
5 3 15 6481
5 3 16 5305
5 4 0 1894
5 4 1 5026
5 4 2 1246
5 4 3 1978
5 4 4 0
5 4 5 0
5 4 6 9660
5 4 7 7648
5 4 8 6081
5 4 9 9595
5 4 10 6450
5 4 11 5031
5 4 12 5525
5 4 13 5740
5 4 14 5886
5 4 15 7390
5 4 16 7876
5 5 0 0
5 5 1 0
5 5 2 0
5 5 3 0
5 5 4 0
5 5 5 0
5 5 6 0
5 5 7 0
5 5 8 0
5 5 9 0
5 5 10 0
5 5 11 0
5 5 12 0
5 5 13 0
5 5 14 0
5 5 15 0
5 5 16 0
5 6 0 7753
5 6 1 5981
5 6 2 9610
5 6 3 6587
5 6 4 9590
5 6 5 0
5 6 6 0
5 6 7 7248
5 6 8 3117
5 6 9 3919
5 6 10 7774
5 6 11 4485
5 6 12 3201
5 6 13 5515
5 6 14 4323
5 6 15 5788
5 6 16 6320
5 7 0 4759
5 7 1 2530
5 7 2 5158
5 7 3 5029
5 7 4 4749
5 7 5 0
5 7 6 4984
5 7 7 0
5 7 8 3280
5 7 9 2675
5 7 10 3946
5 7 11 5322
5 7 12 1507
5 7 13 1662
5 7 14 3210
5 7 15 4777
5 7 16 3072
5 8 0 4202
5 8 1 4686
5 8 2 4443
5 8 3 5639
5 8 4 3184
5 8 5 0
5 8 6 5269
5 8 7 2718
5 8 8 0
5 8 9 2442
5 8 10 3887
5 8 11 5255
5 8 12 4076
5 8 13 6509
5 8 14 4896
5 8 15 3128
5 8 16 4925
5 9 0 5135
5 9 1 3917
5 9 2 4868
5 9 3 1314
5 9 4 4829
5 9 5 0
5 9 6 2445
5 9 7 5123
5 9 8 6706
5 9 9 0
5 9 10 2981
5 9 11 3999
5 9 12 5338
5 9 13 4683
5 9 14 3428
5 9 15 4826
5 9 16 3063
5 10 0 7414
5 10 1 7388
5 10 2 9236
5 10 3 6453
5 10 4 6366
5 10 5 0
5 10 6 3067
5 10 7 4250
5 10 8 5026
5 10 9 3159
5 10 10 0
5 10 11 2031
5 10 12 5018
5 10 13 3997
5 10 14 1656
5 10 15 2432
5 10 16 2224
5 11 0 7611
5 11 1 8773
5 11 2 4798
5 11 3 9424
5 11 4 4774
5 11 5 0
5 11 6 6913
5 11 7 4999
5 11 8 3685
5 11 9 5211
5 11 10 6392
5 11 11 0
5 11 12 5131
5 11 13 6756
5 11 14 7178
5 11 15 2961
5 11 16 3732
5 12 0 5130
5 12 1 7699
5 12 2 8365
5 12 3 5551
5 12 4 4979
5 12 5 0
5 12 6 4912
5 12 7 4411
5 12 8 7606
5 12 9 8115
5 12 10 3491
5 12 11 4329
5 12 12 0
5 12 13 7776
5 12 14 4942
5 12 15 7381
5 12 16 5981
5 13 0 1088
5 13 1 3355
5 13 2 4569
5 13 3 1644
5 13 4 1728
5 13 5 0
5 13 6 3019
5 13 7 5241
5 13 8 2675
5 13 9 2170
5 13 10 4533
5 13 11 6453
5 13 12 2960
5 13 13 0
5 13 14 2174
5 13 15 3819
5 13 16 3244
5 14 0 4348
5 14 1 7540
5 14 2 8288
5 14 3 6932
5 14 4 5085
5 14 5 0
5 14 6 3531
5 14 7 5331
5 14 8 3491
5 14 9 4170
5 14 10 3460
5 14 11 5546
5 14 12 4157
5 14 13 8052
5 14 14 0
5 14 15 6320
5 14 16 7533
5 15 0 5369
5 15 1 1985
5 15 2 1906
5 15 3 2838
5 15 4 3668
5 15 5 0
5 15 6 2770
5 15 7 3125
5 15 8 5463
5 15 9 3041
5 15 10 6135
5 15 11 3784
5 15 12 5054
5 15 13 6443
5 15 14 6055
5 15 15 0
5 15 16 2164
5 16 0 3986
5 16 1 5038
5 16 2 2502
5 16 3 954
5 16 4 3446
5 16 5 0
5 16 6 7742
5 16 7 3935
5 16 8 7272
5 16 9 4273
5 16 10 5813
5 16 11 7716
5 16 12 8093
5 16 13 4206
5 16 14 3928
5 16 15 4106
5 16 16 0
6 0 0 0
6 0 1 6090
6 0 2 5772
6 0 3 6563
6 0 4 4240
6 0 5 6617
6 0 6 0
6 0 7 7642
6 0 8 7083
6 0 9 9885
6 0 10 7482
6 0 11 7852
6 0 12 5660
6 0 13 5084
6 0 14 5133
6 0 15 9075
6 0 16 8400
6 1 0 5774
6 1 1 0
6 1 2 4557
6 1 3 3740
6 1 4 4414
6 1 5 3623
6 1 6 0
6 1 7 4399
6 1 8 6553
6 1 9 7653
6 1 10 6442
6 1 11 8000
6 1 12 7215
6 1 13 6337
6 1 14 7311
6 1 15 4677
6 1 16 8438
6 2 0 6400
6 2 1 7101
6 2 2 0
6 2 3 7248
6 2 4 5027
6 2 5 6293
6 2 6 0
6 2 7 5250
6 2 8 4533
6 2 9 6827
6 2 10 6513
6 2 11 2248
6 2 12 6104
6 2 13 5774
6 2 14 6282
6 2 15 2821
6 2 16 4125
6 3 0 4996
6 3 1 2676
6 3 2 6261
6 3 3 0
6 3 4 5498
6 3 5 6578
6 3 6 0
6 3 7 6680
6 3 8 7288
6 3 9 4832
6 3 10 5289
6 3 11 8433
6 3 12 4849
6 3 13 4408
6 3 14 6485
6 3 15 5312
6 3 16 4136
6 4 0 6298
6 4 1 9430
6 4 2 5650
6 4 3 6382
6 4 4 0
6 4 5 9660
6 4 6 0
6 4 7 7414
6 4 8 5847
6 4 9 9361
6 4 10 6216
6 4 11 4797
6 4 12 5291
6 4 13 5506
6 4 14 5652
6 4 15 7156
6 4 16 7642
6 5 0 5646
6 5 1 4010
6 5 2 6059
6 5 3 3375
6 5 4 3210
6 5 5 0
6 5 6 0
6 5 7 6367
6 5 8 6705
6 5 9 6942
6 5 10 6350
6 5 11 7439
6 5 12 8304
6 5 13 6946
6 5 14 7971
6 5 15 6871
6 5 16 8763
6 6 0 0
6 6 1 0
6 6 2 0
6 6 3 0
6 6 4 0
6 6 5 0
6 6 6 0
6 6 7 0
6 6 8 0
6 6 9 0
6 6 10 0
6 6 11 0
6 6 12 0
6 6 13 0
6 6 14 0
6 6 15 0
6 6 16 0
6 7 0 6205
6 7 1 3976
6 7 2 6604
6 7 3 6475
6 7 4 6195
6 7 5 4984
6 7 6 0
6 7 7 0
6 7 8 6137
6 7 9 5532
6 7 10 6803
6 7 11 8179
6 7 12 4364
6 7 13 4519
6 7 14 6067
6 7 15 7634
6 7 16 5929
6 8 0 5593
6 8 1 6077
6 8 2 5834
6 8 3 7030
6 8 4 4575
6 8 5 5269
6 8 6 0
6 8 7 1106
6 8 8 0
6 8 9 830
6 8 10 2275
6 8 11 3643
6 8 12 2464
6 8 13 4897
6 8 14 3284
6 8 15 1516
6 8 16 3313
6 9 0 5334
6 9 1 4116
6 9 2 5067
6 9 3 1513
6 9 4 5028
6 9 5 2445
6 9 6 0
6 9 7 4076
6 9 8 5659
6 9 9 0
6 9 10 1934
6 9 11 2952
6 9 12 4291
6 9 13 3636
6 9 14 2381
6 9 15 3779
6 9 16 2016
6 10 0 4145
6 10 1 4119
6 10 2 5967
6 10 3 3184
6 10 4 3097
6 10 5 3067
6 10 6 0
6 10 7 7650
6 10 8 8426
6 10 9 6559
6 10 10 0
6 10 11 5431
6 10 12 8418
6 10 13 7397
6 10 14 5056
6 10 15 5832
6 10 16 5624
6 11 0 7272
6 11 1 8434
6 11 2 4459
6 11 3 9085
6 11 4 4435
6 11 5 6913
6 11 6 0
6 11 7 4021
6 11 8 2707
6 11 9 4233
6 11 10 5414
6 11 11 0
6 11 12 4153
6 11 13 5778
6 11 14 6200
6 11 15 1983
6 11 16 2754
6 12 0 2214
6 12 1 4783
6 12 2 5449
6 12 3 2635
6 12 4 2063
6 12 5 4912
6 12 6 0
6 12 7 1284
6 12 8 4479
6 12 9 4988
6 12 10 364
6 12 11 1202
6 12 12 0
6 12 13 4649
6 12 14 1815
6 12 15 4254
6 12 16 2854
6 13 0 1103
6 13 1 3370
6 13 2 4584
6 13 3 1659
6 13 4 1743
6 13 5 3019
6 13 6 0
6 13 7 5786
6 13 8 3220
6 13 9 2715
6 13 10 5078
6 13 11 6998
6 13 12 3505
6 13 13 0
6 13 14 2719
6 13 15 4364
6 13 16 3789
6 14 0 639
6 14 1 3831
6 14 2 4579
6 14 3 3223
6 14 4 1376
6 14 5 3531
6 14 6 0
6 14 7 3659
6 14 8 1819
6 14 9 2498
6 14 10 1788
6 14 11 3874
6 14 12 2485
6 14 13 6380
6 14 14 0
6 14 15 4648
6 14 16 5861
6 15 0 4920
6 15 1 1536
6 15 2 1457
6 15 3 2389
6 15 4 3219
6 15 5 2770
6 15 6 0
6 15 7 4018
6 15 8 6356
6 15 9 3934
6 15 10 7028
6 15 11 4677
6 15 12 5947
6 15 13 7336
6 15 14 6948
6 15 15 0
6 15 16 3057
6 16 0 7325
6 16 1 8377
6 16 2 5841
6 16 3 4293
6 16 4 6785
6 16 5 7742
6 16 6 0
6 16 7 3468
6 16 8 6805
6 16 9 3806
6 16 10 5346
6 16 11 7249
6 16 12 7626
6 16 13 3739
6 16 14 3461
6 16 15 3639
6 16 16 0
7 0 0 0
7 0 1 5925
7 0 2 5607
7 0 3 6398
7 0 4 4075
7 0 5 6452
7 0 6 7642
7 0 7 0
7 0 8 2450
7 0 9 5252
7 0 10 2849
7 0 11 3219
7 0 12 1027
7 0 13 451
7 0 14 500
7 0 15 4442
7 0 16 3767
7 1 0 5152
7 1 1 0
7 1 2 3935
7 1 3 3118
7 1 4 3792
7 1 5 3001
7 1 6 4399
7 1 7 0
7 1 8 6350
7 1 9 7450
7 1 10 6239
7 1 11 7797
7 1 12 7012
7 1 13 6134
7 1 14 7108
7 1 15 4474
7 1 16 8235
7 2 0 4777
7 2 1 5478
7 2 2 0
7 2 3 5625
7 2 4 3404
7 2 5 4670
7 2 6 5250
7 2 7 0
7 2 8 6841
7 2 9 9135
7 2 10 8821
7 2 11 4556
7 2 12 8412
7 2 13 8082
7 2 14 8590
7 2 15 5129
7 2 16 6433
7 3 0 6267
7 3 1 3947
7 3 2 7532
7 3 3 0
7 3 4 6769
7 3 5 7849
7 3 6 6680
7 3 7 0
7 3 8 7193
7 3 9 4737
7 3 10 5194
7 3 11 8338
7 3 12 4754
7 3 13 4313
7 3 14 6390
7 3 15 5217
7 3 16 4041
7 4 0 4286
7 4 1 7418
7 4 2 3638
7 4 3 4370
7 4 4 0
7 4 5 7648
7 4 6 7414
7 4 7 0
7 4 8 5714
7 4 9 9228
7 4 10 6083
7 4 11 4664
7 4 12 5158
7 4 13 5373
7 4 14 5519
7 4 15 7023
7 4 16 7509
7 5 0 4241
7 5 1 2605
7 5 2 4654
7 5 3 1970
7 5 4 1805
7 5 5 0
7 5 6 6367
7 5 7 0
7 5 8 3876
7 5 9 4113
7 5 10 3521
7 5 11 4610
7 5 12 5475
7 5 13 4117
7 5 14 5142
7 5 15 4042
7 5 16 5934
7 6 0 7229
7 6 1 5457
7 6 2 9086
7 6 3 6063
7 6 4 9066
7 6 5 7248
7 6 6 0
7 6 7 0
7 6 8 3710
7 6 9 4512
7 6 10 8367
7 6 11 5078
7 6 12 3794
7 6 13 6108
7 6 14 4916
7 6 15 6381
7 6 16 6913
7 7 0 0
7 7 1 0
7 7 2 0
7 7 3 0
7 7 4 0
7 7 5 0
7 7 6 0
7 7 7 0
7 7 8 0
7 7 9 0
7 7 10 0
7 7 11 0
7 7 12 0
7 7 13 0
7 7 14 0
7 7 15 0
7 7 16 0
7 8 0 3042
7 8 1 3526
7 8 2 3283
7 8 3 4479
7 8 4 2024
7 8 5 2718
7 8 6 1106
7 8 7 0
7 8 8 0
7 8 9 2398
7 8 10 3843
7 8 11 5211
7 8 12 4032
7 8 13 6465
7 8 14 4852
7 8 15 3084
7 8 16 4881
7 9 0 8012
7 9 1 6794
7 9 2 7745
7 9 3 4191
7 9 4 7706
7 9 5 5123
7 9 6 4076
7 9 7 0
7 9 8 5820
7 9 9 0
7 9 10 2095
7 9 11 3113
7 9 12 4452
7 9 13 3797
7 9 14 2542
7 9 15 3940
7 9 16 2177
7 10 0 5328
7 10 1 5302
7 10 2 7150
7 10 3 4367
7 10 4 4280
7 10 5 4250
7 10 6 7650
7 10 7 0
7 10 8 6003
7 10 9 4136
7 10 10 0
7 10 11 3008
7 10 12 5995
7 10 13 4974
7 10 14 2633
7 10 15 3409
7 10 16 3201
7 11 0 5358
7 11 1 6520
7 11 2 2545
7 11 3 7171
7 11 4 2521
7 11 5 4999
7 11 6 4021
7 11 7 0
7 11 8 4949
7 11 9 6475
7 11 10 7656
7 11 11 0
7 11 12 6395
7 11 13 8020
7 11 14 8442
7 11 15 4225
7 11 16 4996
7 12 0 1713
7 12 1 4282
7 12 2 4948
7 12 3 2134
7 12 4 1562
7 12 5 4411
7 12 6 1284
7 12 7 0
7 12 8 4190
7 12 9 4699
7 12 10 75
7 12 11 913
7 12 12 0
7 12 13 4360
7 12 14 1526
7 12 15 3965
7 12 16 2565
7 13 0 3325
7 13 1 5592
7 13 2 6806
7 13 3 3881
7 13 4 3965
7 13 5 5241
7 13 6 5786
7 13 7 0
7 13 8 772
7 13 9 267
7 13 10 2630
7 13 11 4550
7 13 12 1057
7 13 13 0
7 13 14 271
7 13 15 1916
7 13 16 1341
7 14 0 2439
7 14 1 5631
7 14 2 6379
7 14 3 5023
7 14 4 3176
7 14 5 5331
7 14 6 3659
7 14 7 0
7 14 8 2111
7 14 9 2790
7 14 10 2080
7 14 11 4166
7 14 12 2777
7 14 13 6672
7 14 14 0
7 14 15 4940
7 14 16 6153
7 15 0 5275
7 15 1 1891
7 15 2 1812
7 15 3 2744
7 15 4 3574
7 15 5 3125
7 15 6 4018
7 15 7 0
7 15 8 6750
7 15 9 4328
7 15 10 7422
7 15 11 5071
7 15 12 6341
7 15 13 7730
7 15 14 7342
7 15 15 0
7 15 16 3451
7 16 0 3518
7 16 1 4570
7 16 2 2034
7 16 3 486
7 16 4 2978
7 16 5 3935
7 16 6 3468
7 16 7 0
7 16 8 4962
7 16 9 1963
7 16 10 3503
7 16 11 5406
7 16 12 5783
7 16 13 1896
7 16 14 1618
7 16 15 1796
7 16 16 0
8 0 0 0
8 0 1 5366
8 0 2 5048
8 0 3 5839
8 0 4 3516
8 0 5 5893
8 0 6 7083
8 0 7 2450
8 0 8 0
8 0 9 9857
8 0 10 7454
8 0 11 7824
8 0 12 5632
8 0 13 5056
8 0 14 5105
8 0 15 9047
8 0 16 8372
8 1 0 7306
8 1 1 0
8 1 2 6089
8 1 3 5272
8 1 4 5946
8 1 5 5155
8 1 6 6553
8 1 7 6350
8 1 8 0
8 1 9 8232
8 1 10 7021
8 1 11 8579
8 1 12 7794
8 1 13 6916
8 1 14 7890
8 1 15 5256
8 1 16 9017
8 2 0 4060
8 2 1 4761
8 2 2 0
8 2 3 4908
8 2 4 2687
8 2 5 3953
8 2 6 4533
8 2 7 6841
8 2 8 0
8 2 9 9198
8 2 10 8884
8 2 11 4619
8 2 12 8475
8 2 13 8145
8 2 14 8653
8 2 15 5192
8 2 16 6496
8 3 0 6875
8 3 1 4555
8 3 2 8140
8 3 3 0
8 3 4 7377
8 3 5 8457
8 3 6 7288
8 3 7 7193
8 3 8 0
8 3 9 4086
8 3 10 4543
8 3 11 7687
8 3 12 4103
8 3 13 3662
8 3 14 5739
8 3 15 4566
8 3 16 3390
8 4 0 2719
8 4 1 5851
8 4 2 2071
8 4 3 2803
8 4 4 0
8 4 5 6081
8 4 6 5847
8 4 7 5714
8 4 8 0
8 4 9 5818
8 4 10 2673
8 4 11 1254
8 4 12 1748
8 4 13 1963
8 4 14 2109
8 4 15 3613
8 4 16 4099
8 5 0 4579
8 5 1 2943
8 5 2 4992
8 5 3 2308
8 5 4 2143
8 5 5 0
8 5 6 6705
8 5 7 3876
8 5 8 0
8 5 9 4115
8 5 10 3523
8 5 11 4612
8 5 12 5477
8 5 13 4119
8 5 14 5144
8 5 15 4044
8 5 16 5936
8 6 0 3098
8 6 1 1326
8 6 2 4955
8 6 3 1932
8 6 4 4935
8 6 5 3117
8 6 6 0
8 6 7 3710
8 6 8 0
8 6 9 4459
8 6 10 8314
8 6 11 5025
8 6 12 3741
8 6 13 6055
8 6 14 4863
8 6 15 6328
8 6 16 6860
8 7 0 4501
8 7 1 2272
8 7 2 4900
8 7 3 4771
8 7 4 4491
8 7 5 3280
8 7 6 6137
8 7 7 0
8 7 8 0
8 7 9 2069
8 7 10 3340
8 7 11 4716
8 7 12 901
8 7 13 1056
8 7 14 2604
8 7 15 4171
8 7 16 2466
8 8 0 0
8 8 1 0
8 8 2 0
8 8 3 0
8 8 4 0
8 8 5 0
8 8 6 0
8 8 7 0
8 8 8 0
8 8 9 0
8 8 10 0
8 8 11 0
8 8 12 0
8 8 13 0
8 8 14 0
8 8 15 0
8 8 16 0
8 9 0 9595
8 9 1 8377
8 9 2 9328
8 9 3 5774
8 9 4 9289
8 9 5 6706
8 9 6 5659
8 9 7 5820
8 9 8 0
8 9 9 0
8 9 10 1524
8 9 11 2542
8 9 12 3881
8 9 13 3226
8 9 14 1971
8 9 15 3369
8 9 16 1606
8 10 0 6104
8 10 1 6078
8 10 2 7926
8 10 3 5143
8 10 4 5056
8 10 5 5026
8 10 6 8426
8 10 7 6003
8 10 8 0
8 10 9 3739
8 10 10 0
8 10 11 2611
8 10 12 5598
8 10 13 4577
8 10 14 2236
8 10 15 3012
8 10 16 2804
8 11 0 4044
8 11 1 5206
8 11 2 1231
8 11 3 5857
8 11 4 1207
8 11 5 3685
8 11 6 2707
8 11 7 4949
8 11 8 0
8 11 9 6070
8 11 10 7251
8 11 11 0
8 11 12 5990
8 11 13 7615
8 11 14 8037
8 11 15 3820
8 11 16 4591
8 12 0 4908
8 12 1 7477
8 12 2 8143
8 12 3 5329
8 12 4 4757
8 12 5 7606
8 12 6 4479
8 12 7 4190
8 12 8 0
8 12 9 6930
8 12 10 2306
8 12 11 3144
8 12 12 0
8 12 13 6591
8 12 14 3757
8 12 15 6196
8 12 16 4796
8 13 0 759
8 13 1 3026
8 13 2 4240
8 13 3 1315
8 13 4 1399
8 13 5 2675
8 13 6 3220
8 13 7 772
8 13 8 0
8 13 9 4776
8 13 10 7139
8 13 11 9059
8 13 12 5566
8 13 13 0
8 13 14 4780
8 13 15 6425
8 13 16 5850
8 14 0 599
8 14 1 3791
8 14 2 4539
8 14 3 3183
8 14 4 1336
8 14 5 3491
8 14 6 1819
8 14 7 2111
8 14 8 0
8 14 9 4138
8 14 10 3428
8 14 11 5514
8 14 12 4125
8 14 13 8020
8 14 14 0
8 14 15 6288
8 14 16 7501
8 15 0 7613
8 15 1 4229
8 15 2 4150
8 15 3 5082
8 15 4 5912
8 15 5 5463
8 15 6 6356
8 15 7 6750
8 15 8 0
8 15 9 2341
8 15 10 5435
8 15 11 3084
8 15 12 4354
8 15 13 5743
8 15 14 5355
8 15 15 0
8 15 16 1464
8 16 0 6855
8 16 1 7907
8 16 2 5371
8 16 3 3823
8 16 4 6315
8 16 5 7272
8 16 6 6805
8 16 7 4962
8 16 8 0
8 16 9 3478
8 16 10 5018
8 16 11 6921
8 16 12 7298
8 16 13 3411
8 16 14 3133
8 16 15 3311
8 16 16 0
9 0 0 0
9 0 1 8168
9 0 2 7850
9 0 3 8641
9 0 4 6318
9 0 5 8695
9 0 6 9885
9 0 7 5252
9 0 8 9857
9 0 9 0
9 0 10 6849
9 0 11 7219
9 0 12 5027
9 0 13 4451
9 0 14 4500
9 0 15 8442
9 0 16 7767
9 1 0 8406
9 1 1 0
9 1 2 7189
9 1 3 6372
9 1 4 7046
9 1 5 6255
9 1 6 7653
9 1 7 7450
9 1 8 8232
9 1 9 0
9 1 10 3015
9 1 11 4573
9 1 12 3788
9 1 13 2910
9 1 14 3884
9 1 15 1250
9 1 16 5011
9 2 0 6354
9 2 1 7055
9 2 2 0
9 2 3 7202
9 2 4 4981
9 2 5 6247
9 2 6 6827
9 2 7 9135
9 2 8 9198
9 2 9 0
9 2 10 6395
9 2 11 2130
9 2 12 5986
9 2 13 5656
9 2 14 6164
9 2 15 2703
9 2 16 4007
9 3 0 4419
9 3 1 2099
9 3 2 5684
9 3 3 0
9 3 4 4921
9 3 5 6001
9 3 6 4832
9 3 7 4737
9 3 8 4086
9 3 9 0
9 3 10 5630
9 3 11 8774
9 3 12 5190
9 3 13 4749
9 3 14 6826
9 3 15 5653
9 3 16 4477
9 4 0 6233
9 4 1 9365
9 4 2 5585
9 4 3 6317
9 4 4 0
9 4 5 9595
9 4 6 9361
9 4 7 9228
9 4 8 5818
9 4 9 0
9 4 10 1782
9 4 11 363
9 4 12 857
9 4 13 1072
9 4 14 1218
9 4 15 2722
9 4 16 3208
9 5 0 4816
9 5 1 3180
9 5 2 5229
9 5 3 2545
9 5 4 2380
9 5 5 0
9 5 6 6942
9 5 7 4113
9 5 8 4115
9 5 9 0
9 5 10 1654
9 5 11 2743
9 5 12 3608
9 5 13 2250
9 5 14 3275
9 5 15 2175
9 5 16 4067
9 6 0 3900
9 6 1 2128
9 6 2 5757
9 6 3 2734
9 6 4 5737
9 6 5 3919
9 6 6 0
9 6 7 4512
9 6 8 4459
9 6 9 0
9 6 10 5253
9 6 11 1964
9 6 12 680
9 6 13 2994
9 6 14 1802
9 6 15 3267
9 6 16 3799
9 7 0 3896
9 7 1 1667
9 7 2 4295
9 7 3 4166
9 7 4 3886
9 7 5 2675
9 7 6 5532
9 7 7 0
9 7 8 2069
9 7 9 0
9 7 10 5508
9 7 11 6884
9 7 12 3069
9 7 13 3224
9 7 14 4772
9 7 15 6339
9 7 16 4634
9 8 0 2766
9 8 1 3250
9 8 2 3007
9 8 3 4203
9 8 4 1748
9 8 5 2442
9 8 6 830
9 8 7 2398
9 8 8 0
9 8 9 0
9 8 10 6694
9 8 11 8062
9 8 12 6883
9 8 13 9316
9 8 14 7703
9 8 15 5935
9 8 16 7732
9 9 0 0
9 9 1 0
9 9 2 0
9 9 3 0
9 9 4 0
9 9 5 0
9 9 6 0
9 9 7 0
9 9 8 0
9 9 9 0
9 9 10 0
9 9 11 0
9 9 12 0
9 9 13 0
9 9 14 0
9 9 15 0
9 9 16 0
9 10 0 4237
9 10 1 4211
9 10 2 6059
9 10 3 3276
9 10 4 3189
9 10 5 3159
9 10 6 6559
9 10 7 4136
9 10 8 3739
9 10 9 0
9 10 10 0
9 10 11 1468
9 10 12 4455
9 10 13 3434
9 10 14 1093
9 10 15 1869
9 10 16 1661
9 11 0 5570
9 11 1 6732
9 11 2 2757
9 11 3 7383
9 11 4 2733
9 11 5 5211
9 11 6 4233
9 11 7 6475
9 11 8 6070
9 11 9 0
9 11 10 5758
9 11 11 0
9 11 12 4497
9 11 13 6122
9 11 14 6544
9 11 15 2327
9 11 16 3098
9 12 0 5417
9 12 1 7986
9 12 2 8652
9 12 3 5838
9 12 4 5266
9 12 5 8115
9 12 6 4988
9 12 7 4699
9 12 8 6930
9 12 9 0
9 12 10 3331
9 12 11 4169
9 12 12 0
9 12 13 7616
9 12 14 4782
9 12 15 7221
9 12 16 5821
9 13 0 254
9 13 1 2521
9 13 2 3735
9 13 3 810
9 13 4 894
9 13 5 2170
9 13 6 2715
9 13 7 267
9 13 8 4776
9 13 9 0
9 13 10 5076
9 13 11 6996
9 13 12 3503
9 13 13 0
9 13 14 2717
9 13 15 4362
9 13 16 3787
9 14 0 1278
9 14 1 4470
9 14 2 5218
9 14 3 3862
9 14 4 2015
9 14 5 4170
9 14 6 2498
9 14 7 2790
9 14 8 4138
9 14 9 0
9 14 10 1723
9 14 11 3809
9 14 12 2420
9 14 13 6315
9 14 14 0
9 14 15 4583
9 14 16 5796
9 15 0 5191
9 15 1 1807
9 15 2 1728
9 15 3 2660
9 15 4 3490
9 15 5 3041
9 15 6 3934
9 15 7 4328
9 15 8 2341
9 15 9 0
9 15 10 6896
9 15 11 4545
9 15 12 5815
9 15 13 7204
9 15 14 6816
9 15 15 0
9 15 16 2925
9 16 0 3856
9 16 1 4908
9 16 2 2372
9 16 3 824
9 16 4 3316
9 16 5 4273
9 16 6 3806
9 16 7 1963
9 16 8 3478
9 16 9 0
9 16 10 2919
9 16 11 4822
9 16 12 5199
9 16 13 1312
9 16 14 1034
9 16 15 1212
9 16 16 0
10 0 0 0
10 0 1 5765
10 0 2 5447
10 0 3 6238
10 0 4 3915
10 0 5 6292
10 0 6 7482
10 0 7 2849
10 0 8 7454
10 0 9 6849
10 0 10 0
10 0 11 6798
10 0 12 4606
10 0 13 4030
10 0 14 4079
10 0 15 8021
10 0 16 7346
10 1 0 7195
10 1 1 0
10 1 2 5978
10 1 3 5161
10 1 4 5835
10 1 5 5044
10 1 6 6442
10 1 7 6239
10 1 8 7021
10 1 9 3015
10 1 10 0
10 1 11 7243
10 1 12 6458
10 1 13 5580
10 1 14 6554
10 1 15 3920
10 1 16 7681
10 2 0 6040
10 2 1 6741
10 2 2 0
10 2 3 6888
10 2 4 4667
10 2 5 5933
10 2 6 6513
10 2 7 8821
10 2 8 8884
10 2 9 6395
10 2 10 0
10 2 11 3469
10 2 12 7325
10 2 13 6995
10 2 14 7503
10 2 15 4042
10 2 16 5346
10 3 0 4876
10 3 1 2556
10 3 2 6141
10 3 3 0
10 3 4 5378
10 3 5 6458
10 3 6 5289
10 3 7 5194
10 3 8 4543
10 3 9 5630
10 3 10 0
10 3 11 5291
10 3 12 1707
10 3 13 1266
10 3 14 3343
10 3 15 2170
10 3 16 994
10 4 0 3088
10 4 1 6220
10 4 2 2440
10 4 3 3172
10 4 4 0
10 4 5 6450
10 4 6 6216
10 4 7 6083
10 4 8 2673
10 4 9 1782
10 4 10 0
10 4 11 2542
10 4 12 3036
10 4 13 3251
10 4 14 3397
10 4 15 4901
10 4 16 5387
10 5 0 4224
10 5 1 2588
10 5 2 4637
10 5 3 1953
10 5 4 1788
10 5 5 0
10 5 6 6350
10 5 7 3521
10 5 8 3523
10 5 9 1654
10 5 10 0
10 5 11 7425
10 5 12 8290
10 5 13 6932
10 5 14 7957
10 5 15 6857
10 5 16 8749
10 6 0 7755
10 6 1 5983
10 6 2 9612
10 6 3 6589
10 6 4 9592
10 6 5 7774
10 6 6 0
10 6 7 8367
10 6 8 8314
10 6 9 5253
10 6 10 0
10 6 11 3178
10 6 12 1894
10 6 13 4208
10 6 14 3016
10 6 15 4481
10 6 16 5013
10 7 0 5167
10 7 1 2938
10 7 2 5566
10 7 3 5437
10 7 4 5157
10 7 5 3946
10 7 6 6803
10 7 7 0
10 7 8 3340
10 7 9 5508
10 7 10 0
10 7 11 6603
10 7 12 2788
10 7 13 2943
10 7 14 4491
10 7 15 6058
10 7 16 4353
10 8 0 4211
10 8 1 4695
10 8 2 4452
10 8 3 5648
10 8 4 3193
10 8 5 3887
10 8 6 2275
10 8 7 3843
10 8 8 0
10 8 9 6694
10 8 10 0
10 8 11 6974
10 8 12 5795
10 8 13 8228
10 8 14 6615
10 8 15 4847
10 8 16 6644
10 9 0 5870
10 9 1 4652
10 9 2 5603
10 9 3 2049
10 9 4 5564
10 9 5 2981
10 9 6 1934
10 9 7 2095
10 9 8 1524
10 9 9 0
10 9 10 0
10 9 11 3614
10 9 12 4953
10 9 13 4298
10 9 14 3043
10 9 15 4441
10 9 16 2678
10 10 0 0
10 10 1 0
10 10 2 0
10 10 3 0
10 10 4 0
10 10 5 0
10 10 6 0
10 10 7 0
10 10 8 0
10 10 9 0
10 10 10 0
10 10 11 0
10 10 12 0
10 10 13 0
10 10 14 0
10 10 15 0
10 10 16 0
10 11 0 6751
10 11 1 7913
10 11 2 3938
10 11 3 8564
10 11 4 3914
10 11 5 6392
10 11 6 5414
10 11 7 7656
10 11 8 7251
10 11 9 5758
10 11 10 0
10 11 11 0
10 11 12 3121
10 11 13 4746
10 11 14 5168
10 11 15 951
10 11 16 1722
10 12 0 793
10 12 1 3362
10 12 2 4028
10 12 3 1214
10 12 4 642
10 12 5 3491
10 12 6 364
10 12 7 75
10 12 8 2306
10 12 9 3331
10 12 10 0
10 12 11 4441
10 12 12 0
10 12 13 7888
10 12 14 5054
10 12 15 7493
10 12 16 6093
10 13 0 2617
10 13 1 4884
10 13 2 6098
10 13 3 3173
10 13 4 3257
10 13 5 4533
10 13 6 5078
10 13 7 2630
10 13 8 7139
10 13 9 5076
10 13 10 0
10 13 11 6902
10 13 12 3409
10 13 13 0
10 13 14 2623
10 13 15 4268
10 13 16 3693
10 14 0 568
10 14 1 3760
10 14 2 4508
10 14 3 3152
10 14 4 1305
10 14 5 3460
10 14 6 1788
10 14 7 2080
10 14 8 3428
10 14 9 1723
10 14 10 0
10 14 11 2629
10 14 12 1240
10 14 13 5135
10 14 14 0
10 14 15 3403
10 14 16 4616
10 15 0 8285
10 15 1 4901
10 15 2 4822
10 15 3 5754
10 15 4 6584
10 15 5 6135
10 15 6 7028
10 15 7 7422
10 15 8 5435
10 15 9 6896
10 15 10 0
10 15 11 2743
10 15 12 4013
10 15 13 5402
10 15 14 5014
10 15 15 0
10 15 16 1123
10 16 0 5396
10 16 1 6448
10 16 2 3912
10 16 3 2364
10 16 4 4856
10 16 5 5813
10 16 6 5346
10 16 7 3503
10 16 8 5018
10 16 9 2919
10 16 10 0
10 16 11 4575
10 16 12 4952
10 16 13 1065
10 16 14 787
10 16 15 965
10 16 16 0
11 0 0 0
11 0 1 6135
11 0 2 5817
11 0 3 6608
11 0 4 4285
11 0 5 6662
11 0 6 7852
11 0 7 3219
11 0 8 7824
11 0 9 7219
11 0 10 6798
11 0 11 0
11 0 12 4512
11 0 13 3936
11 0 14 3985
11 0 15 7927
11 0 16 7252
11 1 0 8753
11 1 1 0
11 1 2 7536
11 1 3 6719
11 1 4 7393
11 1 5 6602
11 1 6 8000
11 1 7 7797
11 1 8 8579
11 1 9 4573
11 1 10 7243
11 1 11 0
11 1 12 7722
11 1 13 6844
11 1 14 7818
11 1 15 5184
11 1 16 8945
11 2 0 1775
11 2 1 2476
11 2 2 0
11 2 3 2623
11 2 4 402
11 2 5 1668
11 2 6 2248
11 2 7 4556
11 2 8 4619
11 2 9 2130
11 2 10 3469
11 2 11 0
11 2 12 4494
11 2 13 4164
11 2 14 4672
11 2 15 1211
11 2 16 2515
11 3 0 8020
11 3 1 5700
11 3 2 9285
11 3 3 0
11 3 4 8522
11 3 5 9602
11 3 6 8433
11 3 7 8338
11 3 8 7687
11 3 9 8774
11 3 10 5291
11 3 11 0
11 3 12 3737
11 3 13 3296
11 3 14 5373
11 3 15 4200
11 3 16 3024
11 4 0 1669
11 4 1 4801
11 4 2 1021
11 4 3 1753
11 4 4 0
11 4 5 5031
11 4 6 4797
11 4 7 4664
11 4 8 1254
11 4 9 363
11 4 10 2542
11 4 11 0
11 4 12 4665
11 4 13 4880
11 4 14 5026
11 4 15 6530
11 4 16 7016
11 5 0 5313
11 5 1 3677
11 5 2 5726
11 5 3 3042
11 5 4 2877
11 5 5 0
11 5 6 7439
11 5 7 4610
11 5 8 4612
11 5 9 2743
11 5 10 7425
11 5 11 0
11 5 12 8117
11 5 13 6759
11 5 14 7784
11 5 15 6684
11 5 16 8576
11 6 0 4466
11 6 1 2694
11 6 2 6323
11 6 3 3300
11 6 4 6303
11 6 5 4485
11 6 6 0
11 6 7 5078
11 6 8 5025
11 6 9 1964
11 6 10 3178
11 6 11 0
11 6 12 4651
11 6 13 6965
11 6 14 5773
11 6 15 7238
11 6 16 7770
11 7 0 6543
11 7 1 4314
11 7 2 6942
11 7 3 6813
11 7 4 6533
11 7 5 5322
11 7 6 8179
11 7 7 0
11 7 8 4716
11 7 9 6884
11 7 10 6603
11 7 11 0
11 7 12 2448
11 7 13 2603
11 7 14 4151
11 7 15 5718
11 7 16 4013
11 8 0 5579
11 8 1 6063
11 8 2 5820
11 8 3 7016
11 8 4 4561
11 8 5 5255
11 8 6 3643
11 8 7 5211
11 8 8 0
11 8 9 8062
11 8 10 6974
11 8 11 0
11 8 12 3365
11 8 13 5798
11 8 14 4185
11 8 15 2417
11 8 16 4214
11 9 0 6888
11 9 1 5670
11 9 2 6621
11 9 3 3067
11 9 4 6582
11 9 5 3999
11 9 6 2952
11 9 7 3113
11 9 8 2542
11 9 9 0
11 9 10 3614
11 9 11 0
11 9 12 5916
11 9 13 5261
11 9 14 4006
11 9 15 5404
11 9 16 3641
11 10 0 3109
11 10 1 3083
11 10 2 4931
11 10 3 2148
11 10 4 2061
11 10 5 2031
11 10 6 5431
11 10 7 3008
11 10 8 2611
11 10 9 1468
11 10 10 0
11 10 11 0
11 10 12 7369
11 10 13 6348
11 10 14 4007
11 10 15 4783
11 10 16 4575
11 11 0 0
11 11 1 0
11 11 2 0
11 11 3 0
11 11 4 0
11 11 5 0
11 11 6 0
11 11 7 0
11 11 8 0
11 11 9 0
11 11 10 0
11 11 11 0
11 11 12 0
11 11 13 0
11 11 14 0
11 11 15 0
11 11 16 0
11 12 0 1631
11 12 1 4200
11 12 2 4866
11 12 3 2052
11 12 4 1480
11 12 5 4329
11 12 6 1202
11 12 7 913
11 12 8 3144
11 12 9 4169
11 12 10 4441
11 12 11 0
11 12 12 0
11 12 13 6912
11 12 14 4078
11 12 15 6517
11 12 16 5117
11 13 0 4537
11 13 1 6804
11 13 2 8018
11 13 3 5093
11 13 4 5177
11 13 5 6453
11 13 6 6998
11 13 7 4550
11 13 8 9059
11 13 9 6996
11 13 10 6902
11 13 11 0
11 13 12 5079
11 13 13 0
11 13 14 4293
11 13 15 5938
11 13 16 5363
11 14 0 2654
11 14 1 5846
11 14 2 6594
11 14 3 5238
11 14 4 3391
11 14 5 5546
11 14 6 3874
11 14 7 4166
11 14 8 5514
11 14 9 3809
11 14 10 2629
11 14 11 0
11 14 12 5673
11 14 13 9568
11 14 14 0
11 14 15 7836
11 14 16 9049
11 15 0 5934
11 15 1 2550
11 15 2 2471
11 15 3 3403
11 15 4 4233
11 15 5 3784
11 15 6 4677
11 15 7 5071
11 15 8 3084
11 15 9 4545
11 15 10 2743
11 15 11 0
11 15 12 3453
11 15 13 4842
11 15 14 4454
11 15 15 0
11 15 16 563
11 16 0 7299
11 16 1 8351
11 16 2 5815
11 16 3 4267
11 16 4 6759
11 16 5 7716
11 16 6 7249
11 16 7 5406
11 16 8 6921
11 16 9 4822
11 16 10 4575
11 16 11 0
11 16 12 5371
11 16 13 1484
11 16 14 1206
11 16 15 1384
11 16 16 0
12 0 0 0
12 0 1 3943
12 0 2 3625
12 0 3 4416
12 0 4 2093
12 0 5 4470
12 0 6 5660
12 0 7 1027
12 0 8 5632
12 0 9 5027
12 0 10 4606
12 0 11 4512
12 0 12 0
12 0 13 939
12 0 14 988
12 0 15 4930
12 0 16 4255
12 1 0 7968
12 1 1 0
12 1 2 6751
12 1 3 5934
12 1 4 6608
12 1 5 5817
12 1 6 7215
12 1 7 7012
12 1 8 7794
12 1 9 3788
12 1 10 6458
12 1 11 7722
12 1 12 0
12 1 13 2445
12 1 14 3419
12 1 15 785
12 1 16 4546
12 2 0 5631
12 2 1 6332
12 2 2 0
12 2 3 6479
12 2 4 4258
12 2 5 5524
12 2 6 6104
12 2 7 8412
12 2 8 8475
12 2 9 5986
12 2 10 7325
12 2 11 4494
12 2 12 0
12 2 13 6006
12 2 14 6514
12 2 15 3053
12 2 16 4357
12 3 0 4436
12 3 1 2116
12 3 2 5701
12 3 3 0
12 3 4 4938
12 3 5 6018
12 3 6 4849
12 3 7 4754
12 3 8 4103
12 3 9 5190
12 3 10 1707
12 3 11 3737
12 3 12 0
12 3 13 969
12 3 14 3046
12 3 15 1873
12 3 16 697
12 4 0 2163
12 4 1 5295
12 4 2 1515
12 4 3 2247
12 4 4 0
12 4 5 5525
12 4 6 5291
12 4 7 5158
12 4 8 1748
12 4 9 857
12 4 10 3036
12 4 11 4665
12 4 12 0
12 4 13 4255
12 4 14 4401
12 4 15 5905
12 4 16 6391
12 5 0 6178
12 5 1 4542
12 5 2 6591
12 5 3 3907
12 5 4 3742
12 5 5 0
12 5 6 8304
12 5 7 5475
12 5 8 5477
12 5 9 3608
12 5 10 8290
12 5 11 8117
12 5 12 0
12 5 13 6470
12 5 14 7495
12 5 15 6395
12 5 16 8287
12 6 0 3182
12 6 1 1410
12 6 2 5039
12 6 3 2016
12 6 4 5019
12 6 5 3201
12 6 6 0
12 6 7 3794
12 6 8 3741
12 6 9 680
12 6 10 1894
12 6 11 4651
12 6 12 0
12 6 13 4099
12 6 14 2907
12 6 15 4372
12 6 16 4904
12 7 0 2728
12 7 1 499
12 7 2 3127
12 7 3 2998
12 7 4 2718
12 7 5 1507
12 7 6 4364
12 7 7 0
12 7 8 901
12 7 9 3069
12 7 10 2788
12 7 11 2448
12 7 12 0
12 7 13 1150
12 7 14 2698
12 7 15 4265
12 7 16 2560
12 8 0 4400
12 8 1 4884
12 8 2 4641
12 8 3 5837
12 8 4 3382
12 8 5 4076
12 8 6 2464
12 8 7 4032
12 8 8 0
12 8 9 6883
12 8 10 5795
12 8 11 3365
12 8 12 0
12 8 13 8854
12 8 14 7241
12 8 15 5473
12 8 16 7270
12 9 0 8227
12 9 1 7009
12 9 2 7960
12 9 3 4406
12 9 4 7921
12 9 5 5338
12 9 6 4291
12 9 7 4452
12 9 8 3881
12 9 9 0
12 9 10 4953
12 9 11 5916
12 9 12 0
12 9 13 7300
12 9 14 6045
12 9 15 7443
12 9 16 5680
12 10 0 6096
12 10 1 6070
12 10 2 7918
12 10 3 5135
12 10 4 5048
12 10 5 5018
12 10 6 8418
12 10 7 5995
12 10 8 5598
12 10 9 4455
12 10 10 0
12 10 11 7369
12 10 12 0
12 10 13 2582
12 10 14 241
12 10 15 1017
12 10 16 809
12 11 0 5490
12 11 1 6652
12 11 2 2677
12 11 3 7303
12 11 4 2653
12 11 5 5131
12 11 6 4153
12 11 7 6395
12 11 8 5990
12 11 9 4497
12 11 10 3121
12 11 11 0
12 11 12 0
12 11 13 5090
12 11 14 5512
12 11 15 1295
12 11 16 2066
12 12 0 0
12 12 1 0
12 12 2 0
12 12 3 0
12 12 4 0
12 12 5 0
12 12 6 0
12 12 7 0
12 12 8 0
12 12 9 0
12 12 10 0
12 12 11 0
12 12 12 0
12 12 13 0
12 12 14 0
12 12 15 0
12 12 16 0
12 13 0 1044
12 13 1 3311
12 13 2 4525
12 13 3 1600
12 13 4 1684
12 13 5 2960
12 13 6 3505
12 13 7 1057
12 13 8 5566
12 13 9 3503
12 13 10 3409
12 13 11 5079
12 13 12 0
12 13 13 0
12 13 14 4448
12 13 15 6093
12 13 16 5518
12 14 0 1265
12 14 1 4457
12 14 2 5205
12 14 3 3849
12 14 4 2002
12 14 5 4157
12 14 6 2485
12 14 7 2777
12 14 8 4125
12 14 9 2420
12 14 10 1240
12 14 11 5673
12 14 12 0
12 14 13 6467
12 14 14 0
12 14 15 4735
12 14 16 5948
12 15 0 7204
12 15 1 3820
12 15 2 3741
12 15 3 4673
12 15 4 5503
12 15 5 5054
12 15 6 5947
12 15 7 6341
12 15 8 4354
12 15 9 5815
12 15 10 4013
12 15 11 3453
12 15 12 0
12 15 13 8397
12 15 14 8009
12 15 15 0
12 15 16 4118
12 16 0 7676
12 16 1 8728
12 16 2 6192
12 16 3 4644
12 16 4 7136
12 16 5 8093
12 16 6 7626
12 16 7 5783
12 16 8 7298
12 16 9 5199
12 16 10 4952
12 16 11 5371
12 16 12 0
12 16 13 2868
12 16 14 2590
12 16 15 2768
12 16 16 0
13 0 0 0
13 0 1 3367
13 0 2 3049
13 0 3 3840
13 0 4 1517
13 0 5 3894
13 0 6 5084
13 0 7 451
13 0 8 5056
13 0 9 4451
13 0 10 4030
13 0 11 3936
13 0 12 939
13 0 13 0
13 0 14 2057
13 0 15 5999
13 0 16 5324
13 1 0 7090
13 1 1 0
13 1 2 5873
13 1 3 5056
13 1 4 5730
13 1 5 4939
13 1 6 6337
13 1 7 6134
13 1 8 6916
13 1 9 2910
13 1 10 5580
13 1 11 6844
13 1 12 2445
13 1 13 0
13 1 14 3900
13 1 15 1266
13 1 16 5027
13 2 0 5301
13 2 1 6002
13 2 2 0
13 2 3 6149
13 2 4 3928
13 2 5 5194
13 2 6 5774
13 2 7 8082
13 2 8 8145
13 2 9 5656
13 2 10 6995
13 2 11 4164
13 2 12 6006
13 2 13 0
13 2 14 9081
13 2 15 5620
13 2 16 6924
13 3 0 3995
13 3 1 1675
13 3 2 5260
13 3 3 0
13 3 4 4497
13 3 5 5577
13 3 6 4408
13 3 7 4313
13 3 8 3662
13 3 9 4749
13 3 10 1266
13 3 11 3296
13 3 12 969
13 3 13 0
13 3 14 5762
13 3 15 4589
13 3 16 3413
13 4 0 2378
13 4 1 5510
13 4 2 1730
13 4 3 2462
13 4 4 0
13 4 5 5740
13 4 6 5506
13 4 7 5373
13 4 8 1963
13 4 9 1072
13 4 10 3251
13 4 11 4880
13 4 12 4255
13 4 13 0
13 4 14 2145
13 4 15 3649
13 4 16 4135
13 5 0 4820
13 5 1 3184
13 5 2 5233
13 5 3 2549
13 5 4 2384
13 5 5 0
13 5 6 6946
13 5 7 4117
13 5 8 4119
13 5 9 2250
13 5 10 6932
13 5 11 6759
13 5 12 6470
13 5 13 0
13 5 14 4029
13 5 15 2929
13 5 16 4821
13 6 0 5496
13 6 1 3724
13 6 2 7353
13 6 3 4330
13 6 4 7333
13 6 5 5515
13 6 6 0
13 6 7 6108
13 6 8 6055
13 6 9 2994
13 6 10 4208
13 6 11 6965
13 6 12 4099
13 6 13 0
13 6 14 2372
13 6 15 3837
13 6 16 4369
13 7 0 2883
13 7 1 654
13 7 2 3282
13 7 3 3153
13 7 4 2873
13 7 5 1662
13 7 6 4519
13 7 7 0
13 7 8 1056
13 7 9 3224
13 7 10 2943
13 7 11 2603
13 7 12 1150
13 7 13 0
13 7 14 4886
13 7 15 6453
13 7 16 4748
13 8 0 6833
13 8 1 7317
13 8 2 7074
13 8 3 8270
13 8 4 5815
13 8 5 6509
13 8 6 4897
13 8 7 6465
13 8 8 0
13 8 9 9316
13 8 10 8228
13 8 11 5798
13 8 12 8854
13 8 13 0
13 8 14 3668
13 8 15 1900
13 8 16 3697
13 9 0 7572
13 9 1 6354
13 9 2 7305
13 9 3 3751
13 9 4 7266
13 9 5 4683
13 9 6 3636
13 9 7 3797
13 9 8 3226
13 9 9 0
13 9 10 4298
13 9 11 5261
13 9 12 7300
13 9 13 0
13 9 14 1458
13 9 15 2856
13 9 16 1093
13 10 0 5075
13 10 1 5049
13 10 2 6897
13 10 3 4114
13 10 4 4027
13 10 5 3997
13 10 6 7397
13 10 7 4974
13 10 8 4577
13 10 9 3434
13 10 10 0
13 10 11 6348
13 10 12 2582
13 10 13 0
13 10 14 2641
13 10 15 3417
13 10 16 3209
13 11 0 7115
13 11 1 8277
13 11 2 4302
13 11 3 8928
13 11 4 4278
13 11 5 6756
13 11 6 5778
13 11 7 8020
13 11 8 7615
13 11 9 6122
13 11 10 4746
13 11 11 0
13 11 12 5090
13 11 13 0
13 11 14 8994
13 11 15 4777
13 11 16 5548
13 12 0 5078
13 12 1 7647
13 12 2 8313
13 12 3 5499
13 12 4 4927
13 12 5 7776
13 12 6 4649
13 12 7 4360
13 12 8 6591
13 12 9 7616
13 12 10 7888
13 12 11 6912
13 12 12 0
13 12 13 0
13 12 14 2400
13 12 15 4839
13 12 16 3439
13 13 0 0
13 13 1 0
13 13 2 0
13 13 3 0
13 13 4 0
13 13 5 0
13 13 6 0
13 13 7 0
13 13 8 0
13 13 9 0
13 13 10 0
13 13 11 0
13 13 12 0
13 13 13 0
13 13 14 0
13 13 15 0
13 13 16 0
13 14 0 5160
13 14 1 8352
13 14 2 9100
13 14 3 7744
13 14 4 5897
13 14 5 8052
13 14 6 6380
13 14 7 6672
13 14 8 8020
13 14 9 6315
13 14 10 5135
13 14 11 9568
13 14 12 6467
13 14 13 0
13 14 14 0
13 14 15 3325
13 14 16 4538
13 15 0 8593
13 15 1 5209
13 15 2 5130
13 15 3 6062
13 15 4 6892
13 15 5 6443
13 15 6 7336
13 15 7 7730
13 15 8 5743
13 15 9 7204
13 15 10 5402
13 15 11 4842
13 15 12 8397
13 15 13 0
13 15 14 5805
13 15 15 0
13 15 16 1914
13 16 0 3789
13 16 1 4841
13 16 2 2305
13 16 3 757
13 16 4 3249
13 16 5 4206
13 16 6 3739
13 16 7 1896
13 16 8 3411
13 16 9 1312
13 16 10 1065
13 16 11 1484
13 16 12 2868
13 16 13 0
13 16 14 1211
13 16 15 1389
13 16 16 0
14 0 0 0
14 0 1 3416
14 0 2 3098
14 0 3 3889
14 0 4 1566
14 0 5 3943
14 0 6 5133
14 0 7 500
14 0 8 5105
14 0 9 4500
14 0 10 4079
14 0 11 3985
14 0 12 988
14 0 13 2057
14 0 14 0
14 0 15 8965
14 0 16 8290
14 1 0 8064
14 1 1 0
14 1 2 6847
14 1 3 6030
14 1 4 6704
14 1 5 5913
14 1 6 7311
14 1 7 7108
14 1 8 7890
14 1 9 3884
14 1 10 6554
14 1 11 7818
14 1 12 3419
14 1 13 3900
14 1 14 0
14 1 15 4151
14 1 16 7912
14 2 0 5809
14 2 1 6510
14 2 2 0
14 2 3 6657
14 2 4 4436
14 2 5 5702
14 2 6 6282
14 2 7 8590
14 2 8 8653
14 2 9 6164
14 2 10 7503
14 2 11 4672
14 2 12 6514
14 2 13 9081
14 2 14 0
14 2 15 4395
14 2 16 5699
14 3 0 6072
14 3 1 3752
14 3 2 7337
14 3 3 0
14 3 4 6574
14 3 5 7654
14 3 6 6485
14 3 7 6390
14 3 8 5739
14 3 9 6826
14 3 10 3343
14 3 11 5373
14 3 12 3046
14 3 13 5762
14 3 14 0
14 3 15 4170
14 3 16 2994
14 4 0 2524
14 4 1 5656
14 4 2 1876
14 4 3 2608
14 4 4 0
14 4 5 5886
14 4 6 5652
14 4 7 5519
14 4 8 2109
14 4 9 1218
14 4 10 3397
14 4 11 5026
14 4 12 4401
14 4 13 2145
14 4 14 0
14 4 15 4500
14 4 16 4986
14 5 0 5845
14 5 1 4209
14 5 2 6258
14 5 3 3574
14 5 4 3409
14 5 5 0
14 5 6 7971
14 5 7 5142
14 5 8 5144
14 5 9 3275
14 5 10 7957
14 5 11 7784
14 5 12 7495
14 5 13 4029
14 5 14 0
14 5 15 6140
14 5 16 8032
14 6 0 4304
14 6 1 2532
14 6 2 6161
14 6 3 3138
14 6 4 6141
14 6 5 4323
14 6 6 0
14 6 7 4916
14 6 8 4863
14 6 9 1802
14 6 10 3016
14 6 11 5773
14 6 12 2907
14 6 13 2372
14 6 14 0
14 6 15 3324
14 6 16 3856
14 7 0 4431
14 7 1 2202
14 7 2 4830
14 7 3 4701
14 7 4 4421
14 7 5 3210
14 7 6 6067
14 7 7 0
14 7 8 2604
14 7 9 4772
14 7 10 4491
14 7 11 4151
14 7 12 2698
14 7 13 4886
14 7 14 0
14 7 15 5518
14 7 16 3813
14 8 0 5220
14 8 1 5704
14 8 2 5461
14 8 3 6657
14 8 4 4202
14 8 5 4896
14 8 6 3284
14 8 7 4852
14 8 8 0
14 8 9 7703
14 8 10 6615
14 8 11 4185
14 8 12 7241
14 8 13 3668
14 8 14 0
14 8 15 1691
14 8 16 3488
14 9 0 6317
14 9 1 5099
14 9 2 6050
14 9 3 2496
14 9 4 6011
14 9 5 3428
14 9 6 2381
14 9 7 2542
14 9 8 1971
14 9 9 0
14 9 10 3043
14 9 11 4006
14 9 12 6045
14 9 13 1458
14 9 14 0
14 9 15 3831
14 9 16 2068
14 10 0 2734
14 10 1 2708
14 10 2 4556
14 10 3 1773
14 10 4 1686
14 10 5 1656
14 10 6 5056
14 10 7 2633
14 10 8 2236
14 10 9 1093
14 10 10 0
14 10 11 4007
14 10 12 241
14 10 13 2641
14 10 14 0
14 10 15 1319
14 10 16 1111
14 11 0 7537
14 11 1 8699
14 11 2 4724
14 11 3 9350
14 11 4 4700
14 11 5 7178
14 11 6 6200
14 11 7 8442
14 11 8 8037
14 11 9 6544
14 11 10 5168
14 11 11 0
14 11 12 5512
14 11 13 8994
14 11 14 0
14 11 15 2845
14 11 16 3616
14 12 0 2244
14 12 1 4813
14 12 2 5479
14 12 3 2665
14 12 4 2093
14 12 5 4942
14 12 6 1815
14 12 7 1526
14 12 8 3757
14 12 9 4782
14 12 10 5054
14 12 11 4078
14 12 12 0
14 12 13 2400
14 12 14 0
14 12 15 5011
14 12 16 3611
14 13 0 258
14 13 1 2525
14 13 2 3739
14 13 3 814
14 13 4 898
14 13 5 2174
14 13 6 2719
14 13 7 271
14 13 8 4780
14 13 9 2717
14 13 10 2623
14 13 11 4293
14 13 12 4448
14 13 13 0
14 13 14 0
14 13 15 6702
14 13 16 6127
14 14 0 0
14 14 1 0
14 14 2 0
14 14 3 0
14 14 4 0
14 14 5 0
14 14 6 0
14 14 7 0
14 14 8 0
14 14 9 0
14 14 10 0
14 14 11 0
14 14 12 0
14 14 13 0
14 14 14 0
14 14 15 0
14 14 16 0
14 15 0 8205
14 15 1 4821
14 15 2 4742
14 15 3 5674
14 15 4 6504
14 15 5 6055
14 15 6 6948
14 15 7 7342
14 15 8 5355
14 15 9 6816
14 15 10 5014
14 15 11 4454
14 15 12 8009
14 15 13 5805
14 15 14 0
14 15 15 0
14 15 16 3390
14 16 0 3511
14 16 1 4563
14 16 2 2027
14 16 3 479
14 16 4 2971
14 16 5 3928
14 16 6 3461
14 16 7 1618
14 16 8 3133
14 16 9 1034
14 16 10 787
14 16 11 1206
14 16 12 2590
14 16 13 1211
14 16 14 0
14 16 15 4653
14 16 16 0
15 0 0 0
15 0 1 7358
15 0 2 7040
15 0 3 7831
15 0 4 5508
15 0 5 7885
15 0 6 9075
15 0 7 4442
15 0 8 9047
15 0 9 8442
15 0 10 8021
15 0 11 7927
15 0 12 4930
15 0 13 5999
15 0 14 8965
15 0 15 0
15 0 16 6577
15 1 0 5430
15 1 1 0
15 1 2 4213
15 1 3 3396
15 1 4 4070
15 1 5 3279
15 1 6 4677
15 1 7 4474
15 1 8 5256
15 1 9 1250
15 1 10 3920
15 1 11 5184
15 1 12 785
15 1 13 1266
15 1 14 4151
15 1 15 0
15 1 16 8036
15 2 0 2348
15 2 1 3049
15 2 2 0
15 2 3 3196
15 2 4 975
15 2 5 2241
15 2 6 2821
15 2 7 5129
15 2 8 5192
15 2 9 2703
15 2 10 4042
15 2 11 1211
15 2 12 3053
15 2 13 5620
15 2 14 4395
15 2 15 0
15 2 16 4101
15 3 0 4899
15 3 1 2579
15 3 2 6164
15 3 3 0
15 3 4 5401
15 3 5 6481
15 3 6 5312
15 3 7 5217
15 3 8 4566
15 3 9 5653
15 3 10 2170
15 3 11 4200
15 3 12 1873
15 3 13 4589
15 3 14 4170
15 3 15 0
15 3 16 1806
15 4 0 4028
15 4 1 7160
15 4 2 3380
15 4 3 4112
15 4 4 0
15 4 5 7390
15 4 6 7156
15 4 7 7023
15 4 8 3613
15 4 9 2722
15 4 10 4901
15 4 11 6530
15 4 12 5905
15 4 13 3649
15 4 14 4500
15 4 15 0
15 4 16 4141
15 5 0 4745
15 5 1 3109
15 5 2 5158
15 5 3 2474
15 5 4 2309
15 5 5 0
15 5 6 6871
15 5 7 4042
15 5 8 4044
15 5 9 2175
15 5 10 6857
15 5 11 6684
15 5 12 6395
15 5 13 2929
15 5 14 6140
15 5 15 0
15 5 16 5111
15 6 0 5769
15 6 1 3997
15 6 2 7626
15 6 3 4603
15 6 4 7606
15 6 5 5788
15 6 6 0
15 6 7 6381
15 6 8 6328
15 6 9 3267
15 6 10 4481
15 6 11 7238
15 6 12 4372
15 6 13 3837
15 6 14 3324
15 6 15 0
15 6 16 4195
15 7 0 5998
15 7 1 3769
15 7 2 6397
15 7 3 6268
15 7 4 5988
15 7 5 4777
15 7 6 7634
15 7 7 0
15 7 8 4171
15 7 9 6339
15 7 10 6058
15 7 11 5718
15 7 12 4265
15 7 13 6453
15 7 14 5518
15 7 15 0
15 7 16 2707
15 8 0 3452
15 8 1 3936
15 8 2 3693
15 8 3 4889
15 8 4 2434
15 8 5 3128
15 8 6 1516
15 8 7 3084
15 8 8 0
15 8 9 5935
15 8 10 4847
15 8 11 2417
15 8 12 5473
15 8 13 1900
15 8 14 1691
15 8 15 0
15 8 16 6560
15 9 0 7715
15 9 1 6497
15 9 2 7448
15 9 3 3894
15 9 4 7409
15 9 5 4826
15 9 6 3779
15 9 7 3940
15 9 8 3369
15 9 9 0
15 9 10 4441
15 9 11 5404
15 9 12 7443
15 9 13 2856
15 9 14 3831
15 9 15 0
15 9 16 2039
15 10 0 3510
15 10 1 3484
15 10 2 5332
15 10 3 2549
15 10 4 2462
15 10 5 2432
15 10 6 5832
15 10 7 3409
15 10 8 3012
15 10 9 1869
15 10 10 0
15 10 11 4783
15 10 12 1017
15 10 13 3417
15 10 14 1319
15 10 15 0
15 10 16 4886
15 11 0 3320
15 11 1 4482
15 11 2 507
15 11 3 5133
15 11 4 483
15 11 5 2961
15 11 6 1983
15 11 7 4225
15 11 8 3820
15 11 9 2327
15 11 10 951
15 11 11 0
15 11 12 1295
15 11 13 4777
15 11 14 2845
15 11 15 0
15 11 16 2954
15 12 0 4683
15 12 1 7252
15 12 2 7918
15 12 3 5104
15 12 4 4532
15 12 5 7381
15 12 6 4254
15 12 7 3965
15 12 8 6196
15 12 9 7221
15 12 10 7493
15 12 11 6517
15 12 12 0
15 12 13 4839
15 12 14 5011
15 12 15 0
15 12 16 5608
15 13 0 1903
15 13 1 4170
15 13 2 5384
15 13 3 2459
15 13 4 2543
15 13 5 3819
15 13 6 4364
15 13 7 1916
15 13 8 6425
15 13 9 4362
15 13 10 4268
15 13 11 5938
15 13 12 6093
15 13 13 0
15 13 14 6702
15 13 15 0
15 13 16 5618
15 14 0 3428
15 14 1 6620
15 14 2 7368
15 14 3 6012
15 14 4 4165
15 14 5 6320
15 14 6 4648
15 14 7 4940
15 14 8 6288
15 14 9 4583
15 14 10 3403
15 14 11 7836
15 14 12 4735
15 14 13 3325
15 14 14 0
15 14 15 0
15 14 16 8494
15 15 0 0
15 15 1 0
15 15 2 0
15 15 3 0
15 15 4 0
15 15 5 0
15 15 6 0
15 15 7 0
15 15 8 0
15 15 9 0
15 15 10 0
15 15 11 0
15 15 12 0
15 15 13 0
15 15 14 0
15 15 15 0
15 15 16 0
15 16 0 3689
15 16 1 4741
15 16 2 2205
15 16 3 657
15 16 4 3149
15 16 5 4106
15 16 6 3639
15 16 7 1796
15 16 8 3311
15 16 9 1212
15 16 10 965
15 16 11 1384
15 16 12 2768
15 16 13 1389
15 16 14 4653
15 16 15 0
15 16 16 0
16 0 0 0
16 0 1 6683
16 0 2 6365
16 0 3 7156
16 0 4 4833
16 0 5 7210
16 0 6 8400
16 0 7 3767
16 0 8 8372
16 0 9 7767
16 0 10 7346
16 0 11 7252
16 0 12 4255
16 0 13 5324
16 0 14 8290
16 0 15 6577
16 0 16 0
16 1 0 9191
16 1 1 0
16 1 2 7974
16 1 3 7157
16 1 4 7831
16 1 5 7040
16 1 6 8438
16 1 7 8235
16 1 8 9017
16 1 9 5011
16 1 10 7681
16 1 11 8945
16 1 12 4546
16 1 13 5027
16 1 14 7912
16 1 15 8036
16 1 16 0
16 2 0 3652
16 2 1 4353
16 2 2 0
16 2 3 4500
16 2 4 2279
16 2 5 3545
16 2 6 4125
16 2 7 6433
16 2 8 6496
16 2 9 4007
16 2 10 5346
16 2 11 2515
16 2 12 4357
16 2 13 6924
16 2 14 5699
16 2 15 4101
16 2 16 0
16 3 0 3723
16 3 1 1403
16 3 2 4988
16 3 3 0
16 3 4 4225
16 3 5 5305
16 3 6 4136
16 3 7 4041
16 3 8 3390
16 3 9 4477
16 3 10 994
16 3 11 3024
16 3 12 697
16 3 13 3413
16 3 14 2994
16 3 15 1806
16 3 16 0
16 4 0 4514
16 4 1 7646
16 4 2 3866
16 4 3 4598
16 4 4 0
16 4 5 7876
16 4 6 7642
16 4 7 7509
16 4 8 4099
16 4 9 3208
16 4 10 5387
16 4 11 7016
16 4 12 6391
16 4 13 4135
16 4 14 4986
16 4 15 4141
16 4 16 0
16 5 0 6637
16 5 1 5001
16 5 2 7050
16 5 3 4366
16 5 4 4201
16 5 5 0
16 5 6 8763
16 5 7 5934
16 5 8 5936
16 5 9 4067
16 5 10 8749
16 5 11 8576
16 5 12 8287
16 5 13 4821
16 5 14 8032
16 5 15 5111
16 5 16 0
16 6 0 6301
16 6 1 4529
16 6 2 8158
16 6 3 5135
16 6 4 8138
16 6 5 6320
16 6 6 0
16 6 7 6913
16 6 8 6860
16 6 9 3799
16 6 10 5013
16 6 11 7770
16 6 12 4904
16 6 13 4369
16 6 14 3856
16 6 15 4195
16 6 16 0
16 7 0 4293
16 7 1 2064
16 7 2 4692
16 7 3 4563
16 7 4 4283
16 7 5 3072
16 7 6 5929
16 7 7 0
16 7 8 2466
16 7 9 4634
16 7 10 4353
16 7 11 4013
16 7 12 2560
16 7 13 4748
16 7 14 3813
16 7 15 2707
16 7 16 0
16 8 0 5249
16 8 1 5733
16 8 2 5490
16 8 3 6686
16 8 4 4231
16 8 5 4925
16 8 6 3313
16 8 7 4881
16 8 8 0
16 8 9 7732
16 8 10 6644
16 8 11 4214
16 8 12 7270
16 8 13 3697
16 8 14 3488
16 8 15 6560
16 8 16 0
16 9 0 5952
16 9 1 4734
16 9 2 5685
16 9 3 2131
16 9 4 5646
16 9 5 3063
16 9 6 2016
16 9 7 2177
16 9 8 1606
16 9 9 0
16 9 10 2678
16 9 11 3641
16 9 12 5680
16 9 13 1093
16 9 14 2068
16 9 15 2039
16 9 16 0
16 10 0 3302
16 10 1 3276
16 10 2 5124
16 10 3 2341
16 10 4 2254
16 10 5 2224
16 10 6 5624
16 10 7 3201
16 10 8 2804
16 10 9 1661
16 10 10 0
16 10 11 4575
16 10 12 809
16 10 13 3209
16 10 14 1111
16 10 15 4886
16 10 16 0
16 11 0 4091
16 11 1 5253
16 11 2 1278
16 11 3 5904
16 11 4 1254
16 11 5 3732
16 11 6 2754
16 11 7 4996
16 11 8 4591
16 11 9 3098
16 11 10 1722
16 11 11 0
16 11 12 2066
16 11 13 5548
16 11 14 3616
16 11 15 2954
16 11 16 0
16 12 0 3283
16 12 1 5852
16 12 2 6518
16 12 3 3704
16 12 4 3132
16 12 5 5981
16 12 6 2854
16 12 7 2565
16 12 8 4796
16 12 9 5821
16 12 10 6093
16 12 11 5117
16 12 12 0
16 12 13 3439
16 12 14 3611
16 12 15 5608
16 12 16 0
16 13 0 1328
16 13 1 3595
16 13 2 4809
16 13 3 1884
16 13 4 1968
16 13 5 3244
16 13 6 3789
16 13 7 1341
16 13 8 5850
16 13 9 3787
16 13 10 3693
16 13 11 5363
16 13 12 5518
16 13 13 0
16 13 14 6127
16 13 15 5618
16 13 16 0
16 14 0 4641
16 14 1 7833
16 14 2 8581
16 14 3 7225
16 14 4 5378
16 14 5 7533
16 14 6 5861
16 14 7 6153
16 14 8 7501
16 14 9 5796
16 14 10 4616
16 14 11 9049
16 14 12 5948
16 14 13 4538
16 14 14 0
16 14 15 8494
16 14 16 0
16 15 0 4314
16 15 1 930
16 15 2 851
16 15 3 1783
16 15 4 2613
16 15 5 2164
16 15 6 3057
16 15 7 3451
16 15 8 1464
16 15 9 2925
16 15 10 1123
16 15 11 563
16 15 12 4118
16 15 13 1914
16 15 14 3390
16 15 15 0
16 15 16 0
16 16 0 0
16 16 1 0
16 16 2 0
16 16 3 0
16 16 4 0
16 16 5 0
16 16 6 0
16 16 7 0
16 16 8 0
16 16 9 0
16 16 10 0
16 16 11 0
16 16 12 0
16 16 13 0
16 16 14 0
16 16 15 0
16 16 16 0
