16
0 0 0 0
0 0 1 0
0 0 2 0
0 0 3 0
0 0 4 0
0 0 5 0
0 0 6 0
0 0 7 0
0 0 8 0
0 0 9 0
0 0 10 0
0 0 11 0
0 0 12 0
0 0 13 0
0 0 14 0
0 0 15 0
0 1 0 0
0 1 1 0
0 1 2 4857
0 1 3 8227
0 1 4 5495
0 1 5 5273
0 1 6 6300
0 1 7 5493
0 1 8 8259
0 1 9 4558
0 1 10 4775
0 1 11 8412
0 1 12 7290
0 1 13 8262
0 1 14 8529
0 1 15 6397
0 2 0 0
0 2 1 4169
0 2 2 0
0 2 3 4723
0 2 4 4009
0 2 5 5838
0 2 6 2561
0 2 7 3523
0 2 8 1133
0 2 9 3462
0 2 10 3483
0 2 11 4181
0 2 12 2634
0 2 13 1437
0 2 14 4626
0 2 15 3149
0 3 0 0
0 3 1 6094
0 3 2 6835
0 3 3 0
0 3 4 8173
0 3 5 8645
0 3 6 4075
0 3 7 7198
0 3 8 4277
0 3 9 6274
0 3 10 6935
0 3 11 5650
0 3 12 4064
0 3 13 8150
0 3 14 7360
0 3 15 6159
0 4 0 0
0 4 1 7156
0 4 2 7090
0 4 3 7787
0 4 4 0
0 4 5 8110
0 4 6 5629
0 4 7 4296
0 4 8 8693
0 4 9 6730
0 4 10 6688
0 4 11 8888
0 4 12 5786
0 4 13 6375
0 4 14 8888
0 4 15 9183
0 5 0 0
0 5 1 3382
0 5 2 4340
0 5 3 5423
0 5 4 5578
0 5 5 0
0 5 6 6916
0 5 7 5856
0 5 8 4665
0 5 9 3317
0 5 10 4713
0 5 11 3630
0 5 12 3223
0 5 13 4914
0 5 14 5867
0 5 15 3006
0 6 0 0
0 6 1 5700
0 6 2 4010
0 6 3 3118
0 6 4 5596
0 6 5 5331
0 6 6 0
0 6 7 4101
0 6 8 3010
0 6 9 4976
0 6 10 5076
0 6 11 5953
0 6 12 7455
0 6 13 5047
0 6 14 5100
0 6 15 4385
0 7 0 0
0 7 1 2906
0 7 2 3495
0 7 3 5545
0 7 4 2493
0 7 5 1918
0 7 6 4199
0 7 7 0
0 7 8 5195
0 7 9 3328
0 7 10 2388
0 7 11 2613
0 7 12 6104
0 7 13 4239
0 7 14 5825
0 7 15 3691
0 8 0 0
0 8 1 9009
0 8 2 6902
0 8 3 6023
0 8 4 7897
0 8 5 7916
0 8 6 6521
0 8 7 6602
0 8 8 0
0 8 9 6646
0 8 10 9162
0 8 11 6776
0 8 12 6026
0 8 13 4487
0 8 14 5265
0 8 15 6169
0 9 0 0
0 9 1 8155
0 9 2 8244
0 9 3 6945
0 9 4 5254
0 9 5 8186
0 9 6 7148
0 9 7 6032
0 9 8 7317
0 9 9 0
0 9 10 6433
0 9 11 8741
0 9 12 5125
0 9 13 6248
0 9 14 5655
0 9 15 5527
0 10 0 0
0 10 1 7354
0 10 2 5921
0 10 3 7439
0 10 4 5019
0 10 5 5807
0 10 6 9410
0 10 7 9326
0 10 8 6097
0 10 9 7942
0 10 10 0
0 10 11 8195
0 10 12 6559
0 10 13 6357
0 10 14 8693
0 10 15 5031
0 11 0 0
0 11 1 7707
0 11 2 3496
0 11 3 4309
0 11 4 6534
0 11 5 3812
0 11 6 4470
0 11 7 4406
0 11 8 6219
0 11 9 3015
0 11 10 4781
0 11 11 0
0 11 12 5114
0 11 13 7598
0 11 14 6441
0 11 15 5916
0 12 0 0
0 12 1 2340
0 12 2 1920
0 12 3 4580
0 12 4 3839
0 12 5 3620
0 12 6 4866
0 12 7 4375
0 12 8 2099
0 12 9 5285
0 12 10 3147
0 12 11 1393
0 12 12 0
0 12 13 2887
0 12 14 5003
0 12 15 2381
0 13 0 0
0 13 1 3458
0 13 2 2780
0 13 3 832
0 13 4 1308
0 13 5 1936
0 13 6 1401
0 13 7 2586
0 13 8 881
0 13 9 2783
0 13 10 2671
0 13 11 1303
0 13 12 4778
0 13 13 0
0 13 14 5552
0 13 15 4826
0 14 0 0
0 14 1 2987
0 14 2 5379
0 14 3 1169
0 14 4 3781
0 14 5 3725
0 14 6 3286
0 14 7 4347
0 14 8 1321
0 14 9 3034
0 14 10 2114
0 14 11 4485
0 14 12 3877
0 14 13 2872
0 14 14 0
0 14 15 3173
0 15 0 0
0 15 1 4823
0 15 2 7395
0 15 3 8373
0 15 4 7470
0 15 5 6113
0 15 6 5011
0 15 7 5025
0 15 8 7338
0 15 9 9441
0 15 10 4794
0 15 11 5378
0 15 12 9233
0 15 13 7367
0 15 14 7217
0 15 15 0
1 0 0 0
1 0 1 0
1 0 2 2065
1 0 3 4989
1 0 4 5353
1 0 5 3660
1 0 6 3943
1 0 7 3011
1 0 8 5645
1 0 9 5534
1 0 10 5928
1 0 11 3972
1 0 12 2499
1 0 13 1743
1 0 14 1753
1 0 15 5803
1 1 0 0
1 1 1 0
1 1 2 0
1 1 3 0
1 1 4 0
1 1 5 0
1 1 6 0
1 1 7 0
1 1 8 0
1 1 9 0
1 1 10 0
1 1 11 0
1 1 12 0
1 1 13 0
1 1 14 0
1 1 15 0
1 2 0 4169
1 2 1 0
1 2 2 0
1 2 3 4599
1 2 4 3885
1 2 5 5714
1 2 6 2437
1 2 7 3399
1 2 8 1009
1 2 9 3338
1 2 10 3359
1 2 11 4057
1 2 12 2510
1 2 13 1313
1 2 14 4502
1 2 15 3025
1 3 0 6094
1 3 1 0
1 3 2 7157
1 3 3 0
1 3 4 8495
1 3 5 8967
1 3 6 4397
1 3 7 7520
1 3 8 4599
1 3 9 6596
1 3 10 7257
1 3 11 5972
1 3 12 4386
1 3 13 8472
1 3 14 7682
1 3 15 6481
1 4 0 7156
1 4 1 0
1 4 2 4316
1 4 3 5013
1 4 4 0
1 4 5 5336
1 4 6 2855
1 4 7 1522
1 4 8 5919
1 4 9 3956
1 4 10 3914
1 4 11 6114
1 4 12 3012
1 4 13 3601
1 4 14 6114
1 4 15 6409
1 5 0 3382
1 5 1 0
1 5 2 3037
1 5 3 4120
1 5 4 4275
1 5 5 0
1 5 6 5613
1 5 7 4553
1 5 8 3362
1 5 9 2014
1 5 10 3410
1 5 11 2327
1 5 12 1920
1 5 13 3611
1 5 14 4564
1 5 15 1703
1 6 0 5700
1 6 1 0
1 6 2 3451
1 6 3 2559
1 6 4 5037
1 6 5 4772
1 6 6 0
1 6 7 3542
1 6 8 2451
1 6 9 4417
1 6 10 4517
1 6 11 5394
1 6 12 6896
1 6 13 4488
1 6 14 4541
1 6 15 3826
1 7 0 2906
1 7 1 0
1 7 2 3061
1 7 3 5111
1 7 4 2059
1 7 5 1484
1 7 6 3765
1 7 7 0
1 7 8 4761
1 7 9 2894
1 7 10 1954
1 7 11 2179
1 7 12 5670
1 7 13 3805
1 7 14 5391
1 7 15 3257
1 8 0 9009
1 8 1 0
1 8 2 6600
1 8 3 5721
1 8 4 7595
1 8 5 7614
1 8 6 6219
1 8 7 6300
1 8 8 0
1 8 9 6344
1 8 10 8860
1 8 11 6474
1 8 12 5724
1 8 13 4185
1 8 14 4963
1 8 15 5867
1 9 0 8155
1 9 1 0
1 9 2 4352
1 9 3 3053
1 9 4 1362
1 9 5 4294
1 9 6 3256
1 9 7 2140
1 9 8 3425
1 9 9 0
1 9 10 2541
1 9 11 4849
1 9 12 1233
1 9 13 2356
1 9 14 1763
1 9 15 1635
1 10 0 7354
1 10 1 0
1 10 2 1852
1 10 3 3370
1 10 4 950
1 10 5 1738
1 10 6 5341
1 10 7 5257
1 10 8 2028
1 10 9 3873
1 10 10 0
1 10 11 4126
1 10 12 2490
1 10 13 2288
1 10 14 4624
1 10 15 962
1 11 0 7707
1 11 1 0
1 11 2 5020
1 11 3 5833
1 11 4 8058
1 11 5 5336
1 11 6 5994
1 11 7 5930
1 11 8 7743
1 11 9 4539
1 11 10 6305
1 11 11 0
1 11 12 6638
1 11 13 9122
1 11 14 7965
1 11 15 7440
1 12 0 2340
1 12 1 0
1 12 2 3795
1 12 3 6455
1 12 4 5714
1 12 5 5495
1 12 6 6741
1 12 7 6250
1 12 8 3974
1 12 9 7160
1 12 10 5022
1 12 11 3268
1 12 12 0
1 12 13 4762
1 12 14 6878
1 12 15 4256
1 13 0 3458
1 13 1 0
1 13 2 6383
1 13 3 4435
1 13 4 4911
1 13 5 5539
1 13 6 5004
1 13 7 6189
1 13 8 4484
1 13 9 6386
1 13 10 6274
1 13 11 4906
1 13 12 8381
1 13 13 0
1 13 14 9155
1 13 15 8429
1 14 0 2987
1 14 1 0
1 14 2 9239
1 14 3 5029
1 14 4 7641
1 14 5 7585
1 14 6 7146
1 14 7 8207
1 14 8 5181
1 14 9 6894
1 14 10 5974
1 14 11 8345
1 14 12 7737
1 14 13 6732
1 14 14 0
1 14 15 7033
1 15 0 4823
1 15 1 0
1 15 2 5073
1 15 3 6051
1 15 4 5148
1 15 5 3791
1 15 6 2689
1 15 7 2703
1 15 8 5016
1 15 9 7119
1 15 10 2472
1 15 11 3056
1 15 12 6911
1 15 13 5045
1 15 14 4895
1 15 15 0
2 0 0 0
2 0 1 2065
2 0 2 0
2 0 3 7922
2 0 4 8286
2 0 5 6593
2 0 6 6876
2 0 7 5944
2 0 8 8578
2 0 9 8467
2 0 10 8861
2 0 11 6905
2 0 12 5432
2 0 13 4676
2 0 14 4686
2 0 15 8736
2 1 0 4857
2 1 1 0
2 1 2 0
2 1 3 7415
2 1 4 4683
2 1 5 4461
2 1 6 5488
2 1 7 4681
2 1 8 7447
2 1 9 3746
2 1 10 3963
2 1 11 7600
2 1 12 6478
2 1 13 7450
2 1 14 7717
2 1 15 5585
2 2 0 0
2 2 1 0
2 2 2 0
2 2 3 0
2 2 4 0
2 2 5 0
2 2 6 0
2 2 7 0
2 2 8 0
2 2 9 0
2 2 10 0
2 2 11 0
2 2 12 0
2 2 13 0
2 2 14 0
2 2 15 0
2 3 0 6835
2 3 1 7157
2 3 2 0
2 3 3 0
2 3 4 8162
2 3 5 8634
2 3 6 4064
2 3 7 7187
2 3 8 4266
2 3 9 6263
2 3 10 6924
2 3 11 5639
2 3 12 4053
2 3 13 8139
2 3 14 7349
2 3 15 6148
2 4 0 7090
2 4 1 4316
2 4 2 0
2 4 3 6698
2 4 4 0
2 4 5 7021
2 4 6 4540
2 4 7 3207
2 4 8 7604
2 4 9 5641
2 4 10 5599
2 4 11 7799
2 4 12 4697
2 4 13 5286
2 4 14 7799
2 4 15 8094
2 5 0 4340
2 5 1 3037
2 5 2 0
2 5 3 7856
2 5 4 8011
2 5 5 0
2 5 6 9349
2 5 7 8289
2 5 8 7098
2 5 9 5750
2 5 10 7146
2 5 11 6063
2 5 12 5656
2 5 13 7347
2 5 14 8300
2 5 15 5439
2 6 0 4010
2 6 1 3451
2 6 2 0
2 6 3 1991
2 6 4 4469
2 6 5 4204
2 6 6 0
2 6 7 2974
2 6 8 1883
2 6 9 3849
2 6 10 3949
2 6 11 4826
2 6 12 6328
2 6 13 3920
2 6 14 3973
2 6 15 3258
2 7 0 3495
2 7 1 3061
2 7 2 0
2 7 3 6312
2 7 4 3260
2 7 5 2685
2 7 6 4966
2 7 7 0
2 7 8 5962
2 7 9 4095
2 7 10 3155
2 7 11 3380
2 7 12 6871
2 7 13 5006
2 7 14 6592
2 7 15 4458
2 8 0 6902
2 8 1 6600
2 8 2 0
2 8 3 1766
2 8 4 3640
2 8 5 3659
2 8 6 2264
2 8 7 2345
2 8 8 0
2 8 9 2389
2 8 10 4905
2 8 11 2519
2 8 12 1769
2 8 13 230
2 8 14 1008
2 8 15 1912
2 9 0 8244
2 9 1 4352
2 9 2 0
2 9 3 5128
2 9 4 3437
2 9 5 6369
2 9 6 5331
2 9 7 4215
2 9 8 5500
2 9 9 0
2 9 10 4616
2 9 11 6924
2 9 12 3308
2 9 13 4431
2 9 14 3838
2 9 15 3710
2 10 0 5921
2 10 1 1852
2 10 2 0
2 10 3 5249
2 10 4 2829
2 10 5 3617
2 10 6 7220
2 10 7 7136
2 10 8 3907
2 10 9 5752
2 10 10 0
2 10 11 6005
2 10 12 4369
2 10 13 4167
2 10 14 6503
2 10 15 2841
2 11 0 3496
2 11 1 5020
2 11 2 0
2 11 3 4773
2 11 4 6998
2 11 5 4276
2 11 6 4934
2 11 7 4870
2 11 8 6683
2 11 9 3479
2 11 10 5245
2 11 11 0
2 11 12 5578
2 11 13 8062
2 11 14 6905
2 11 15 6380
2 12 0 1920
2 12 1 3795
2 12 2 0
2 12 3 4970
2 12 4 4229
2 12 5 4010
2 12 6 5256
2 12 7 4765
2 12 8 2489
2 12 9 5675
2 12 10 3537
2 12 11 1783
2 12 12 0
2 12 13 3277
2 12 14 5393
2 12 15 2771
2 13 0 2780
2 13 1 6383
2 13 2 0
2 13 3 781
2 13 4 1257
2 13 5 1885
2 13 6 1350
2 13 7 2535
2 13 8 830
2 13 9 2732
2 13 10 2620
2 13 11 1252
2 13 12 4727
2 13 13 0
2 13 14 5501
2 13 15 4775
2 14 0 5379
2 14 1 9239
2 14 2 0
2 14 3 4297
2 14 4 6909
2 14 5 6853
2 14 6 6414
2 14 7 7475
2 14 8 4449
2 14 9 6162
2 14 10 5242
2 14 11 7613
2 14 12 7005
2 14 13 6000
2 14 14 0
2 14 15 6301
2 15 0 7395
2 15 1 5073
2 15 2 0
2 15 3 5974
2 15 4 5071
2 15 5 3714
2 15 6 2612
2 15 7 2626
2 15 8 4939
2 15 9 7042
2 15 10 2395
2 15 11 2979
2 15 12 6834
2 15 13 4968
2 15 14 4818
2 15 15 0
3 0 0 0
3 0 1 4989
3 0 2 7922
3 0 3 0
3 0 4 8116
3 0 5 6423
3 0 6 6706
3 0 7 5774
3 0 8 8408
3 0 9 8297
3 0 10 8691
3 0 11 6735
3 0 12 5262
3 0 13 4506
3 0 14 4516
3 0 15 8566
3 1 0 8227
3 1 1 0
3 1 2 7415
3 1 3 0
3 1 4 3684
3 1 5 3462
3 1 6 4489
3 1 7 3682
3 1 8 6448
3 1 9 2747
3 1 10 2964
3 1 11 6601
3 1 12 5479
3 1 13 6451
3 1 14 6718
3 1 15 4586
3 2 0 4723
3 2 1 4599
3 2 2 0
3 2 3 0
3 2 4 6110
3 2 5 7939
3 2 6 4662
3 2 7 5624
3 2 8 3234
3 2 9 5563
3 2 10 5584
3 2 11 6282
3 2 12 4735
3 2 13 3538
3 2 14 6727
3 2 15 5250
3 3 0 0
3 3 1 0
3 3 2 0
3 3 3 0
3 3 4 0
3 3 5 0
3 3 6 0
3 3 7 0
3 3 8 0
3 3 9 0
3 3 10 0
3 3 11 0
3 3 12 0
3 3 13 0
3 3 14 0
3 3 15 0
3 4 0 7787
3 4 1 5013
3 4 2 6698
3 4 3 0
3 4 4 0
3 4 5 8261
3 4 6 5780
3 4 7 4447
3 4 8 8844
3 4 9 6881
3 4 10 6839
3 4 11 9039
3 4 12 5937
3 4 13 6526
3 4 14 9039
3 4 15 9334
3 5 0 5423
3 5 1 4120
3 5 2 7856
3 5 3 0
3 5 4 7894
3 5 5 0
3 5 6 9232
3 5 7 8172
3 5 8 6981
3 5 9 5633
3 5 10 7029
3 5 11 5946
3 5 12 5539
3 5 13 7230
3 5 14 8183
3 5 15 5322
3 6 0 3118
3 6 1 2559
3 6 2 1991
3 6 3 0
3 6 4 3059
3 6 5 2794
3 6 6 0
3 6 7 1564
3 6 8 473
3 6 9 2439
3 6 10 2539
3 6 11 3416
3 6 12 4918
3 6 13 2510
3 6 14 2563
3 6 15 1848
3 7 0 5545
3 7 1 5111
3 7 2 6312
3 7 3 0
3 7 4 4011
3 7 5 3436
3 7 6 5717
3 7 7 0
3 7 8 6713
3 7 9 4846
3 7 10 3906
3 7 11 4131
3 7 12 7622
3 7 13 5757
3 7 14 7343
3 7 15 5209
3 8 0 6023
3 8 1 5721
3 8 2 1766
3 8 3 0
3 8 4 3860
3 8 5 3879
3 8 6 2484
3 8 7 2565
3 8 8 0
3 8 9 2609
3 8 10 5125
3 8 11 2739
3 8 12 1989
3 8 13 450
3 8 14 1228
3 8 15 2132
3 9 0 6945
3 9 1 3053
3 9 2 5128
3 9 3 0
3 9 4 3325
3 9 5 6257
3 9 6 5219
3 9 7 4103
3 9 8 5388
3 9 9 0
3 9 10 4504
3 9 11 6812
3 9 12 3196
3 9 13 4319
3 9 14 3726
3 9 15 3598
3 10 0 7439
3 10 1 3370
3 10 2 5249
3 10 3 0
3 10 4 3357
3 10 5 4145
3 10 6 7748
3 10 7 7664
3 10 8 4435
3 10 9 6280
3 10 10 0
3 10 11 6533
3 10 12 4897
3 10 13 4695
3 10 14 7031
3 10 15 3369
3 11 0 4309
3 11 1 5833
3 11 2 4773
3 11 3 0
3 11 4 5543
3 11 5 2821
3 11 6 3479
3 11 7 3415
3 11 8 5228
3 11 9 2024
3 11 10 3790
3 11 11 0
3 11 12 4123
3 11 13 6607
3 11 14 5450
3 11 15 4925
3 12 0 4580
3 12 1 6455
3 12 2 4970
3 12 3 0
3 12 4 2735
3 12 5 2516
3 12 6 3762
3 12 7 3271
3 12 8 995
3 12 9 4181
3 12 10 2043
3 12 11 289
3 12 12 0
3 12 13 1783
3 12 14 3899
3 12 15 1277
3 13 0 832
3 13 1 4435
3 13 2 781
3 13 3 0
3 13 4 5046
3 13 5 5674
3 13 6 5139
3 13 7 6324
3 13 8 4619
3 13 9 6521
3 13 10 6409
3 13 11 5041
3 13 12 8516
3 13 13 0
3 13 14 9290
3 13 15 8564
3 14 0 1169
3 14 1 5029
3 14 2 4297
3 14 3 0
3 14 4 6719
3 14 5 6663
3 14 6 6224
3 14 7 7285
3 14 8 4259
3 14 9 5972
3 14 10 5052
3 14 11 7423
3 14 12 6815
3 14 13 5810
3 14 14 0
3 14 15 6111
3 15 0 8373
3 15 1 6051
3 15 2 5974
3 15 3 0
3 15 4 5157
3 15 5 3800
3 15 6 2698
3 15 7 2712
3 15 8 5025
3 15 9 7128
3 15 10 2481
3 15 11 3065
3 15 12 6920
3 15 13 5054
3 15 14 4904
3 15 15 0
4 0 0 0
4 0 1 5353
4 0 2 8286
4 0 3 8116
4 0 4 0
4 0 5 7380
4 0 6 7663
4 0 7 6731
4 0 8 9365
4 0 9 9254
4 0 10 9648
4 0 11 7692
4 0 12 6219
4 0 13 5463
4 0 14 5473
4 0 15 9523
4 1 0 5495
4 1 1 0
4 1 2 4683
4 1 3 3684
4 1 4 0
4 1 5 4160
4 1 6 5187
4 1 7 4380
4 1 8 7146
4 1 9 3445
4 1 10 3662
4 1 11 7299
4 1 12 6177
4 1 13 7149
4 1 14 7416
4 1 15 5284
4 2 0 4009
4 2 1 3885
4 2 2 0
4 2 3 6110
4 2 4 0
4 2 5 7830
4 2 6 4553
4 2 7 5515
4 2 8 3125
4 2 9 5454
4 2 10 5475
4 2 11 6173
4 2 12 4626
4 2 13 3429
4 2 14 6618
4 2 15 5141
4 3 0 8173
4 3 1 8495
4 3 2 8162
4 3 3 0
4 3 4 0
4 3 5 8410
4 3 6 3840
4 3 7 6963
4 3 8 4042
4 3 9 6039
4 3 10 6700
4 3 11 5415
4 3 12 3829
4 3 13 7915
4 3 14 7125
4 3 15 5924
4 4 0 0
4 4 1 0
4 4 2 0
4 4 3 0
4 4 4 0
4 4 5 0
4 4 6 0
4 4 7 0
4 4 8 0
4 4 9 0
4 4 10 0
4 4 11 0
4 4 12 0
4 4 13 0
4 4 14 0
4 4 15 0
4 5 0 5578
4 5 1 4275
4 5 2 8011
4 5 3 7894
4 5 4 0
4 5 5 0
4 5 6 8333
4 5 7 7273
4 5 8 6082
4 5 9 4734
4 5 10 6130
4 5 11 5047
4 5 12 4640
4 5 13 6331
4 5 14 7284
4 5 15 4423
4 6 0 5596
4 6 1 5037
4 6 2 4469
4 6 3 3059
4 6 4 0
4 6 5 3984
4 6 6 0
4 6 7 2754
4 6 8 1663
4 6 9 3629
4 6 10 3729
4 6 11 4606
4 6 12 6108
4 6 13 3700
4 6 14 3753
4 6 15 3038
4 7 0 2493
4 7 1 2059
4 7 2 3260
4 7 3 4011
4 7 4 0
4 7 5 170
4 7 6 2451
4 7 7 0
4 7 8 3447
4 7 9 1580
4 7 10 640
4 7 11 865
4 7 12 4356
4 7 13 2491
4 7 14 4077
4 7 15 1943
4 8 0 7897
4 8 1 7595
4 8 2 3640
4 8 3 3860
4 8 4 0
4 8 5 7931
4 8 6 6536
4 8 7 6617
4 8 8 0
4 8 9 6661
4 8 10 9177
4 8 11 6791
4 8 12 6041
4 8 13 4502
4 8 14 5280
4 8 15 6184
4 9 0 5254
4 9 1 1362
4 9 2 3437
4 9 3 3325
4 9 4 0
4 9 5 6349
4 9 6 5311
4 9 7 4195
4 9 8 5480
4 9 9 0
4 9 10 4596
4 9 11 6904
4 9 12 3288
4 9 13 4411
4 9 14 3818
4 9 15 3690
4 10 0 5019
4 10 1 950
4 10 2 2829
4 10 3 3357
4 10 4 0
4 10 5 3534
4 10 6 7137
4 10 7 7053
4 10 8 3824
4 10 9 5669
4 10 10 0
4 10 11 5922
4 10 12 4286
4 10 13 4084
4 10 14 6420
4 10 15 2758
4 11 0 6534
4 11 1 8058
4 11 2 6998
4 11 3 5543
4 11 4 0
4 11 5 5695
4 11 6 6353
4 11 7 6289
4 11 8 8102
4 11 9 4898
4 11 10 6664
4 11 11 0
4 11 12 6997
4 11 13 9481
4 11 14 8324
4 11 15 7799
4 12 0 3839
4 12 1 5714
4 12 2 4229
4 12 3 2735
4 12 4 0
4 12 5 3874
4 12 6 5120
4 12 7 4629
4 12 8 2353
4 12 9 5539
4 12 10 3401
4 12 11 1647
4 12 12 0
4 12 13 3141
4 12 14 5257
4 12 15 2635
4 13 0 1308
4 13 1 4911
4 13 2 1257
4 13 3 5046
4 13 4 0
4 13 5 3535
4 13 6 3000
4 13 7 4185
4 13 8 2480
4 13 9 4382
4 13 10 4270
4 13 11 2902
4 13 12 6377
4 13 13 0
4 13 14 7151
4 13 15 6425
4 14 0 3781
4 14 1 7641
4 14 2 6909
4 14 3 6719
4 14 4 0
4 14 5 7827
4 14 6 7388
4 14 7 8449
4 14 8 5423
4 14 9 7136
4 14 10 6216
4 14 11 8587
4 14 12 7979
4 14 13 6974
4 14 14 0
4 14 15 7275
4 15 0 7470
4 15 1 5148
4 15 2 5071
4 15 3 5157
4 15 4 0
4 15 5 6460
4 15 6 5358
4 15 7 5372
4 15 8 7685
4 15 9 9788
4 15 10 5141
4 15 11 5725
4 15 12 9580
4 15 13 7714
4 15 14 7564
4 15 15 0
5 0 0 0
5 0 1 3660
5 0 2 6593
5 0 3 6423
5 0 4 7380
5 0 5 0
5 0 6 6240
5 0 7 5308
5 0 8 7942
5 0 9 7831
5 0 10 8225
5 0 11 6269
5 0 12 4796
5 0 13 4040
5 0 14 4050
5 0 15 8100
5 1 0 5273
5 1 1 0
5 1 2 4461
5 1 3 3462
5 1 4 4160
5 1 5 0
5 1 6 3106
5 1 7 2299
5 1 8 5065
5 1 9 1364
5 1 10 1581
5 1 11 5218
5 1 12 4096
5 1 13 5068
5 1 14 5335
5 1 15 3203
5 2 0 5838
5 2 1 5714
5 2 2 0
5 2 3 7939
5 2 4 7830
5 2 5 0
5 2 6 3496
5 2 7 4458
5 2 8 2068
5 2 9 4397
5 2 10 4418
5 2 11 5116
5 2 12 3569
5 2 13 2372
5 2 14 5561
5 2 15 4084
5 3 0 8645
5 3 1 8967
5 3 2 8634
5 3 3 0
5 3 4 8410
5 3 5 0
5 3 6 3169
5 3 7 6292
5 3 8 3371
5 3 9 5368
5 3 10 6029
5 3 11 4744
5 3 12 3158
5 3 13 7244
5 3 14 6454
5 3 15 5253
5 4 0 8110
5 4 1 5336
5 4 2 7021
5 4 3 8261
5 4 4 0
5 4 5 0
5 4 6 4514
5 4 7 3181
5 4 8 7578
5 4 9 5615
5 4 10 5573
5 4 11 7773
5 4 12 4671
5 4 13 5260
5 4 14 7773
5 4 15 8068
5 5 0 0
5 5 1 0
5 5 2 0
5 5 3 0
5 5 4 0
5 5 5 0
5 5 6 0
5 5 7 0
5 5 8 0
5 5 9 0
5 5 10 0
5 5 11 0
5 5 12 0
5 5 13 0
5 5 14 0
5 5 15 0
5 6 0 5331
5 6 1 4772
5 6 2 4204
5 6 3 2794
5 6 4 3984
5 6 5 0
5 6 6 0
5 6 7 5734
5 6 8 4643
5 6 9 6609
5 6 10 6709
5 6 11 7586
5 6 12 9088
5 6 13 6680
5 6 14 6733
5 6 15 6018
5 7 0 1918
5 7 1 1484
5 7 2 2685
5 7 3 3436
5 7 4 170
5 7 5 0
5 7 6 5704
5 7 7 0
5 7 8 6700
5 7 9 4833
5 7 10 3893
5 7 11 4118
5 7 12 7609
5 7 13 5744
5 7 14 7330
5 7 15 5196
5 8 0 7916
5 8 1 7614
5 8 2 3659
5 8 3 3879
5 8 4 7931
5 8 5 0
5 8 6 4201
5 8 7 4282
5 8 8 0
5 8 9 4326
5 8 10 6842
5 8 11 4456
5 8 12 3706
5 8 13 2167
5 8 14 2945
5 8 15 3849
5 9 0 8186
5 9 1 4294
5 9 2 6369
5 9 3 6257
5 9 4 6349
5 9 5 0
5 9 6 3591
5 9 7 2475
5 9 8 3760
5 9 9 0
5 9 10 2876
5 9 11 5184
5 9 12 1568
5 9 13 2691
5 9 14 2098
5 9 15 1970
5 10 0 5807
5 10 1 1738
5 10 2 3617
5 10 3 4145
5 10 4 3534
5 10 5 0
5 10 6 6855
5 10 7 6771
5 10 8 3542
5 10 9 5387
5 10 10 0
5 10 11 5640
5 10 12 4004
5 10 13 3802
5 10 14 6138
5 10 15 2476
5 11 0 3812
5 11 1 5336
5 11 2 4276
5 11 3 2821
5 11 4 5695
5 11 5 0
5 11 6 2788
5 11 7 2724
5 11 8 4537
5 11 9 1333
5 11 10 3099
5 11 11 0
5 11 12 3432
5 11 13 5916
5 11 14 4759
5 11 15 4234
5 12 0 3620
5 12 1 5495
5 12 2 4010
5 12 3 2516
5 12 4 3874
5 12 5 0
5 12 6 4250
5 12 7 3759
5 12 8 1483
5 12 9 4669
5 12 10 2531
5 12 11 777
5 12 12 0
5 12 13 2271
5 12 14 4387
5 12 15 1765
5 13 0 1936
5 13 1 5539
5 13 2 1885
5 13 3 5674
5 13 4 3535
5 13 5 0
5 13 6 3232
5 13 7 4417
5 13 8 2712
5 13 9 4614
5 13 10 4502
5 13 11 3134
5 13 12 6609
5 13 13 0
5 13 14 7383
5 13 15 6657
5 14 0 3725
5 14 1 7585
5 14 2 6853
5 14 3 6663
5 14 4 7827
5 14 5 0
5 14 6 6060
5 14 7 7121
5 14 8 4095
5 14 9 5808
5 14 10 4888
5 14 11 7259
5 14 12 6651
5 14 13 5646
5 14 14 0
5 14 15 5947
5 15 0 6113
5 15 1 3791
5 15 2 3714
5 15 3 3800
5 15 4 6460
5 15 5 0
5 15 6 874
5 15 7 888
5 15 8 3201
5 15 9 5304
5 15 10 657
5 15 11 1241
5 15 12 5096
5 15 13 3230
5 15 14 3080
5 15 15 0
6 0 0 0
6 0 1 3943
6 0 2 6876
6 0 3 6706
6 0 4 7663
6 0 5 6240
6 0 6 0
6 0 7 5457
6 0 8 8091
6 0 9 7980
6 0 10 8374
6 0 11 6418
6 0 12 4945
6 0 13 4189
6 0 14 4199
6 0 15 8249
6 1 0 6300
6 1 1 0
6 1 2 5488
6 1 3 4489
6 1 4 5187
6 1 5 3106
6 1 6 0
6 1 7 4334
6 1 8 7100
6 1 9 3399
6 1 10 3616
6 1 11 7253
6 1 12 6131
6 1 13 7103
6 1 14 7370
6 1 15 5238
6 2 0 2561
6 2 1 2437
6 2 2 0
6 2 3 4662
6 2 4 4553
6 2 5 3496
6 2 6 0
6 2 7 3845
6 2 8 1455
6 2 9 3784
6 2 10 3805
6 2 11 4503
6 2 12 2956
6 2 13 1759
6 2 14 4948
6 2 15 3471
6 3 0 4075
6 3 1 4397
6 3 2 4064
6 3 3 0
6 3 4 3840
6 3 5 3169
6 3 6 0
6 3 7 3704
6 3 8 783
6 3 9 2780
6 3 10 3441
6 3 11 2156
6 3 12 570
6 3 13 4656
6 3 14 3866
6 3 15 2665
6 4 0 5629
6 4 1 2855
6 4 2 4540
6 4 3 5780
6 4 4 0
6 4 5 4514
6 4 6 0
6 4 7 2916
6 4 8 7313
6 4 9 5350
6 4 10 5308
6 4 11 7508
6 4 12 4406
6 4 13 4995
6 4 14 7508
6 4 15 7803
6 5 0 6916
6 5 1 5613
6 5 2 9349
6 5 3 9232
6 5 4 8333
6 5 5 0
6 5 6 0
6 5 7 5904
6 5 8 4713
6 5 9 3365
6 5 10 4761
6 5 11 3678
6 5 12 3271
6 5 13 4962
6 5 14 5915
6 5 15 3054
6 6 0 0
6 6 1 0
6 6 2 0
6 6 3 0
6 6 4 0
6 6 5 0
6 6 6 0
6 6 7 0
6 6 8 0
6 6 9 0
6 6 10 0
6 6 11 0
6 6 12 0
6 6 13 0
6 6 14 0
6 6 15 0
6 7 0 4199
6 7 1 3765
6 7 2 4966
6 7 3 5717
6 7 4 2451
6 7 5 5704
6 7 6 0
6 7 7 0
6 7 8 4662
6 7 9 2795
6 7 10 1855
6 7 11 2080
6 7 12 5571
6 7 13 3706
6 7 14 5292
6 7 15 3158
6 8 0 6521
6 8 1 6219
6 8 2 2264
6 8 3 2484
6 8 4 6536
6 8 5 4201
6 8 6 0
6 8 7 2344
6 8 8 0
6 8 9 2388
6 8 10 4904
6 8 11 2518
6 8 12 1768
6 8 13 229
6 8 14 1007
6 8 15 1911
6 9 0 7148
6 9 1 3256
6 9 2 5331
6 9 3 5219
6 9 4 5311
6 9 5 3591
6 9 6 0
6 9 7 3851
6 9 8 5136
6 9 9 0
6 9 10 4252
6 9 11 6560
6 9 12 2944
6 9 13 4067
6 9 14 3474
6 9 15 3346
6 10 0 9410
6 10 1 5341
6 10 2 7220
6 10 3 7748
6 10 4 7137
6 10 5 6855
6 10 6 0
6 10 7 6851
6 10 8 3622
6 10 9 5467
6 10 10 0
6 10 11 5720
6 10 12 4084
6 10 13 3882
6 10 14 6218
6 10 15 2556
6 11 0 4470
6 11 1 5994
6 11 2 4934
6 11 3 3479
6 11 4 6353
6 11 5 2788
6 11 6 0
6 11 7 4764
6 11 8 6577
6 11 9 3373
6 11 10 5139
6 11 11 0
6 11 12 5472
6 11 13 7956
6 11 14 6799
6 11 15 6274
6 12 0 4866
6 12 1 6741
6 12 2 5256
6 12 3 3762
6 12 4 5120
6 12 5 4250
6 12 6 0
6 12 7 7708
6 12 8 5432
6 12 9 8618
6 12 10 6480
6 12 11 4726
6 12 12 0
6 12 13 6220
6 12 14 8336
6 12 15 5714
6 13 0 1401
6 13 1 5004
6 13 2 1350
6 13 3 5139
6 13 4 3000
6 13 5 3232
6 13 6 0
6 13 7 4267
6 13 8 2562
6 13 9 4464
6 13 10 4352
6 13 11 2984
6 13 12 6459
6 13 13 0
6 13 14 7233
6 13 15 6507
6 14 0 3286
6 14 1 7146
6 14 2 6414
6 14 3 6224
6 14 4 7388
6 14 5 6060
6 14 6 0
6 14 7 6071
6 14 8 3045
6 14 9 4758
6 14 10 3838
6 14 11 6209
6 14 12 5601
6 14 13 4596
6 14 14 0
6 14 15 4897
6 15 0 5011
6 15 1 2689
6 15 2 2612
6 15 3 2698
6 15 4 5358
6 15 5 874
6 15 6 0
6 15 7 1984
6 15 8 4297
6 15 9 6400
6 15 10 1753
6 15 11 2337
6 15 12 6192
6 15 13 4326
6 15 14 4176
6 15 15 0
7 0 0 0
7 0 1 3011
7 0 2 5944
7 0 3 5774
7 0 4 6731
7 0 5 5308
7 0 6 5457
7 0 7 0
7 0 8 8231
7 0 9 8120
7 0 10 8514
7 0 11 6558
7 0 12 5085
7 0 13 4329
7 0 14 4339
7 0 15 8389
7 1 0 5493
7 1 1 0
7 1 2 4681
7 1 3 3682
7 1 4 4380
7 1 5 2299
7 1 6 4334
7 1 7 0
7 1 8 5238
7 1 9 1537
7 1 10 1754
7 1 11 5391
7 1 12 4269
7 1 13 5241
7 1 14 5508
7 1 15 3376
7 2 0 3523
7 2 1 3399
7 2 2 0
7 2 3 5624
7 2 4 5515
7 2 5 4458
7 2 6 3845
7 2 7 0
7 2 8 1872
7 2 9 4201
7 2 10 4222
7 2 11 4920
7 2 12 3373
7 2 13 2176
7 2 14 5365
7 2 15 3888
7 3 0 7198
7 3 1 7520
7 3 2 7187
7 3 3 0
7 3 4 6963
7 3 5 6292
7 3 6 3704
7 3 7 0
7 3 8 4142
7 3 9 6139
7 3 10 6800
7 3 11 5515
7 3 12 3929
7 3 13 8015
7 3 14 7225
7 3 15 6024
7 4 0 4296
7 4 1 1522
7 4 2 3207
7 4 3 4447
7 4 4 0
7 4 5 3181
7 4 6 2916
7 4 7 0
7 4 8 5142
7 4 9 3179
7 4 10 3137
7 4 11 5337
7 4 12 2235
7 4 13 2824
7 4 14 5337
7 4 15 5632
7 5 0 5856
7 5 1 4553
7 5 2 8289
7 5 3 8172
7 5 4 7273
7 5 5 0
7 5 6 5904
7 5 7 0
7 5 8 2232
7 5 9 884
7 5 10 2280
7 5 11 1197
7 5 12 790
7 5 13 2481
7 5 14 3434
7 5 15 573
7 6 0 4101
7 6 1 3542
7 6 2 2974
7 6 3 1564
7 6 4 2754
7 6 5 5734
7 6 6 0
7 6 7 0
7 6 8 2575
7 6 9 4541
7 6 10 4641
7 6 11 5518
7 6 12 7020
7 6 13 4612
7 6 14 4665
7 6 15 3950
7 7 0 0
7 7 1 0
7 7 2 0
7 7 3 0
7 7 4 0
7 7 5 0
7 7 6 0
7 7 7 0
7 7 8 0
7 7 9 0
7 7 10 0
7 7 11 0
7 7 12 0
7 7 13 0
7 7 14 0
7 7 15 0
7 8 0 6602
7 8 1 6300
7 8 2 2345
7 8 3 2565
7 8 4 6617
7 8 5 4282
7 8 6 2344
7 8 7 0
7 8 8 0
7 8 9 5505
7 8 10 8021
7 8 11 5635
7 8 12 4885
7 8 13 3346
7 8 14 4124
7 8 15 5028
7 9 0 6032
7 9 1 2140
7 9 2 4215
7 9 3 4103
7 9 4 4195
7 9 5 2475
7 9 6 3851
7 9 7 0
7 9 8 4420
7 9 9 0
7 9 10 3536
7 9 11 5844
7 9 12 2228
7 9 13 3351
7 9 14 2758
7 9 15 2630
7 10 0 9326
7 10 1 5257
7 10 2 7136
7 10 3 7664
7 10 4 7053
7 10 5 6771
7 10 6 6851
7 10 7 0
7 10 8 1866
7 10 9 3711
7 10 10 0
7 10 11 3964
7 10 12 2328
7 10 13 2126
7 10 14 4462
7 10 15 800
7 11 0 4406
7 11 1 5930
7 11 2 4870
7 11 3 3415
7 11 4 6289
7 11 5 2724
7 11 6 4764
7 11 7 0
7 11 8 4169
7 11 9 965
7 11 10 2731
7 11 11 0
7 11 12 3064
7 11 13 5548
7 11 14 4391
7 11 15 3866
7 12 0 4375
7 12 1 6250
7 12 2 4765
7 12 3 3271
7 12 4 4629
7 12 5 3759
7 12 6 7708
7 12 7 0
7 12 8 5013
7 12 9 8199
7 12 10 6061
7 12 11 4307
7 12 12 0
7 12 13 5801
7 12 14 7917
7 12 15 5295
7 13 0 2586
7 13 1 6189
7 13 2 2535
7 13 3 6324
7 13 4 4185
7 13 5 4417
7 13 6 4267
7 13 7 0
7 13 8 2686
7 13 9 4588
7 13 10 4476
7 13 11 3108
7 13 12 6583
7 13 13 0
7 13 14 7357
7 13 15 6631
7 14 0 4347
7 14 1 8207
7 14 2 7475
7 14 3 7285
7 14 4 8449
7 14 5 7121
7 14 6 6071
7 14 7 0
7 14 8 4702
7 14 9 6415
7 14 10 5495
7 14 11 7866
7 14 12 7258
7 14 13 6253
7 14 14 0
7 14 15 6554
7 15 0 5025
7 15 1 2703
7 15 2 2626
7 15 3 2712
7 15 4 5372
7 15 5 888
7 15 6 1984
7 15 7 0
7 15 8 4535
7 15 9 6638
7 15 10 1991
7 15 11 2575
7 15 12 6430
7 15 13 4564
7 15 14 4414
7 15 15 0
8 0 0 0
8 0 1 5645
8 0 2 8578
8 0 3 8408
8 0 4 9365
8 0 5 7942
8 0 6 8091
8 0 7 8231
8 0 8 0
8 0 9 9268
8 0 10 9662
8 0 11 7706
8 0 12 6233
8 0 13 5477
8 0 14 5487
8 0 15 9537
8 1 0 8259
8 1 1 0
8 1 2 7447
8 1 3 6448
8 1 4 7146
8 1 5 5065
8 1 6 7100
8 1 7 5238
8 1 8 0
8 1 9 5006
8 1 10 5223
8 1 11 8860
8 1 12 7738
8 1 13 8710
8 1 14 8977
8 1 15 6845
8 2 0 1133
8 2 1 1009
8 2 2 0
8 2 3 3234
8 2 4 3125
8 2 5 2068
8 2 6 1455
8 2 7 1872
8 2 8 0
8 2 9 4974
8 2 10 4995
8 2 11 5693
8 2 12 4146
8 2 13 2949
8 2 14 6138
8 2 15 4661
8 3 0 4277
8 3 1 4599
8 3 2 4266
8 3 3 0
8 3 4 4042
8 3 5 3371
8 3 6 783
8 3 7 4142
8 3 8 0
8 3 9 3983
8 3 10 4644
8 3 11 3359
8 3 12 1773
8 3 13 5859
8 3 14 5069
8 3 15 3868
8 4 0 8693
8 4 1 5919
8 4 2 7604
8 4 3 8844
8 4 4 0
8 4 5 7578
8 4 6 7313
8 4 7 5142
8 4 8 0
8 4 9 5949
8 4 10 5907
8 4 11 8107
8 4 12 5005
8 4 13 5594
8 4 14 8107
8 4 15 8402
8 5 0 4665
8 5 1 3362
8 5 2 7098
8 5 3 6981
8 5 4 6082
8 5 5 0
8 5 6 4713
8 5 7 2232
8 5 8 0
8 5 9 4248
8 5 10 5644
8 5 11 4561
8 5 12 4154
8 5 13 5845
8 5 14 6798
8 5 15 3937
8 6 0 3010
8 6 1 2451
8 6 2 1883
8 6 3 473
8 6 4 1663
8 6 5 4643
8 6 6 0
8 6 7 2575
8 6 8 0
8 6 9 4229
8 6 10 4329
8 6 11 5206
8 6 12 6708
8 6 13 4300
8 6 14 4353
8 6 15 3638
8 7 0 5195
8 7 1 4761
8 7 2 5962
8 7 3 6713
8 7 4 3447
8 7 5 6700
8 7 6 4662
8 7 7 0
8 7 8 0
8 7 9 3594
8 7 10 2654
8 7 11 2879
8 7 12 6370
8 7 13 4505
8 7 14 6091
8 7 15 3957
8 8 0 0
8 8 1 0
8 8 2 0
8 8 3 0
8 8 4 0
8 8 5 0
8 8 6 0
8 8 7 0
8 8 8 0
8 8 9 0
8 8 10 0
8 8 11 0
8 8 12 0
8 8 13 0
8 8 14 0
8 8 15 0
8 9 0 7317
8 9 1 3425
8 9 2 5500
8 9 3 5388
8 9 4 5480
8 9 5 3760
8 9 6 5136
8 9 7 4420
8 9 8 0
8 9 9 0
8 9 10 4220
8 9 11 6528
8 9 12 2912
8 9 13 4035
8 9 14 3442
8 9 15 3314
8 10 0 6097
8 10 1 2028
8 10 2 3907
8 10 3 4435
8 10 4 3824
8 10 5 3542
8 10 6 3622
8 10 7 1866
8 10 8 0
8 10 9 7851
8 10 10 0
8 10 11 8104
8 10 12 6468
8 10 13 6266
8 10 14 8602
8 10 15 4940
8 11 0 6219
8 11 1 7743
8 11 2 6683
8 11 3 5228
8 11 4 8102
8 11 5 4537
8 11 6 6577
8 11 7 4169
8 11 8 0
8 11 9 2494
8 11 10 4260
8 11 11 0
8 11 12 4593
8 11 13 7077
8 11 14 5920
8 11 15 5395
8 12 0 2099
8 12 1 3974
8 12 2 2489
8 12 3 995
8 12 4 2353
8 12 5 1483
8 12 6 5432
8 12 7 5013
8 12 8 0
8 12 9 5487
8 12 10 3349
8 12 11 1595
8 12 12 0
8 12 13 3089
8 12 14 5205
8 12 15 2583
8 13 0 881
8 13 1 4484
8 13 2 830
8 13 3 4619
8 13 4 2480
8 13 5 2712
8 13 6 2562
8 13 7 2686
8 13 8 0
8 13 9 2202
8 13 10 2090
8 13 11 722
8 13 12 4197
8 13 13 0
8 13 14 4971
8 13 15 4245
8 14 0 1321
8 14 1 5181
8 14 2 4449
8 14 3 4259
8 14 4 5423
8 14 5 4095
8 14 6 3045
8 14 7 4702
8 14 8 0
8 14 9 3221
8 14 10 2301
8 14 11 4672
8 14 12 4064
8 14 13 3059
8 14 14 0
8 14 15 3360
8 15 0 7338
8 15 1 5016
8 15 2 4939
8 15 3 5025
8 15 4 7685
8 15 5 3201
8 15 6 4297
8 15 7 4535
8 15 8 0
8 15 9 6482
8 15 10 1835
8 15 11 2419
8 15 12 6274
8 15 13 4408
8 15 14 4258
8 15 15 0
9 0 0 0
9 0 1 5534
9 0 2 8467
9 0 3 8297
9 0 4 9254
9 0 5 7831
9 0 6 7980
9 0 7 8120
9 0 8 9268
9 0 9 0
9 0 10 7413
9 0 11 5457
9 0 12 3984
9 0 13 3228
9 0 14 3238
9 0 15 7288
9 1 0 4558
9 1 1 0
9 1 2 3746
9 1 3 2747
9 1 4 3445
9 1 5 1364
9 1 6 3399
9 1 7 1537
9 1 8 5006
9 1 9 0
9 1 10 4480
9 1 11 8117
9 1 12 6995
9 1 13 7967
9 1 14 8234
9 1 15 6102
9 2 0 3462
9 2 1 3338
9 2 2 0
9 2 3 5563
9 2 4 5454
9 2 5 4397
9 2 6 3784
9 2 7 4201
9 2 8 4974
9 2 9 0
9 2 10 6448
9 2 11 7146
9 2 12 5599
9 2 13 4402
9 2 14 7591
9 2 15 6114
9 3 0 6274
9 3 1 6596
9 3 2 6263
9 3 3 0
9 3 4 6039
9 3 5 5368
9 3 6 2780
9 3 7 6139
9 3 8 3983
9 3 9 0
9 3 10 5677
9 3 11 4392
9 3 12 2806
9 3 13 6892
9 3 14 6102
9 3 15 4901
9 4 0 6730
9 4 1 3956
9 4 2 5641
9 4 3 6881
9 4 4 0
9 4 5 5615
9 4 6 5350
9 4 7 3179
9 4 8 5949
9 4 9 0
9 4 10 3375
9 4 11 5575
9 4 12 2473
9 4 13 3062
9 4 14 5575
9 4 15 5870
9 5 0 3317
9 5 1 2014
9 5 2 5750
9 5 3 5633
9 5 4 4734
9 5 5 0
9 5 6 3365
9 5 7 884
9 5 8 4248
9 5 9 0
9 5 10 6025
9 5 11 4942
9 5 12 4535
9 5 13 6226
9 5 14 7179
9 5 15 4318
9 6 0 4976
9 6 1 4417
9 6 2 3849
9 6 3 2439
9 6 4 3629
9 6 5 6609
9 6 6 0
9 6 7 4541
9 6 8 4229
9 6 9 0
9 6 10 5067
9 6 11 5944
9 6 12 7446
9 6 13 5038
9 6 14 5091
9 6 15 4376
9 7 0 3328
9 7 1 2894
9 7 2 4095
9 7 3 4846
9 7 4 1580
9 7 5 4833
9 7 6 2795
9 7 7 0
9 7 8 3594
9 7 9 0
9 7 10 2195
9 7 11 2420
9 7 12 5911
9 7 13 4046
9 7 14 5632
9 7 15 3498
9 8 0 6646
9 8 1 6344
9 8 2 2389
9 8 3 2609
9 8 4 6661
9 8 5 4326
9 8 6 2388
9 8 7 5505
9 8 8 0
9 8 9 0
9 8 10 7620
9 8 11 5234
9 8 12 4484
9 8 13 2945
9 8 14 3723
9 8 15 4627
9 9 0 0
9 9 1 0
9 9 2 0
9 9 3 0
9 9 4 0
9 9 5 0
9 9 6 0
9 9 7 0
9 9 8 0
9 9 9 0
9 9 10 0
9 9 11 0
9 9 12 0
9 9 13 0
9 9 14 0
9 9 15 0
9 10 0 7942
9 10 1 3873
9 10 2 5752
9 10 3 6280
9 10 4 5669
9 10 5 5387
9 10 6 5467
9 10 7 3711
9 10 8 7851
9 10 9 0
9 10 10 0
9 10 11 5486
9 10 12 3850
9 10 13 3648
9 10 14 5984
9 10 15 2322
9 11 0 3015
9 11 1 4539
9 11 2 3479
9 11 3 2024
9 11 4 4898
9 11 5 1333
9 11 6 3373
9 11 7 965
9 11 8 2494
9 11 9 0
9 11 10 6336
9 11 11 0
9 11 12 6669
9 11 13 9153
9 11 14 7996
9 11 15 7471
9 12 0 5285
9 12 1 7160
9 12 2 5675
9 12 3 4181
9 12 4 5539
9 12 5 4669
9 12 6 8618
9 12 7 8199
9 12 8 5487
9 12 9 0
9 12 10 2559
9 12 11 805
9 12 12 0
9 12 13 2299
9 12 14 4415
9 12 15 1793
9 13 0 2783
9 13 1 6386
9 13 2 2732
9 13 3 6521
9 13 4 4382
9 13 5 4614
9 13 6 4464
9 13 7 4588
9 13 8 2202
9 13 9 0
9 13 10 3962
9 13 11 2594
9 13 12 6069
9 13 13 0
9 13 14 6843
9 13 15 6117
9 14 0 3034
9 14 1 6894
9 14 2 6162
9 14 3 5972
9 14 4 7136
9 14 5 5808
9 14 6 4758
9 14 7 6415
9 14 8 3221
9 14 9 0
9 14 10 2802
9 14 11 5173
9 14 12 4565
9 14 13 3560
9 14 14 0
9 14 15 3861
9 15 0 9441
9 15 1 7119
9 15 2 7042
9 15 3 7128
9 15 4 9788
9 15 5 5304
9 15 6 6400
9 15 7 6638
9 15 8 6482
9 15 9 0
9 15 10 1304
9 15 11 1888
9 15 12 5743
9 15 13 3877
9 15 14 3727
9 15 15 0
10 0 0 0
10 0 1 5928
10 0 2 8861
10 0 3 8691
10 0 4 9648
10 0 5 8225
10 0 6 8374
10 0 7 8514
10 0 8 9662
10 0 9 7413
10 0 10 0
10 0 11 7016
10 0 12 5543
10 0 13 4787
10 0 14 4797
10 0 15 8847
10 1 0 4775
10 1 1 0
10 1 2 3963
10 1 3 2964
10 1 4 3662
10 1 5 1581
10 1 6 3616
10 1 7 1754
10 1 8 5223
10 1 9 4480
10 1 10 0
10 1 11 6922
10 1 12 5800
10 1 13 6772
10 1 14 7039
10 1 15 4907
10 2 0 3483
10 2 1 3359
10 2 2 0
10 2 3 5584
10 2 4 5475
10 2 5 4418
10 2 6 3805
10 2 7 4222
10 2 8 4995
10 2 9 6448
10 2 10 0
10 2 11 4429
10 2 12 2882
10 2 13 1685
10 2 14 4874
10 2 15 3397
10 3 0 6935
10 3 1 7257
10 3 2 6924
10 3 3 0
10 3 4 6700
10 3 5 6029
10 3 6 3441
10 3 7 6800
10 3 8 4644
10 3 9 5677
10 3 10 0
10 3 11 4492
10 3 12 2906
10 3 13 6992
10 3 14 6202
10 3 15 5001
10 4 0 6688
10 4 1 3914
10 4 2 5599
10 4 3 6839
10 4 4 0
10 4 5 5573
10 4 6 5308
10 4 7 3137
10 4 8 5907
10 4 9 3375
10 4 10 0
10 4 11 4946
10 4 12 1844
10 4 13 2433
10 4 14 4946
10 4 15 5241
10 5 0 4713
10 5 1 3410
10 5 2 7146
10 5 3 7029
10 5 4 6130
10 5 5 0
10 5 6 4761
10 5 7 2280
10 5 8 5644
10 5 9 6025
10 5 10 0
10 5 11 2169
10 5 12 1762
10 5 13 3453
10 5 14 4406
10 5 15 1545
10 6 0 5076
10 6 1 4517
10 6 2 3949
10 6 3 2539
10 6 4 3729
10 6 5 6709
10 6 6 0
10 6 7 4641
10 6 8 4329
10 6 9 5067
10 6 10 0
10 6 11 7812
10 6 12 9314
10 6 13 6906
10 6 14 6959
10 6 15 6244
10 7 0 2388
10 7 1 1954
10 7 2 3155
10 7 3 3906
10 7 4 640
10 7 5 3893
10 7 6 1855
10 7 7 0
10 7 8 2654
10 7 9 2195
10 7 10 0
10 7 11 5320
10 7 12 8811
10 7 13 6946
10 7 14 8532
10 7 15 6398
10 8 0 9162
10 8 1 8860
10 8 2 4905
10 8 3 5125
10 8 4 9177
10 8 5 6842
10 8 6 4904
10 8 7 8021
10 8 8 0
10 8 9 7620
10 8 10 0
10 8 11 3620
10 8 12 2870
10 8 13 1331
10 8 14 2109
10 8 15 3013
10 9 0 6433
10 9 1 2541
10 9 2 4616
10 9 3 4504
10 9 4 4596
10 9 5 2876
10 9 6 4252
10 9 7 3536
10 9 8 4220
10 9 9 0
10 9 10 0
10 9 11 7541
10 9 12 3925
10 9 13 5048
10 9 14 4455
10 9 15 4327
10 10 0 0
10 10 1 0
10 10 2 0
10 10 3 0
10 10 4 0
10 10 5 0
10 10 6 0
10 10 7 0
10 10 8 0
10 10 9 0
10 10 10 0
10 10 11 0
10 10 12 0
10 10 13 0
10 10 14 0
10 10 15 0
10 11 0 4781
10 11 1 6305
10 11 2 5245
10 11 3 3790
10 11 4 6664
10 11 5 3099
10 11 6 5139
10 11 7 2731
10 11 8 4260
10 11 9 6336
10 11 10 0
10 11 11 0
10 11 12 5729
10 11 13 8213
10 11 14 7056
10 11 15 6531
10 12 0 3147
10 12 1 5022
10 12 2 3537
10 12 3 2043
10 12 4 3401
10 12 5 2531
10 12 6 6480
10 12 7 6061
10 12 8 3349
10 12 9 2559
10 12 10 0
10 12 11 1845
10 12 12 0
10 12 13 3339
10 12 14 5455
10 12 15 2833
10 13 0 2671
10 13 1 6274
10 13 2 2620
10 13 3 6409
10 13 4 4270
10 13 5 4502
10 13 6 4352
10 13 7 4476
10 13 8 2090
10 13 9 3962
10 13 10 0
10 13 11 2309
10 13 12 5784
10 13 13 0
10 13 14 6558
10 13 15 5832
10 14 0 2114
10 14 1 5974
10 14 2 5242
10 14 3 5052
10 14 4 6216
10 14 5 4888
10 14 6 3838
10 14 7 5495
10 14 8 2301
10 14 9 2802
10 14 10 0
10 14 11 7817
10 14 12 7209
10 14 13 6204
10 14 14 0
10 14 15 6505
10 15 0 4794
10 15 1 2472
10 15 2 2395
10 15 3 2481
10 15 4 5141
10 15 5 657
10 15 6 1753
10 15 7 1991
10 15 8 1835
10 15 9 1304
10 15 10 0
10 15 11 998
10 15 12 4853
10 15 13 2987
10 15 14 2837
10 15 15 0
11 0 0 0
11 0 1 3972
11 0 2 6905
11 0 3 6735
11 0 4 7692
11 0 5 6269
11 0 6 6418
11 0 7 6558
11 0 8 7706
11 0 9 5457
11 0 10 7016
11 0 11 0
11 0 12 6251
11 0 13 5495
11 0 14 5505
11 0 15 9555
11 1 0 8412
11 1 1 0
11 1 2 7600
11 1 3 6601
11 1 4 7299
11 1 5 5218
11 1 6 7253
11 1 7 5391
11 1 8 8860
11 1 9 8117
11 1 10 6922
11 1 11 0
11 1 12 8109
11 1 13 9081
11 1 14 9348
11 1 15 7216
11 2 0 4181
11 2 1 4057
11 2 2 0
11 2 3 6282
11 2 4 6173
11 2 5 5116
11 2 6 4503
11 2 7 4920
11 2 8 5693
11 2 9 7146
11 2 10 4429
11 2 11 0
11 2 12 2413
11 2 13 1216
11 2 14 4405
11 2 15 2928
11 3 0 5650
11 3 1 5972
11 3 2 5639
11 3 3 0
11 3 4 5415
11 3 5 4744
11 3 6 2156
11 3 7 5515
11 3 8 3359
11 3 9 4392
11 3 10 4492
11 3 11 0
11 3 12 1732
11 3 13 5818
11 3 14 5028
11 3 15 3827
11 4 0 8888
11 4 1 6114
11 4 2 7799
11 4 3 9039
11 4 4 0
11 4 5 7773
11 4 6 7508
11 4 7 5337
11 4 8 8107
11 4 9 5575
11 4 10 4946
11 4 11 0
11 4 12 5315
11 4 13 5904
11 4 14 8417
11 4 15 8712
11 5 0 3630
11 5 1 2327
11 5 2 6063
11 5 3 5946
11 5 4 5047
11 5 5 0
11 5 6 3678
11 5 7 1197
11 5 8 4561
11 5 9 4942
11 5 10 2169
11 5 11 0
11 5 12 1723
11 5 13 3414
11 5 14 4367
11 5 15 1506
11 6 0 5953
11 6 1 5394
11 6 2 4826
11 6 3 3416
11 6 4 4606
11 6 5 7586
11 6 6 0
11 6 7 5518
11 6 8 5206
11 6 9 5944
11 6 10 7812
11 6 11 0
11 6 12 6330
11 6 13 3922
11 6 14 3975
11 6 15 3260
11 7 0 2613
11 7 1 2179
11 7 2 3380
11 7 3 4131
11 7 4 865
11 7 5 4118
11 7 6 2080
11 7 7 0
11 7 8 2879
11 7 9 2420
11 7 10 5320
11 7 11 0
11 7 12 5847
11 7 13 3982
11 7 14 5568
11 7 15 3434
11 8 0 6776
11 8 1 6474
11 8 2 2519
11 8 3 2739
11 8 4 6791
11 8 5 4456
11 8 6 2518
11 8 7 5635
11 8 8 0
11 8 9 5234
11 8 10 3620
11 8 11 0
11 8 12 4948
11 8 13 3409
11 8 14 4187
11 8 15 5091
11 9 0 8741
11 9 1 4849
11 9 2 6924
11 9 3 6812
11 9 4 6904
11 9 5 5184
11 9 6 6560
11 9 7 5844
11 9 8 6528
11 9 9 0
11 9 10 7541
11 9 11 0
11 9 12 954
11 9 13 2077
11 9 14 1484
11 9 15 1356
11 10 0 8195
11 10 1 4126
11 10 2 6005
11 10 3 6533
11 10 4 5922
11 10 5 5640
11 10 6 5720
11 10 7 3964
11 10 8 8104
11 10 9 5486
11 10 10 0
11 10 11 0
11 10 12 3760
11 10 13 3558
11 10 14 5894
11 10 15 2232
11 11 0 0
11 11 1 0
11 11 2 0
11 11 3 0
11 11 4 0
11 11 5 0
11 11 6 0
11 11 7 0
11 11 8 0
11 11 9 0
11 11 10 0
11 11 11 0
11 11 12 0
11 11 13 0
11 11 14 0
11 11 15 0
11 12 0 1393
11 12 1 3268
11 12 2 1783
11 12 3 289
11 12 4 1647
11 12 5 777
11 12 6 4726
11 12 7 4307
11 12 8 1595
11 12 9 805
11 12 10 1845
11 12 11 0
11 12 12 0
11 12 13 3850
11 12 14 5966
11 12 15 3344
11 13 0 1303
11 13 1 4906
11 13 2 1252
11 13 3 5041
11 13 4 2902
11 13 5 3134
11 13 6 2984
11 13 7 3108
11 13 8 722
11 13 9 2594
11 13 10 2309
11 13 11 0
11 13 12 8981
11 13 13 0
11 13 14 9755
11 13 15 9029
11 14 0 4485
11 14 1 8345
11 14 2 7613
11 14 3 7423
11 14 4 8587
11 14 5 7259
11 14 6 6209
11 14 7 7866
11 14 8 4672
11 14 9 5173
11 14 10 7817
11 14 11 0
11 14 12 6913
11 14 13 5908
11 14 14 0
11 14 15 6209
11 15 0 5378
11 15 1 3056
11 15 2 2979
11 15 3 3065
11 15 4 5725
11 15 5 1241
11 15 6 2337
11 15 7 2575
11 15 8 2419
11 15 9 1888
11 15 10 998
11 15 11 0
11 15 12 7694
11 15 13 5828
11 15 14 5678
11 15 15 0
12 0 0 0
12 0 1 2499
12 0 2 5432
12 0 3 5262
12 0 4 6219
12 0 5 4796
12 0 6 4945
12 0 7 5085
12 0 8 6233
12 0 9 3984
12 0 10 5543
12 0 11 6251
12 0 12 0
12 0 13 4894
12 0 14 4904
12 0 15 8954
12 1 0 7290
12 1 1 0
12 1 2 6478
12 1 3 5479
12 1 4 6177
12 1 5 4096
12 1 6 6131
12 1 7 4269
12 1 8 7738
12 1 9 6995
12 1 10 5800
12 1 11 8109
12 1 12 0
12 1 13 5187
12 1 14 5454
12 1 15 3322
12 2 0 2634
12 2 1 2510
12 2 2 0
12 2 3 4735
12 2 4 4626
12 2 5 3569
12 2 6 2956
12 2 7 3373
12 2 8 4146
12 2 9 5599
12 2 10 2882
12 2 11 2413
12 2 12 0
12 2 13 1113
12 2 14 4302
12 2 15 2825
12 3 0 4064
12 3 1 4386
12 3 2 4053
12 3 3 0
12 3 4 3829
12 3 5 3158
12 3 6 570
12 3 7 3929
12 3 8 1773
12 3 9 2806
12 3 10 2906
12 3 11 1732
12 3 12 0
12 3 13 7562
12 3 14 6772
12 3 15 5571
12 4 0 5786
12 4 1 3012
12 4 2 4697
12 4 3 5937
12 4 4 0
12 4 5 4671
12 4 6 4406
12 4 7 2235
12 4 8 5005
12 4 9 2473
12 4 10 1844
12 4 11 5315
12 4 12 0
12 4 13 4682
12 4 14 7195
12 4 15 7490
12 5 0 3223
12 5 1 1920
12 5 2 5656
12 5 3 5539
12 5 4 4640
12 5 5 0
12 5 6 3271
12 5 7 790
12 5 8 4154
12 5 9 4535
12 5 10 1762
12 5 11 1723
12 5 12 0
12 5 13 4695
12 5 14 5648
12 5 15 2787
12 6 0 7455
12 6 1 6896
12 6 2 6328
12 6 3 4918
12 6 4 6108
12 6 5 9088
12 6 6 0
12 6 7 7020
12 6 8 6708
12 6 9 7446
12 6 10 9314
12 6 11 6330
12 6 12 0
12 6 13 5791
12 6 14 5844
12 6 15 5129
12 7 0 6104
12 7 1 5670
12 7 2 6871
12 7 3 7622
12 7 4 4356
12 7 5 7609
12 7 6 5571
12 7 7 0
12 7 8 6370
12 7 9 5911
12 7 10 8811
12 7 11 5847
12 7 12 0
12 7 13 5424
12 7 14 7010
12 7 15 4876
12 8 0 6026
12 8 1 5724
12 8 2 1769
12 8 3 1989
12 8 4 6041
12 8 5 3706
12 8 6 1768
12 8 7 4885
12 8 8 0
12 8 9 4484
12 8 10 2870
12 8 11 4948
12 8 12 0
12 8 13 762
12 8 14 1540
12 8 15 2444
12 9 0 5125
12 9 1 1233
12 9 2 3308
12 9 3 3196
12 9 4 3288
12 9 5 1568
12 9 6 2944
12 9 7 2228
12 9 8 2912
12 9 9 0
12 9 10 3925
12 9 11 954
12 9 12 0
12 9 13 5820
12 9 14 5227
12 9 15 5099
12 10 0 6559
12 10 1 2490
12 10 2 4369
12 10 3 4897
12 10 4 4286
12 10 5 4004
12 10 6 4084
12 10 7 2328
12 10 8 6468
12 10 9 3850
12 10 10 0
12 10 11 3760
12 10 12 0
12 10 13 3397
12 10 14 5733
12 10 15 2071
12 11 0 5114
12 11 1 6638
12 11 2 5578
12 11 3 4123
12 11 4 6997
12 11 5 3432
12 11 6 5472
12 11 7 3064
12 11 8 4593
12 11 9 6669
12 11 10 5729
12 11 11 0
12 11 12 0
12 11 13 4840
12 11 14 3683
12 11 15 3158
12 12 0 0
12 12 1 0
12 12 2 0
12 12 3 0
12 12 4 0
12 12 5 0
12 12 6 0
12 12 7 0
12 12 8 0
12 12 9 0
12 12 10 0
12 12 11 0
12 12 12 0
12 12 13 0
12 12 14 0
12 12 15 0
12 13 0 4778
12 13 1 8381
12 13 2 4727
12 13 3 8516
12 13 4 6377
12 13 5 6609
12 13 6 6459
12 13 7 6583
12 13 8 4197
12 13 9 6069
12 13 10 5784
12 13 11 8981
12 13 12 0
12 13 13 0
12 13 14 6517
12 13 15 5791
12 14 0 3877
12 14 1 7737
12 14 2 7005
12 14 3 6815
12 14 4 7979
12 14 5 6651
12 14 6 5601
12 14 7 7258
12 14 8 4064
12 14 9 4565
12 14 10 7209
12 14 11 6913
12 14 12 0
12 14 13 5943
12 14 14 0
12 14 15 6244
12 15 0 9233
12 15 1 6911
12 15 2 6834
12 15 3 6920
12 15 4 9580
12 15 5 5096
12 15 6 6192
12 15 7 6430
12 15 8 6274
12 15 9 5743
12 15 10 4853
12 15 11 7694
12 15 12 0
12 15 13 3766
12 15 14 3616
12 15 15 0
13 0 0 0
13 0 1 1743
13 0 2 4676
13 0 3 4506
13 0 4 5463
13 0 5 4040
13 0 6 4189
13 0 7 4329
13 0 8 5477
13 0 9 3228
13 0 10 4787
13 0 11 5495
13 0 12 4894
13 0 13 0
13 0 14 898
13 0 15 4948
13 1 0 8262
13 1 1 0
13 1 2 7450
13 1 3 6451
13 1 4 7149
13 1 5 5068
13 1 6 7103
13 1 7 5241
13 1 8 8710
13 1 9 7967
13 1 10 6772
13 1 11 9081
13 1 12 5187
13 1 13 0
13 1 14 7328
13 1 15 5196
13 2 0 1437
13 2 1 1313
13 2 2 0
13 2 3 3538
13 2 4 3429
13 2 5 2372
13 2 6 1759
13 2 7 2176
13 2 8 2949
13 2 9 4402
13 2 10 1685
13 2 11 1216
13 2 12 1113
13 2 13 0
13 2 14 5918
13 2 15 4441
13 3 0 8150
13 3 1 8472
13 3 2 8139
13 3 3 0
13 3 4 7915
13 3 5 7244
13 3 6 4656
13 3 7 8015
13 3 8 5859
13 3 9 6892
13 3 10 6992
13 3 11 5818
13 3 12 7562
13 3 13 0
13 3 14 3780
13 3 15 2579
13 4 0 6375
13 4 1 3601
13 4 2 5286
13 4 3 6526
13 4 4 0
13 4 5 5260
13 4 6 4995
13 4 7 2824
13 4 8 5594
13 4 9 3062
13 4 10 2433
13 4 11 5904
13 4 12 4682
13 4 13 0
13 4 14 5420
13 4 15 5715
13 5 0 4914
13 5 1 3611
13 5 2 7347
13 5 3 7230
13 5 4 6331
13 5 5 0
13 5 6 4962
13 5 7 2481
13 5 8 5845
13 5 9 6226
13 5 10 3453
13 5 11 3414
13 5 12 4695
13 5 13 0
13 5 14 4720
13 5 15 1859
13 6 0 5047
13 6 1 4488
13 6 2 3920
13 6 3 2510
13 6 4 3700
13 6 5 6680
13 6 6 0
13 6 7 4612
13 6 8 4300
13 6 9 5038
13 6 10 6906
13 6 11 3922
13 6 12 5791
13 6 13 0
13 6 14 3135
13 6 15 2420
13 7 0 4239
13 7 1 3805
13 7 2 5006
13 7 3 5757
13 7 4 2491
13 7 5 5744
13 7 6 3706
13 7 7 0
13 7 8 4505
13 7 9 4046
13 7 10 6946
13 7 11 3982
13 7 12 5424
13 7 13 0
13 7 14 5977
13 7 15 3843
13 8 0 4487
13 8 1 4185
13 8 2 230
13 8 3 450
13 8 4 4502
13 8 5 2167
13 8 6 229
13 8 7 3346
13 8 8 0
13 8 9 2945
13 8 10 1331
13 8 11 3409
13 8 12 762
13 8 13 0
13 8 14 1078
13 8 15 1982
13 9 0 6248
13 9 1 2356
13 9 2 4431
13 9 3 4319
13 9 4 4411
13 9 5 2691
13 9 6 4067
13 9 7 3351
13 9 8 4035
13 9 9 0
13 9 10 5048
13 9 11 2077
13 9 12 5820
13 9 13 0
13 9 14 3481
13 9 15 3353
13 10 0 6357
13 10 1 2288
13 10 2 4167
13 10 3 4695
13 10 4 4084
13 10 5 3802
13 10 6 3882
13 10 7 2126
13 10 8 6266
13 10 9 3648
13 10 10 0
13 10 11 3558
13 10 12 3397
13 10 13 0
13 10 14 6013
13 10 15 2351
13 11 0 7598
13 11 1 9122
13 11 2 8062
13 11 3 6607
13 11 4 9481
13 11 5 5916
13 11 6 7956
13 11 7 5548
13 11 8 7077
13 11 9 9153
13 11 10 8213
13 11 11 0
13 11 12 4840
13 11 13 0
13 11 14 4349
13 11 15 3824
13 12 0 2887
13 12 1 4762
13 12 2 3277
13 12 3 1783
13 12 4 3141
13 12 5 2271
13 12 6 6220
13 12 7 5801
13 12 8 3089
13 12 9 2299
13 12 10 3339
13 12 11 3850
13 12 12 0
13 12 13 0
13 12 14 7859
13 12 15 5237
13 13 0 0
13 13 1 0
13 13 2 0
13 13 3 0
13 13 4 0
13 13 5 0
13 13 6 0
13 13 7 0
13 13 8 0
13 13 9 0
13 13 10 0
13 13 11 0
13 13 12 0
13 13 13 0
13 13 14 0
13 13 15 0
13 14 0 2872
13 14 1 6732
13 14 2 6000
13 14 3 5810
13 14 4 6974
13 14 5 5646
13 14 6 4596
13 14 7 6253
13 14 8 3059
13 14 9 3560
13 14 10 6204
13 14 11 5908
13 14 12 5943
13 14 13 0
13 14 14 0
13 14 15 7549
13 15 0 7367
13 15 1 5045
13 15 2 4968
13 15 3 5054
13 15 4 7714
13 15 5 3230
13 15 6 4326
13 15 7 4564
13 15 8 4408
13 15 9 3877
13 15 10 2987
13 15 11 5828
13 15 12 3766
13 15 13 0
13 15 14 6817
13 15 15 0
14 0 0 0
14 0 1 1753
14 0 2 4686
14 0 3 4516
14 0 4 5473
14 0 5 4050
14 0 6 4199
14 0 7 4339
14 0 8 5487
14 0 9 3238
14 0 10 4797
14 0 11 5505
14 0 12 4904
14 0 13 898
14 0 14 0
14 0 15 8319
14 1 0 8529
14 1 1 0
14 1 2 7717
14 1 3 6718
14 1 4 7416
14 1 5 5335
14 1 6 7370
14 1 7 5508
14 1 8 8977
14 1 9 8234
14 1 10 7039
14 1 11 9348
14 1 12 5454
14 1 13 7328
14 1 14 0
14 1 15 4715
14 2 0 4626
14 2 1 4502
14 2 2 0
14 2 3 6727
14 2 4 6618
14 2 5 5561
14 2 6 4948
14 2 7 5365
14 2 8 6138
14 2 9 7591
14 2 10 4874
14 2 11 4405
14 2 12 4302
14 2 13 5918
14 2 14 0
14 2 15 7030
14 3 0 7360
14 3 1 7682
14 3 2 7349
14 3 3 0
14 3 4 7125
14 3 5 6454
14 3 6 3866
14 3 7 7225
14 3 8 5069
14 3 9 6102
14 3 10 6202
14 3 11 5028
14 3 12 6772
14 3 13 3780
14 3 14 0
14 3 15 2906
14 4 0 8888
14 4 1 6114
14 4 2 7799
14 4 3 9039
14 4 4 0
14 4 5 7773
14 4 6 7508
14 4 7 5337
14 4 8 8107
14 4 9 5575
14 4 10 4946
14 4 11 8417
14 4 12 7195
14 4 13 5420
14 4 14 0
14 4 15 8178
14 5 0 5867
14 5 1 4564
14 5 2 8300
14 5 3 8183
14 5 4 7284
14 5 5 0
14 5 6 5915
14 5 7 3434
14 5 8 6798
14 5 9 7179
14 5 10 4406
14 5 11 4367
14 5 12 5648
14 5 13 4720
14 5 14 0
14 5 15 3638
14 6 0 5100
14 6 1 4541
14 6 2 3973
14 6 3 2563
14 6 4 3753
14 6 5 6733
14 6 6 0
14 6 7 4665
14 6 8 4353
14 6 9 5091
14 6 10 6959
14 6 11 3975
14 6 12 5844
14 6 13 3135
14 6 14 0
14 6 15 4295
14 7 0 5825
14 7 1 5391
14 7 2 6592
14 7 3 7343
14 7 4 4077
14 7 5 7330
14 7 6 5292
14 7 7 0
14 7 8 6091
14 7 9 5632
14 7 10 8532
14 7 11 5568
14 7 12 7010
14 7 13 5977
14 7 14 0
14 7 15 5594
14 8 0 5265
14 8 1 4963
14 8 2 1008
14 8 3 1228
14 8 4 5280
14 8 5 2945
14 8 6 1007
14 8 7 4124
14 8 8 0
14 8 9 3723
14 8 10 2109
14 8 11 4187
14 8 12 1540
14 8 13 1078
14 8 14 0
14 8 15 2412
14 9 0 5655
14 9 1 1763
14 9 2 3838
14 9 3 3726
14 9 4 3818
14 9 5 2098
14 9 6 3474
14 9 7 2758
14 9 8 3442
14 9 9 0
14 9 10 4455
14 9 11 1484
14 9 12 5227
14 9 13 3481
14 9 14 0
14 9 15 3594
14 10 0 8693
14 10 1 4624
14 10 2 6503
14 10 3 7031
14 10 4 6420
14 10 5 6138
14 10 6 6218
14 10 7 4462
14 10 8 8602
14 10 9 5984
14 10 10 0
14 10 11 5894
14 10 12 5733
14 10 13 6013
14 10 14 0
14 10 15 1784
14 11 0 6441
14 11 1 7965
14 11 2 6905
14 11 3 5450
14 11 4 8324
14 11 5 4759
14 11 6 6799
14 11 7 4391
14 11 8 5920
14 11 9 7996
14 11 10 7056
14 11 11 0
14 11 12 3683
14 11 13 4349
14 11 14 0
14 11 15 6996
14 12 0 5003
14 12 1 6878
14 12 2 5393
14 12 3 3899
14 12 4 5257
14 12 5 4387
14 12 6 8336
14 12 7 7917
14 12 8 5205
14 12 9 4415
14 12 10 5455
14 12 11 5966
14 12 12 0
14 12 13 7859
14 12 14 0
14 12 15 4326
14 13 0 5552
14 13 1 9155
14 13 2 5501
14 13 3 9290
14 13 4 7151
14 13 5 7383
14 13 6 7233
14 13 7 7357
14 13 8 4971
14 13 9 6843
14 13 10 6558
14 13 11 9755
14 13 12 6517
14 13 13 0
14 13 14 0
14 13 15 6522
14 14 0 0
14 14 1 0
14 14 2 0
14 14 3 0
14 14 4 0
14 14 5 0
14 14 6 0
14 14 7 0
14 14 8 0
14 14 9 0
14 14 10 0
14 14 11 0
14 14 12 0
14 14 13 0
14 14 14 0
14 14 15 0
14 15 0 7217
14 15 1 4895
14 15 2 4818
14 15 3 4904
14 15 4 7564
14 15 5 3080
14 15 6 4176
14 15 7 4414
14 15 8 4258
14 15 9 3727
14 15 10 2837
14 15 11 5678
14 15 12 3616
14 15 13 6817
14 15 14 0
14 15 15 0
15 0 0 0
15 0 1 5803
15 0 2 8736
15 0 3 8566
15 0 4 9523
15 0 5 8100
15 0 6 8249
15 0 7 8389
15 0 8 9537
15 0 9 7288
15 0 10 8847
15 0 11 9555
15 0 12 8954
15 0 13 4948
15 0 14 8319
15 0 15 0
15 1 0 6397
15 1 1 0
15 1 2 5585
15 1 3 4586
15 1 4 5284
15 1 5 3203
15 1 6 5238
15 1 7 3376
15 1 8 6845
15 1 9 6102
15 1 10 4907
15 1 11 7216
15 1 12 3322
15 1 13 5196
15 1 14 4715
15 1 15 0
15 2 0 3149
15 2 1 3025
15 2 2 0
15 2 3 5250
15 2 4 5141
15 2 5 4084
15 2 6 3471
15 2 7 3888
15 2 8 4661
15 2 9 6114
15 2 10 3397
15 2 11 2928
15 2 12 2825
15 2 13 4441
15 2 14 7030
15 2 15 0
15 3 0 6159
15 3 1 6481
15 3 2 6148
15 3 3 0
15 3 4 5924
15 3 5 5253
15 3 6 2665
15 3 7 6024
15 3 8 3868
15 3 9 4901
15 3 10 5001
15 3 11 3827
15 3 12 5571
15 3 13 2579
15 3 14 2906
15 3 15 0
15 4 0 9183
15 4 1 6409
15 4 2 8094
15 4 3 9334
15 4 4 0
15 4 5 8068
15 4 6 7803
15 4 7 5632
15 4 8 8402
15 4 9 5870
15 4 10 5241
15 4 11 8712
15 4 12 7490
15 4 13 5715
15 4 14 8178
15 4 15 0
15 5 0 3006
15 5 1 1703
15 5 2 5439
15 5 3 5322
15 5 4 4423
15 5 5 0
15 5 6 3054
15 5 7 573
15 5 8 3937
15 5 9 4318
15 5 10 1545
15 5 11 1506
15 5 12 2787
15 5 13 1859
15 5 14 3638
15 5 15 0
15 6 0 4385
15 6 1 3826
15 6 2 3258
15 6 3 1848
15 6 4 3038
15 6 5 6018
15 6 6 0
15 6 7 3950
15 6 8 3638
15 6 9 4376
15 6 10 6244
15 6 11 3260
15 6 12 5129
15 6 13 2420
15 6 14 4295
15 6 15 0
15 7 0 3691
15 7 1 3257
15 7 2 4458
15 7 3 5209
15 7 4 1943
15 7 5 5196
15 7 6 3158
15 7 7 0
15 7 8 3957
15 7 9 3498
15 7 10 6398
15 7 11 3434
15 7 12 4876
15 7 13 3843
15 7 14 5594
15 7 15 0
15 8 0 6169
15 8 1 5867
15 8 2 1912
15 8 3 2132
15 8 4 6184
15 8 5 3849
15 8 6 1911
15 8 7 5028
15 8 8 0
15 8 9 4627
15 8 10 3013
15 8 11 5091
15 8 12 2444
15 8 13 1982
15 8 14 2412
15 8 15 0
15 9 0 5527
15 9 1 1635
15 9 2 3710
15 9 3 3598
15 9 4 3690
15 9 5 1970
15 9 6 3346
15 9 7 2630
15 9 8 3314
15 9 9 0
15 9 10 4327
15 9 11 1356
15 9 12 5099
15 9 13 3353
15 9 14 3594
15 9 15 0
15 10 0 5031
15 10 1 962
15 10 2 2841
15 10 3 3369
15 10 4 2758
15 10 5 2476
15 10 6 2556
15 10 7 800
15 10 8 4940
15 10 9 2322
15 10 10 0
15 10 11 2232
15 10 12 2071
15 10 13 2351
15 10 14 1784
15 10 15 0
15 11 0 5916
15 11 1 7440
15 11 2 6380
15 11 3 4925
15 11 4 7799
15 11 5 4234
15 11 6 6274
15 11 7 3866
15 11 8 5395
15 11 9 7471
15 11 10 6531
15 11 11 0
15 11 12 3158
15 11 13 3824
15 11 14 6996
15 11 15 0
15 12 0 2381
15 12 1 4256
15 12 2 2771
15 12 3 1277
15 12 4 2635
15 12 5 1765
15 12 6 5714
15 12 7 5295
15 12 8 2583
15 12 9 1793
15 12 10 2833
15 12 11 3344
15 12 12 0
15 12 13 5237
15 12 14 4326
15 12 15 0
15 13 0 4826
15 13 1 8429
15 13 2 4775
15 13 3 8564
15 13 4 6425
15 13 5 6657
15 13 6 6507
15 13 7 6631
15 13 8 4245
15 13 9 6117
15 13 10 5832
15 13 11 9029
15 13 12 5791
15 13 13 0
15 13 14 6522
15 13 15 0
15 14 0 3173
15 14 1 7033
15 14 2 6301
15 14 3 6111
15 14 4 7275
15 14 5 5947
15 14 6 4897
15 14 7 6554
15 14 8 3360
15 14 9 3861
15 14 10 6505
15 14 11 6209
15 14 12 6244
15 14 13 7549
15 14 14 0
15 14 15 0
15 15 0 0
15 15 1 0
15 15 2 0
15 15 3 0
15 15 4 0
15 15 5 0
15 15 6 0
15 15 7 0
15 15 8 0
15 15 9 0
15 15 10 0
15 15 11 0
15 15 12 0
15 15 13 0
15 15 14 0
15 15 15 0
