11
0 0 0 0
0 0 1 0
0 0 2 0
0 0 3 0
0 0 4 0
0 0 5 0
0 0 6 0
0 0 7 0
0 0 8 0
0 0 9 0
0 0 10 0
0 1 0 0
0 1 1 0
0 1 2 4654
0 1 3 4113
0 1 4 5294
0 1 5 913
0 1 6 4893
0 1 7 4506
0 1 8 2155
0 1 9 2390
0 1 10 3816
0 2 0 0
0 2 1 894
0 2 2 0
0 2 3 5018
0 2 4 1743
0 2 5 5530
0 2 6 3550
0 2 7 2717
0 2 8 2516
0 2 9 2321
0 2 10 5131
0 3 0 0
0 3 1 7862
0 3 2 4264
0 3 3 0
0 3 4 6972
0 3 5 8046
0 3 6 8137
0 3 7 8760
0 3 8 7562
0 3 9 4652
0 3 10 6447
0 4 0 0
0 4 1 5517
0 4 2 6253
0 4 3 5564
0 4 4 0
0 4 5 6028
0 4 6 8197
0 4 7 6913
0 4 8 4772
0 4 9 4709
0 4 10 7603
0 5 0 0
0 5 1 2587
0 5 2 5475
0 5 3 882
0 5 4 1206
0 5 5 0
0 5 6 5367
0 5 7 3437
0 5 8 3638
0 5 9 4354
0 5 10 1245
0 6 0 0
0 6 1 6980
0 6 2 6741
0 6 3 8200
0 6 4 8770
0 6 5 5801
0 6 6 0
0 6 7 4377
0 6 8 5527
0 6 9 5714
0 6 10 5763
0 7 0 0
0 7 1 3412
0 7 2 4361
0 7 3 2164
0 7 4 2522
0 7 5 5480
0 7 6 3010
0 7 7 0
0 7 8 4208
0 7 9 5055
0 7 10 3620
0 8 0 0
0 8 1 4543
0 8 2 7015
0 8 3 8983
0 8 4 9173
0 8 5 8016
0 8 6 6459
0 8 7 7846
0 8 8 0
0 8 9 5622
0 8 10 6483
0 9 0 0
0 9 1 7794
0 9 2 5175
0 9 3 4872
0 9 4 7297
0 9 5 3893
0 9 6 3772
0 9 7 7420
0 9 8 6706
0 9 9 0
0 9 10 3633
0 10 0 0
0 10 1 2360
0 10 2 2047
0 10 3 5167
0 10 4 2735
0 10 5 3603
0 10 6 2332
0 10 7 2932
0 10 8 2556
0 10 9 3294
0 10 10 0
1 0 0 0
1 0 1 0
1 0 2 5225
1 0 3 8540
1 0 4 7996
1 0 5 5131
1 0 6 8363
1 0 7 5236
1 0 8 8797
1 0 9 7307
1 0 10 4763
1 1 0 0
1 1 1 0
1 1 2 0
1 1 3 0
1 1 4 0
1 1 5 0
1 1 6 0
1 1 7 0
1 1 8 0
1 1 9 0
1 1 10 0
1 2 0 894
1 2 1 0
1 2 2 0
1 2 3 8350
1 2 4 5075
1 2 5 8862
1 2 6 6882
1 2 7 6049
1 2 8 5848
1 2 9 5653
1 2 10 8463
1 3 0 7862
1 3 1 0
1 3 2 3740
1 3 3 0
1 3 4 6448
1 3 5 7522
1 3 6 7613
1 3 7 8236
1 3 8 7038
1 3 9 4128
1 3 10 5923
1 4 0 5517
1 4 1 0
1 4 2 7454
1 4 3 6765
1 4 4 0
1 4 5 7229
1 4 6 9398
1 4 7 8114
1 4 8 5973
1 4 9 5910
1 4 10 8804
1 5 0 2587
1 5 1 0
1 5 2 5160
1 5 3 567
1 5 4 891
1 5 5 0
1 5 6 5052
1 5 7 3122
1 5 8 3323
1 5 9 4039
1 5 10 930
1 6 0 6980
1 6 1 0
1 6 2 7174
1 6 3 8633
1 6 4 9203
1 6 5 6234
1 6 6 0
1 6 7 4810
1 6 8 5960
1 6 9 6147
1 6 10 6196
1 7 0 3412
1 7 1 0
1 7 2 7534
1 7 3 5337
1 7 4 5695
1 7 5 8653
1 7 6 6183
1 7 7 0
1 7 8 7381
1 7 9 8228
1 7 10 6793
1 8 0 4543
1 8 1 0
1 8 2 4276
1 8 3 6244
1 8 4 6434
1 8 5 5277
1 8 6 3720
1 8 7 5107
1 8 8 0
1 8 9 2883
1 8 10 3744
1 9 0 7794
1 9 1 0
1 9 2 4161
1 9 3 3858
1 9 4 6283
1 9 5 2879
1 9 6 2758
1 9 7 6406
1 9 8 5692
1 9 9 0
1 9 10 2619
1 10 0 2360
1 10 1 0
1 10 2 5003
1 10 3 8123
1 10 4 5691
1 10 5 6559
1 10 6 5288
1 10 7 5888
1 10 8 5512
1 10 9 6250
1 10 10 0
2 0 0 0
2 0 1 5225
2 0 2 0
2 0 3 6653
2 0 4 6109
2 0 5 3244
2 0 6 6476
2 0 7 3349
2 0 8 6910
2 0 9 5420
2 0 10 2876
2 1 0 4654
2 1 1 0
2 1 2 0
2 1 3 3685
2 1 4 4866
2 1 5 485
2 1 6 4465
2 1 7 4078
2 1 8 1727
2 1 9 1962
2 1 10 3388
2 2 0 0
2 2 1 0
2 2 2 0
2 2 3 0
2 2 4 0
2 2 5 0
2 2 6 0
2 2 7 0
2 2 8 0
2 2 9 0
2 2 10 0
2 3 0 4264
2 3 1 3740
2 3 2 0
2 3 3 0
2 3 4 6993
2 3 5 8067
2 3 6 8158
2 3 7 8781
2 3 8 7583
2 3 9 4673
2 3 10 6468
2 4 0 6253
2 4 1 7454
2 4 2 0
2 4 3 2854
2 4 4 0
2 4 5 3318
2 4 6 5487
2 4 7 4203
2 4 8 2062
2 4 9 1999
2 4 10 4893
2 5 0 5475
2 5 1 5160
2 5 2 0
2 5 3 4824
2 5 4 5148
2 5 5 0
2 5 6 9309
2 5 7 7379
2 5 8 7580
2 5 9 8296
2 5 10 5187
2 6 0 6741
2 6 1 7174
2 6 2 0
2 6 3 6930
2 6 4 7500
2 6 5 4531
2 6 6 0
2 6 7 3107
2 6 8 4257
2 6 9 4444
2 6 10 4493
2 7 0 4361
2 7 1 7534
2 7 2 0
2 7 3 3188
2 7 4 3546
2 7 5 6504
2 7 6 4034
2 7 7 0
2 7 8 5232
2 7 9 6079
2 7 10 4644
2 8 0 7015
2 8 1 4276
2 8 2 0
2 8 3 6245
2 8 4 6435
2 8 5 5278
2 8 6 3721
2 8 7 5108
2 8 8 0
2 8 9 2884
2 8 10 3745
2 9 0 5175
2 9 1 4161
2 9 2 0
2 9 3 3429
2 9 4 5854
2 9 5 2450
2 9 6 2329
2 9 7 5977
2 9 8 5263
2 9 9 0
2 9 10 2190
2 10 0 2047
2 10 1 5003
2 10 2 0
2 10 3 9078
2 10 4 6646
2 10 5 7514
2 10 6 6243
2 10 7 6843
2 10 8 6467
2 10 9 7205
2 10 10 0
3 0 0 0
3 0 1 8540
3 0 2 6653
3 0 3 0
3 0 4 7799
3 0 5 4934
3 0 6 8166
3 0 7 5039
3 0 8 8600
3 0 9 7110
3 0 10 4566
3 1 0 4113
3 1 1 0
3 1 2 3685
3 1 3 0
3 1 4 8519
3 1 5 4138
3 1 6 8118
3 1 7 7731
3 1 8 5380
3 1 9 5615
3 1 10 7041
3 2 0 5018
3 2 1 8350
3 2 2 0
3 2 3 0
3 2 4 1010
3 2 5 4797
3 2 6 2817
3 2 7 1984
3 2 8 1783
3 2 9 1588
3 2 10 4398
3 3 0 0
3 3 1 0
3 3 2 0
3 3 3 0
3 3 4 0
3 3 5 0
3 3 6 0
3 3 7 0
3 3 8 0
3 3 9 0
3 3 10 0
3 4 0 5564
3 4 1 6765
3 4 2 2854
3 4 3 0
3 4 4 0
3 4 5 5232
3 4 6 7401
3 4 7 6117
3 4 8 3976
3 4 9 3913
3 4 10 6807
3 5 0 882
3 5 1 567
3 5 2 4824
3 5 3 0
3 5 4 4349
3 5 5 0
3 5 6 8510
3 5 7 6580
3 5 8 6781
3 5 9 7497
3 5 10 4388
3 6 0 8200
3 6 1 8633
3 6 2 6930
3 6 3 0
3 6 4 8772
3 6 5 5803
3 6 6 0
3 6 7 4379
3 6 8 5529
3 6 9 5716
3 6 10 5765
3 7 0 2164
3 7 1 5337
3 7 2 3188
3 7 3 0
3 7 4 6274
3 7 5 9232
3 7 6 6762
3 7 7 0
3 7 8 7960
3 7 9 8807
3 7 10 7372
3 8 0 8983
3 8 1 6244
3 8 2 6245
3 8 3 0
3 8 4 8166
3 8 5 7009
3 8 6 5452
3 8 7 6839
3 8 8 0
3 8 9 4615
3 8 10 5476
3 9 0 4872
3 9 1 3858
3 9 2 3429
3 9 3 0
3 9 4 4870
3 9 5 1466
3 9 6 1345
3 9 7 4993
3 9 8 4279
3 9 9 0
3 9 10 1206
3 10 0 5167
3 10 1 8123
3 10 2 9078
3 10 3 0
3 10 4 4647
3 10 5 5515
3 10 6 4244
3 10 7 4844
3 10 8 4468
3 10 9 5206
3 10 10 0
4 0 0 0
4 0 1 7996
4 0 2 6109
4 0 3 7799
4 0 4 0
4 0 5 3727
4 0 6 6959
4 0 7 3832
4 0 8 7393
4 0 9 5903
4 0 10 3359
4 1 0 5294
4 1 1 0
4 1 2 4866
4 1 3 8519
4 1 4 0
4 1 5 2337
4 1 6 6317
4 1 7 5930
4 1 8 3579
4 1 9 3814
4 1 10 5240
4 2 0 1743
4 2 1 5075
4 2 2 0
4 2 3 1010
4 2 4 0
4 2 5 7330
4 2 6 5350
4 2 7 4517
4 2 8 4316
4 2 9 4121
4 2 10 6931
4 3 0 6972
4 3 1 6448
4 3 2 6993
4 3 3 0
4 3 4 0
4 3 5 5842
4 3 6 5933
4 3 7 6556
4 3 8 5358
4 3 9 2448
4 3 10 4243
4 4 0 0
4 4 1 0
4 4 2 0
4 4 3 0
4 4 4 0
4 4 5 0
4 4 6 0
4 4 7 0
4 4 8 0
4 4 9 0
4 4 10 0
4 5 0 1206
4 5 1 891
4 5 2 5148
4 5 3 4349
4 5 4 0
4 5 5 0
4 5 6 7036
4 5 7 5106
4 5 8 5307
4 5 9 6023
4 5 10 2914
4 6 0 8770
4 6 1 9203
4 6 2 7500
4 6 3 8772
4 6 4 0
4 6 5 6407
4 6 6 0
4 6 7 4983
4 6 8 6133
4 6 9 6320
4 6 10 6369
4 7 0 2522
4 7 1 5695
4 7 2 3546
4 7 3 6274
4 7 4 0
4 7 5 7929
4 7 6 5459
4 7 7 0
4 7 8 6657
4 7 9 7504
4 7 10 6069
4 8 0 9173
4 8 1 6434
4 8 2 6435
4 8 3 8166
4 8 4 0
4 8 5 4763
4 8 6 3206
4 8 7 4593
4 8 8 0
4 8 9 2369
4 8 10 3230
4 9 0 7297
4 9 1 6283
4 9 2 5854
4 9 3 4870
4 9 4 0
4 9 5 2067
4 9 6 1946
4 9 7 5594
4 9 8 4880
4 9 9 0
4 9 10 1807
4 10 0 2735
4 10 1 5691
4 10 2 6646
4 10 3 4647
4 10 4 0
4 10 5 7215
4 10 6 5944
4 10 7 6544
4 10 8 6168
4 10 9 6906
4 10 10 0
5 0 0 0
5 0 1 5131
5 0 2 3244
5 0 3 4934
5 0 4 3727
5 0 5 0
5 0 6 5737
5 0 7 2610
5 0 8 6171
5 0 9 4681
5 0 10 2137
5 1 0 913
5 1 1 0
5 1 2 485
5 1 3 4138
5 1 4 2337
5 1 5 0
5 1 6 6252
5 1 7 5865
5 1 8 3514
5 1 9 3749
5 1 10 5175
5 2 0 5530
5 2 1 8862
5 2 2 0
5 2 3 4797
5 2 4 7330
5 2 5 0
5 2 6 7437
5 2 7 6604
5 2 8 6403
5 2 9 6208
5 2 10 9018
5 3 0 8046
5 3 1 7522
5 3 2 8067
5 3 3 0
5 3 4 5842
5 3 5 0
5 3 6 4116
5 3 7 4739
5 3 8 3541
5 3 9 631
5 3 10 2426
5 4 0 6028
5 4 1 7229
5 4 2 3318
5 4 3 5232
5 4 4 0
5 4 5 0
5 4 6 5044
5 4 7 3760
5 4 8 1619
5 4 9 1556
5 4 10 4450
5 5 0 0
5 5 1 0
5 5 2 0
5 5 3 0
5 5 4 0
5 5 5 0
5 5 6 0
5 5 7 0
5 5 8 0
5 5 9 0
5 5 10 0
5 6 0 5801
5 6 1 6234
5 6 2 4531
5 6 3 5803
5 6 4 6407
5 6 5 0
5 6 6 0
5 6 7 5018
5 6 8 6168
5 6 9 6355
5 6 10 6404
5 7 0 5480
5 7 1 8653
5 7 2 6504
5 7 3 9232
5 7 4 7929
5 7 5 0
5 7 6 4848
5 7 7 0
5 7 8 6046
5 7 9 6893
5 7 10 5458
5 8 0 8016
5 8 1 5277
5 8 2 5278
5 8 3 7009
5 8 4 4763
5 8 5 0
5 8 6 4937
5 8 7 6324
5 8 8 0
5 8 9 4100
5 8 10 4961
5 9 0 3893
5 9 1 2879
5 9 2 2450
5 9 3 1466
5 9 4 2067
5 9 5 0
5 9 6 4456
5 9 7 8104
5 9 8 7390
5 9 9 0
5 9 10 4317
5 10 0 3603
5 10 1 6559
5 10 2 7514
5 10 3 5515
5 10 4 7215
5 10 5 0
5 10 6 2451
5 10 7 3051
5 10 8 2675
5 10 9 3413
5 10 10 0
6 0 0 0
6 0 1 8363
6 0 2 6476
6 0 3 8166
6 0 4 6959
6 0 5 5737
6 0 6 0
6 0 7 2533
6 0 8 6094
6 0 9 4604
6 0 10 2060
6 1 0 4893
6 1 1 0
6 1 2 4465
6 1 3 8118
6 1 4 6317
6 1 5 6252
6 1 6 0
6 1 7 7026
6 1 8 4675
6 1 9 4910
6 1 10 6336
6 2 0 3550
6 2 1 6882
6 2 2 0
6 2 3 2817
6 2 4 5350
6 2 5 7437
6 2 6 0
6 2 7 4638
6 2 8 4437
6 2 9 4242
6 2 10 7052
6 3 0 8137
6 3 1 7613
6 3 2 8158
6 3 3 0
6 3 4 5933
6 3 5 4116
6 3 6 0
6 3 7 8825
6 3 8 7627
6 3 9 4717
6 3 10 6512
6 4 0 8197
6 4 1 9398
6 4 2 5487
6 4 3 7401
6 4 4 0
6 4 5 5044
6 4 6 0
6 4 7 8092
6 4 8 5951
6 4 9 5888
6 4 10 8782
6 5 0 5367
6 5 1 5052
6 5 2 9309
6 5 3 8510
6 5 4 7036
6 5 5 0
6 5 6 0
6 5 7 4512
6 5 8 4713
6 5 9 5429
6 5 10 2320
6 6 0 0
6 6 1 0
6 6 2 0
6 6 3 0
6 6 4 0
6 6 5 0
6 6 6 0
6 6 7 0
6 6 8 0
6 6 9 0
6 6 10 0
6 7 0 3010
6 7 1 6183
6 7 2 4034
6 7 3 6762
6 7 4 5459
6 7 5 4848
6 7 6 0
6 7 7 0
6 7 8 3754
6 7 9 4601
6 7 10 3166
6 8 0 6459
6 8 1 3720
6 8 2 3721
6 8 3 5452
6 8 4 3206
6 8 5 4937
6 8 6 0
6 8 7 4981
6 8 8 0
6 8 9 2757
6 8 10 3618
6 9 0 3772
6 9 1 2758
6 9 2 2329
6 9 3 1345
6 9 4 1946
6 9 5 4456
6 9 6 0
6 9 7 6232
6 9 8 5518
6 9 9 0
6 9 10 2445
6 10 0 2332
6 10 1 5288
6 10 2 6243
6 10 3 4244
6 10 4 5944
6 10 5 2451
6 10 6 0
6 10 7 4337
6 10 8 3961
6 10 9 4699
6 10 10 0
7 0 0 0
7 0 1 5236
7 0 2 3349
7 0 3 5039
7 0 4 3832
7 0 5 2610
7 0 6 2533
7 0 7 0
7 0 8 7558
7 0 9 6068
7 0 10 3524
7 1 0 4506
7 1 1 0
7 1 2 4078
7 1 3 7731
7 1 4 5930
7 1 5 5865
7 1 6 7026
7 1 7 0
7 1 8 4234
7 1 9 4469
7 1 10 5895
7 2 0 2717
7 2 1 6049
7 2 2 0
7 2 3 1984
7 2 4 4517
7 2 5 6604
7 2 6 4638
7 2 7 0
7 2 8 5184
7 2 9 4989
7 2 10 7799
7 3 0 8760
7 3 1 8236
7 3 2 8781
7 3 3 0
7 3 4 6556
7 3 5 4739
7 3 6 8825
7 3 7 0
7 3 8 4718
7 3 9 1808
7 3 10 3603
7 4 0 6913
7 4 1 8114
7 4 2 4203
7 4 3 6117
7 4 4 0
7 4 5 3760
7 4 6 8092
7 4 7 0
7 4 8 2830
7 4 9 2767
7 4 10 5661
7 5 0 3437
7 5 1 3122
7 5 2 7379
7 5 3 6580
7 5 4 5106
7 5 5 0
7 5 6 4512
7 5 7 0
7 5 8 7519
7 5 9 8235
7 5 10 5126
7 6 0 4377
7 6 1 4810
7 6 2 3107
7 6 3 4379
7 6 4 4983
7 6 5 5018
7 6 6 0
7 6 7 0
7 6 8 3706
7 6 9 3893
7 6 10 3942
7 7 0 0
7 7 1 0
7 7 2 0
7 7 3 0
7 7 4 0
7 7 5 0
7 7 6 0
7 7 7 0
7 7 8 0
7 7 9 0
7 7 10 0
7 8 0 7846
7 8 1 5107
7 8 2 5108
7 8 3 6839
7 8 4 4593
7 8 5 6324
7 8 6 4981
7 8 7 0
7 8 8 0
7 8 9 4565
7 8 10 5426
7 9 0 7420
7 9 1 6406
7 9 2 5977
7 9 3 4993
7 9 4 5594
7 9 5 8104
7 9 6 6232
7 9 7 0
7 9 8 7986
7 9 9 0
7 9 10 4913
7 10 0 2932
7 10 1 5888
7 10 2 6843
7 10 3 4844
7 10 4 6544
7 10 5 3051
7 10 6 4337
7 10 7 0
7 10 8 4945
7 10 9 5683
7 10 10 0
8 0 0 0
8 0 1 8797
8 0 2 6910
8 0 3 8600
8 0 4 7393
8 0 5 6171
8 0 6 6094
8 0 7 7558
8 0 8 0
8 0 9 3480
8 0 10 936
8 1 0 2155
8 1 1 0
8 1 2 1727
8 1 3 5380
8 1 4 3579
8 1 5 3514
8 1 6 4675
8 1 7 4234
8 1 8 0
8 1 9 2039
8 1 10 3465
8 2 0 2516
8 2 1 5848
8 2 2 0
8 2 3 1783
8 2 4 4316
8 2 5 6403
8 2 6 4437
8 2 7 5184
8 2 8 0
8 2 9 4082
8 2 10 6892
8 3 0 7562
8 3 1 7038
8 3 2 7583
8 3 3 0
8 3 4 5358
8 3 5 3541
8 3 6 7627
8 3 7 4718
8 3 8 0
8 3 9 5066
8 3 10 6861
8 4 0 4772
8 4 1 5973
8 4 2 2062
8 4 3 3976
8 4 4 0
8 4 5 1619
8 4 6 5951
8 4 7 2830
8 4 8 0
8 4 9 5857
8 4 10 8751
8 5 0 3638
8 5 1 3323
8 5 2 7580
8 5 3 6781
8 5 4 5307
8 5 5 0
8 5 6 4713
8 5 7 7519
8 5 8 0
8 5 9 7210
8 5 10 4101
8 6 0 5527
8 6 1 5960
8 6 2 4257
8 6 3 5529
8 6 4 6133
8 6 5 6168
8 6 6 0
8 6 7 3706
8 6 8 0
8 6 9 3781
8 6 10 3830
8 7 0 4208
8 7 1 7381
8 7 2 5232
8 7 3 7960
8 7 4 6657
8 7 5 6046
8 7 6 3754
8 7 7 0
8 7 8 0
8 7 9 7636
8 7 10 6201
8 8 0 0
8 8 1 0
8 8 2 0
8 8 3 0
8 8 4 0
8 8 5 0
8 8 6 0
8 8 7 0
8 8 8 0
8 8 9 0
8 8 10 0
8 9 0 6706
8 9 1 5692
8 9 2 5263
8 9 3 4279
8 9 4 4880
8 9 5 7390
8 9 6 5518
8 9 7 7986
8 9 8 0
8 9 9 0
8 9 10 1919
8 10 0 2556
8 10 1 5512
8 10 2 6467
8 10 3 4468
8 10 4 6168
8 10 5 2675
8 10 6 3961
8 10 7 4945
8 10 8 0
8 10 9 4985
8 10 10 0
9 0 0 0
9 0 1 7307
9 0 2 5420
9 0 3 7110
9 0 4 5903
9 0 5 4681
9 0 6 4604
9 0 7 6068
9 0 8 3480
9 0 9 0
9 0 10 4140
9 1 0 2390
9 1 1 0
9 1 2 1962
9 1 3 5615
9 1 4 3814
9 1 5 3749
9 1 6 4910
9 1 7 4469
9 1 8 2039
9 1 9 0
9 1 10 8206
9 2 0 2321
9 2 1 5653
9 2 2 0
9 2 3 1588
9 2 4 4121
9 2 5 6208
9 2 6 4242
9 2 7 4989
9 2 8 4082
9 2 9 0
9 2 10 6542
9 3 0 4652
9 3 1 4128
9 3 2 4673
9 3 3 0
9 3 4 2448
9 3 5 631
9 3 6 4717
9 3 7 1808
9 3 8 5066
9 3 9 0
9 3 10 4240
9 4 0 4709
9 4 1 5910
9 4 2 1999
9 4 3 3913
9 4 4 0
9 4 5 1556
9 4 6 5888
9 4 7 2767
9 4 8 5857
9 4 9 0
9 4 10 8365
9 5 0 4354
9 5 1 4039
9 5 2 8296
9 5 3 7497
9 5 4 6023
9 5 5 0
9 5 6 5429
9 5 7 8235
9 5 8 7210
9 5 9 0
9 5 10 1468
9 6 0 5714
9 6 1 6147
9 6 2 4444
9 6 3 5716
9 6 4 6320
9 6 5 6355
9 6 6 0
9 6 7 3893
9 6 8 3781
9 6 9 0
9 6 10 2633
9 7 0 5055
9 7 1 8228
9 7 2 6079
9 7 3 8807
9 7 4 7504
9 7 5 6893
9 7 6 4601
9 7 7 0
9 7 8 7636
9 7 9 0
9 7 10 7265
9 8 0 5622
9 8 1 2883
9 8 2 2884
9 8 3 4615
9 8 4 2369
9 8 5 4100
9 8 6 2757
9 8 7 4565
9 8 8 0
9 8 9 0
9 8 10 5853
9 9 0 0
9 9 1 0
9 9 2 0
9 9 3 0
9 9 4 0
9 9 5 0
9 9 6 0
9 9 7 0
9 9 8 0
9 9 9 0
9 9 10 0
9 10 0 3294
9 10 1 6250
9 10 2 7205
9 10 3 5206
9 10 4 6906
9 10 5 3413
9 10 6 4699
9 10 7 5683
9 10 8 4985
9 10 9 0
9 10 10 0
10 0 0 0
10 0 1 4763
10 0 2 2876
10 0 3 4566
10 0 4 3359
10 0 5 2137
10 0 6 2060
10 0 7 3524
10 0 8 936
10 0 9 4140
10 0 10 0
10 1 0 3816
10 1 1 0
10 1 2 3388
10 1 3 7041
10 1 4 5240
10 1 5 5175
10 1 6 6336
10 1 7 5895
10 1 8 3465
10 1 9 8206
10 1 10 0
10 2 0 5131
10 2 1 8463
10 2 2 0
10 2 3 4398
10 2 4 6931
10 2 5 9018
10 2 6 7052
10 2 7 7799
10 2 8 6892
10 2 9 6542
10 2 10 0
10 3 0 6447
10 3 1 5923
10 3 2 6468
10 3 3 0
10 3 4 4243
10 3 5 2426
10 3 6 6512
10 3 7 3603
10 3 8 6861
10 3 9 4240
10 3 10 0
10 4 0 7603
10 4 1 8804
10 4 2 4893
10 4 3 6807
10 4 4 0
10 4 5 4450
10 4 6 8782
10 4 7 5661
10 4 8 8751
10 4 9 8365
10 4 10 0
10 5 0 1245
10 5 1 930
10 5 2 5187
10 5 3 4388
10 5 4 2914
10 5 5 0
10 5 6 2320
10 5 7 5126
10 5 8 4101
10 5 9 1468
10 5 10 0
10 6 0 5763
10 6 1 6196
10 6 2 4493
10 6 3 5765
10 6 4 6369
10 6 5 6404
10 6 6 0
10 6 7 3942
10 6 8 3830
10 6 9 2633
10 6 10 0
10 7 0 3620
10 7 1 6793
10 7 2 4644
10 7 3 7372
10 7 4 6069
10 7 5 5458
10 7 6 3166
10 7 7 0
10 7 8 6201
10 7 9 7265
10 7 10 0
10 8 0 6483
10 8 1 3744
10 8 2 3745
10 8 3 5476
10 8 4 3230
10 8 5 4961
10 8 6 3618
10 8 7 5426
10 8 8 0
10 8 9 5853
10 8 10 0
10 9 0 3633
10 9 1 2619
10 9 2 2190
10 9 3 1206
10 9 4 1807
10 9 5 4317
10 9 6 2445
10 9 7 4913
10 9 8 1919
10 9 9 0
10 9 10 0
10 10 0 0
10 10 1 0
10 10 2 0
10 10 3 0
10 10 4 0
10 10 5 0
10 10 6 0
10 10 7 0
10 10 8 0
10 10 9 0
10 10 10 0
