13
0 0 0 0
0 0 1 0
0 0 2 0
0 0 3 0
0 0 4 0
0 0 5 0
0 0 6 0
0 0 7 0
0 0 8 0
0 0 9 0
0 0 10 0
0 0 11 0
0 0 12 0
0 1 0 0
0 1 1 0
0 1 2 4761
0 1 3 5671
0 1 4 4854
0 1 5 6632
0 1 6 6188
0 1 7 8773
0 1 8 6297
0 1 9 6303
0 1 10 5122
0 1 11 8494
0 1 12 4229
0 2 0 0
0 2 1 7878
0 2 2 0
0 2 3 5551
0 2 4 7117
0 2 5 5720
0 2 6 8066
0 2 7 4714
0 2 8 8611
0 2 9 6030
0 2 10 8949
0 2 11 6098
0 2 12 7207
0 3 0 0
0 3 1 2802
0 3 2 1359
0 3 3 0
0 3 4 1390
0 3 5 2521
0 3 6 2251
0 3 7 3906
0 3 8 5114
0 3 9 5511
0 3 10 1954
0 3 11 6246
0 3 12 3772
0 4 0 0
0 4 1 1123
0 4 2 4334
0 4 3 4826
0 4 4 0
0 4 5 4306
0 4 6 4366
0 4 7 4983
0 4 8 3417
0 4 9 635
0 4 10 2040
0 4 11 5163
0 4 12 4231
0 5 0 0
0 5 1 6690
0 5 2 9056
0 5 3 5244
0 5 4 4882
0 5 5 0
0 5 6 8764
0 5 7 8098
0 5 8 8869
0 5 9 4576
0 5 10 5040
0 5 11 6398
0 5 12 5418
0 6 0 0
0 6 1 9015
0 6 2 6471
0 6 3 8903
0 6 4 6502
0 6 5 5189
0 6 6 0
0 6 7 7764
0 6 8 7259
0 6 9 7271
0 6 10 8707
0 6 11 4985
0 6 12 5168
0 7 0 0
0 7 1 3723
0 7 2 2745
0 7 3 4262
0 7 4 2175
0 7 5 1830
0 7 6 3646
0 7 7 0
0 7 8 1477
0 7 9 3960
0 7 10 2545
0 7 11 833
0 7 12 2327
0 8 0 0
0 8 1 4626
0 8 2 3660
0 8 3 2870
0 8 4 827
0 8 5 632
0 8 6 5111
0 8 7 3715
0 8 8 0
0 8 9 3644
0 8 10 620
0 8 11 3647
0 8 12 4780
0 9 0 0
0 9 1 4672
0 9 2 3647
0 9 3 637
0 9 4 2175
0 9 5 4417
0 9 6 1757
0 9 7 2321
0 9 8 4726
0 9 9 0
0 9 10 2484
0 9 11 5268
0 9 12 5134
0 10 0 0
0 10 1 4316
0 10 2 2786
0 10 3 2060
0 10 4 976
0 10 5 5353
0 10 6 5384
0 10 7 3457
0 10 8 5034
0 10 9 1722
0 10 10 0
0 10 11 2859
0 10 12 2846
0 11 0 0
0 11 1 8363
0 11 2 8170
0 11 3 3679
0 11 4 4701
0 11 5 5301
0 11 6 7708
0 11 7 7510
0 11 8 4069
0 11 9 4002
0 11 10 7218
0 11 11 0
0 11 12 6931
0 12 0 0
0 12 1 2938
0 12 2 4458
0 12 3 3203
0 12 4 2046
0 12 5 5439
0 12 6 1928
0 12 7 4618
0 12 8 6666
0 12 9 5292
0 12 10 3502
0 12 11 5018
0 12 12 0
1 0 0 0
1 0 1 0
1 0 2 7292
1 0 3 4043
1 0 4 2926
1 0 5 6761
1 0 6 7452
1 0 7 2944
1 0 8 3211
1 0 9 3225
1 0 10 3158
1 0 11 6352
1 0 12 4509
1 1 0 0
1 1 1 0
1 1 2 0
1 1 3 0
1 1 4 0
1 1 5 0
1 1 6 0
1 1 7 0
1 1 8 0
1 1 9 0
1 1 10 0
1 1 11 0
1 1 12 0
1 2 0 7878
1 2 1 0
1 2 2 0
1 2 3 1653
1 2 4 3219
1 2 5 1822
1 2 6 4168
1 2 7 816
1 2 8 4713
1 2 9 2132
1 2 10 5051
1 2 11 2200
1 2 12 3309
1 3 0 2802
1 3 1 0
1 3 2 1620
1 3 3 0
1 3 4 1651
1 3 5 2782
1 3 6 2512
1 3 7 4167
1 3 8 5375
1 3 9 5772
1 3 10 2215
1 3 11 6507
1 3 12 4033
1 4 0 1123
1 4 1 0
1 4 2 4895
1 4 3 5387
1 4 4 0
1 4 5 4867
1 4 6 4927
1 4 7 5544
1 4 8 3978
1 4 9 1196
1 4 10 2601
1 4 11 5724
1 4 12 4792
1 5 0 6690
1 5 1 0
1 5 2 7560
1 5 3 3748
1 5 4 3386
1 5 5 0
1 5 6 7268
1 5 7 6602
1 5 8 7373
1 5 9 3080
1 5 10 3544
1 5 11 4902
1 5 12 3922
1 6 0 9015
1 6 1 0
1 6 2 3840
1 6 3 6272
1 6 4 3871
1 6 5 2558
1 6 6 0
1 6 7 5133
1 6 8 4628
1 6 9 4640
1 6 10 6076
1 6 11 2354
1 6 12 2537
1 7 0 3723
1 7 1 0
1 7 2 7207
1 7 3 8724
1 7 4 6637
1 7 5 6292
1 7 6 8108
1 7 7 0
1 7 8 5939
1 7 9 8422
1 7 10 7007
1 7 11 5295
1 7 12 6789
1 8 0 4626
1 8 1 0
1 8 2 5379
1 8 3 4589
1 8 4 2546
1 8 5 2351
1 8 6 6830
1 8 7 5434
1 8 8 0
1 8 9 5363
1 8 10 2339
1 8 11 5366
1 8 12 6499
1 9 0 4672
1 9 1 0
1 9 2 5358
1 9 3 2348
1 9 4 3886
1 9 5 6128
1 9 6 3468
1 9 7 4032
1 9 8 6437
1 9 9 0
1 9 10 4195
1 9 11 6979
1 9 12 6845
1 10 0 4316
1 10 1 0
1 10 2 3383
1 10 3 2657
1 10 4 1573
1 10 5 5950
1 10 6 5981
1 10 7 4054
1 10 8 5631
1 10 9 2319
1 10 10 0
1 10 11 3456
1 10 12 3443
1 11 0 8363
1 11 1 0
1 11 2 8945
1 11 3 4454
1 11 4 5476
1 11 5 6076
1 11 6 8483
1 11 7 8285
1 11 8 4844
1 11 9 4777
1 11 10 7993
1 11 11 0
1 11 12 7706
1 12 0 2938
1 12 1 0
1 12 2 2811
1 12 3 1556
1 12 4 399
1 12 5 3792
1 12 6 281
1 12 7 2971
1 12 8 5019
1 12 9 3645
1 12 10 1855
1 12 11 3371
1 12 12 0
2 0 0 0
2 0 1 7292
2 0 2 0
2 0 3 1646
2 0 4 529
2 0 5 4364
2 0 6 5055
2 0 7 547
2 0 8 814
2 0 9 828
2 0 10 761
2 0 11 3955
2 0 12 2112
2 1 0 4761
2 1 1 0
2 1 2 0
2 1 3 4890
2 1 4 4073
2 1 5 5851
2 1 6 5407
2 1 7 7992
2 1 8 5516
2 1 9 5522
2 1 10 4341
2 1 11 7713
2 1 12 3448
2 2 0 0
2 2 1 0
2 2 2 0
2 2 3 0
2 2 4 0
2 2 5 0
2 2 6 0
2 2 7 0
2 2 8 0
2 2 9 0
2 2 10 0
2 2 11 0
2 2 12 0
2 3 0 1359
2 3 1 1620
2 3 2 0
2 3 3 0
2 3 4 986
2 3 5 2117
2 3 6 1847
2 3 7 3502
2 3 8 4710
2 3 9 5107
2 3 10 1550
2 3 11 5842
2 3 12 3368
2 4 0 4334
2 4 1 4895
2 4 2 0
2 4 3 7105
2 4 4 0
2 4 5 6585
2 4 6 6645
2 4 7 7262
2 4 8 5696
2 4 9 2914
2 4 10 4319
2 4 11 7442
2 4 12 6510
2 5 0 9056
2 5 1 7560
2 5 2 0
2 5 3 2291
2 5 4 1929
2 5 5 0
2 5 6 5811
2 5 7 5145
2 5 8 5916
2 5 9 1623
2 5 10 2087
2 5 11 3445
2 5 12 2465
2 6 0 6471
2 6 1 3840
2 6 2 0
2 6 3 7605
2 6 4 5204
2 6 5 3891
2 6 6 0
2 6 7 6466
2 6 8 5961
2 6 9 5973
2 6 10 7409
2 6 11 3687
2 6 12 3870
2 7 0 2745
2 7 1 7207
2 7 2 0
2 7 3 4120
2 7 4 2033
2 7 5 1688
2 7 6 3504
2 7 7 0
2 7 8 1335
2 7 9 3818
2 7 10 2403
2 7 11 691
2 7 12 2185
2 8 0 3660
2 8 1 5379
2 8 2 0
2 8 3 6358
2 8 4 4315
2 8 5 4120
2 8 6 8599
2 8 7 7203
2 8 8 0
2 8 9 7132
2 8 10 4108
2 8 11 7135
2 8 12 8268
2 9 0 3647
2 9 1 5358
2 9 2 0
2 9 3 1530
2 9 4 3068
2 9 5 5310
2 9 6 2650
2 9 7 3214
2 9 8 5619
2 9 9 0
2 9 10 3377
2 9 11 6161
2 9 12 6027
2 10 0 2786
2 10 1 3383
2 10 2 0
2 10 3 5939
2 10 4 4855
2 10 5 9232
2 10 6 9263
2 10 7 7336
2 10 8 8913
2 10 9 5601
2 10 10 0
2 10 11 6738
2 10 12 6725
2 11 0 8170
2 11 1 8945
2 11 2 0
2 11 3 1513
2 11 4 2535
2 11 5 3135
2 11 6 5542
2 11 7 5344
2 11 8 1903
2 11 9 1836
2 11 10 5052
2 11 11 0
2 11 12 4765
2 12 0 4458
2 12 1 2811
2 12 2 0
2 12 3 3989
2 12 4 2832
2 12 5 6225
2 12 6 2714
2 12 7 5404
2 12 8 7452
2 12 9 6078
2 12 10 4288
2 12 11 5804
2 12 12 0
3 0 0 0
3 0 1 4043
3 0 2 1646
3 0 3 0
3 0 4 339
3 0 5 4174
3 0 6 4865
3 0 7 357
3 0 8 624
3 0 9 638
3 0 10 571
3 0 11 3765
3 0 12 1922
3 1 0 5671
3 1 1 0
3 1 2 4890
3 1 3 0
3 1 4 2246
3 1 5 4024
3 1 6 3580
3 1 7 6165
3 1 8 3689
3 1 9 3695
3 1 10 2514
3 1 11 5886
3 1 12 1621
3 2 0 5551
3 2 1 1653
3 2 2 0
3 2 3 0
3 2 4 2521
3 2 5 1124
3 2 6 3470
3 2 7 118
3 2 8 4015
3 2 9 1434
3 2 10 4353
3 2 11 1502
3 2 12 2611
3 3 0 0
3 3 1 0
3 3 2 0
3 3 3 0
3 3 4 0
3 3 5 0
3 3 6 0
3 3 7 0
3 3 8 0
3 3 9 0
3 3 10 0
3 3 11 0
3 3 12 0
3 4 0 4826
3 4 1 5387
3 4 2 7105
3 4 3 0
3 4 4 0
3 4 5 4107
3 4 6 4167
3 4 7 4784
3 4 8 3218
3 4 9 436
3 4 10 1841
3 4 11 4964
3 4 12 4032
3 5 0 5244
3 5 1 3748
3 5 2 2291
3 5 3 0
3 5 4 1979
3 5 5 0
3 5 6 5861
3 5 7 5195
3 5 8 5966
3 5 9 1673
3 5 10 2137
3 5 11 3495
3 5 12 2515
3 6 0 8903
3 6 1 6272
3 6 2 7605
3 6 3 0
3 6 4 2638
3 6 5 1325
3 6 6 0
3 6 7 3900
3 6 8 3395
3 6 9 3407
3 6 10 4843
3 6 11 1121
3 6 12 1304
3 7 0 4262
3 7 1 8724
3 7 2 4120
3 7 3 0
3 7 4 4474
3 7 5 4129
3 7 6 5945
3 7 7 0
3 7 8 3776
3 7 9 6259
3 7 10 4844
3 7 11 3132
3 7 12 4626
3 8 0 2870
3 8 1 4589
3 8 2 6358
3 8 3 0
3 8 4 4067
3 8 5 3872
3 8 6 8351
3 8 7 6955
3 8 8 0
3 8 9 6884
3 8 10 3860
3 8 11 6887
3 8 12 8020
3 9 0 637
3 9 1 2348
3 9 2 1530
3 9 3 0
3 9 4 5798
3 9 5 8040
3 9 6 5380
3 9 7 5944
3 9 8 8349
3 9 9 0
3 9 10 6107
3 9 11 8891
3 9 12 8757
3 10 0 2060
3 10 1 2657
3 10 2 5939
3 10 3 0
3 10 4 1109
3 10 5 5486
3 10 6 5517
3 10 7 3590
3 10 8 5167
3 10 9 1855
3 10 10 0
3 10 11 2992
3 10 12 2979
3 11 0 3679
3 11 1 4454
3 11 2 1513
3 11 3 0
3 11 4 5932
3 11 5 6532
3 11 6 8939
3 11 7 8741
3 11 8 5300
3 11 9 5233
3 11 10 8449
3 11 11 0
3 11 12 8162
3 12 0 3203
3 12 1 1556
3 12 2 3989
3 12 3 0
3 12 4 2646
3 12 5 6039
3 12 6 2528
3 12 7 5218
3 12 8 7266
3 12 9 5892
3 12 10 4102
3 12 11 5618
3 12 12 0
4 0 0 0
4 0 1 2926
4 0 2 529
4 0 3 339
4 0 4 0
4 0 5 6930
4 0 6 7621
4 0 7 3113
4 0 8 3380
4 0 9 3394
4 0 10 3327
4 0 11 6521
4 0 12 4678
4 1 0 4854
4 1 1 0
4 1 2 4073
4 1 3 2246
4 1 4 0
4 1 5 3462
4 1 6 3018
4 1 7 5603
4 1 8 3127
4 1 9 3133
4 1 10 1952
4 1 11 5324
4 1 12 1059
4 2 0 7117
4 2 1 3219
4 2 2 0
4 2 3 2521
4 2 4 0
4 2 5 5216
4 2 6 7562
4 2 7 4210
4 2 8 8107
4 2 9 5526
4 2 10 8445
4 2 11 5594
4 2 12 6703
4 3 0 1390
4 3 1 1651
4 3 2 986
4 3 3 0
4 3 4 0
4 3 5 5758
4 3 6 5488
4 3 7 7143
4 3 8 8351
4 3 9 8748
4 3 10 5191
4 3 11 9483
4 3 12 7009
4 4 0 0
4 4 1 0
4 4 2 0
4 4 3 0
4 4 4 0
4 4 5 0
4 4 6 0
4 4 7 0
4 4 8 0
4 4 9 0
4 4 10 0
4 4 11 0
4 4 12 0
4 5 0 4882
4 5 1 3386
4 5 2 1929
4 5 3 1979
4 5 4 0
4 5 5 0
4 5 6 8763
4 5 7 8097
4 5 8 8868
4 5 9 4575
4 5 10 5039
4 5 11 6397
4 5 12 5417
4 6 0 6502
4 6 1 3871
4 6 2 5204
4 6 3 2638
4 6 4 0
4 6 5 4557
4 6 6 0
4 6 7 7132
4 6 8 6627
4 6 9 6639
4 6 10 8075
4 6 11 4353
4 6 12 4536
4 7 0 2175
4 7 1 6637
4 7 2 2033
4 7 3 4474
4 7 4 0
4 7 5 6323
4 7 6 8139
4 7 7 0
4 7 8 5970
4 7 9 8453
4 7 10 7038
4 7 11 5326
4 7 12 6820
4 8 0 827
4 8 1 2546
4 8 2 4315
4 8 3 4067
4 8 4 0
4 8 5 3292
4 8 6 7771
4 8 7 6375
4 8 8 0
4 8 9 6304
4 8 10 3280
4 8 11 6307
4 8 12 7440
4 9 0 2175
4 9 1 3886
4 9 2 3068
4 9 3 5798
4 9 4 0
4 9 5 4281
4 9 6 1621
4 9 7 2185
4 9 8 4590
4 9 9 0
4 9 10 2348
4 9 11 5132
4 9 12 4998
4 10 0 976
4 10 1 1573
4 10 2 4855
4 10 3 1109
4 10 4 0
4 10 5 6689
4 10 6 6720
4 10 7 4793
4 10 8 6370
4 10 9 3058
4 10 10 0
4 10 11 4195
4 10 12 4182
4 11 0 4701
4 11 1 5476
4 11 2 2535
4 11 3 5932
4 11 4 0
4 11 5 6566
4 11 6 8973
4 11 7 8775
4 11 8 5334
4 11 9 5267
4 11 10 8483
4 11 11 0
4 11 12 8196
4 12 0 2046
4 12 1 399
4 12 2 2832
4 12 3 2646
4 12 4 0
4 12 5 7615
4 12 6 4104
4 12 7 6794
4 12 8 8842
4 12 9 7468
4 12 10 5678
4 12 11 7194
4 12 12 0
5 0 0 0
5 0 1 6761
5 0 2 4364
5 0 3 4174
5 0 4 6930
5 0 5 0
5 0 6 4972
5 0 7 464
5 0 8 731
5 0 9 745
5 0 10 678
5 0 11 3872
5 0 12 2029
5 1 0 6632
5 1 1 0
5 1 2 5851
5 1 3 4024
5 1 4 3462
5 1 5 0
5 1 6 4750
5 1 7 7335
5 1 8 4859
5 1 9 4865
5 1 10 3684
5 1 11 7056
5 1 12 2791
5 2 0 5720
5 2 1 1822
5 2 2 0
5 2 3 1124
5 2 4 5216
5 2 5 0
5 2 6 8449
5 2 7 5097
5 2 8 8994
5 2 9 6413
5 2 10 9332
5 2 11 6481
5 2 12 7590
5 3 0 2521
5 3 1 2782
5 3 2 2117
5 3 3 0
5 3 4 5758
5 3 5 0
5 3 6 2071
5 3 7 3726
5 3 8 4934
5 3 9 5331
5 3 10 1774
5 3 11 6066
5 3 12 3592
5 4 0 4306
5 4 1 4867
5 4 2 6585
5 4 3 4107
5 4 4 0
5 4 5 0
5 4 6 4941
5 4 7 5558
5 4 8 3992
5 4 9 1210
5 4 10 2615
5 4 11 5738
5 4 12 4806
5 5 0 0
5 5 1 0
5 5 2 0
5 5 3 0
5 5 4 0
5 5 5 0
5 5 6 0
5 5 7 0
5 5 8 0
5 5 9 0
5 5 10 0
5 5 11 0
5 5 12 0
5 6 0 5189
5 6 1 2558
5 6 2 3891
5 6 3 1325
5 6 4 4557
5 6 5 0
5 6 6 0
5 6 7 7695
5 6 8 7190
5 6 9 7202
5 6 10 8638
5 6 11 4916
5 6 12 5099
5 7 0 1830
5 7 1 6292
5 7 2 1688
5 7 3 4129
5 7 4 6323
5 7 5 0
5 7 6 7419
5 7 7 0
5 7 8 5250
5 7 9 7733
5 7 10 6318
5 7 11 4606
5 7 12 6100
5 8 0 632
5 8 1 2351
5 8 2 4120
5 8 3 3872
5 8 4 3292
5 8 5 0
5 8 6 9388
5 8 7 7992
5 8 8 0
5 8 9 7921
5 8 10 4897
5 8 11 7924
5 8 12 9057
5 9 0 4417
5 9 1 6128
5 9 2 5310
5 9 3 8040
5 9 4 4281
5 9 5 0
5 9 6 1727
5 9 7 2291
5 9 8 4696
5 9 9 0
5 9 10 2454
5 9 11 5238
5 9 12 5104
5 10 0 5353
5 10 1 5950
5 10 2 9232
5 10 3 5486
5 10 4 6689
5 10 5 0
5 10 6 5885
5 10 7 3958
5 10 8 5535
5 10 9 2223
5 10 10 0
5 10 11 3360
5 10 12 3347
5 11 0 5301
5 11 1 6076
5 11 2 3135
5 11 3 6532
5 11 4 6566
5 11 5 0
5 11 6 6373
5 11 7 6175
5 11 8 2734
5 11 9 2667
5 11 10 5883
5 11 11 0
5 11 12 5596
5 12 0 5439
5 12 1 3792
5 12 2 6225
5 12 3 6039
5 12 4 7615
5 12 5 0
5 12 6 1456
5 12 7 4146
5 12 8 6194
5 12 9 4820
5 12 10 3030
5 12 11 4546
5 12 12 0
6 0 0 0
6 0 1 7452
6 0 2 5055
6 0 3 4865
6 0 4 7621
6 0 5 4972
6 0 6 0
6 0 7 4981
6 0 8 5248
6 0 9 5262
6 0 10 5195
6 0 11 8389
6 0 12 6546
6 1 0 6188
6 1 1 0
6 1 2 5407
6 1 3 3580
6 1 4 3018
6 1 5 4750
6 1 6 0
6 1 7 8969
6 1 8 6493
6 1 9 6499
6 1 10 5318
6 1 11 8690
6 1 12 4425
6 2 0 8066
6 2 1 4168
6 2 2 0
6 2 3 3470
6 2 4 7562
6 2 5 8449
6 2 6 0
6 2 7 1821
6 2 8 5718
6 2 9 3137
6 2 10 6056
6 2 11 3205
6 2 12 4314
6 3 0 2251
6 3 1 2512
6 3 2 1847
6 3 3 0
6 3 4 5488
6 3 5 2071
6 3 6 0
6 3 7 6694
6 3 8 7902
6 3 9 8299
6 3 10 4742
6 3 11 9034
6 3 12 6560
6 4 0 4366
6 4 1 4927
6 4 2 6645
6 4 3 4167
6 4 4 0
6 4 5 4941
6 4 6 0
6 4 7 6487
6 4 8 4921
6 4 9 2139
6 4 10 3544
6 4 11 6667
6 4 12 5735
6 5 0 8764
6 5 1 7268
6 5 2 5811
6 5 3 5861
6 5 4 8763
6 5 5 0
6 5 6 0
6 5 7 4454
6 5 8 5225
6 5 9 932
6 5 10 1396
6 5 11 2754
6 5 12 1774
6 6 0 0
6 6 1 0
6 6 2 0
6 6 3 0
6 6 4 0
6 6 5 0
6 6 6 0
6 6 7 0
6 6 8 0
6 6 9 0
6 6 10 0
6 6 11 0
6 6 12 0
6 7 0 3646
6 7 1 8108
6 7 2 3504
6 7 3 5945
6 7 4 8139
6 7 5 7419
6 7 6 0
6 7 7 0
6 7 8 4225
6 7 9 6708
6 7 10 5293
6 7 11 3581
6 7 12 5075
6 8 0 5111
6 8 1 6830
6 8 2 8599
6 8 3 8351
6 8 4 7771
6 8 5 9388
6 8 6 0
6 8 7 5691
6 8 8 0
6 8 9 5620
6 8 10 2596
6 8 11 5623
6 8 12 6756
6 9 0 1757
6 9 1 3468
6 9 2 2650
6 9 3 5380
6 9 4 1621
6 9 5 1727
6 9 6 0
6 9 7 4295
6 9 8 6700
6 9 9 0
6 9 10 4458
6 9 11 7242
6 9 12 7108
6 10 0 5384
6 10 1 5981
6 10 2 9263
6 10 3 5517
6 10 4 6720
6 10 5 5885
6 10 6 0
6 10 7 6934
6 10 8 8511
6 10 9 5199
6 10 10 0
6 10 11 6336
6 10 12 6323
6 11 0 7708
6 11 1 8483
6 11 2 5542
6 11 3 8939
6 11 4 8973
6 11 5 6373
6 11 6 0
6 11 7 4071
6 11 8 630
6 11 9 563
6 11 10 3779
6 11 11 0
6 11 12 3492
6 12 0 1928
6 12 1 281
6 12 2 2714
6 12 3 2528
6 12 4 4104
6 12 5 1456
6 12 6 0
6 12 7 3205
6 12 8 5253
6 12 9 3879
6 12 10 2089
6 12 11 3605
6 12 12 0
7 0 0 0
7 0 1 2944
7 0 2 547
7 0 3 357
7 0 4 3113
7 0 5 464
7 0 6 4981
7 0 7 0
7 0 8 1597
7 0 9 1611
7 0 10 1544
7 0 11 4738
7 0 12 2895
7 1 0 8773
7 1 1 0
7 1 2 7992
7 1 3 6165
7 1 4 5603
7 1 5 7335
7 1 6 8969
7 1 7 0
7 1 8 5709
7 1 9 5715
7 1 10 4534
7 1 11 7906
7 1 12 3641
7 2 0 4714
7 2 1 816
7 2 2 0
7 2 3 118
7 2 4 4210
7 2 5 5097
7 2 6 1821
7 2 7 0
7 2 8 6500
7 2 9 3919
7 2 10 6838
7 2 11 3987
7 2 12 5096
7 3 0 3906
7 3 1 4167
7 3 2 3502
7 3 3 0
7 3 4 7143
7 3 5 3726
7 3 6 6694
7 3 7 0
7 3 8 7769
7 3 9 8166
7 3 10 4609
7 3 11 8901
7 3 12 6427
7 4 0 4983
7 4 1 5544
7 4 2 7262
7 4 3 4784
7 4 4 0
7 4 5 5558
7 4 6 6487
7 4 7 0
7 4 8 5102
7 4 9 2320
7 4 10 3725
7 4 11 6848
7 4 12 5916
7 5 0 8098
7 5 1 6602
7 5 2 5145
7 5 3 5195
7 5 4 8097
7 5 5 0
7 5 6 4454
7 5 7 0
7 5 8 6374
7 5 9 2081
7 5 10 2545
7 5 11 3903
7 5 12 2923
7 6 0 7764
7 6 1 5133
7 6 2 6466
7 6 3 3900
7 6 4 7132
7 6 5 7695
7 6 6 0
7 6 7 0
7 6 8 5889
7 6 9 5901
7 6 10 7337
7 6 11 3615
7 6 12 3798
7 7 0 0
7 7 1 0
7 7 2 0
7 7 3 0
7 7 4 0
7 7 5 0
7 7 6 0
7 7 7 0
7 7 8 0
7 7 9 0
7 7 10 0
7 7 11 0
7 7 12 0
7 8 0 3715
7 8 1 5434
7 8 2 7203
7 8 3 6955
7 8 4 6375
7 8 5 7992
7 8 6 5691
7 8 7 0
7 8 8 0
7 8 9 4346
7 8 10 1322
7 8 11 4349
7 8 12 5482
7 9 0 2321
7 9 1 4032
7 9 2 3214
7 9 3 5944
7 9 4 2185
7 9 5 2291
7 9 6 4295
7 9 7 0
7 9 8 7897
7 9 9 0
7 9 10 5655
7 9 11 8439
7 9 12 8305
7 10 0 3457
7 10 1 4054
7 10 2 7336
7 10 3 3590
7 10 4 4793
7 10 5 3958
7 10 6 6934
7 10 7 0
7 10 8 6857
7 10 9 3545
7 10 10 0
7 10 11 4682
7 10 12 4669
7 11 0 7510
7 11 1 8285
7 11 2 5344
7 11 3 8741
7 11 4 8775
7 11 5 6175
7 11 6 4071
7 11 7 0
7 11 8 986
7 11 9 919
7 11 10 4135
7 11 11 0
7 11 12 3848
7 12 0 4618
7 12 1 2971
7 12 2 5404
7 12 3 5218
7 12 4 6794
7 12 5 4146
7 12 6 3205
7 12 7 0
7 12 8 6920
7 12 9 5546
7 12 10 3756
7 12 11 5272
7 12 12 0
8 0 0 0
8 0 1 3211
8 0 2 814
8 0 3 624
8 0 4 3380
8 0 5 731
8 0 6 5248
8 0 7 1597
8 0 8 0
8 0 9 602
8 0 10 535
8 0 11 3729
8 0 12 1886
8 1 0 6297
8 1 1 0
8 1 2 5516
8 1 3 3689
8 1 4 3127
8 1 5 4859
8 1 6 6493
8 1 7 5709
8 1 8 0
8 1 9 6351
8 1 10 5170
8 1 11 8542
8 1 12 4277
8 2 0 8611
8 2 1 4713
8 2 2 0
8 2 3 4015
8 2 4 8107
8 2 5 8994
8 2 6 5718
8 2 7 6500
8 2 8 0
8 2 9 4567
8 2 10 7486
8 2 11 4635
8 2 12 5744
8 3 0 5114
8 3 1 5375
8 3 2 4710
8 3 3 0
8 3 4 8351
8 3 5 4934
8 3 6 7902
8 3 7 7769
8 3 8 0
8 3 9 6507
8 3 10 2950
8 3 11 7242
8 3 12 4768
8 4 0 3417
8 4 1 3978
8 4 2 5696
8 4 3 3218
8 4 4 0
8 4 5 3992
8 4 6 4921
8 4 7 5102
8 4 8 0
8 4 9 705
8 4 10 2110
8 4 11 5233
8 4 12 4301
8 5 0 8869
8 5 1 7373
8 5 2 5916
8 5 3 5966
8 5 4 8868
8 5 5 0
8 5 6 5225
8 5 7 6374
8 5 8 0
8 5 9 616
8 5 10 1080
8 5 11 2438
8 5 12 1458
8 6 0 7259
8 6 1 4628
8 6 2 5961
8 6 3 3395
8 6 4 6627
8 6 5 7190
8 6 6 0
8 6 7 5889
8 6 8 0
8 6 9 7099
8 6 10 8535
8 6 11 4813
8 6 12 4996
8 7 0 1477
8 7 1 5939
8 7 2 1335
8 7 3 3776
8 7 4 5970
8 7 5 5250
8 7 6 4225
8 7 7 0
8 7 8 0
8 7 9 6900
8 7 10 5485
8 7 11 3773
8 7 12 5267
8 8 0 0
8 8 1 0
8 8 2 0
8 8 3 0
8 8 4 0
8 8 5 0
8 8 6 0
8 8 7 0
8 8 8 0
8 8 9 0
8 8 10 0
8 8 11 0
8 8 12 0
8 9 0 4726
8 9 1 6437
8 9 2 5619
8 9 3 8349
8 9 4 4590
8 9 5 4696
8 9 6 6700
8 9 7 7897
8 9 8 0
8 9 9 0
8 9 10 5072
8 9 11 7856
8 9 12 7722
8 10 0 5034
8 10 1 5631
8 10 2 8913
8 10 3 5167
8 10 4 6370
8 10 5 5535
8 10 6 8511
8 10 7 6857
8 10 8 0
8 10 9 1353
8 10 10 0
8 10 11 2490
8 10 12 2477
8 11 0 4069
8 11 1 4844
8 11 2 1903
8 11 3 5300
8 11 4 5334
8 11 5 2734
8 11 6 630
8 11 7 986
8 11 8 0
8 11 9 3466
8 11 10 6682
8 11 11 0
8 11 12 6395
8 12 0 6666
8 12 1 5019
8 12 2 7452
8 12 3 7266
8 12 4 8842
8 12 5 6194
8 12 6 5253
8 12 7 6920
8 12 8 0
8 12 9 7732
8 12 10 5942
8 12 11 7458
8 12 12 0
9 0 0 0
9 0 1 3225
9 0 2 828
9 0 3 638
9 0 4 3394
9 0 5 745
9 0 6 5262
9 0 7 1611
9 0 8 602
9 0 9 0
9 0 10 3003
9 0 11 6197
9 0 12 4354
9 1 0 6303
9 1 1 0
9 1 2 5522
9 1 3 3695
9 1 4 3133
9 1 5 4865
9 1 6 6499
9 1 7 5715
9 1 8 6351
9 1 9 0
9 1 10 5202
9 1 11 8574
9 1 12 4309
9 2 0 6030
9 2 1 2132
9 2 2 0
9 2 3 1434
9 2 4 5526
9 2 5 6413
9 2 6 3137
9 2 7 3919
9 2 8 4567
9 2 9 0
9 2 10 7459
9 2 11 4608
9 2 12 5717
9 3 0 5511
9 3 1 5772
9 3 2 5107
9 3 3 0
9 3 4 8748
9 3 5 5331
9 3 6 8299
9 3 7 8166
9 3 8 6507
9 3 9 0
9 3 10 703
9 3 11 4995
9 3 12 2521
9 4 0 635
9 4 1 1196
9 4 2 2914
9 4 3 436
9 4 4 0
9 4 5 1210
9 4 6 2139
9 4 7 2320
9 4 8 705
9 4 9 0
9 4 10 3444
9 4 11 6567
9 4 12 5635
9 5 0 4576
9 5 1 3080
9 5 2 1623
9 5 3 1673
9 5 4 4575
9 5 5 0
9 5 6 932
9 5 7 2081
9 5 8 616
9 5 9 0
9 5 10 4851
9 5 11 6209
9 5 12 5229
9 6 0 7271
9 6 1 4640
9 6 2 5973
9 6 3 3407
9 6 4 6639
9 6 5 7202
9 6 6 0
9 6 7 5901
9 6 8 7099
9 6 9 0
9 6 10 5167
9 6 11 1445
9 6 12 1628
9 7 0 3960
9 7 1 8422
9 7 2 3818
9 7 3 6259
9 7 4 8453
9 7 5 7733
9 7 6 6708
9 7 7 0
9 7 8 6900
9 7 9 0
9 7 10 4077
9 7 11 2365
9 7 12 3859
9 8 0 3644
9 8 1 5363
9 8 2 7132
9 8 3 6884
9 8 4 6304
9 8 5 7921
9 8 6 5620
9 8 7 4346
9 8 8 0
9 8 9 0
9 8 10 4290
9 8 11 7317
9 8 12 8450
9 9 0 0
9 9 1 0
9 9 2 0
9 9 3 0
9 9 4 0
9 9 5 0
9 9 6 0
9 9 7 0
9 9 8 0
9 9 9 0
9 9 10 0
9 9 11 0
9 9 12 0
9 10 0 1722
9 10 1 2319
9 10 2 5601
9 10 3 1855
9 10 4 3058
9 10 5 2223
9 10 6 5199
9 10 7 3545
9 10 8 1353
9 10 9 0
9 10 10 0
9 10 11 4340
9 10 12 4327
9 11 0 4002
9 11 1 4777
9 11 2 1836
9 11 3 5233
9 11 4 5267
9 11 5 2667
9 11 6 563
9 11 7 919
9 11 8 3466
9 11 9 0
9 11 10 8289
9 11 11 0
9 11 12 8002
9 12 0 5292
9 12 1 3645
9 12 2 6078
9 12 3 5892
9 12 4 7468
9 12 5 4820
9 12 6 3879
9 12 7 5546
9 12 8 7732
9 12 9 0
9 12 10 6282
9 12 11 7798
9 12 12 0
10 0 0 0
10 0 1 3158
10 0 2 761
10 0 3 571
10 0 4 3327
10 0 5 678
10 0 6 5195
10 0 7 1544
10 0 8 535
10 0 9 3003
10 0 10 0
10 0 11 4407
10 0 12 2564
10 1 0 5122
10 1 1 0
10 1 2 4341
10 1 3 2514
10 1 4 1952
10 1 5 3684
10 1 6 5318
10 1 7 4534
10 1 8 5170
10 1 9 5202
10 1 10 0
10 1 11 8285
10 1 12 4020
10 2 0 8949
10 2 1 5051
10 2 2 0
10 2 3 4353
10 2 4 8445
10 2 5 9332
10 2 6 6056
10 2 7 6838
10 2 8 7486
10 2 9 7459
10 2 10 0
10 2 11 3814
10 2 12 4923
10 3 0 1954
10 3 1 2215
10 3 2 1550
10 3 3 0
10 3 4 5191
10 3 5 1774
10 3 6 4742
10 3 7 4609
10 3 8 2950
10 3 9 703
10 3 10 0
10 3 11 6485
10 3 12 4011
10 4 0 2040
10 4 1 2601
10 4 2 4319
10 4 3 1841
10 4 4 0
10 4 5 2615
10 4 6 3544
10 4 7 3725
10 4 8 2110
10 4 9 3444
10 4 10 0
10 4 11 5435
10 4 12 4503
10 5 0 5040
10 5 1 3544
10 5 2 2087
10 5 3 2137
10 5 4 5039
10 5 5 0
10 5 6 1396
10 5 7 2545
10 5 8 1080
10 5 9 4851
10 5 10 0
10 5 11 7212
10 5 12 6232
10 6 0 8707
10 6 1 6076
10 6 2 7409
10 6 3 4843
10 6 4 8075
10 6 5 8638
10 6 6 0
10 6 7 7337
10 6 8 8535
10 6 9 5167
10 6 10 0
10 6 11 5139
10 6 12 5322
10 7 0 2545
10 7 1 7007
10 7 2 2403
10 7 3 4844
10 7 4 7038
10 7 5 6318
10 7 6 5293
10 7 7 0
10 7 8 5485
10 7 9 4077
10 7 10 0
10 7 11 3568
10 7 12 5062
10 8 0 620
10 8 1 2339
10 8 2 4108
10 8 3 3860
10 8 4 3280
10 8 5 4897
10 8 6 2596
10 8 7 1322
10 8 8 0
10 8 9 4290
10 8 10 0
10 8 11 7692
10 8 12 8825
10 9 0 2484
10 9 1 4195
10 9 2 3377
10 9 3 6107
10 9 4 2348
10 9 5 2454
10 9 6 4458
10 9 7 5655
10 9 8 5072
10 9 9 0
10 9 10 0
10 9 11 5987
10 9 12 5853
10 10 0 0
10 10 1 0
10 10 2 0
10 10 3 0
10 10 4 0
10 10 5 0
10 10 6 0
10 10 7 0
10 10 8 0
10 10 9 0
10 10 10 0
10 10 11 0
10 10 12 0
10 11 0 7218
10 11 1 7993
10 11 2 5052
10 11 3 8449
10 11 4 8483
10 11 5 5883
10 11 6 3779
10 11 7 4135
10 11 8 6682
10 11 9 8289
10 11 10 0
10 11 11 0
10 11 12 5660
10 12 0 3502
10 12 1 1855
10 12 2 4288
10 12 3 4102
10 12 4 5678
10 12 5 3030
10 12 6 2089
10 12 7 3756
10 12 8 5942
10 12 9 6282
10 12 10 0
10 12 11 5577
10 12 12 0
11 0 0 0
11 0 1 6352
11 0 2 3955
11 0 3 3765
11 0 4 6521
11 0 5 3872
11 0 6 8389
11 0 7 4738
11 0 8 3729
11 0 9 6197
11 0 10 4407
11 0 11 0
11 0 12 6198
11 1 0 8494
11 1 1 0
11 1 2 7713
11 1 3 5886
11 1 4 5324
11 1 5 7056
11 1 6 8690
11 1 7 7906
11 1 8 8542
11 1 9 8574
11 1 10 8285
11 1 11 0
11 1 12 4873
11 2 0 6098
11 2 1 2200
11 2 2 0
11 2 3 1502
11 2 4 5594
11 2 5 6481
11 2 6 3205
11 2 7 3987
11 2 8 4635
11 2 9 4608
11 2 10 3814
11 2 11 0
11 2 12 7113
11 3 0 6246
11 3 1 6507
11 3 2 5842
11 3 3 0
11 3 4 9483
11 3 5 6066
11 3 6 9034
11 3 7 8901
11 3 8 7242
11 3 9 4995
11 3 10 6485
11 3 11 0
11 3 12 2436
11 4 0 5163
11 4 1 5724
11 4 2 7442
11 4 3 4964
11 4 4 0
11 4 5 5738
11 4 6 6667
11 4 7 6848
11 4 8 5233
11 4 9 6567
11 4 10 5435
11 4 11 0
11 4 12 5034
11 5 0 6398
11 5 1 4902
11 5 2 3445
11 5 3 3495
11 5 4 6397
11 5 5 0
11 5 6 2754
11 5 7 3903
11 5 8 2438
11 5 9 6209
11 5 10 7212
11 5 11 0
11 5 12 2986
11 6 0 4985
11 6 1 2354
11 6 2 3687
11 6 3 1121
11 6 4 4353
11 6 5 4916
11 6 6 0
11 6 7 3615
11 6 8 4813
11 6 9 1445
11 6 10 5139
11 6 11 0
11 6 12 4452
11 7 0 833
11 7 1 5295
11 7 2 691
11 7 3 3132
11 7 4 5326
11 7 5 4606
11 7 6 3581
11 7 7 0
11 7 8 3773
11 7 9 2365
11 7 10 3568
11 7 11 0
11 7 12 5921
11 8 0 3647
11 8 1 5366
11 8 2 7135
11 8 3 6887
11 8 4 6307
11 8 5 7924
11 8 6 5623
11 8 7 4349
11 8 8 0
11 8 9 7317
11 8 10 7692
11 8 11 0
11 8 12 4666
11 9 0 5268
11 9 1 6979
11 9 2 6161
11 9 3 8891
11 9 4 5132
11 9 5 5238
11 9 6 7242
11 9 7 8439
11 9 8 7856
11 9 9 0
11 9 10 5987
11 9 11 0
11 9 12 4939
11 10 0 2859
11 10 1 3456
11 10 2 6738
11 10 3 2992
11 10 4 4195
11 10 5 3360
11 10 6 6336
11 10 7 4682
11 10 8 2490
11 10 9 4340
11 10 10 0
11 10 11 0
11 10 12 5934
11 11 0 0
11 11 1 0
11 11 2 0
11 11 3 0
11 11 4 0
11 11 5 0
11 11 6 0
11 11 7 0
11 11 8 0
11 11 9 0
11 11 10 0
11 11 11 0
11 11 12 0
11 12 0 5018
11 12 1 3371
11 12 2 5804
11 12 3 5618
11 12 4 7194
11 12 5 4546
11 12 6 3605
11 12 7 5272
11 12 8 7458
11 12 9 7798
11 12 10 5577
11 12 11 0
11 12 12 0
12 0 0 0
12 0 1 4509
12 0 2 2112
12 0 3 1922
12 0 4 4678
12 0 5 2029
12 0 6 6546
12 0 7 2895
12 0 8 1886
12 0 9 4354
12 0 10 2564
12 0 11 6198
12 0 12 0
12 1 0 4229
12 1 1 0
12 1 2 3448
12 1 3 1621
12 1 4 1059
12 1 5 2791
12 1 6 4425
12 1 7 3641
12 1 8 4277
12 1 9 4309
12 1 10 4020
12 1 11 4873
12 1 12 0
12 2 0 7207
12 2 1 3309
12 2 2 0
12 2 3 2611
12 2 4 6703
12 2 5 7590
12 2 6 4314
12 2 7 5096
12 2 8 5744
12 2 9 5717
12 2 10 4923
12 2 11 7113
12 2 12 0
12 3 0 3772
12 3 1 4033
12 3 2 3368
12 3 3 0
12 3 4 7009
12 3 5 3592
12 3 6 6560
12 3 7 6427
12 3 8 4768
12 3 9 2521
12 3 10 4011
12 3 11 2436
12 3 12 0
12 4 0 4231
12 4 1 4792
12 4 2 6510
12 4 3 4032
12 4 4 0
12 4 5 4806
12 4 6 5735
12 4 7 5916
12 4 8 4301
12 4 9 5635
12 4 10 4503
12 4 11 5034
12 4 12 0
12 5 0 5418
12 5 1 3922
12 5 2 2465
12 5 3 2515
12 5 4 5417
12 5 5 0
12 5 6 1774
12 5 7 2923
12 5 8 1458
12 5 9 5229
12 5 10 6232
12 5 11 2986
12 5 12 0
12 6 0 5168
12 6 1 2537
12 6 2 3870
12 6 3 1304
12 6 4 4536
12 6 5 5099
12 6 6 0
12 6 7 3798
12 6 8 4996
12 6 9 1628
12 6 10 5322
12 6 11 4452
12 6 12 0
12 7 0 2327
12 7 1 6789
12 7 2 2185
12 7 3 4626
12 7 4 6820
12 7 5 6100
12 7 6 5075
12 7 7 0
12 7 8 5267
12 7 9 3859
12 7 10 5062
12 7 11 5921
12 7 12 0
12 8 0 4780
12 8 1 6499
12 8 2 8268
12 8 3 8020
12 8 4 7440
12 8 5 9057
12 8 6 6756
12 8 7 5482
12 8 8 0
12 8 9 8450
12 8 10 8825
12 8 11 4666
12 8 12 0
12 9 0 5134
12 9 1 6845
12 9 2 6027
12 9 3 8757
12 9 4 4998
12 9 5 5104
12 9 6 7108
12 9 7 8305
12 9 8 7722
12 9 9 0
12 9 10 5853
12 9 11 4939
12 9 12 0
12 10 0 2846
12 10 1 3443
12 10 2 6725
12 10 3 2979
12 10 4 4182
12 10 5 3347
12 10 6 6323
12 10 7 4669
12 10 8 2477
12 10 9 4327
12 10 10 0
12 10 11 5934
12 10 12 0
12 11 0 6931
12 11 1 7706
12 11 2 4765
12 11 3 8162
12 11 4 8196
12 11 5 5596
12 11 6 3492
12 11 7 3848
12 11 8 6395
12 11 9 8002
12 11 10 5660
12 11 11 0
12 11 12 0
12 12 0 0
12 12 1 0
12 12 2 0
12 12 3 0
12 12 4 0
12 12 5 0
12 12 6 0
12 12 7 0
12 12 8 0
12 12 9 0
12 12 10 0
12 12 11 0
12 12 12 0
