10
0 0 0 0
0 0 1 0
0 0 2 0
0 0 3 0
0 0 4 0
0 0 5 0
0 0 6 0
0 0 7 0
0 0 8 0
0 0 9 0
0 1 0 0
0 1 1 0
0 1 2 4626
0 1 3 4792
0 1 4 7301
0 1 5 3887
0 1 6 6536
0 1 7 6121
0 1 8 6178
0 1 9 7541
0 2 0 0
0 2 1 5485
0 2 2 0
0 2 3 5413
0 2 4 6007
0 2 5 4921
0 2 6 3498
0 2 7 5132
0 2 8 7071
0 2 9 3617
0 3 0 0
0 3 1 2134
0 3 2 1027
0 3 3 0
0 3 4 2485
0 3 5 5054
0 3 6 4643
0 3 7 4487
0 3 8 2235
0 3 9 1882
0 4 0 0
0 4 1 5146
0 4 2 3289
0 4 3 5210
0 4 4 0
0 4 5 3436
0 4 6 1950
0 4 7 1994
0 4 8 1102
0 4 9 4463
0 5 0 0
0 5 1 1504
0 5 2 5259
0 5 3 3786
0 5 4 4859
0 5 5 0
0 5 6 5486
0 5 7 1870
0 5 8 5016
0 5 9 5027
0 6 0 0
0 6 1 4094
0 6 2 3875
0 6 3 4834
0 6 4 3475
0 6 5 2739
0 6 6 0
0 6 7 5071
0 6 8 3197
0 6 9 4313
0 7 0 0
0 7 1 3140
0 7 2 5969
0 7 3 2279
0 7 4 2345
0 7 5 5788
0 7 6 4323
0 7 7 0
0 7 8 5178
0 7 9 2943
0 8 0 0
0 8 1 7755
0 8 2 4704
0 8 3 5524
0 8 4 5966
0 8 5 8517
0 8 6 6071
0 8 7 4930
0 8 8 0
0 8 9 7279
0 9 0 0
0 9 1 6170
0 9 2 7776
0 9 3 7335
0 9 4 8775
0 9 5 8762
0 9 6 6310
0 9 7 7868
0 9 8 5414
0 9 9 0
1 0 0 0
1 0 1 0
1 0 2 3654
1 0 3 655
1 0 4 694
1 0 5 1418
1 0 6 1294
1 0 7 2382
1 0 8 5150
1 0 9 4960
1 1 0 0
1 1 1 0
1 1 2 0
1 1 3 0
1 1 4 0
1 1 5 0
1 1 6 0
1 1 7 0
1 1 8 0
1 1 9 0
1 2 0 5485
1 2 1 0
1 2 2 0
1 2 3 3344
1 2 4 3938
1 2 5 2852
1 2 6 1429
1 2 7 3063
1 2 8 5002
1 2 9 1548
1 3 0 2134
1 3 1 0
1 3 2 2123
1 3 3 0
1 3 4 3581
1 3 5 6150
1 3 6 5739
1 3 7 5583
1 3 8 3331
1 3 9 2978
1 4 0 5146
1 4 1 0
1 4 2 6855
1 4 3 8776
1 4 4 0
1 4 5 7002
1 4 6 5516
1 4 7 5560
1 4 8 4668
1 4 9 8029
1 5 0 1504
1 5 1 0
1 5 2 4687
1 5 3 3214
1 5 4 4287
1 5 5 0
1 5 6 4914
1 5 7 1298
1 5 8 4444
1 5 9 4455
1 6 0 4094
1 6 1 0
1 6 2 6076
1 6 3 7035
1 6 4 5676
1 6 5 4940
1 6 6 0
1 6 7 7272
1 6 8 5398
1 6 9 6514
1 7 0 3140
1 7 1 0
1 7 2 6667
1 7 3 2977
1 7 4 3043
1 7 5 6486
1 7 6 5021
1 7 7 0
1 7 8 5876
1 7 9 3641
1 8 0 7755
1 8 1 0
1 8 2 2691
1 8 3 3511
1 8 4 3953
1 8 5 6504
1 8 6 4058
1 8 7 2917
1 8 8 0
1 8 9 5266
1 9 0 6170
1 9 1 0
1 9 2 7316
1 9 3 6875
1 9 4 8315
1 9 5 8302
1 9 6 5850
1 9 7 7408
1 9 8 4954
1 9 9 0
2 0 0 0
2 0 1 3654
2 0 2 0
2 0 3 3654
2 0 4 3693
2 0 5 4417
2 0 6 4293
2 0 7 5381
2 0 8 8149
2 0 9 7959
2 1 0 4626
2 1 1 0
2 1 2 0
2 1 3 3582
2 1 4 6091
2 1 5 2677
2 1 6 5326
2 1 7 4911
2 1 8 4968
2 1 9 6331
2 2 0 0
2 2 1 0
2 2 2 0
2 2 3 0
2 2 4 0
2 2 5 0
2 2 6 0
2 2 7 0
2 2 8 0
2 2 9 0
2 3 0 1027
2 3 1 2123
2 3 2 0
2 3 3 0
2 3 4 4549
2 3 5 7118
2 3 6 6707
2 3 7 6551
2 3 8 4299
2 3 9 3946
2 4 0 3289
2 4 1 6855
2 4 2 0
2 4 3 7829
2 4 4 0
2 4 5 6055
2 4 6 4569
2 4 7 4613
2 4 8 3721
2 4 9 7082
2 5 0 5259
2 5 1 4687
2 5 2 0
2 5 3 4595
2 5 4 5668
2 5 5 0
2 5 6 6295
2 5 7 2679
2 5 8 5825
2 5 9 5836
2 6 0 3875
2 6 1 6076
2 6 2 0
2 6 3 4344
2 6 4 2985
2 6 5 2249
2 6 6 0
2 6 7 4581
2 6 8 2707
2 6 9 3823
2 7 0 5969
2 7 1 6667
2 7 2 0
2 7 3 2335
2 7 4 2401
2 7 5 5844
2 7 6 4379
2 7 7 0
2 7 8 5234
2 7 9 2999
2 8 0 4704
2 8 1 2691
2 8 2 0
2 8 3 4751
2 8 4 5193
2 8 5 7744
2 8 6 5298
2 8 7 4157
2 8 8 0
2 8 9 6506
2 9 0 7776
2 9 1 7316
2 9 2 0
2 9 3 3298
2 9 4 4738
2 9 5 4725
2 9 6 2273
2 9 7 3831
2 9 8 1377
2 9 9 0
3 0 0 0
3 0 1 655
3 0 2 3654
3 0 3 0
3 0 4 5005
3 0 5 5729
3 0 6 5605
3 0 7 6693
3 0 8 9461
3 0 9 9271
3 1 0 4792
3 1 1 0
3 1 2 3582
3 1 3 0
3 1 4 5739
3 1 5 2325
3 1 6 4974
3 1 7 4559
3 1 8 4616
3 1 9 5979
3 2 0 5413
3 2 1 3344
3 2 2 0
3 2 3 0
3 2 4 3685
3 2 5 2599
3 2 6 1176
3 2 7 2810
3 2 8 4749
3 2 9 1295
3 3 0 0
3 3 1 0
3 3 2 0
3 3 3 0
3 3 4 0
3 3 5 0
3 3 6 0
3 3 7 0
3 3 8 0
3 3 9 0
3 4 0 5210
3 4 1 8776
3 4 2 7829
3 4 3 0
3 4 4 0
3 4 5 5532
3 4 6 4046
3 4 7 4090
3 4 8 3198
3 4 9 6559
3 5 0 3786
3 5 1 3214
3 5 2 4595
3 5 3 0
3 5 4 8800
3 5 5 0
3 5 6 9427
3 5 7 5811
3 5 8 8957
3 5 9 8968
3 6 0 4834
3 6 1 7035
3 6 2 4344
3 6 3 0
3 6 4 7129
3 6 5 6393
3 6 6 0
3 6 7 8725
3 6 8 6851
3 6 9 7967
3 7 0 2279
3 7 1 2977
3 7 2 2335
3 7 3 0
3 7 4 4755
3 7 5 8198
3 7 6 6733
3 7 7 0
3 7 8 7588
3 7 9 5353
3 8 0 5524
3 8 1 3511
3 8 2 4751
3 8 3 0
3 8 4 3356
3 8 5 5907
3 8 6 3461
3 8 7 2320
3 8 8 0
3 8 9 4669
3 9 0 7335
3 9 1 6875
3 9 2 3298
3 9 3 0
3 9 4 6002
3 9 5 5989
3 9 6 3537
3 9 7 5095
3 9 8 2641
3 9 9 0
4 0 0 0
4 0 1 694
4 0 2 3693
4 0 3 5005
4 0 4 0
4 0 5 5661
4 0 6 5537
4 0 7 6625
4 0 8 9393
4 0 9 9203
4 1 0 7301
4 1 1 0
4 1 2 6091
4 1 3 5739
4 1 4 0
4 1 5 5298
4 1 6 7947
4 1 7 7532
4 1 8 7589
4 1 9 8952
4 2 0 6007
4 2 1 3938
4 2 2 0
4 2 3 3685
4 2 4 0
4 2 5 4822
4 2 6 3399
4 2 7 5033
4 2 8 6972
4 2 9 3518
4 3 0 2485
4 3 1 3581
4 3 2 4549
4 3 3 0
4 3 4 0
4 3 5 9875
4 3 6 9464
4 3 7 9308
4 3 8 7056
4 3 9 6703
4 4 0 0
4 4 1 0
4 4 2 0
4 4 3 0
4 4 4 0
4 4 5 0
4 4 6 0
4 4 7 0
4 4 8 0
4 4 9 0
4 5 0 4859
4 5 1 4287
4 5 2 5668
4 5 3 8800
4 5 4 0
4 5 5 0
4 5 6 7770
4 5 7 4154
4 5 8 7300
4 5 9 7311
4 6 0 3475
4 6 1 5676
4 6 2 2985
4 6 3 7129
4 6 4 0
4 6 5 3661
4 6 6 0
4 6 7 5993
4 6 8 4119
4 6 9 5235
4 7 0 2345
4 7 1 3043
4 7 2 2401
4 7 3 4755
4 7 4 0
4 7 5 5666
4 7 6 4201
4 7 7 0
4 7 8 5056
4 7 9 2821
4 8 0 5966
4 8 1 3953
4 8 2 5193
4 8 3 3356
4 8 4 0
4 8 5 4735
4 8 6 2289
4 8 7 1148
4 8 8 0
4 8 9 3497
4 9 0 8775
4 9 1 8315
4 9 2 4738
4 9 3 6002
4 9 4 0
4 9 5 8531
4 9 6 6079
4 9 7 7637
4 9 8 5183
4 9 9 0
5 0 0 0
5 0 1 1418
5 0 2 4417
5 0 3 5729
5 0 4 5661
5 0 5 0
5 0 6 5319
5 0 7 6407
5 0 8 9175
5 0 9 8985
5 1 0 3887
5 1 1 0
5 1 2 2677
5 1 3 2325
5 1 4 5298
5 1 5 0
5 1 6 3581
5 1 7 3166
5 1 8 3223
5 1 9 4586
5 2 0 4921
5 2 1 2852
5 2 2 0
5 2 3 2599
5 2 4 4822
5 2 5 0
5 2 6 4645
5 2 7 6279
5 2 8 8218
5 2 9 4764
5 3 0 5054
5 3 1 6150
5 3 2 7118
5 3 3 0
5 3 4 9875
5 3 5 0
5 3 6 7316
5 3 7 7160
5 3 8 4908
5 3 9 4555
5 4 0 3436
5 4 1 7002
5 4 2 6055
5 4 3 5532
5 4 4 0
5 4 5 0
5 4 6 5657
5 4 7 5701
5 4 8 4809
5 4 9 8170
5 5 0 0
5 5 1 0
5 5 2 0
5 5 3 0
5 5 4 0
5 5 5 0
5 5 6 0
5 5 7 0
5 5 8 0
5 5 9 0
5 6 0 2739
5 6 1 4940
5 6 2 2249
5 6 3 6393
5 6 4 3661
5 6 5 0
5 6 6 0
5 6 7 8805
5 6 8 6931
5 6 9 8047
5 7 0 5788
5 7 1 6486
5 7 2 5844
5 7 3 8198
5 7 4 5666
5 7 5 0
5 7 6 3353
5 7 7 0
5 7 8 4208
5 7 9 1973
5 8 0 8517
5 8 1 6504
5 8 2 7744
5 8 3 5907
5 8 4 4735
5 8 5 0
5 8 6 5479
5 8 7 4338
5 8 8 0
5 8 9 6687
5 9 0 8762
5 9 1 8302
5 9 2 4725
5 9 3 5989
5 9 4 8531
5 9 5 0
5 9 6 5919
5 9 7 7477
5 9 8 5023
5 9 9 0
6 0 0 0
6 0 1 1294
6 0 2 4293
6 0 3 5605
6 0 4 5537
6 0 5 5319
6 0 6 0
6 0 7 5603
6 0 8 8371
6 0 9 8181
6 1 0 6536
6 1 1 0
6 1 2 5326
6 1 3 4974
6 1 4 7947
6 1 5 3581
6 1 6 0
6 1 7 5880
6 1 8 5937
6 1 9 7300
6 2 0 3498
6 2 1 1429
6 2 2 0
6 2 3 1176
6 2 4 3399
6 2 5 4645
6 2 6 0
6 2 7 5019
6 2 8 6958
6 2 9 3504
6 3 0 4643
6 3 1 5739
6 3 2 6707
6 3 3 0
6 3 4 9464
6 3 5 7316
6 3 6 0
6 3 7 8332
6 3 8 6080
6 3 9 5727
6 4 0 1950
6 4 1 5516
6 4 2 4569
6 4 3 4046
6 4 4 0
6 4 5 5657
6 4 6 0
6 4 7 4441
6 4 8 3549
6 4 9 6910
6 5 0 5486
6 5 1 4914
6 5 2 6295
6 5 3 9427
6 5 4 7770
6 5 5 0
6 5 6 0
6 5 7 2857
6 5 8 6003
6 5 9 6014
6 6 0 0
6 6 1 0
6 6 2 0
6 6 3 0
6 6 4 0
6 6 5 0
6 6 6 0
6 6 7 0
6 6 8 0
6 6 9 0
6 7 0 4323
6 7 1 5021
6 7 2 4379
6 7 3 6733
6 7 4 4201
6 7 5 3353
6 7 6 0
6 7 7 0
6 7 8 7533
6 7 9 5298
6 8 0 6071
6 8 1 4058
6 8 2 5298
6 8 3 3461
6 8 4 2289
6 8 5 5479
6 8 6 0
6 8 7 2643
6 8 8 0
6 8 9 4992
6 9 0 6310
6 9 1 5850
6 9 2 2273
6 9 3 3537
6 9 4 6079
6 9 5 5919
6 9 6 0
6 9 7 6887
6 9 8 4433
6 9 9 0
7 0 0 0
7 0 1 2382
7 0 2 5381
7 0 3 6693
7 0 4 6625
7 0 5 6407
7 0 6 5603
7 0 7 0
7 0 8 7640
7 0 9 7450
7 1 0 6121
7 1 1 0
7 1 2 4911
7 1 3 4559
7 1 4 7532
7 1 5 3166
7 1 6 5880
7 1 7 0
7 1 8 3895
7 1 9 5258
7 2 0 5132
7 2 1 3063
7 2 2 0
7 2 3 2810
7 2 4 5033
7 2 5 6279
7 2 6 5019
7 2 7 0
7 2 8 7964
7 2 9 4510
7 3 0 4487
7 3 1 5583
7 3 2 6551
7 3 3 0
7 3 4 9308
7 3 5 7160
7 3 6 8332
7 3 7 0
7 3 8 2437
7 3 9 2084
7 4 0 1994
7 4 1 5560
7 4 2 4613
7 4 3 4090
7 4 4 0
7 4 5 5701
7 4 6 4441
7 4 7 0
7 4 8 1331
7 4 9 4692
7 5 0 1870
7 5 1 1298
7 5 2 2679
7 5 3 5811
7 5 4 4154
7 5 5 0
7 5 6 2857
7 5 7 0
7 5 8 7964
7 5 9 7975
7 6 0 5071
7 6 1 7272
7 6 2 4581
7 6 3 8725
7 6 4 5993
7 6 5 8805
7 6 6 0
7 6 7 0
7 6 8 4804
7 6 9 5920
7 7 0 0
7 7 1 0
7 7 2 0
7 7 3 0
7 7 4 0
7 7 5 0
7 7 6 0
7 7 7 0
7 7 8 0
7 7 9 0
7 8 0 4930
7 8 1 2917
7 8 2 4157
7 8 3 2320
7 8 4 1148
7 8 5 4338
7 8 6 2643
7 8 7 0
7 8 8 0
7 8 9 5885
7 9 0 7868
7 9 1 7408
7 9 2 3831
7 9 3 5095
7 9 4 7637
7 9 5 7477
7 9 6 6887
7 9 7 0
7 9 8 1975
7 9 9 0
8 0 0 0
8 0 1 5150
8 0 2 8149
8 0 3 9461
8 0 4 9393
8 0 5 9175
8 0 6 8371
8 0 7 7640
8 0 8 0
8 0 9 5193
8 1 0 6178
8 1 1 0
8 1 2 4968
8 1 3 4616
8 1 4 7589
8 1 5 3223
8 1 6 5937
8 1 7 3895
8 1 8 0
8 1 9 7105
8 2 0 7071
8 2 1 5002
8 2 2 0
8 2 3 4749
8 2 4 6972
8 2 5 8218
8 2 6 6958
8 2 7 7964
8 2 8 0
8 2 9 477
8 3 0 2235
8 3 1 3331
8 3 2 4299
8 3 3 0
8 3 4 7056
8 3 5 4908
8 3 6 6080
8 3 7 2437
8 3 8 0
8 3 9 2561
8 4 0 1102
8 4 1 4668
8 4 2 3721
8 4 3 3198
8 4 4 0
8 4 5 4809
8 4 6 3549
8 4 7 1331
8 4 8 0
8 4 9 5545
8 5 0 5016
8 5 1 4444
8 5 2 5825
8 5 3 8957
8 5 4 7300
8 5 5 0
8 5 6 6003
8 5 7 7964
8 5 8 0
8 5 9 7936
8 6 0 3197
8 6 1 5398
8 6 2 2707
8 6 3 6851
8 6 4 4119
8 6 5 6931
8 6 6 0
8 6 7 4804
8 6 8 0
8 6 9 4900
8 7 0 5178
8 7 1 5876
8 7 2 5234
8 7 3 7588
8 7 4 5056
8 7 5 4208
8 7 6 7533
8 7 7 0
8 7 8 0
8 7 9 1301
8 8 0 0
8 8 1 0
8 8 2 0
8 8 3 0
8 8 4 0
8 8 5 0
8 8 6 0
8 8 7 0
8 8 8 0
8 8 9 0
8 9 0 5414
8 9 1 4954
8 9 2 1377
8 9 3 2641
8 9 4 5183
8 9 5 5023
8 9 6 4433
8 9 7 1975
8 9 8 0
8 9 9 0
9 0 0 0
9 0 1 4960
9 0 2 7959
9 0 3 9271
9 0 4 9203
9 0 5 8985
9 0 6 8181
9 0 7 7450
9 0 8 5193
9 0 9 0
9 1 0 7541
9 1 1 0
9 1 2 6331
9 1 3 5979
9 1 4 8952
9 1 5 4586
9 1 6 7300
9 1 7 5258
9 1 8 7105
9 1 9 0
9 2 0 3617
9 2 1 1548
9 2 2 0
9 2 3 1295
9 2 4 3518
9 2 5 4764
9 2 6 3504
9 2 7 4510
9 2 8 477
9 2 9 0
9 3 0 1882
9 3 1 2978
9 3 2 3946
9 3 3 0
9 3 4 6703
9 3 5 4555
9 3 6 5727
9 3 7 2084
9 3 8 2561
9 3 9 0
9 4 0 4463
9 4 1 8029
9 4 2 7082
9 4 3 6559
9 4 4 0
9 4 5 8170
9 4 6 6910
9 4 7 4692
9 4 8 5545
9 4 9 0
9 5 0 5027
9 5 1 4455
9 5 2 5836
9 5 3 8968
9 5 4 7311
9 5 5 0
9 5 6 6014
9 5 7 7975
9 5 8 7936
9 5 9 0
9 6 0 4313
9 6 1 6514
9 6 2 3823
9 6 3 7967
9 6 4 5235
9 6 5 8047
9 6 6 0
9 6 7 5920
9 6 8 4900
9 6 9 0
9 7 0 2943
9 7 1 3641
9 7 2 2999
9 7 3 5353
9 7 4 2821
9 7 5 1973
9 7 6 5298
9 7 7 0
9 7 8 1301
9 7 9 0
9 8 0 7279
9 8 1 5266
9 8 2 6506
9 8 3 4669
9 8 4 3497
9 8 5 6687
9 8 6 4992
9 8 7 5885
9 8 8 0
9 8 9 0
9 9 0 0
9 9 1 0
9 9 2 0
9 9 3 0
9 9 4 0
9 9 5 0
9 9 6 0
9 9 7 0
9 9 8 0
9 9 9 0
