15
0 0 0 0
0 0 1 0
0 0 2 0
0 0 3 0
0 0 4 0
0 0 5 0
0 0 6 0
0 0 7 0
0 0 8 0
0 0 9 0
0 0 10 0
0 0 11 0
0 0 12 0
0 0 13 0
0 0 14 0
0 1 0 0
0 1 1 0
0 1 2 5537
0 1 3 4512
0 1 4 5056
0 1 5 8455
0 1 6 7390
0 1 7 7265
0 1 8 6910
0 1 9 6162
0 1 10 7982
0 1 11 8498
0 1 12 4183
0 1 13 4830
0 1 14 6471
0 2 0 0
0 2 1 4126
0 2 2 0
0 2 3 3030
0 2 4 6406
0 2 5 3263
0 2 6 4824
0 2 7 6246
0 2 8 6552
0 2 9 3246
0 2 10 5911
0 2 11 6315
0 2 12 2854
0 2 13 3641
0 2 14 2558
0 3 0 0
0 3 1 1772
0 3 2 1593
0 3 3 0
0 3 4 4954
0 3 5 4538
0 3 6 4508
0 3 7 1914
0 3 8 2229
0 3 9 2261
0 3 10 2847
0 3 11 1542
0 3 12 3527
0 3 13 4447
0 3 14 464
0 4 0 0
0 4 1 5892
0 4 2 5314
0 4 3 2593
0 4 4 0
0 4 5 3640
0 4 6 3105
0 4 7 2577
0 4 8 3937
0 4 9 6860
0 4 10 7011
0 4 11 2955
0 4 12 5951
0 4 13 6155
0 4 14 2467
0 5 0 0
0 5 1 6693
0 5 2 8719
0 5 3 7994
0 5 4 7762
0 5 5 0
0 5 6 4839
0 5 7 5598
0 5 8 5606
0 5 9 5431
0 5 10 6198
0 5 11 9269
0 5 12 8609
0 5 13 5650
0 5 14 5109
0 6 0 0
0 6 1 2434
0 6 2 6622
0 6 3 4199
0 6 4 5816
0 6 5 3297
0 6 6 0
0 6 7 6766
0 6 8 6595
0 6 9 4640
0 6 10 6442
0 6 11 5751
0 6 12 6501
0 6 13 6876
0 6 14 5204
0 7 0 0
0 7 1 4627
0 7 2 5274
0 7 3 7634
0 7 4 4942
0 7 5 8568
0 7 6 4378
0 7 7 0
0 7 8 6511
0 7 9 6020
0 7 10 3994
0 7 11 7506
0 7 12 6643
0 7 13 6877
0 7 14 5997
0 8 0 0
0 8 1 5408
0 8 2 7683
0 8 3 7498
0 8 4 7981
0 8 5 5841
0 8 6 5000
0 8 7 5839
0 8 8 0
0 8 9 6479
0 8 10 3491
0 8 11 7357
0 8 12 4849
0 8 13 6587
0 8 14 7285
0 9 0 0
0 9 1 5565
0 9 2 8297
0 9 3 4296
0 9 4 4882
0 9 5 7152
0 9 6 8936
0 9 7 8062
0 9 8 5487
0 9 9 0
0 9 10 8608
0 9 11 8782
0 9 12 4757
0 9 13 7972
0 9 14 4310
0 10 0 0
0 10 1 2866
0 10 2 7048
0 10 3 7216
0 10 4 4930
0 10 5 4630
0 10 6 3226
0 10 7 5481
0 10 8 4521
0 10 9 5187
0 10 10 0
0 10 11 2831
0 10 12 5397
0 10 13 4681
0 10 14 6951
0 11 0 0
0 11 1 6532
0 11 2 3534
0 11 3 5619
0 11 4 6591
0 11 5 3794
0 11 6 4937
0 11 7 3049
0 11 8 7197
0 11 9 7330
0 11 10 5786
0 11 11 0
0 11 12 6843
0 11 13 4428
0 11 14 3178
0 12 0 0
0 12 1 7934
0 12 2 9646
0 12 3 9068
0 12 4 5215
0 12 5 7811
0 12 6 7824
0 12 7 6479
0 12 8 9517
0 12 9 5314
0 12 10 6588
0 12 11 4779
0 12 12 0
0 12 13 9363
0 12 14 9321
0 13 0 0
0 13 1 6437
0 13 2 5719
0 13 3 6705
0 13 4 8436
0 13 5 6709
0 13 6 7013
0 13 7 5796
0 13 8 4799
0 13 9 7072
0 13 10 7465
0 13 11 7217
0 13 12 5168
0 13 13 0
0 13 14 5174
0 14 0 0
0 14 1 4208
0 14 2 7903
0 14 3 6479
0 14 4 7154
0 14 5 6595
0 14 6 7307
0 14 7 7980
0 14 8 4809
0 14 9 4079
0 14 10 4547
0 14 11 6784
0 14 12 7161
0 14 13 4383
0 14 14 0
1 0 0 0
1 0 1 0
1 0 2 6496
1 0 3 4671
1 0 4 6515
1 0 5 8804
1 0 6 6259
1 0 7 8057
1 0 8 7767
1 0 9 8241
1 0 10 6988
1 0 11 6876
1 0 12 9042
1 0 13 8906
1 0 14 7567
1 1 0 0
1 1 1 0
1 1 2 0
1 1 3 0
1 1 4 0
1 1 5 0
1 1 6 0
1 1 7 0
1 1 8 0
1 1 9 0
1 1 10 0
1 1 11 0
1 1 12 0
1 1 13 0
1 1 14 0
1 2 0 4126
1 2 1 0
1 2 2 0
1 2 3 2748
1 2 4 6124
1 2 5 2981
1 2 6 4542
1 2 7 5964
1 2 8 6270
1 2 9 2964
1 2 10 5629
1 2 11 6033
1 2 12 2572
1 2 13 3359
1 2 14 2276
1 3 0 1772
1 3 1 0
1 3 2 2111
1 3 3 0
1 3 4 5472
1 3 5 5056
1 3 6 5026
1 3 7 2432
1 3 8 2747
1 3 9 2779
1 3 10 3365
1 3 11 2060
1 3 12 4045
1 3 13 4965
1 3 14 982
1 4 0 5892
1 4 1 0
1 4 2 4532
1 4 3 1811
1 4 4 0
1 4 5 2858
1 4 6 2323
1 4 7 1795
1 4 8 3155
1 4 9 6078
1 4 10 6229
1 4 11 2173
1 4 12 5169
1 4 13 5373
1 4 14 1685
1 5 0 6693
1 5 1 0
1 5 2 9047
1 5 3 8322
1 5 4 8090
1 5 5 0
1 5 6 5167
1 5 7 5926
1 5 8 5934
1 5 9 5759
1 5 10 6526
1 5 11 9597
1 5 12 8937
1 5 13 5978
1 5 14 5437
1 6 0 2434
1 6 1 0
1 6 2 8430
1 6 3 6007
1 6 4 7624
1 6 5 5105
1 6 6 0
1 6 7 8574
1 6 8 8403
1 6 9 6448
1 6 10 8250
1 6 11 7559
1 6 12 8309
1 6 13 8684
1 6 14 7012
1 7 0 4627
1 7 1 0
1 7 2 5159
1 7 3 7519
1 7 4 4827
1 7 5 8453
1 7 6 4263
1 7 7 0
1 7 8 6396
1 7 9 5905
1 7 10 3879
1 7 11 7391
1 7 12 6528
1 7 13 6762
1 7 14 5882
1 8 0 5408
1 8 1 0
1 8 2 7503
1 8 3 7318
1 8 4 7801
1 8 5 5661
1 8 6 4820
1 8 7 5659
1 8 8 0
1 8 9 6299
1 8 10 3311
1 8 11 7177
1 8 12 4669
1 8 13 6407
1 8 14 7105
1 9 0 5565
1 9 1 0
1 9 2 6895
1 9 3 2894
1 9 4 3480
1 9 5 5750
1 9 6 7534
1 9 7 6660
1 9 8 4085
1 9 9 0
1 9 10 7206
1 9 11 7380
1 9 12 3355
1 9 13 6570
1 9 14 2908
1 10 0 2866
1 10 1 0
1 10 2 8719
1 10 3 8887
1 10 4 6601
1 10 5 6301
1 10 6 4897
1 10 7 7152
1 10 8 6192
1 10 9 6858
1 10 10 0
1 10 11 4502
1 10 12 7068
1 10 13 6352
1 10 14 8622
1 11 0 6532
1 11 1 0
1 11 2 5833
1 11 3 7918
1 11 4 8890
1 11 5 6093
1 11 6 7236
1 11 7 5348
1 11 8 9496
1 11 9 9629
1 11 10 8085
1 11 11 0
1 11 12 9142
1 11 13 6727
1 11 14 5477
1 12 0 7934
1 12 1 0
1 12 2 5464
1 12 3 4886
1 12 4 1033
1 12 5 3629
1 12 6 3642
1 12 7 2297
1 12 8 5335
1 12 9 1132
1 12 10 2406
1 12 11 597
1 12 12 0
1 12 13 5181
1 12 14 5139
1 13 0 6437
1 13 1 0
1 13 2 2320
1 13 3 3306
1 13 4 5037
1 13 5 3310
1 13 6 3614
1 13 7 2397
1 13 8 1400
1 13 9 3673
1 13 10 4066
1 13 11 3818
1 13 12 1769
1 13 13 0
1 13 14 1775
1 14 0 4208
1 14 1 0
1 14 2 7484
1 14 3 6060
1 14 4 6735
1 14 5 6176
1 14 6 6888
1 14 7 7561
1 14 8 4390
1 14 9 3660
1 14 10 4128
1 14 11 6365
1 14 12 6742
1 14 13 3964
1 14 14 0
2 0 0 0
2 0 1 6496
2 0 2 0
2 0 3 3436
2 0 4 5280
2 0 5 7569
2 0 6 5024
2 0 7 6822
2 0 8 6532
2 0 9 7006
2 0 10 5753
2 0 11 5641
2 0 12 7807
2 0 13 7671
2 0 14 6332
2 1 0 5537
2 1 1 0
2 1 2 0
2 1 3 2819
2 1 4 3363
2 1 5 6762
2 1 6 5697
2 1 7 5572
2 1 8 5217
2 1 9 4469
2 1 10 6289
2 1 11 6805
2 1 12 2490
2 1 13 3137
2 1 14 4778
2 2 0 0
2 2 1 0
2 2 2 0
2 2 3 0
2 2 4 0
2 2 5 0
2 2 6 0
2 2 7 0
2 2 8 0
2 2 9 0
2 2 10 0
2 2 11 0
2 2 12 0
2 2 13 0
2 2 14 0
2 3 0 1593
2 3 1 2111
2 3 2 0
2 3 3 0
2 3 4 5375
2 3 5 4959
2 3 6 4929
2 3 7 2335
2 3 8 2650
2 3 9 2682
2 3 10 3268
2 3 11 1963
2 3 12 3948
2 3 13 4868
2 3 14 885
2 4 0 5314
2 4 1 4532
2 4 2 0
2 4 3 4546
2 4 4 0
2 4 5 5593
2 4 6 5058
2 4 7 4530
2 4 8 5890
2 4 9 8813
2 4 10 8964
2 4 11 4908
2 4 12 7904
2 4 13 8108
2 4 14 4420
2 5 0 8719
2 5 1 9047
2 5 2 0
2 5 3 4515
2 5 4 4283
2 5 5 0
2 5 6 1360
2 5 7 2119
2 5 8 2127
2 5 9 1952
2 5 10 2719
2 5 11 5790
2 5 12 5130
2 5 13 2171
2 5 14 1630
2 6 0 6622
2 6 1 8430
2 6 2 0
2 6 3 4826
2 6 4 6443
2 6 5 3924
2 6 6 0
2 6 7 7393
2 6 8 7222
2 6 9 5267
2 6 10 7069
2 6 11 6378
2 6 12 7128
2 6 13 7503
2 6 14 5831
2 7 0 5274
2 7 1 5159
2 7 2 0
2 7 3 7885
2 7 4 5193
2 7 5 8819
2 7 6 4629
2 7 7 0
2 7 8 6762
2 7 9 6271
2 7 10 4245
2 7 11 7757
2 7 12 6894
2 7 13 7128
2 7 14 6248
2 8 0 7683
2 8 1 7503
2 8 2 0
2 8 3 8345
2 8 4 8828
2 8 5 6688
2 8 6 5847
2 8 7 6686
2 8 8 0
2 8 9 7326
2 8 10 4338
2 8 11 8204
2 8 12 5696
2 8 13 7434
2 8 14 8132
2 9 0 8297
2 9 1 6895
2 9 2 0
2 9 3 1363
2 9 4 1949
2 9 5 4219
2 9 6 6003
2 9 7 5129
2 9 8 2554
2 9 9 0
2 9 10 5675
2 9 11 5849
2 9 12 1824
2 9 13 5039
2 9 14 1377
2 10 0 7048
2 10 1 8719
2 10 2 0
2 10 3 8201
2 10 4 5915
2 10 5 5615
2 10 6 4211
2 10 7 6466
2 10 8 5506
2 10 9 6172
2 10 10 0
2 10 11 3816
2 10 12 6382
2 10 13 5666
2 10 14 7936
2 11 0 3534
2 11 1 5833
2 11 2 0
2 11 3 7120
2 11 4 8092
2 11 5 5295
2 11 6 6438
2 11 7 4550
2 11 8 8698
2 11 9 8831
2 11 10 7287
2 11 11 0
2 11 12 8344
2 11 13 5929
2 11 14 4679
2 12 0 9646
2 12 1 5464
2 12 2 0
2 12 3 4942
2 12 4 1089
2 12 5 3685
2 12 6 3698
2 12 7 2353
2 12 8 5391
2 12 9 1188
2 12 10 2462
2 12 11 653
2 12 12 0
2 12 13 5237
2 12 14 5195
2 13 0 5719
2 13 1 2320
2 13 2 0
2 13 3 3502
2 13 4 5233
2 13 5 3506
2 13 6 3810
2 13 7 2593
2 13 8 1596
2 13 9 3869
2 13 10 4262
2 13 11 4014
2 13 12 1965
2 13 13 0
2 13 14 1971
2 14 0 7903
2 14 1 7484
2 14 2 0
2 14 3 3532
2 14 4 4207
2 14 5 3648
2 14 6 4360
2 14 7 5033
2 14 8 1862
2 14 9 1132
2 14 10 1600
2 14 11 3837
2 14 12 4214
2 14 13 1436
2 14 14 0
3 0 0 0
3 0 1 4671
3 0 2 3436
3 0 3 0
3 0 4 3142
3 0 5 5431
3 0 6 2886
3 0 7 4684
3 0 8 4394
3 0 9 4868
3 0 10 3615
3 0 11 3503
3 0 12 5669
3 0 13 5533
3 0 14 4194
3 1 0 4512
3 1 1 0
3 1 2 2819
3 1 3 0
3 1 4 2834
3 1 5 6233
3 1 6 5168
3 1 7 5043
3 1 8 4688
3 1 9 3940
3 1 10 5760
3 1 11 6276
3 1 12 1961
3 1 13 2608
3 1 14 4249
3 2 0 3030
3 2 1 2748
3 2 2 0
3 2 3 0
3 2 4 5390
3 2 5 2247
3 2 6 3808
3 2 7 5230
3 2 8 5536
3 2 9 2230
3 2 10 4895
3 2 11 5299
3 2 12 1838
3 2 13 2625
3 2 14 1542
3 3 0 0
3 3 1 0
3 3 2 0
3 3 3 0
3 3 4 0
3 3 5 0
3 3 6 0
3 3 7 0
3 3 8 0
3 3 9 0
3 3 10 0
3 3 11 0
3 3 12 0
3 3 13 0
3 3 14 0
3 4 0 2593
3 4 1 1811
3 4 2 4546
3 4 3 0
3 4 4 0
3 4 5 5966
3 4 6 5431
3 4 7 4903
3 4 8 6263
3 4 9 9186
3 4 10 9337
3 4 11 5281
3 4 12 8277
3 4 13 8481
3 4 14 4793
3 5 0 7994
3 5 1 8322
3 5 2 4515
3 5 3 0
3 5 4 7383
3 5 5 0
3 5 6 4460
3 5 7 5219
3 5 8 5227
3 5 9 5052
3 5 10 5819
3 5 11 8890
3 5 12 8230
3 5 13 5271
3 5 14 4730
3 6 0 4199
3 6 1 6007
3 6 2 4826
3 6 3 0
3 6 4 7952
3 6 5 5433
3 6 6 0
3 6 7 8902
3 6 8 8731
3 6 9 6776
3 6 10 8578
3 6 11 7887
3 6 12 8637
3 6 13 9012
3 6 14 7340
3 7 0 7634
3 7 1 7519
3 7 2 7885
3 7 3 0
3 7 4 2686
3 7 5 6312
3 7 6 2122
3 7 7 0
3 7 8 4255
3 7 9 3764
3 7 10 1738
3 7 11 5250
3 7 12 4387
3 7 13 4621
3 7 14 3741
3 8 0 7498
3 8 1 7318
3 8 2 8345
3 8 3 0
3 8 4 6330
3 8 5 4190
3 8 6 3349
3 8 7 4188
3 8 8 0
3 8 9 4828
3 8 10 1840
3 8 11 5706
3 8 12 3198
3 8 13 4936
3 8 14 5634
3 9 0 4296
3 9 1 2894
3 9 2 1363
3 9 3 0
3 9 4 2789
3 9 5 5059
3 9 6 6843
3 9 7 5969
3 9 8 3394
3 9 9 0
3 9 10 6515
3 9 11 6689
3 9 12 2664
3 9 13 5879
3 9 14 2217
3 10 0 7216
3 10 1 8887
3 10 2 8201
3 10 3 0
3 10 4 4676
3 10 5 4376
3 10 6 2972
3 10 7 5227
3 10 8 4267
3 10 9 4933
3 10 10 0
3 10 11 2577
3 10 12 5143
3 10 13 4427
3 10 14 6697
3 11 0 5619
3 11 1 7918
3 11 2 7120
3 11 3 0
3 11 4 5144
3 11 5 2347
3 11 6 3490
3 11 7 1602
3 11 8 5750
3 11 9 5883
3 11 10 4339
3 11 11 0
3 11 12 5396
3 11 13 2981
3 11 14 1731
3 12 0 9068
3 12 1 4886
3 12 2 4942
3 12 3 0
3 12 4 3587
3 12 5 6183
3 12 6 6196
3 12 7 4851
3 12 8 7889
3 12 9 3686
3 12 10 4960
3 12 11 3151
3 12 12 0
3 12 13 7735
3 12 14 7693
3 13 0 6705
3 13 1 3306
3 13 2 3502
3 13 3 0
3 13 4 7864
3 13 5 6137
3 13 6 6441
3 13 7 5224
3 13 8 4227
3 13 9 6500
3 13 10 6893
3 13 11 6645
3 13 12 4596
3 13 13 0
3 13 14 4602
3 14 0 6479
3 14 1 6060
3 14 2 3532
3 14 3 0
3 14 4 3938
3 14 5 3379
3 14 6 4091
3 14 7 4764
3 14 8 1593
3 14 9 863
3 14 10 1331
3 14 11 3568
3 14 12 3945
3 14 13 1167
3 14 14 0
4 0 0 0
4 0 1 6515
4 0 2 5280
4 0 3 3142
4 0 4 0
4 0 5 8635
4 0 6 6090
4 0 7 7888
4 0 8 7598
4 0 9 8072
4 0 10 6819
4 0 11 6707
4 0 12 8873
4 0 13 8737
4 0 14 7398
4 1 0 5056
4 1 1 0
4 1 2 3363
4 1 3 2834
4 1 4 0
4 1 5 8509
4 1 6 7444
4 1 7 7319
4 1 8 6964
4 1 9 6216
4 1 10 8036
4 1 11 8552
4 1 12 4237
4 1 13 4884
4 1 14 6525
4 2 0 6406
4 2 1 6124
4 2 2 0
4 2 3 5390
4 2 4 0
4 2 5 4124
4 2 6 5685
4 2 7 7107
4 2 8 7413
4 2 9 4107
4 2 10 6772
4 2 11 7176
4 2 12 3715
4 2 13 4502
4 2 14 3419
4 3 0 4954
4 3 1 5472
4 3 2 5375
4 3 3 0
4 3 4 0
4 3 5 4503
4 3 6 4473
4 3 7 1879
4 3 8 2194
4 3 9 2226
4 3 10 2812
4 3 11 1507
4 3 12 3492
4 3 13 4412
4 3 14 429
4 4 0 0
4 4 1 0
4 4 2 0
4 4 3 0
4 4 4 0
4 4 5 0
4 4 6 0
4 4 7 0
4 4 8 0
4 4 9 0
4 4 10 0
4 4 11 0
4 4 12 0
4 4 13 0
4 4 14 0
4 5 0 7762
4 5 1 8090
4 5 2 4283
4 5 3 7383
4 5 4 0
4 5 5 0
4 5 6 1718
4 5 7 2477
4 5 8 2485
4 5 9 2310
4 5 10 3077
4 5 11 6148
4 5 12 5488
4 5 13 2529
4 5 14 1988
4 6 0 5816
4 6 1 7624
4 6 2 6443
4 6 3 7952
4 6 4 0
4 6 5 2186
4 6 6 0
4 6 7 5655
4 6 8 5484
4 6 9 3529
4 6 10 5331
4 6 11 4640
4 6 12 5390
4 6 13 5765
4 6 14 4093
4 7 0 4942
4 7 1 4827
4 7 2 5193
4 7 3 2686
4 7 4 0
4 7 5 5131
4 7 6 941
4 7 7 0
4 7 8 3074
4 7 9 2583
4 7 10 557
4 7 11 4069
4 7 12 3206
4 7 13 3440
4 7 14 2560
4 8 0 7981
4 8 1 7801
4 8 2 8828
4 8 3 6330
4 8 4 0
4 8 5 4054
4 8 6 3213
4 8 7 4052
4 8 8 0
4 8 9 4692
4 8 10 1704
4 8 11 5570
4 8 12 3062
4 8 13 4800
4 8 14 5498
4 9 0 4882
4 9 1 3480
4 9 2 1949
4 9 3 2789
4 9 4 0
4 9 5 7814
4 9 6 9598
4 9 7 8724
4 9 8 6149
4 9 9 0
4 9 10 9270
4 9 11 9444
4 9 12 5419
4 9 13 8634
4 9 14 4972
4 10 0 4930
4 10 1 6601
4 10 2 5915
4 10 3 4676
4 10 4 0
4 10 5 6696
4 10 6 5292
4 10 7 7547
4 10 8 6587
4 10 9 7253
4 10 10 0
4 10 11 4897
4 10 12 7463
4 10 13 6747
4 10 14 9017
4 11 0 6591
4 11 1 8890
4 11 2 8092
4 11 3 5144
4 11 4 0
4 11 5 1916
4 11 6 3059
4 11 7 1171
4 11 8 5319
4 11 9 5452
4 11 10 3908
4 11 11 0
4 11 12 4965
4 11 13 2550
4 11 14 1300
4 12 0 5215
4 12 1 1033
4 12 2 1089
4 12 3 3587
4 12 4 0
4 12 5 6763
4 12 6 6776
4 12 7 5431
4 12 8 8469
4 12 9 4266
4 12 10 5540
4 12 11 3731
4 12 12 0
4 12 13 8315
4 12 14 8273
4 13 0 8436
4 13 1 5037
4 13 2 5233
4 13 3 7864
4 13 4 0
4 13 5 6001
4 13 6 6305
4 13 7 5088
4 13 8 4091
4 13 9 6364
4 13 10 6757
4 13 11 6509
4 13 12 4460
4 13 13 0
4 13 14 4466
4 14 0 7154
4 14 1 6735
4 14 2 4207
4 14 3 3938
4 14 4 0
4 14 5 3538
4 14 6 4250
4 14 7 4923
4 14 8 1752
4 14 9 1022
4 14 10 1490
4 14 11 3727
4 14 12 4104
4 14 13 1326
4 14 14 0
5 0 0 0
5 0 1 8804
5 0 2 7569
5 0 3 5431
5 0 4 8635
5 0 5 0
5 0 6 5303
5 0 7 7101
5 0 8 6811
5 0 9 7285
5 0 10 6032
5 0 11 5920
5 0 12 8086
5 0 13 7950
5 0 14 6611
5 1 0 8455
5 1 1 0
5 1 2 6762
5 1 3 6233
5 1 4 8509
5 1 5 0
5 1 6 5956
5 1 7 5831
5 1 8 5476
5 1 9 4728
5 1 10 6548
5 1 11 7064
5 1 12 2749
5 1 13 3396
5 1 14 5037
5 2 0 3263
5 2 1 2981
5 2 2 0
5 2 3 2247
5 2 4 4124
5 2 5 0
5 2 6 6801
5 2 7 8223
5 2 8 8529
5 2 9 5223
5 2 10 7888
5 2 11 8292
5 2 12 4831
5 2 13 5618
5 2 14 4535
5 3 0 4538
5 3 1 5056
5 3 2 4959
5 3 3 0
5 3 4 4503
5 3 5 0
5 3 6 7585
5 3 7 4991
5 3 8 5306
5 3 9 5338
5 3 10 5924
5 3 11 4619
5 3 12 6604
5 3 13 7524
5 3 14 3541
5 4 0 3640
5 4 1 2858
5 4 2 5593
5 4 3 5966
5 4 4 0
5 4 5 0
5 4 6 4106
5 4 7 3578
5 4 8 4938
5 4 9 7861
5 4 10 8012
5 4 11 3956
5 4 12 6952
5 4 13 7156
5 4 14 3468
5 5 0 0
5 5 1 0
5 5 2 0
5 5 3 0
5 5 4 0
5 5 5 0
5 5 6 0
5 5 7 0
5 5 8 0
5 5 9 0
5 5 10 0
5 5 11 0
5 5 12 0
5 5 13 0
5 5 14 0
5 6 0 3297
5 6 1 5105
5 6 2 3924
5 6 3 5433
5 6 4 2186
5 6 5 0
5 6 6 0
5 6 7 5100
5 6 8 4929
5 6 9 2974
5 6 10 4776
5 6 11 4085
5 6 12 4835
5 6 13 5210
5 6 14 3538
5 7 0 8568
5 7 1 8453
5 7 2 8819
5 7 3 6312
5 7 4 5131
5 7 5 0
5 7 6 1673
5 7 7 0
5 7 8 3806
5 7 9 3315
5 7 10 1289
5 7 11 4801
5 7 12 3938
5 7 13 4172
5 7 14 3292
5 8 0 5841
5 8 1 5661
5 8 2 6688
5 8 3 4190
5 8 4 4054
5 8 5 0
5 8 6 2593
5 8 7 3432
5 8 8 0
5 8 9 4072
5 8 10 1084
5 8 11 4950
5 8 12 2442
5 8 13 4180
5 8 14 4878
5 9 0 7152
5 9 1 5750
5 9 2 4219
5 9 3 5059
5 9 4 7814
5 9 5 0
5 9 6 5880
5 9 7 5006
5 9 8 2431
5 9 9 0
5 9 10 5552
5 9 11 5726
5 9 12 1701
5 9 13 4916
5 9 14 1254
5 10 0 4630
5 10 1 6301
5 10 2 5615
5 10 3 4376
5 10 4 6696
5 10 5 0
5 10 6 2190
5 10 7 4445
5 10 8 3485
5 10 9 4151
5 10 10 0
5 10 11 1795
5 10 12 4361
5 10 13 3645
5 10 14 5915
5 11 0 3794
5 11 1 6093
5 11 2 5295
5 11 3 2347
5 11 4 1916
5 11 5 0
5 11 6 7084
5 11 7 5196
5 11 8 9344
5 11 9 9477
5 11 10 7933
5 11 11 0
5 11 12 8990
5 11 13 6575
5 11 14 5325
5 12 0 7811
5 12 1 3629
5 12 2 3685
5 12 3 6183
5 12 4 6763
5 12 5 0
5 12 6 7145
5 12 7 5800
5 12 8 8838
5 12 9 4635
5 12 10 5909
5 12 11 4100
5 12 12 0
5 12 13 8684
5 12 14 8642
5 13 0 6709
5 13 1 3310
5 13 2 3506
5 13 3 6137
5 13 4 6001
5 13 5 0
5 13 6 3511
5 13 7 2294
5 13 8 1297
5 13 9 3570
5 13 10 3963
5 13 11 3715
5 13 12 1666
5 13 13 0
5 13 14 1672
5 14 0 6595
5 14 1 6176
5 14 2 3648
5 14 3 3379
5 14 4 3538
5 14 5 0
5 14 6 4603
5 14 7 5276
5 14 8 2105
5 14 9 1375
5 14 10 1843
5 14 11 4080
5 14 12 4457
5 14 13 1679
5 14 14 0
6 0 0 0
6 0 1 6259
6 0 2 5024
6 0 3 2886
6 0 4 6090
6 0 5 5303
6 0 6 0
6 0 7 8694
6 0 8 8404
6 0 9 8878
6 0 10 7625
6 0 11 7513
6 0 12 9679
6 0 13 9543
6 0 14 8204
6 1 0 7390
6 1 1 0
6 1 2 5697
6 1 3 5168
6 1 4 7444
6 1 5 5956
6 1 6 0
6 1 7 4117
6 1 8 3762
6 1 9 3014
6 1 10 4834
6 1 11 5350
6 1 12 1035
6 1 13 1682
6 1 14 3323
6 2 0 4824
6 2 1 4542
6 2 2 0
6 2 3 3808
6 2 4 5685
6 2 5 6801
6 2 6 0
6 2 7 8671
6 2 8 8977
6 2 9 5671
6 2 10 8336
6 2 11 8740
6 2 12 5279
6 2 13 6066
6 2 14 4983
6 3 0 4508
6 3 1 5026
6 3 2 4929
6 3 3 0
6 3 4 4473
6 3 5 7585
6 3 6 0
6 3 7 3741
6 3 8 4056
6 3 9 4088
6 3 10 4674
6 3 11 3369
6 3 12 5354
6 3 13 6274
6 3 14 2291
6 4 0 3105
6 4 1 2323
6 4 2 5058
6 4 3 5431
6 4 4 0
6 4 5 4106
6 4 6 0
6 4 7 4177
6 4 8 5537
6 4 9 8460
6 4 10 8611
6 4 11 4555
6 4 12 7551
6 4 13 7755
6 4 14 4067
6 5 0 4839
6 5 1 5167
6 5 2 1360
6 5 3 4460
6 5 4 1718
6 5 5 0
6 5 6 0
6 5 7 2390
6 5 8 2398
6 5 9 2223
6 5 10 2990
6 5 11 6061
6 5 12 5401
6 5 13 2442
6 5 14 1901
6 6 0 0
6 6 1 0
6 6 2 0
6 6 3 0
6 6 4 0
6 6 5 0
6 6 6 0
6 6 7 0
6 6 8 0
6 6 9 0
6 6 10 0
6 6 11 0
6 6 12 0
6 6 13 0
6 6 14 0
6 7 0 4378
6 7 1 4263
6 7 2 4629
6 7 3 2122
6 7 4 941
6 7 5 1673
6 7 6 0
6 7 7 0
6 7 8 7519
6 7 9 7028
6 7 10 5002
6 7 11 8514
6 7 12 7651
6 7 13 7885
6 7 14 7005
6 8 0 5000
6 8 1 4820
6 8 2 5847
6 8 3 3349
6 8 4 3213
6 8 5 2593
6 8 6 0
6 8 7 6966
6 8 8 0
6 8 9 7606
6 8 10 4618
6 8 11 8484
6 8 12 5976
6 8 13 7714
6 8 14 8412
6 9 0 8936
6 9 1 7534
6 9 2 6003
6 9 3 6843
6 9 4 9598
6 9 5 5880
6 9 6 0
6 9 7 6760
6 9 8 4185
6 9 9 0
6 9 10 7306
6 9 11 7480
6 9 12 3455
6 9 13 6670
6 9 14 3008
6 10 0 3226
6 10 1 4897
6 10 2 4211
6 10 3 2972
6 10 4 5292
6 10 5 2190
6 10 6 0
6 10 7 7234
6 10 8 6274
6 10 9 6940
6 10 10 0
6 10 11 4584
6 10 12 7150
6 10 13 6434
6 10 14 8704
6 11 0 4937
6 11 1 7236
6 11 2 6438
6 11 3 3490
6 11 4 3059
6 11 5 7084
6 11 6 0
6 11 7 4223
6 11 8 8371
6 11 9 8504
6 11 10 6960
6 11 11 0
6 11 12 8017
6 11 13 5602
6 11 14 4352
6 12 0 7824
6 12 1 3642
6 12 2 3698
6 12 3 6196
6 12 4 6776
6 12 5 7145
6 12 6 0
6 12 7 6237
6 12 8 9275
6 12 9 5072
6 12 10 6346
6 12 11 4537
6 12 12 0
6 12 13 9121
6 12 14 9079
6 13 0 7013
6 13 1 3614
6 13 2 3810
6 13 3 6441
6 13 4 6305
6 13 5 3511
6 13 6 0
6 13 7 6065
6 13 8 5068
6 13 9 7341
6 13 10 7734
6 13 11 7486
6 13 12 5437
6 13 13 0
6 13 14 5443
6 14 0 7307
6 14 1 6888
6 14 2 4360
6 14 3 4091
6 14 4 4250
6 14 5 4603
6 14 6 0
6 14 7 7916
6 14 8 4745
6 14 9 4015
6 14 10 4483
6 14 11 6720
6 14 12 7097
6 14 13 4319
6 14 14 0
7 0 0 0
7 0 1 8057
7 0 2 6822
7 0 3 4684
7 0 4 7888
7 0 5 7101
7 0 6 8694
7 0 7 0
7 0 8 4081
7 0 9 4555
7 0 10 3302
7 0 11 3190
7 0 12 5356
7 0 13 5220
7 0 14 3881
7 1 0 7265
7 1 1 0
7 1 2 5572
7 1 3 5043
7 1 4 7319
7 1 5 5831
7 1 6 4117
7 1 7 0
7 1 8 4157
7 1 9 3409
7 1 10 5229
7 1 11 5745
7 1 12 1430
7 1 13 2077
7 1 14 3718
7 2 0 6246
7 2 1 5964
7 2 2 0
7 2 3 5230
7 2 4 7107
7 2 5 8223
7 2 6 8671
7 2 7 0
7 2 8 5831
7 2 9 2525
7 2 10 5190
7 2 11 5594
7 2 12 2133
7 2 13 2920
7 2 14 1837
7 3 0 1914
7 3 1 2432
7 3 2 2335
7 3 3 0
7 3 4 1879
7 3 5 4991
7 3 6 3741
7 3 7 0
7 3 8 5693
7 3 9 5725
7 3 10 6311
7 3 11 5006
7 3 12 6991
7 3 13 7911
7 3 14 3928
7 4 0 2577
7 4 1 1795
7 4 2 4530
7 4 3 4903
7 4 4 0
7 4 5 3578
7 4 6 4177
7 4 7 0
7 4 8 2865
7 4 9 5788
7 4 10 5939
7 4 11 1883
7 4 12 4879
7 4 13 5083
7 4 14 1395
7 5 0 5598
7 5 1 5926
7 5 2 2119
7 5 3 5219
7 5 4 2477
7 5 5 0
7 5 6 2390
7 5 7 0
7 5 8 5871
7 5 9 5696
7 5 10 6463
7 5 11 9534
7 5 12 8874
7 5 13 5915
7 5 14 5374
7 6 0 6766
7 6 1 8574
7 6 2 7393
7 6 3 8902
7 6 4 5655
7 6 5 5100
7 6 6 0
7 6 7 0
7 6 8 5215
7 6 9 3260
7 6 10 5062
7 6 11 4371
7 6 12 5121
7 6 13 5496
7 6 14 3824
7 7 0 0
7 7 1 0
7 7 2 0
7 7 3 0
7 7 4 0
7 7 5 0
7 7 6 0
7 7 7 0
7 7 8 0
7 7 9 0
7 7 10 0
7 7 11 0
7 7 12 0
7 7 13 0
7 7 14 0
7 8 0 5839
7 8 1 5659
7 8 2 6686
7 8 3 4188
7 8 4 4052
7 8 5 3432
7 8 6 6966
7 8 7 0
7 8 8 0
7 8 9 5724
7 8 10 2736
7 8 11 6602
7 8 12 4094
7 8 13 5832
7 8 14 6530
7 9 0 8062
7 9 1 6660
7 9 2 5129
7 9 3 5969
7 9 4 8724
7 9 5 5006
7 9 6 6760
7 9 7 0
7 9 8 3767
7 9 9 0
7 9 10 6888
7 9 11 7062
7 9 12 3037
7 9 13 6252
7 9 14 2590
7 10 0 5481
7 10 1 7152
7 10 2 6466
7 10 3 5227
7 10 4 7547
7 10 5 4445
7 10 6 7234
7 10 7 0
7 10 8 2028
7 10 9 2694
7 10 10 0
7 10 11 338
7 10 12 2904
7 10 13 2188
7 10 14 4458
7 11 0 3049
7 11 1 5348
7 11 2 4550
7 11 3 1602
7 11 4 1171
7 11 5 5196
7 11 6 4223
7 11 7 0
7 11 8 8328
7 11 9 8461
7 11 10 6917
7 11 11 0
7 11 12 7974
7 11 13 5559
7 11 14 4309
7 12 0 6479
7 12 1 2297
7 12 2 2353
7 12 3 4851
7 12 4 5431
7 12 5 5800
7 12 6 6237
7 12 7 0
7 12 8 7619
7 12 9 3416
7 12 10 4690
7 12 11 2881
7 12 12 0
7 12 13 7465
7 12 14 7423
7 13 0 5796
7 13 1 2397
7 13 2 2593
7 13 3 5224
7 13 4 5088
7 13 5 2294
7 13 6 6065
7 13 7 0
7 13 8 3271
7 13 9 5544
7 13 10 5937
7 13 11 5689
7 13 12 3640
7 13 13 0
7 13 14 3646
7 14 0 7980
7 14 1 7561
7 14 2 5033
7 14 3 4764
7 14 4 4923
7 14 5 5276
7 14 6 7916
7 14 7 0
7 14 8 3740
7 14 9 3010
7 14 10 3478
7 14 11 5715
7 14 12 6092
7 14 13 3314
7 14 14 0
8 0 0 0
8 0 1 7767
8 0 2 6532
8 0 3 4394
8 0 4 7598
8 0 5 6811
8 0 6 8404
8 0 7 4081
8 0 8 0
8 0 9 8439
8 0 10 7186
8 0 11 7074
8 0 12 9240
8 0 13 9104
8 0 14 7765
8 1 0 6910
8 1 1 0
8 1 2 5217
8 1 3 4688
8 1 4 6964
8 1 5 5476
8 1 6 3762
8 1 7 4157
8 1 8 0
8 1 9 4480
8 1 10 6300
8 1 11 6816
8 1 12 2501
8 1 13 3148
8 1 14 4789
8 2 0 6552
8 2 1 6270
8 2 2 0
8 2 3 5536
8 2 4 7413
8 2 5 8529
8 2 6 8977
8 2 7 5831
8 2 8 0
8 2 9 5224
8 2 10 7889
8 2 11 8293
8 2 12 4832
8 2 13 5619
8 2 14 4536
8 3 0 2229
8 3 1 2747
8 3 2 2650
8 3 3 0
8 3 4 2194
8 3 5 5306
8 3 6 4056
8 3 7 5693
8 3 8 0
8 3 9 5879
8 3 10 6465
8 3 11 5160
8 3 12 7145
8 3 13 8065
8 3 14 4082
8 4 0 3937
8 4 1 3155
8 4 2 5890
8 4 3 6263
8 4 4 0
8 4 5 4938
8 4 6 5537
8 4 7 2865
8 4 8 0
8 4 9 9117
8 4 10 9268
8 4 11 5212
8 4 12 8208
8 4 13 8412
8 4 14 4724
8 5 0 5606
8 5 1 5934
8 5 2 2127
8 5 3 5227
8 5 4 2485
8 5 5 0
8 5 6 2398
8 5 7 5871
8 5 8 0
8 5 9 3259
8 5 10 4026
8 5 11 7097
8 5 12 6437
8 5 13 3478
8 5 14 2937
8 6 0 6595
8 6 1 8403
8 6 2 7222
8 6 3 8731
8 6 4 5484
8 6 5 4929
8 6 6 0
8 6 7 5215
8 6 8 0
8 6 9 4172
8 6 10 5974
8 6 11 5283
8 6 12 6033
8 6 13 6408
8 6 14 4736
8 7 0 6511
8 7 1 6396
8 7 2 6762
8 7 3 4255
8 7 4 3074
8 7 5 3806
8 7 6 7519
8 7 7 0
8 7 8 0
8 7 9 4593
8 7 10 2567
8 7 11 6079
8 7 12 5216
8 7 13 5450
8 7 14 4570
8 8 0 0
8 8 1 0
8 8 2 0
8 8 3 0
8 8 4 0
8 8 5 0
8 8 6 0
8 8 7 0
8 8 8 0
8 8 9 0
8 8 10 0
8 8 11 0
8 8 12 0
8 8 13 0
8 8 14 0
8 9 0 5487
8 9 1 4085
8 9 2 2554
8 9 3 3394
8 9 4 6149
8 9 5 2431
8 9 6 4185
8 9 7 3767
8 9 8 0
8 9 9 0
8 9 10 7637
8 9 11 7811
8 9 12 3786
8 9 13 7001
8 9 14 3339
8 10 0 4521
8 10 1 6192
8 10 2 5506
8 10 3 4267
8 10 4 6587
8 10 5 3485
8 10 6 6274
8 10 7 2028
8 10 8 0
8 10 9 2481
8 10 10 0
8 10 11 125
8 10 12 2691
8 10 13 1975
8 10 14 4245
8 11 0 7197
8 11 1 9496
8 11 2 8698
8 11 3 5750
8 11 4 5319
8 11 5 9344
8 11 6 8371
8 11 7 8328
8 11 8 0
8 11 9 8602
8 11 10 7058
8 11 11 0
8 11 12 8115
8 11 13 5700
8 11 14 4450
8 12 0 9517
8 12 1 5335
8 12 2 5391
8 12 3 7889
8 12 4 8469
8 12 5 8838
8 12 6 9275
8 12 7 7619
8 12 8 0
8 12 9 1912
8 12 10 3186
8 12 11 1377
8 12 12 0
8 12 13 5961
8 12 14 5919
8 13 0 4799
8 13 1 1400
8 13 2 1596
8 13 3 4227
8 13 4 4091
8 13 5 1297
8 13 6 5068
8 13 7 3271
8 13 8 0
8 13 9 5544
8 13 10 5937
8 13 11 5689
8 13 12 3640
8 13 13 0
8 13 14 3646
8 14 0 4809
8 14 1 4390
8 14 2 1862
8 14 3 1593
8 14 4 1752
8 14 5 2105
8 14 6 4745
8 14 7 3740
8 14 8 0
8 14 9 4588
8 14 10 5056
8 14 11 7293
8 14 12 7670
8 14 13 4892
8 14 14 0
9 0 0 0
9 0 1 8241
9 0 2 7006
9 0 3 4868
9 0 4 8072
9 0 5 7285
9 0 6 8878
9 0 7 4555
9 0 8 8439
9 0 9 0
9 0 10 6695
9 0 11 6583
9 0 12 8749
9 0 13 8613
9 0 14 7274
9 1 0 6162
9 1 1 0
9 1 2 4469
9 1 3 3940
9 1 4 6216
9 1 5 4728
9 1 6 3014
9 1 7 3409
9 1 8 4480
9 1 9 0
9 1 10 5983
9 1 11 6499
9 1 12 2184
9 1 13 2831
9 1 14 4472
9 2 0 3246
9 2 1 2964
9 2 2 0
9 2 3 2230
9 2 4 4107
9 2 5 5223
9 2 6 5671
9 2 7 2525
9 2 8 5224
9 2 9 0
9 2 10 8029
9 2 11 8433
9 2 12 4972
9 2 13 5759
9 2 14 4676
9 3 0 2261
9 3 1 2779
9 3 2 2682
9 3 3 0
9 3 4 2226
9 3 5 5338
9 3 6 4088
9 3 7 5725
9 3 8 5879
9 3 9 0
9 3 10 2789
9 3 11 1484
9 3 12 3469
9 3 13 4389
9 3 14 406
9 4 0 6860
9 4 1 6078
9 4 2 8813
9 4 3 9186
9 4 4 0
9 4 5 7861
9 4 6 8460
9 4 7 5788
9 4 8 9117
9 4 9 0
9 4 10 5695
9 4 11 1639
9 4 12 4635
9 4 13 4839
9 4 14 1151
9 5 0 5431
9 5 1 5759
9 5 2 1952
9 5 3 5052
9 5 4 2310
9 5 5 0
9 5 6 2223
9 5 7 5696
9 5 8 3259
9 5 9 0
9 5 10 4863
9 5 11 7934
9 5 12 7274
9 5 13 4315
9 5 14 3774
9 6 0 4640
9 6 1 6448
9 6 2 5267
9 6 3 6776
9 6 4 3529
9 6 5 2974
9 6 6 0
9 6 7 3260
9 6 8 4172
9 6 9 0
9 6 10 9436
9 6 11 8745
9 6 12 9495
9 6 13 9870
9 6 14 8198
9 7 0 6020
9 7 1 5905
9 7 2 6271
9 7 3 3764
9 7 4 2583
9 7 5 3315
9 7 6 7028
9 7 7 0
9 7 8 4593
9 7 9 0
9 7 10 4316
9 7 11 7828
9 7 12 6965
9 7 13 7199
9 7 14 6319
9 8 0 6479
9 8 1 6299
9 8 2 7326
9 8 3 4828
9 8 4 4692
9 8 5 4072
9 8 6 7606
9 8 7 5724
9 8 8 0
9 8 9 0
9 8 10 1528
9 8 11 5394
9 8 12 2886
9 8 13 4624
9 8 14 5322
9 9 0 0
9 9 1 0
9 9 2 0
9 9 3 0
9 9 4 0
9 9 5 0
9 9 6 0
9 9 7 0
9 9 8 0
9 9 9 0
9 9 10 0
9 9 11 0
9 9 12 0
9 9 13 0
9 9 14 0
9 10 0 5187
9 10 1 6858
9 10 2 6172
9 10 3 4933
9 10 4 7253
9 10 5 4151
9 10 6 6940
9 10 7 2694
9 10 8 2481
9 10 9 0
9 10 10 0
9 10 11 4768
9 10 12 7334
9 10 13 6618
9 10 14 8888
9 11 0 7330
9 11 1 9629
9 11 2 8831
9 11 3 5883
9 11 4 5452
9 11 5 9477
9 11 6 8504
9 11 7 8461
9 11 8 8602
9 11 9 0
9 11 10 8009
9 11 11 0
9 11 12 9066
9 11 13 6651
9 11 14 5401
9 12 0 5314
9 12 1 1132
9 12 2 1188
9 12 3 3686
9 12 4 4266
9 12 5 4635
9 12 6 5072
9 12 7 3416
9 12 8 1912
9 12 9 0
9 12 10 2620
9 12 11 811
9 12 12 0
9 12 13 5395
9 12 14 5353
9 13 0 7072
9 13 1 3673
9 13 2 3869
9 13 3 6500
9 13 4 6364
9 13 5 3570
9 13 6 7341
9 13 7 5544
9 13 8 5544
9 13 9 0
9 13 10 6848
9 13 11 6600
9 13 12 4551
9 13 13 0
9 13 14 4557
9 14 0 4079
9 14 1 3660
9 14 2 1132
9 14 3 863
9 14 4 1022
9 14 5 1375
9 14 6 4015
9 14 7 3010
9 14 8 4588
9 14 9 0
9 14 10 1607
9 14 11 3844
9 14 12 4221
9 14 13 1443
9 14 14 0
10 0 0 0
10 0 1 6988
10 0 2 5753
10 0 3 3615
10 0 4 6819
10 0 5 6032
10 0 6 7625
10 0 7 3302
10 0 8 7186
10 0 9 6695
10 0 10 0
10 0 11 6522
10 0 12 8688
10 0 13 8552
10 0 14 7213
10 1 0 7982
10 1 1 0
10 1 2 6289
10 1 3 5760
10 1 4 8036
10 1 5 6548
10 1 6 4834
10 1 7 5229
10 1 8 6300
10 1 9 5983
10 1 10 0
10 1 11 5053
10 1 12 738
10 1 13 1385
10 1 14 3026
10 2 0 5911
10 2 1 5629
10 2 2 0
10 2 3 4895
10 2 4 6772
10 2 5 7888
10 2 6 8336
10 2 7 5190
10 2 8 7889
10 2 9 8029
10 2 10 0
10 2 11 8437
10 2 12 4976
10 2 13 5763
10 2 14 4680
10 3 0 2847
10 3 1 3365
10 3 2 3268
10 3 3 0
10 3 4 2812
10 3 5 5924
10 3 6 4674
10 3 7 6311
10 3 8 6465
10 3 9 2789
10 3 10 0
10 3 11 5657
10 3 12 7642
10 3 13 8562
10 3 14 4579
10 4 0 7011
10 4 1 6229
10 4 2 8964
10 4 3 9337
10 4 4 0
10 4 5 8012
10 4 6 8611
10 4 7 5939
10 4 8 9268
10 4 9 5695
10 4 10 0
10 4 11 2940
10 4 12 5936
10 4 13 6140
10 4 14 2452
10 5 0 6198
10 5 1 6526
10 5 2 2719
10 5 3 5819
10 5 4 3077
10 5 5 0
10 5 6 2990
10 5 7 6463
10 5 8 4026
10 5 9 4863
10 5 10 0
10 5 11 6665
10 5 12 6005
10 5 13 3046
10 5 14 2505
10 6 0 6442
10 6 1 8250
10 6 2 7069
10 6 3 8578
10 6 4 5331
10 6 5 4776
10 6 6 0
10 6 7 5062
10 6 8 5974
10 6 9 9436
10 6 10 0
10 6 11 4288
10 6 12 5038
10 6 13 5413
10 6 14 3741
10 7 0 3994
10 7 1 3879
10 7 2 4245
10 7 3 1738
10 7 4 557
10 7 5 1289
10 7 6 5002
10 7 7 0
10 7 8 2567
10 7 9 4316
10 7 10 0
10 7 11 6500
10 7 12 5637
10 7 13 5871
10 7 14 4991
10 8 0 3491
10 8 1 3311
10 8 2 4338
10 8 3 1840
10 8 4 1704
10 8 5 1084
10 8 6 4618
10 8 7 2736
10 8 8 0
10 8 9 1528
10 8 10 0
10 8 11 5681
10 8 12 3173
10 8 13 4911
10 8 14 5609
10 9 0 8608
10 9 1 7206
10 9 2 5675
10 9 3 6515
10 9 4 9270
10 9 5 5552
10 9 6 7306
10 9 7 6888
10 9 8 7637
10 9 9 0
10 9 10 0
10 9 11 7298
10 9 12 3273
10 9 13 6488
10 9 14 2826
10 10 0 0
10 10 1 0
10 10 2 0
10 10 3 0
10 10 4 0
10 10 5 0
10 10 6 0
10 10 7 0
10 10 8 0
10 10 9 0
10 10 10 0
10 10 11 0
10 10 12 0
10 10 13 0
10 10 14 0
10 11 0 5786
10 11 1 8085
10 11 2 7287
10 11 3 4339
10 11 4 3908
10 11 5 7933
10 11 6 6960
10 11 7 6917
10 11 8 7058
10 11 9 8009
10 11 10 0
10 11 11 0
10 11 12 4368
10 11 13 1953
10 11 14 703
10 12 0 6588
10 12 1 2406
10 12 2 2462
10 12 3 4960
10 12 4 5540
10 12 5 5909
10 12 6 6346
10 12 7 4690
10 12 8 3186
10 12 9 2620
10 12 10 0
10 12 11 2704
10 12 12 0
10 12 13 7288
10 12 14 7246
10 13 0 7465
10 13 1 4066
10 13 2 4262
10 13 3 6893
10 13 4 6757
10 13 5 3963
10 13 6 7734
10 13 7 5937
10 13 8 5937
10 13 9 6848
10 13 10 0
10 13 11 4562
10 13 12 2513
10 13 13 0
10 13 14 2519
10 14 0 4547
10 14 1 4128
10 14 2 1600
10 14 3 1331
10 14 4 1490
10 14 5 1843
10 14 6 4483
10 14 7 3478
10 14 8 5056
10 14 9 1607
10 14 10 0
10 14 11 7738
10 14 12 8115
10 14 13 5337
10 14 14 0
11 0 0 0
11 0 1 6876
11 0 2 5641
11 0 3 3503
11 0 4 6707
11 0 5 5920
11 0 6 7513
11 0 7 3190
11 0 8 7074
11 0 9 6583
11 0 10 6522
11 0 11 0
11 0 12 7155
11 0 13 7019
11 0 14 5680
11 1 0 8498
11 1 1 0
11 1 2 6805
11 1 3 6276
11 1 4 8552
11 1 5 7064
11 1 6 5350
11 1 7 5745
11 1 8 6816
11 1 9 6499
11 1 10 5053
11 1 11 0
11 1 12 4516
11 1 13 5163
11 1 14 6804
11 2 0 6315
11 2 1 6033
11 2 2 0
11 2 3 5299
11 2 4 7176
11 2 5 8292
11 2 6 8740
11 2 7 5594
11 2 8 8293
11 2 9 8433
11 2 10 8437
11 2 11 0
11 2 12 1574
11 2 13 2361
11 2 14 1278
11 3 0 1542
11 3 1 2060
11 3 2 1963
11 3 3 0
11 3 4 1507
11 3 5 4619
11 3 6 3369
11 3 7 5006
11 3 8 5160
11 3 9 1484
11 3 10 5657
11 3 11 0
11 3 12 6157
11 3 13 7077
11 3 14 3094
11 4 0 2955
11 4 1 2173
11 4 2 4908
11 4 3 5281
11 4 4 0
11 4 5 3956
11 4 6 4555
11 4 7 1883
11 4 8 5212
11 4 9 1639
11 4 10 2940
11 4 11 0
11 4 12 7709
11 4 13 7913
11 4 14 4225
11 5 0 9269
11 5 1 9597
11 5 2 5790
11 5 3 8890
11 5 4 6148
11 5 5 0
11 5 6 6061
11 5 7 9534
11 5 8 7097
11 5 9 7934
11 5 10 6665
11 5 11 0
11 5 12 5281
11 5 13 2322
11 5 14 1781
11 6 0 5751
11 6 1 7559
11 6 2 6378
11 6 3 7887
11 6 4 4640
11 6 5 4085
11 6 6 0
11 6 7 4371
11 6 8 5283
11 6 9 8745
11 6 10 4288
11 6 11 0
11 6 12 6861
11 6 13 7236
11 6 14 5564
11 7 0 7506
11 7 1 7391
11 7 2 7757
11 7 3 5250
11 7 4 4069
11 7 5 4801
11 7 6 8514
11 7 7 0
11 7 8 6079
11 7 9 7828
11 7 10 6500
11 7 11 0
11 7 12 3317
11 7 13 3551
11 7 14 2671
11 8 0 7357
11 8 1 7177
11 8 2 8204
11 8 3 5706
11 8 4 5570
11 8 5 4950
11 8 6 8484
11 8 7 6602
11 8 8 0
11 8 9 5394
11 8 10 5681
11 8 11 0
11 8 12 5961
11 8 13 7699
11 8 14 8397
11 9 0 8782
11 9 1 7380
11 9 2 5849
11 9 3 6689
11 9 4 9444
11 9 5 5726
11 9 6 7480
11 9 7 7062
11 9 8 7811
11 9 9 0
11 9 10 7298
11 9 11 0
11 9 12 5528
11 9 13 8743
11 9 14 5081
11 10 0 2831
11 10 1 4502
11 10 2 3816
11 10 3 2577
11 10 4 4897
11 10 5 1795
11 10 6 4584
11 10 7 338
11 10 8 125
11 10 9 4768
11 10 10 0
11 10 11 0
11 10 12 5877
11 10 13 5161
11 10 14 7431
11 11 0 0
11 11 1 0
11 11 2 0
11 11 3 0
11 11 4 0
11 11 5 0
11 11 6 0
11 11 7 0
11 11 8 0
11 11 9 0
11 11 10 0
11 11 11 0
11 11 12 0
11 11 13 0
11 11 14 0
11 12 0 4779
11 12 1 597
11 12 2 653
11 12 3 3151
11 12 4 3731
11 12 5 4100
11 12 6 4537
11 12 7 2881
11 12 8 1377
11 12 9 811
11 12 10 2704
11 12 11 0
11 12 12 0
11 12 13 8846
11 12 14 8804
11 13 0 7217
11 13 1 3818
11 13 2 4014
11 13 3 6645
11 13 4 6509
11 13 5 3715
11 13 6 7486
11 13 7 5689
11 13 8 5689
11 13 9 6600
11 13 10 4562
11 13 11 0
11 13 12 2372
11 13 13 0
11 13 14 2378
11 14 0 6784
11 14 1 6365
11 14 2 3837
11 14 3 3568
11 14 4 3727
11 14 5 4080
11 14 6 6720
11 14 7 5715
11 14 8 7293
11 14 9 3844
11 14 10 7738
11 14 11 0
11 14 12 4454
11 14 13 1676
11 14 14 0
12 0 0 0
12 0 1 9042
12 0 2 7807
12 0 3 5669
12 0 4 8873
12 0 5 8086
12 0 6 9679
12 0 7 5356
12 0 8 9240
12 0 9 8749
12 0 10 8688
12 0 11 7155
12 0 12 0
12 0 13 9523
12 0 14 8184
12 1 0 4183
12 1 1 0
12 1 2 2490
12 1 3 1961
12 1 4 4237
12 1 5 2749
12 1 6 1035
12 1 7 1430
12 1 8 2501
12 1 9 2184
12 1 10 738
12 1 11 4516
12 1 12 0
12 1 13 4399
12 1 14 6040
12 2 0 2854
12 2 1 2572
12 2 2 0
12 2 3 1838
12 2 4 3715
12 2 5 4831
12 2 6 5279
12 2 7 2133
12 2 8 4832
12 2 9 4972
12 2 10 4976
12 2 11 1574
12 2 12 0
12 2 13 6307
12 2 14 5224
12 3 0 3527
12 3 1 4045
12 3 2 3948
12 3 3 0
12 3 4 3492
12 3 5 6604
12 3 6 5354
12 3 7 6991
12 3 8 7145
12 3 9 3469
12 3 10 7642
12 3 11 6157
12 3 12 0
12 3 13 8360
12 3 14 4377
12 4 0 5951
12 4 1 5169
12 4 2 7904
12 4 3 8277
12 4 4 0
12 4 5 6952
12 4 6 7551
12 4 7 4879
12 4 8 8208
12 4 9 4635
12 4 10 5936
12 4 11 7709
12 4 12 0
12 4 13 4371
12 4 14 683
12 5 0 8609
12 5 1 8937
12 5 2 5130
12 5 3 8230
12 5 4 5488
12 5 5 0
12 5 6 5401
12 5 7 8874
12 5 8 6437
12 5 9 7274
12 5 10 6005
12 5 11 5281
12 5 12 0
12 5 13 4173
12 5 14 3632
12 6 0 6501
12 6 1 8309
12 6 2 7128
12 6 3 8637
12 6 4 5390
12 6 5 4835
12 6 6 0
12 6 7 5121
12 6 8 6033
12 6 9 9495
12 6 10 5038
12 6 11 6861
12 6 12 0
12 6 13 7957
12 6 14 6285
12 7 0 6643
12 7 1 6528
12 7 2 6894
12 7 3 4387
12 7 4 3206
12 7 5 3938
12 7 6 7651
12 7 7 0
12 7 8 5216
12 7 9 6965
12 7 10 5637
12 7 11 3317
12 7 12 0
12 7 13 4815
12 7 14 3935
12 8 0 4849
12 8 1 4669
12 8 2 5696
12 8 3 3198
12 8 4 3062
12 8 5 2442
12 8 6 5976
12 8 7 4094
12 8 8 0
12 8 9 2886
12 8 10 3173
12 8 11 5961
12 8 12 0
12 8 13 7853
12 8 14 8551
12 9 0 4757
12 9 1 3355
12 9 2 1824
12 9 3 2664
12 9 4 5419
12 9 5 1701
12 9 6 3455
12 9 7 3037
12 9 8 3786
12 9 9 0
12 9 10 3273
12 9 11 5528
12 9 12 0
12 9 13 4561
12 9 14 899
12 10 0 5397
12 10 1 7068
12 10 2 6382
12 10 3 5143
12 10 4 7463
12 10 5 4361
12 10 6 7150
12 10 7 2904
12 10 8 2691
12 10 9 7334
12 10 10 0
12 10 11 5877
12 10 12 0
12 10 13 3797
12 10 14 6067
12 11 0 6843
12 11 1 9142
12 11 2 8344
12 11 3 5396
12 11 4 4965
12 11 5 8990
12 11 6 8017
12 11 7 7974
12 11 8 8115
12 11 9 9066
12 11 10 4368
12 11 11 0
12 11 12 0
12 11 13 1847
12 11 14 597
12 12 0 0
12 12 1 0
12 12 2 0
12 12 3 0
12 12 4 0
12 12 5 0
12 12 6 0
12 12 7 0
12 12 8 0
12 12 9 0
12 12 10 0
12 12 11 0
12 12 12 0
12 12 13 0
12 12 14 0
12 13 0 5168
12 13 1 1769
12 13 2 1965
12 13 3 4596
12 13 4 4460
12 13 5 1666
12 13 6 5437
12 13 7 3640
12 13 8 3640
12 13 9 4551
12 13 10 2513
12 13 11 2372
12 13 12 0
12 13 13 0
12 13 14 5147
12 14 0 7161
12 14 1 6742
12 14 2 4214
12 14 3 3945
12 14 4 4104
12 14 5 4457
12 14 6 7097
12 14 7 6092
12 14 8 7670
12 14 9 4221
12 14 10 8115
12 14 11 4454
12 14 12 0
12 14 13 5653
12 14 14 0
13 0 0 0
13 0 1 8906
13 0 2 7671
13 0 3 5533
13 0 4 8737
13 0 5 7950
13 0 6 9543
13 0 7 5220
13 0 8 9104
13 0 9 8613
13 0 10 8552
13 0 11 7019
13 0 12 9523
13 0 13 0
13 0 14 8124
13 1 0 4830
13 1 1 0
13 1 2 3137
13 1 3 2608
13 1 4 4884
13 1 5 3396
13 1 6 1682
13 1 7 2077
13 1 8 3148
13 1 9 2831
13 1 10 1385
13 1 11 5163
13 1 12 4399
13 1 13 0
13 1 14 4679
13 2 0 3641
13 2 1 3359
13 2 2 0
13 2 3 2625
13 2 4 4502
13 2 5 5618
13 2 6 6066
13 2 7 2920
13 2 8 5619
13 2 9 5759
13 2 10 5763
13 2 11 2361
13 2 12 6307
13 2 13 0
13 2 14 1433
13 3 0 4447
13 3 1 4965
13 3 2 4868
13 3 3 0
13 3 4 4412
13 3 5 7524
13 3 6 6274
13 3 7 7911
13 3 8 8065
13 3 9 4389
13 3 10 8562
13 3 11 7077
13 3 12 8360
13 3 13 0
13 3 14 2150
13 4 0 6155
13 4 1 5373
13 4 2 8108
13 4 3 8481
13 4 4 0
13 4 5 7156
13 4 6 7755
13 4 7 5083
13 4 8 8412
13 4 9 4839
13 4 10 6140
13 4 11 7913
13 4 12 4371
13 4 13 0
13 4 14 4040
13 5 0 5650
13 5 1 5978
13 5 2 2171
13 5 3 5271
13 5 4 2529
13 5 5 0
13 5 6 2442
13 5 7 5915
13 5 8 3478
13 5 9 4315
13 5 10 3046
13 5 11 2322
13 5 12 4173
13 5 13 0
13 5 14 2666
13 6 0 6876
13 6 1 8684
13 6 2 7503
13 6 3 9012
13 6 4 5765
13 6 5 5210
13 6 6 0
13 6 7 5496
13 6 8 6408
13 6 9 9870
13 6 10 5413
13 6 11 7236
13 6 12 7957
13 6 13 0
13 6 14 5610
13 7 0 6877
13 7 1 6762
13 7 2 7128
13 7 3 4621
13 7 4 3440
13 7 5 4172
13 7 6 7885
13 7 7 0
13 7 8 5450
13 7 9 7199
13 7 10 5871
13 7 11 3551
13 7 12 4815
13 7 13 0
13 7 14 3388
13 8 0 6587
13 8 1 6407
13 8 2 7434
13 8 3 4936
13 8 4 4800
13 8 5 4180
13 8 6 7714
13 8 7 5832
13 8 8 0
13 8 9 4624
13 8 10 4911
13 8 11 7699
13 8 12 7853
13 8 13 0
13 8 14 3969
13 9 0 7972
13 9 1 6570
13 9 2 5039
13 9 3 5879
13 9 4 8634
13 9 5 4916
13 9 6 6670
13 9 7 6252
13 9 8 7001
13 9 9 0
13 9 10 6488
13 9 11 8743
13 9 12 4561
13 9 13 0
13 9 14 2793
13 10 0 4681
13 10 1 6352
13 10 2 5666
13 10 3 4427
13 10 4 6747
13 10 5 3645
13 10 6 6434
13 10 7 2188
13 10 8 1975
13 10 9 6618
13 10 10 0
13 10 11 5161
13 10 12 3797
13 10 13 0
13 10 14 7080
13 11 0 4428
13 11 1 6727
13 11 2 5929
13 11 3 2981
13 11 4 2550
13 11 5 6575
13 11 6 5602
13 11 7 5559
13 11 8 5700
13 11 9 6651
13 11 10 1953
13 11 11 0
13 11 12 1847
13 11 13 0
13 11 14 3171
13 12 0 9363
13 12 1 5181
13 12 2 5237
13 12 3 7735
13 12 4 8315
13 12 5 8684
13 12 6 9121
13 12 7 7465
13 12 8 5961
13 12 9 5395
13 12 10 7288
13 12 11 8846
13 12 12 0
13 12 13 0
13 12 14 5099
13 13 0 0
13 13 1 0
13 13 2 0
13 13 3 0
13 13 4 0
13 13 5 0
13 13 6 0
13 13 7 0
13 13 8 0
13 13 9 0
13 13 10 0
13 13 11 0
13 13 12 0
13 13 13 0
13 13 14 0
13 14 0 4383
13 14 1 3964
13 14 2 1436
13 14 3 1167
13 14 4 1326
13 14 5 1679
13 14 6 4319
13 14 7 3314
13 14 8 4892
13 14 9 1443
13 14 10 5337
13 14 11 1676
13 14 12 5653
13 14 13 0
13 14 14 0
14 0 0 0
14 0 1 7567
14 0 2 6332
14 0 3 4194
14 0 4 7398
14 0 5 6611
14 0 6 8204
14 0 7 3881
14 0 8 7765
14 0 9 7274
14 0 10 7213
14 0 11 5680
14 0 12 8184
14 0 13 8124
14 0 14 0
14 1 0 6471
14 1 1 0
14 1 2 4778
14 1 3 4249
14 1 4 6525
14 1 5 5037
14 1 6 3323
14 1 7 3718
14 1 8 4789
14 1 9 4472
14 1 10 3026
14 1 11 6804
14 1 12 6040
14 1 13 4679
14 1 14 0
14 2 0 2558
14 2 1 2276
14 2 2 0
14 2 3 1542
14 2 4 3419
14 2 5 4535
14 2 6 4983
14 2 7 1837
14 2 8 4536
14 2 9 4676
14 2 10 4680
14 2 11 1278
14 2 12 5224
14 2 13 1433
14 2 14 0
14 3 0 464
14 3 1 982
14 3 2 885
14 3 3 0
14 3 4 429
14 3 5 3541
14 3 6 2291
14 3 7 3928
14 3 8 4082
14 3 9 406
14 3 10 4579
14 3 11 3094
14 3 12 4377
14 3 13 2150
14 3 14 0
14 4 0 2467
14 4 1 1685
14 4 2 4420
14 4 3 4793
14 4 4 0
14 4 5 3468
14 4 6 4067
14 4 7 1395
14 4 8 4724
14 4 9 1151
14 4 10 2452
14 4 11 4225
14 4 12 683
14 4 13 4040
14 4 14 0
14 5 0 5109
14 5 1 5437
14 5 2 1630
14 5 3 4730
14 5 4 1988
14 5 5 0
14 5 6 1901
14 5 7 5374
14 5 8 2937
14 5 9 3774
14 5 10 2505
14 5 11 1781
14 5 12 3632
14 5 13 2666
14 5 14 0
14 6 0 5204
14 6 1 7012
14 6 2 5831
14 6 3 7340
14 6 4 4093
14 6 5 3538
14 6 6 0
14 6 7 3824
14 6 8 4736
14 6 9 8198
14 6 10 3741
14 6 11 5564
14 6 12 6285
14 6 13 5610
14 6 14 0
14 7 0 5997
14 7 1 5882
14 7 2 6248
14 7 3 3741
14 7 4 2560
14 7 5 3292
14 7 6 7005
14 7 7 0
14 7 8 4570
14 7 9 6319
14 7 10 4991
14 7 11 2671
14 7 12 3935
14 7 13 3388
14 7 14 0
14 8 0 7285
14 8 1 7105
14 8 2 8132
14 8 3 5634
14 8 4 5498
14 8 5 4878
14 8 6 8412
14 8 7 6530
14 8 8 0
14 8 9 5322
14 8 10 5609
14 8 11 8397
14 8 12 8551
14 8 13 3969
14 8 14 0
14 9 0 4310
14 9 1 2908
14 9 2 1377
14 9 3 2217
14 9 4 4972
14 9 5 1254
14 9 6 3008
14 9 7 2590
14 9 8 3339
14 9 9 0
14 9 10 2826
14 9 11 5081
14 9 12 899
14 9 13 2793
14 9 14 0
14 10 0 6951
14 10 1 8622
14 10 2 7936
14 10 3 6697
14 10 4 9017
14 10 5 5915
14 10 6 8704
14 10 7 4458
14 10 8 4245
14 10 9 8888
14 10 10 0
14 10 11 7431
14 10 12 6067
14 10 13 7080
14 10 14 0
14 11 0 3178
14 11 1 5477
14 11 2 4679
14 11 3 1731
14 11 4 1300
14 11 5 5325
14 11 6 4352
14 11 7 4309
14 11 8 4450
14 11 9 5401
14 11 10 703
14 11 11 0
14 11 12 597
14 11 13 3171
14 11 14 0
14 12 0 9321
14 12 1 5139
14 12 2 5195
14 12 3 7693
14 12 4 8273
14 12 5 8642
14 12 6 9079
14 12 7 7423
14 12 8 5919
14 12 9 5353
14 12 10 7246
14 12 11 8804
14 12 12 0
14 12 13 5099
14 12 14 0
14 13 0 5174
14 13 1 1775
14 13 2 1971
14 13 3 4602
14 13 4 4466
14 13 5 1672
14 13 6 5443
14 13 7 3646
14 13 8 3646
14 13 9 4557
14 13 10 2519
14 13 11 2378
14 13 12 5147
14 13 13 0
14 13 14 0
14 14 0 0
14 14 1 0
14 14 2 0
14 14 3 0
14 14 4 0
14 14 5 0
14 14 6 0
14 14 7 0
14 14 8 0
14 14 9 0
14 14 10 0
14 14 11 0
14 14 12 0
14 14 13 0
14 14 14 0
