12
0 0 0 0
0 0 1 0
0 0 2 0
0 0 3 0
0 0 4 0
0 0 5 0
0 0 6 0
0 0 7 0
0 0 8 0
0 0 9 0
0 0 10 0
0 0 11 0
0 1 0 0
0 1 1 0
0 1 2 8059
0 1 3 5043
0 1 4 6680
0 1 5 5911
0 1 6 8102
0 1 7 5765
0 1 8 8039
0 1 9 9328
0 1 10 7029
0 1 11 9089
0 2 0 0
0 2 1 4998
0 2 2 0
0 2 3 4849
0 2 4 4328
0 2 5 8582
0 2 6 7306
0 2 7 5667
0 2 8 7424
0 2 9 7640
0 2 10 8335
0 2 11 3936
0 3 0 0
0 3 1 1401
0 3 2 1084
0 3 3 0
0 3 4 2557
0 3 5 2732
0 3 6 1174
0 3 7 5321
0 3 8 1500
0 3 9 2151
0 3 10 4120
0 3 11 4005
0 4 0 0
0 4 1 7049
0 4 2 6991
0 4 3 5434
0 4 4 0
0 4 5 8932
0 4 6 8049
0 4 7 4916
0 4 8 9415
0 4 9 5620
0 4 10 5746
0 4 11 5294
0 5 0 0
0 5 1 2357
0 5 2 2378
0 5 3 5486
0 5 4 4209
0 5 5 0
0 5 6 4258
0 5 7 6520
0 5 8 6041
0 5 9 2213
0 5 10 6336
0 5 11 3944
0 6 0 0
0 6 1 6053
0 6 2 2421
0 6 3 4802
0 6 4 2608
0 6 5 2099
0 6 6 0
0 6 7 3481
0 6 8 6069
0 6 9 4162
0 6 10 1969
0 6 11 3235
0 7 0 0
0 7 1 9334
0 7 2 8230
0 7 3 5751
0 7 4 4996
0 7 5 4683
0 7 6 6276
0 7 7 0
0 7 8 7582
0 7 9 6469
0 7 10 4910
0 7 11 8779
0 8 0 0
0 8 1 3947
0 8 2 5438
0 8 3 4969
0 8 4 3543
0 8 5 3034
0 8 6 3944
0 8 7 3714
0 8 8 0
0 8 9 3585
0 8 10 6164
0 8 11 2224
0 9 0 0
0 9 1 7120
0 9 2 6965
0 9 3 5665
0 9 4 5885
0 9 5 8399
0 9 6 5761
0 9 7 8649
0 9 8 8077
0 9 9 0
0 9 10 5127
0 9 11 5537
0 10 0 0
0 10 1 5743
0 10 2 1223
0 10 3 1768
0 10 4 4037
0 10 5 4294
0 10 6 3526
0 10 7 3641
0 10 8 3349
0 10 9 1209
0 10 10 0
0 10 11 5893
0 11 0 0
0 11 1 2369
0 11 2 5774
0 11 3 1789
0 11 4 3503
0 11 5 1664
0 11 6 2327
0 11 7 4977
0 11 8 4522
0 11 9 3851
0 11 10 5750
0 11 11 0
1 0 0 0
1 0 1 0
1 0 2 6855
1 0 3 3620
1 0 4 7936
1 0 5 4911
1 0 6 4589
1 0 7 7679
1 0 8 5287
1 0 9 7507
1 0 10 4182
1 0 11 4561
1 1 0 0
1 1 1 0
1 1 2 0
1 1 3 0
1 1 4 0
1 1 5 0
1 1 6 0
1 1 7 0
1 1 8 0
1 1 9 0
1 1 10 0
1 1 11 0
1 2 0 4998
1 2 1 0
1 2 2 0
1 2 3 4466
1 2 4 3945
1 2 5 8199
1 2 6 6923
1 2 7 5284
1 2 8 7041
1 2 9 7257
1 2 10 7952
1 2 11 3553
1 3 0 1401
1 3 1 0
1 3 2 920
1 3 3 0
1 3 4 2393
1 3 5 2568
1 3 6 1010
1 3 7 5157
1 3 8 1336
1 3 9 1987
1 3 10 3956
1 3 11 3841
1 4 0 7049
1 4 1 0
1 4 2 4148
1 4 3 2591
1 4 4 0
1 4 5 6089
1 4 6 5206
1 4 7 2073
1 4 8 6572
1 4 9 2777
1 4 10 2903
1 4 11 2451
1 5 0 2357
1 5 1 0
1 5 2 1791
1 5 3 4899
1 5 4 3622
1 5 5 0
1 5 6 3671
1 5 7 5933
1 5 8 5454
1 5 9 1626
1 5 10 5749
1 5 11 3357
1 6 0 6053
1 6 1 0
1 6 2 4347
1 6 3 6728
1 6 4 4534
1 6 5 4025
1 6 6 0
1 6 7 5407
1 6 8 7995
1 6 9 6088
1 6 10 3895
1 6 11 5161
1 7 0 9334
1 7 1 0
1 7 2 4729
1 7 3 2250
1 7 4 1495
1 7 5 1182
1 7 6 2775
1 7 7 0
1 7 8 4081
1 7 9 2968
1 7 10 1409
1 7 11 5278
1 8 0 3947
1 8 1 0
1 8 2 6603
1 8 3 6134
1 8 4 4708
1 8 5 4199
1 8 6 5109
1 8 7 4879
1 8 8 0
1 8 9 4750
1 8 10 7329
1 8 11 3389
1 9 0 7120
1 9 1 0
1 9 2 7199
1 9 3 5899
1 9 4 6119
1 9 5 8633
1 9 6 5995
1 9 7 8883
1 9 8 8311
1 9 9 0
1 9 10 5361
1 9 11 5771
1 10 0 5743
1 10 1 0
1 10 2 2483
1 10 3 3028
1 10 4 5297
1 10 5 5554
1 10 6 4786
1 10 7 4901
1 10 8 4609
1 10 9 2469
1 10 10 0
1 10 11 7153
1 11 0 2369
1 11 1 0
1 11 2 8715
1 11 3 4730
1 11 4 6444
1 11 5 4605
1 11 6 5268
1 11 7 7918
1 11 8 7463
1 11 9 6792
1 11 10 8691
1 11 11 0
2 0 0 0
2 0 1 6855
2 0 2 0
2 0 3 713
2 0 4 5029
2 0 5 2004
2 0 6 1682
2 0 7 4772
2 0 8 2380
2 0 9 4600
2 0 10 1275
2 0 11 1654
2 1 0 8059
2 1 1 0
2 1 2 0
2 1 3 1599
2 1 4 3236
2 1 5 2467
2 1 6 4658
2 1 7 2321
2 1 8 4595
2 1 9 5884
2 1 10 3585
2 1 11 5645
2 2 0 0
2 2 1 0
2 2 2 0
2 2 3 0
2 2 4 0
2 2 5 0
2 2 6 0
2 2 7 0
2 2 8 0
2 2 9 0
2 2 10 0
2 2 11 0
2 3 0 1084
2 3 1 920
2 3 2 0
2 3 3 0
2 3 4 3307
2 3 5 3482
2 3 6 1924
2 3 7 6071
2 3 8 2250
2 3 9 2901
2 3 10 4870
2 3 11 4755
2 4 0 6991
2 4 1 4148
2 4 2 0
2 4 3 1347
2 4 4 0
2 4 5 4845
2 4 6 3962
2 4 7 829
2 4 8 5328
2 4 9 1533
2 4 10 1659
2 4 11 1207
2 5 0 2378
2 5 1 1791
2 5 2 0
2 5 3 8678
2 5 4 7401
2 5 5 0
2 5 6 7450
2 5 7 9712
2 5 8 9233
2 5 9 5405
2 5 10 9528
2 5 11 7136
2 6 0 2421
2 6 1 4347
2 6 2 0
2 6 3 7040
2 6 4 4846
2 6 5 4337
2 6 6 0
2 6 7 5719
2 6 8 8307
2 6 9 6400
2 6 10 4207
2 6 11 5473
2 7 0 8230
2 7 1 4729
2 7 2 0
2 7 3 3260
2 7 4 2505
2 7 5 2192
2 7 6 3785
2 7 7 0
2 7 8 5091
2 7 9 3978
2 7 10 2419
2 7 11 6288
2 8 0 5438
2 8 1 6603
2 8 2 0
2 8 3 6627
2 8 4 5201
2 8 5 4692
2 8 6 5602
2 8 7 5372
2 8 8 0
2 8 9 5243
2 8 10 7822
2 8 11 3882
2 9 0 6965
2 9 1 7199
2 9 2 0
2 9 3 5319
2 9 4 5539
2 9 5 8053
2 9 6 5415
2 9 7 8303
2 9 8 7731
2 9 9 0
2 9 10 4781
2 9 11 5191
2 10 0 1223
2 10 1 2483
2 10 2 0
2 10 3 5442
2 10 4 7711
2 10 5 7968
2 10 6 7200
2 10 7 7315
2 10 8 7023
2 10 9 4883
2 10 10 0
2 10 11 9567
2 11 0 5774
2 11 1 8715
2 11 2 0
2 11 3 685
2 11 4 2399
2 11 5 560
2 11 6 1223
2 11 7 3873
2 11 8 3418
2 11 9 2747
2 11 10 4646
2 11 11 0
3 0 0 0
3 0 1 3620
3 0 2 713
3 0 3 0
3 0 4 8484
3 0 5 5459
3 0 6 5137
3 0 7 8227
3 0 8 5835
3 0 9 8055
3 0 10 4730
3 0 11 5109
3 1 0 5043
3 1 1 0
3 1 2 1599
3 1 3 0
3 1 4 2874
3 1 5 2105
3 1 6 4296
3 1 7 1959
3 1 8 4233
3 1 9 5522
3 1 10 3223
3 1 11 5283
3 2 0 4849
3 2 1 4466
3 2 2 0
3 2 3 0
3 2 4 1313
3 2 5 5567
3 2 6 4291
3 2 7 2652
3 2 8 4409
3 2 9 4625
3 2 10 5320
3 2 11 921
3 3 0 0
3 3 1 0
3 3 2 0
3 3 3 0
3 3 4 0
3 3 5 0
3 3 6 0
3 3 7 0
3 3 8 0
3 3 9 0
3 3 10 0
3 3 11 0
3 4 0 5434
3 4 1 2591
3 4 2 1347
3 4 3 0
3 4 4 0
3 4 5 6309
3 4 6 5426
3 4 7 2293
3 4 8 6792
3 4 9 2997
3 4 10 3123
3 4 11 2671
3 5 0 5486
3 5 1 4899
3 5 2 8678
3 5 3 0
3 5 4 4786
3 5 5 0
3 5 6 4835
3 5 7 7097
3 5 8 6618
3 5 9 2790
3 5 10 6913
3 5 11 4521
3 6 0 4802
3 6 1 6728
3 6 2 7040
3 6 3 0
3 6 4 1949
3 6 5 1440
3 6 6 0
3 6 7 2822
3 6 8 5410
3 6 9 3503
3 6 10 1310
3 6 11 2576
3 7 0 5751
3 7 1 2250
3 7 2 3260
3 7 3 0
3 7 4 5394
3 7 5 5081
3 7 6 6674
3 7 7 0
3 7 8 7980
3 7 9 6867
3 7 10 5308
3 7 11 9177
3 8 0 4969
3 8 1 6134
3 8 2 6627
3 8 3 0
3 8 4 2512
3 8 5 2003
3 8 6 2913
3 8 7 2683
3 8 8 0
3 8 9 2554
3 8 10 5133
3 8 11 1193
3 9 0 5665
3 9 1 5899
3 9 2 5319
3 9 3 0
3 9 4 3285
3 9 5 5799
3 9 6 3161
3 9 7 6049
3 9 8 5477
3 9 9 0
3 9 10 2527
3 9 11 2937
3 10 0 1768
3 10 1 3028
3 10 2 5442
3 10 3 0
3 10 4 6731
3 10 5 6988
3 10 6 6220
3 10 7 6335
3 10 8 6043
3 10 9 3903
3 10 10 0
3 10 11 8587
3 11 0 1789
3 11 1 4730
3 11 2 685
3 11 3 0
3 11 4 5703
3 11 5 3864
3 11 6 4527
3 11 7 7177
3 11 8 6722
3 11 9 6051
3 11 10 7950
3 11 11 0
4 0 0 0
4 0 1 7936
4 0 2 5029
4 0 3 8484
4 0 4 0
4 0 5 2538
4 0 6 2216
4 0 7 5306
4 0 8 2914
4 0 9 5134
4 0 10 1809
4 0 11 2188
4 1 0 6680
4 1 1 0
4 1 2 3236
4 1 3 2874
4 1 4 0
4 1 5 3437
4 1 6 5628
4 1 7 3291
4 1 8 5565
4 1 9 6854
4 1 10 4555
4 1 11 6615
4 2 0 4328
4 2 1 3945
4 2 2 0
4 2 3 1313
4 2 4 0
4 2 5 7158
4 2 6 5882
4 2 7 4243
4 2 8 6000
4 2 9 6216
4 2 10 6911
4 2 11 2512
4 3 0 2557
4 3 1 2393
4 3 2 3307
4 3 3 0
4 3 4 0
4 3 5 2986
4 3 6 1428
4 3 7 5575
4 3 8 1754
4 3 9 2405
4 3 10 4374
4 3 11 4259
4 4 0 0
4 4 1 0
4 4 2 0
4 4 3 0
4 4 4 0
4 4 5 0
4 4 6 0
4 4 7 0
4 4 8 0
4 4 9 0
4 4 10 0
4 4 11 0
4 5 0 4209
4 5 1 3622
4 5 2 7401
4 5 3 4786
4 5 4 0
4 5 5 0
4 5 6 6719
4 5 7 8981
4 5 8 8502
4 5 9 4674
4 5 10 8797
4 5 11 6405
4 6 0 2608
4 6 1 4534
4 6 2 4846
4 6 3 1949
4 6 4 0
4 6 5 3999
4 6 6 0
4 6 7 5381
4 6 8 7969
4 6 9 6062
4 6 10 3869
4 6 11 5135
4 7 0 4996
4 7 1 1495
4 7 2 2505
4 7 3 5394
4 7 4 0
4 7 5 360
4 7 6 1953
4 7 7 0
4 7 8 3259
4 7 9 2146
4 7 10 587
4 7 11 4456
4 8 0 3543
4 8 1 4708
4 8 2 5201
4 8 3 2512
4 8 4 0
4 8 5 5602
4 8 6 6512
4 8 7 6282
4 8 8 0
4 8 9 6153
4 8 10 8732
4 8 11 4792
4 9 0 5885
4 9 1 6119
4 9 2 5539
4 9 3 3285
4 9 4 0
4 9 5 4952
4 9 6 2314
4 9 7 5202
4 9 8 4630
4 9 9 0
4 9 10 1680
4 9 11 2090
4 10 0 4037
4 10 1 5297
4 10 2 7711
4 10 3 6731
4 10 4 0
4 10 5 4298
4 10 6 3530
4 10 7 3645
4 10 8 3353
4 10 9 1213
4 10 10 0
4 10 11 5897
4 11 0 3503
4 11 1 6444
4 11 2 2399
4 11 3 5703
4 11 4 0
4 11 5 837
4 11 6 1500
4 11 7 4150
4 11 8 3695
4 11 9 3024
4 11 10 4923
4 11 11 0
5 0 0 0
5 0 1 4911
5 0 2 2004
5 0 3 5459
5 0 4 2538
5 0 5 0
5 0 6 5326
5 0 7 8416
5 0 8 6024
5 0 9 8244
5 0 10 4919
5 0 11 5298
5 1 0 5911
5 1 1 0
5 1 2 2467
5 1 3 2105
5 1 4 3437
5 1 5 0
5 1 6 3961
5 1 7 1624
5 1 8 3898
5 1 9 5187
5 1 10 2888
5 1 11 4948
5 2 0 8582
5 2 1 8199
5 2 2 0
5 2 3 5567
5 2 4 7158
5 2 5 0
5 2 6 4294
5 2 7 2655
5 2 8 4412
5 2 9 4628
5 2 10 5323
5 2 11 924
5 3 0 2732
5 3 1 2568
5 3 2 3482
5 3 3 0
5 3 4 2986
5 3 5 0
5 3 6 4505
5 3 7 8652
5 3 8 4831
5 3 9 5482
5 3 10 7451
5 3 11 7336
5 4 0 8932
5 4 1 6089
5 4 2 4845
5 4 3 6309
5 4 4 0
5 4 5 0
5 4 6 5787
5 4 7 2654
5 4 8 7153
5 4 9 3358
5 4 10 3484
5 4 11 3032
5 5 0 0
5 5 1 0
5 5 2 0
5 5 3 0
5 5 4 0
5 5 5 0
5 5 6 0
5 5 7 0
5 5 8 0
5 5 9 0
5 5 10 0
5 5 11 0
5 6 0 2099
5 6 1 4025
5 6 2 4337
5 6 3 1440
5 6 4 3999
5 6 5 0
5 6 6 0
5 6 7 4615
5 6 8 7203
5 6 9 5296
5 6 10 3103
5 6 11 4369
5 7 0 4683
5 7 1 1182
5 7 2 2192
5 7 3 5081
5 7 4 360
5 7 5 0
5 7 6 6582
5 7 7 0
5 7 8 7888
5 7 9 6775
5 7 10 5216
5 7 11 9085
5 8 0 3034
5 8 1 4199
5 8 2 4692
5 8 3 2003
5 8 4 5602
5 8 5 0
5 8 6 6163
5 8 7 5933
5 8 8 0
5 8 9 5804
5 8 10 8383
5 8 11 4443
5 9 0 8399
5 9 1 8633
5 9 2 8053
5 9 3 5799
5 9 4 4952
5 9 5 0
5 9 6 1932
5 9 7 4820
5 9 8 4248
5 9 9 0
5 9 10 1298
5 9 11 1708
5 10 0 4294
5 10 1 5554
5 10 2 7968
5 10 3 6988
5 10 4 4298
5 10 5 0
5 10 6 7145
5 10 7 7260
5 10 8 6968
5 10 9 4828
5 10 10 0
5 10 11 9512
5 11 0 1664
5 11 1 4605
5 11 2 560
5 11 3 3864
5 11 4 837
5 11 5 0
5 11 6 3175
5 11 7 5825
5 11 8 5370
5 11 9 4699
5 11 10 6598
5 11 11 0
6 0 0 0
6 0 1 4589
6 0 2 1682
6 0 3 5137
6 0 4 2216
6 0 5 5326
6 0 6 0
6 0 7 5003
6 0 8 2611
6 0 9 4831
6 0 10 1506
6 0 11 1885
6 1 0 8102
6 1 1 0
6 1 2 4658
6 1 3 4296
6 1 4 5628
6 1 5 3961
6 1 6 0
6 1 7 5642
6 1 8 7916
6 1 9 9205
6 1 10 6906
6 1 11 8966
6 2 0 7306
6 2 1 6923
6 2 2 0
6 2 3 4291
6 2 4 5882
6 2 5 4294
6 2 6 0
6 2 7 3020
6 2 8 4777
6 2 9 4993
6 2 10 5688
6 2 11 1289
6 3 0 1174
6 3 1 1010
6 3 2 1924
6 3 3 0
6 3 4 1428
6 3 5 4505
6 3 6 0
6 3 7 8290
6 3 8 4469
6 3 9 5120
6 3 10 7089
6 3 11 6974
6 4 0 8049
6 4 1 5206
6 4 2 3962
6 4 3 5426
6 4 4 0
6 4 5 5787
6 4 6 0
6 4 7 1375
6 4 8 5874
6 4 9 2079
6 4 10 2205
6 4 11 1753
6 5 0 4258
6 5 1 3671
6 5 2 7450
6 5 3 4835
6 5 4 6719
6 5 5 0
6 5 6 0
6 5 7 5495
6 5 8 5016
6 5 9 1188
6 5 10 5311
6 5 11 2919
6 6 0 0
6 6 1 0
6 6 2 0
6 6 3 0
6 6 4 0
6 6 5 0
6 6 6 0
6 6 7 0
6 6 8 0
6 6 9 0
6 6 10 0
6 6 11 0
6 7 0 6276
6 7 1 2775
6 7 2 3785
6 7 3 6674
6 7 4 1953
6 7 5 6582
6 7 6 0
6 7 7 0
6 7 8 5171
6 7 9 4058
6 7 10 2499
6 7 11 6368
6 8 0 3944
6 8 1 5109
6 8 2 5602
6 8 3 2913
6 8 4 6512
6 8 5 6163
6 8 6 0
6 8 7 6283
6 8 8 0
6 8 9 6154
6 8 10 8733
6 8 11 4793
6 9 0 5761
6 9 1 5995
6 9 2 5415
6 9 3 3161
6 9 4 2314
6 9 5 1932
6 9 6 0
6 9 7 7091
6 9 8 6519
6 9 9 0
6 9 10 3569
6 9 11 3979
6 10 0 3526
6 10 1 4786
6 10 2 7200
6 10 3 6220
6 10 4 3530
6 10 5 7145
6 10 6 0
6 10 7 3215
6 10 8 2923
6 10 9 783
6 10 10 0
6 10 11 5467
6 11 0 2327
6 11 1 5268
6 11 2 1223
6 11 3 4527
6 11 4 1500
6 11 5 3175
6 11 6 0
6 11 7 5438
6 11 8 4983
6 11 9 4312
6 11 10 6211
6 11 11 0
7 0 0 0
7 0 1 7679
7 0 2 4772
7 0 3 8227
7 0 4 5306
7 0 5 8416
7 0 6 5003
7 0 7 0
7 0 8 6634
7 0 9 8854
7 0 10 5529
7 0 11 5908
7 1 0 5765
7 1 1 0
7 1 2 2321
7 1 3 1959
7 1 4 3291
7 1 5 1624
7 1 6 5642
7 1 7 0
7 1 8 8107
7 1 9 9396
7 1 10 7097
7 1 11 9157
7 2 0 5667
7 2 1 5284
7 2 2 0
7 2 3 2652
7 2 4 4243
7 2 5 2655
7 2 6 3020
7 2 7 0
7 2 8 7496
7 2 9 7712
7 2 10 8407
7 2 11 4008
7 3 0 5321
7 3 1 5157
7 3 2 6071
7 3 3 0
7 3 4 5575
7 3 5 8652
7 3 6 8290
7 3 7 0
7 3 8 2328
7 3 9 2979
7 3 10 4948
7 3 11 4833
7 4 0 4916
7 4 1 2073
7 4 2 829
7 4 3 2293
7 4 4 0
7 4 5 2654
7 4 6 1375
7 4 7 0
7 4 8 5172
7 4 9 1377
7 4 10 1503
7 4 11 1051
7 5 0 6520
7 5 1 5933
7 5 2 9712
7 5 3 7097
7 5 4 8981
7 5 5 0
7 5 6 5495
7 5 7 0
7 5 8 4510
7 5 9 682
7 5 10 4805
7 5 11 2413
7 6 0 3481
7 6 1 5407
7 6 2 5719
7 6 3 2822
7 6 4 5381
7 6 5 4615
7 6 6 0
7 6 7 0
7 6 8 6453
7 6 9 4546
7 6 10 2353
7 6 11 3619
7 7 0 0
7 7 1 0
7 7 2 0
7 7 3 0
7 7 4 0
7 7 5 0
7 7 6 0
7 7 7 0
7 7 8 0
7 7 9 0
7 7 10 0
7 7 11 0
7 8 0 3714
7 8 1 4879
7 8 2 5372
7 8 3 2683
7 8 4 6282
7 8 5 5933
7 8 6 6283
7 8 7 0
7 8 8 0
7 8 9 4577
7 8 10 7156
7 8 11 3216
7 9 0 8649
7 9 1 8883
7 9 2 8303
7 9 3 6049
7 9 4 5202
7 9 5 4820
7 9 6 7091
7 9 7 0
7 9 8 5736
7 9 9 0
7 9 10 2786
7 9 11 3196
7 10 0 3641
7 10 1 4901
7 10 2 7315
7 10 3 6335
7 10 4 3645
7 10 5 7260
7 10 6 3215
7 10 7 0
7 10 8 2774
7 10 9 634
7 10 10 0
7 10 11 5318
7 11 0 4977
7 11 1 7918
7 11 2 3873
7 11 3 7177
7 11 4 4150
7 11 5 5825
7 11 6 5438
7 11 7 0
7 11 8 7437
7 11 9 6766
7 11 10 8665
7 11 11 0
8 0 0 0
8 0 1 5287
8 0 2 2380
8 0 3 5835
8 0 4 2914
8 0 5 6024
8 0 6 2611
8 0 7 6634
8 0 8 0
8 0 9 5002
8 0 10 1677
8 0 11 2056
8 1 0 8039
8 1 1 0
8 1 2 4595
8 1 3 4233
8 1 4 5565
8 1 5 3898
8 1 6 7916
8 1 7 8107
8 1 8 0
8 1 9 6065
8 1 10 8013
8 1 11 4260
8 2 0 7424
8 2 1 7041
8 2 2 0
8 2 3 4409
8 2 4 6000
8 2 5 4412
8 2 6 4777
8 2 7 7496
8 2 8 0
8 2 9 7312
8 2 10 8007
8 2 11 3608
8 3 0 1500
8 3 1 1336
8 3 2 2250
8 3 3 0
8 3 4 1754
8 3 5 4831
8 3 6 4469
8 3 7 2328
8 3 8 0
8 3 9 4589
8 3 10 6558
8 3 11 6443
8 4 0 9415
8 4 1 6572
8 4 2 5328
8 4 3 6792
8 4 4 0
8 4 5 7153
8 4 6 5874
8 4 7 5172
8 4 8 0
8 4 9 2316
8 4 10 2442
8 4 11 1990
8 5 0 6041
8 5 1 5454
8 5 2 9233
8 5 3 6618
8 5 4 8502
8 5 5 0
8 5 6 5016
8 5 7 4510
8 5 8 0
8 5 9 1425
8 5 10 5548
8 5 11 3156
8 6 0 6069
8 6 1 7995
8 6 2 8307
8 6 3 5410
8 6 4 7969
8 6 5 7203
8 6 6 0
8 6 7 6453
8 6 8 0
8 6 9 4606
8 6 10 2413
8 6 11 3679
8 7 0 7582
8 7 1 4081
8 7 2 5091
8 7 3 7980
8 7 4 3259
8 7 5 7888
8 7 6 5171
8 7 7 0
8 7 8 0
8 7 9 3593
8 7 10 2034
8 7 11 5903
8 8 0 0
8 8 1 0
8 8 2 0
8 8 3 0
8 8 4 0
8 8 5 0
8 8 6 0
8 8 7 0
8 8 8 0
8 8 9 0
8 8 10 0
8 8 11 0
8 9 0 8077
8 9 1 8311
8 9 2 7731
8 9 3 5477
8 9 4 4630
8 9 5 4248
8 9 6 6519
8 9 7 5736
8 9 8 0
8 9 9 0
8 9 10 2294
8 9 11 2704
8 10 0 3349
8 10 1 4609
8 10 2 7023
8 10 3 6043
8 10 4 3353
8 10 5 6968
8 10 6 2923
8 10 7 2774
8 10 8 0
8 10 9 4280
8 10 10 0
8 10 11 8964
8 11 0 4522
8 11 1 7463
8 11 2 3418
8 11 3 6722
8 11 4 3695
8 11 5 5370
8 11 6 4983
8 11 7 7437
8 11 8 0
8 11 9 2603
8 11 10 4502
8 11 11 0
9 0 0 0
9 0 1 7507
9 0 2 4600
9 0 3 8055
9 0 4 5134
9 0 5 8244
9 0 6 4831
9 0 7 8854
9 0 8 5002
9 0 9 0
9 0 10 4769
9 0 11 5148
9 1 0 9328
9 1 1 0
9 1 2 5884
9 1 3 5522
9 1 4 6854
9 1 5 5187
9 1 6 9205
9 1 7 9396
9 1 8 6065
9 1 9 0
9 1 10 5055
9 1 11 7115
9 2 0 7640
9 2 1 7257
9 2 2 0
9 2 3 4625
9 2 4 6216
9 2 5 4628
9 2 6 4993
9 2 7 7712
9 2 8 7312
9 2 9 0
9 2 10 7314
9 2 11 2915
9 3 0 2151
9 3 1 1987
9 3 2 2901
9 3 3 0
9 3 4 2405
9 3 5 5482
9 3 6 5120
9 3 7 2979
9 3 8 4589
9 3 9 0
9 3 10 5034
9 3 11 4919
9 4 0 5620
9 4 1 2777
9 4 2 1533
9 4 3 2997
9 4 4 0
9 4 5 3358
9 4 6 2079
9 4 7 1377
9 4 8 2316
9 4 9 0
9 4 10 2564
9 4 11 2112
9 5 0 2213
9 5 1 1626
9 5 2 5405
9 5 3 2790
9 5 4 4674
9 5 5 0
9 5 6 1188
9 5 7 682
9 5 8 1425
9 5 9 0
9 5 10 8693
9 5 11 6301
9 6 0 4162
9 6 1 6088
9 6 2 6400
9 6 3 3503
9 6 4 6062
9 6 5 5296
9 6 6 0
9 6 7 4546
9 6 8 4606
9 6 9 0
9 6 10 2010
9 6 11 3276
9 7 0 6469
9 7 1 2968
9 7 2 3978
9 7 3 6867
9 7 4 2146
9 7 5 6775
9 7 6 4058
9 7 7 0
9 7 8 3593
9 7 9 0
9 7 10 4749
9 7 11 8618
9 8 0 3585
9 8 1 4750
9 8 2 5243
9 8 3 2554
9 8 4 6153
9 8 5 5804
9 8 6 6154
9 8 7 4577
9 8 8 0
9 8 9 0
9 8 10 7823
9 8 11 3883
9 9 0 0
9 9 1 0
9 9 2 0
9 9 3 0
9 9 4 0
9 9 5 0
9 9 6 0
9 9 7 0
9 9 8 0
9 9 9 0
9 9 10 0
9 9 11 0
9 10 0 1209
9 10 1 2469
9 10 2 4883
9 10 3 3903
9 10 4 1213
9 10 5 4828
9 10 6 783
9 10 7 634
9 10 8 4280
9 10 9 0
9 10 10 0
9 10 11 5707
9 11 0 3851
9 11 1 6792
9 11 2 2747
9 11 3 6051
9 11 4 3024
9 11 5 4699
9 11 6 4312
9 11 7 6766
9 11 8 2603
9 11 9 0
9 11 10 5595
9 11 11 0
10 0 0 0
10 0 1 4182
10 0 2 1275
10 0 3 4730
10 0 4 1809
10 0 5 4919
10 0 6 1506
10 0 7 5529
10 0 8 1677
10 0 9 4769
10 0 10 0
10 0 11 2485
10 1 0 7029
10 1 1 0
10 1 2 3585
10 1 3 3223
10 1 4 4555
10 1 5 2888
10 1 6 6906
10 1 7 7097
10 1 8 8013
10 1 9 5055
10 1 10 0
10 1 11 9063
10 2 0 8335
10 2 1 7952
10 2 2 0
10 2 3 5320
10 2 4 6911
10 2 5 5323
10 2 6 5688
10 2 7 8407
10 2 8 8007
10 2 9 7314
10 2 10 0
10 2 11 498
10 3 0 4120
10 3 1 3956
10 3 2 4870
10 3 3 0
10 3 4 4374
10 3 5 7451
10 3 6 7089
10 3 7 4948
10 3 8 6558
10 3 9 5034
10 3 10 0
10 3 11 4347
10 4 0 5746
10 4 1 2903
10 4 2 1659
10 4 3 3123
10 4 4 0
10 4 5 3484
10 4 6 2205
10 4 7 1503
10 4 8 2442
10 4 9 2564
10 4 10 0
10 4 11 3589
10 5 0 6336
10 5 1 5749
10 5 2 9528
10 5 3 6913
10 5 4 8797
10 5 5 0
10 5 6 5311
10 5 7 4805
10 5 8 5548
10 5 9 8693
10 5 10 0
10 5 11 5521
10 6 0 1969
10 6 1 3895
10 6 2 4207
10 6 3 1310
10 6 4 3869
10 6 5 3103
10 6 6 0
10 6 7 2353
10 6 8 2413
10 6 9 2010
10 6 10 0
10 6 11 4366
10 7 0 4910
10 7 1 1409
10 7 2 2419
10 7 3 5308
10 7 4 587
10 7 5 5216
10 7 6 2499
10 7 7 0
10 7 8 2034
10 7 9 4749
10 7 10 0
10 7 11 6935
10 8 0 6164
10 8 1 7329
10 8 2 7822
10 8 3 5133
10 8 4 8732
10 8 5 8383
10 8 6 8733
10 8 7 7156
10 8 8 0
10 8 9 7823
10 8 10 0
10 8 11 2480
10 9 0 5127
10 9 1 5361
10 9 2 4781
10 9 3 2527
10 9 4 1680
10 9 5 1298
10 9 6 3569
10 9 7 2786
10 9 8 2294
10 9 9 0
10 9 10 0
10 9 11 1433
10 10 0 0
10 10 1 0
10 10 2 0
10 10 3 0
10 10 4 0
10 10 5 0
10 10 6 0
10 10 7 0
10 10 8 0
10 10 9 0
10 10 10 0
10 10 11 0
10 11 0 5750
10 11 1 8691
10 11 2 4646
10 11 3 7950
10 11 4 4923
10 11 5 6598
10 11 6 6211
10 11 7 8665
10 11 8 4502
10 11 9 5595
10 11 10 0
10 11 11 0
11 0 0 0
11 0 1 4561
11 0 2 1654
11 0 3 5109
11 0 4 2188
11 0 5 5298
11 0 6 1885
11 0 7 5908
11 0 8 2056
11 0 9 5148
11 0 10 2485
11 0 11 0
11 1 0 9089
11 1 1 0
11 1 2 5645
11 1 3 5283
11 1 4 6615
11 1 5 4948
11 1 6 8966
11 1 7 9157
11 1 8 4260
11 1 9 7115
11 1 10 9063
11 1 11 0
11 2 0 3936
11 2 1 3553
11 2 2 0
11 2 3 921
11 2 4 2512
11 2 5 924
11 2 6 1289
11 2 7 4008
11 2 8 3608
11 2 9 2915
11 2 10 498
11 2 11 0
11 3 0 4005
11 3 1 3841
11 3 2 4755
11 3 3 0
11 3 4 4259
11 3 5 7336
11 3 6 6974
11 3 7 4833
11 3 8 6443
11 3 9 4919
11 3 10 4347
11 3 11 0
11 4 0 5294
11 4 1 2451
11 4 2 1207
11 4 3 2671
11 4 4 0
11 4 5 3032
11 4 6 1753
11 4 7 1051
11 4 8 1990
11 4 9 2112
11 4 10 3589
11 4 11 0
11 5 0 3944
11 5 1 3357
11 5 2 7136
11 5 3 4521
11 5 4 6405
11 5 5 0
11 5 6 2919
11 5 7 2413
11 5 8 3156
11 5 9 6301
11 5 10 5521
11 5 11 0
11 6 0 3235
11 6 1 5161
11 6 2 5473
11 6 3 2576
11 6 4 5135
11 6 5 4369
11 6 6 0
11 6 7 3619
11 6 8 3679
11 6 9 3276
11 6 10 4366
11 6 11 0
11 7 0 8779
11 7 1 5278
11 7 2 6288
11 7 3 9177
11 7 4 4456
11 7 5 9085
11 7 6 6368
11 7 7 0
11 7 8 5903
11 7 9 8618
11 7 10 6935
11 7 11 0
11 8 0 2224
11 8 1 3389
11 8 2 3882
11 8 3 1193
11 8 4 4792
11 8 5 4443
11 8 6 4793
11 8 7 3216
11 8 8 0
11 8 9 3883
11 8 10 2480
11 8 11 0
11 9 0 5537
11 9 1 5771
11 9 2 5191
11 9 3 2937
11 9 4 2090
11 9 5 1708
11 9 6 3979
11 9 7 3196
11 9 8 2704
11 9 9 0
11 9 10 1433
11 9 11 0
11 10 0 5893
11 10 1 7153
11 10 2 9567
11 10 3 8587
11 10 4 5897
11 10 5 9512
11 10 6 5467
11 10 7 5318
11 10 8 8964
11 10 9 5707
11 10 10 0
11 10 11 0
11 11 0 0
11 11 1 0
11 11 2 0
11 11 3 0
11 11 4 0
11 11 5 0
11 11 6 0
11 11 7 0
11 11 8 0
11 11 9 0
11 11 10 0
11 11 11 0
