15
0 0 0 0
0 0 1 0
0 0 2 0
0 0 3 0
0 0 4 0
0 0 5 0
0 0 6 0
0 0 7 0
0 0 8 0
0 0 9 0
0 0 10 0
0 0 11 0
0 0 12 0
0 0 13 0
0 0 14 0
0 1 0 0
0 1 1 0
0 1 2 7247
0 1 3 6025
0 1 4 4130
0 1 5 5820
0 1 6 2839
0 1 7 4020
0 1 8 2599
0 1 9 4222
0 1 10 3093
0 1 11 3555
0 1 12 4315
0 1 13 3454
0 1 14 3217
0 2 0 0
0 2 1 4673
0 2 2 0
0 2 3 6262
0 2 4 4312
0 2 5 5349
0 2 6 2602
0 2 7 4681
0 2 8 5233
0 2 9 5601
0 2 10 6420
0 2 11 4159
0 2 12 4071
0 2 13 4923
0 2 14 4014
0 3 0 0
0 3 1 3575
0 3 2 2333
0 3 3 0
0 3 4 5302
0 3 5 4917
0 3 6 6695
0 3 7 7073
0 3 8 5581
0 3 9 5472
0 3 10 3983
0 3 11 5261
0 3 12 5047
0 3 13 5841
0 3 14 3152
0 4 0 0
0 4 1 7453
0 4 2 5012
0 4 3 7955
0 4 4 0
0 4 5 6227
0 4 6 8350
0 4 7 6210
0 4 8 6692
0 4 9 5493
0 4 10 7739
0 4 11 5734
0 4 12 4630
0 4 13 7544
0 4 14 7435
0 5 0 0
0 5 1 4003
0 5 2 5657
0 5 3 4450
0 5 4 2980
0 5 5 0
0 5 6 5585
0 5 7 5932
0 5 8 5770
0 5 9 2283
0 5 10 6190
0 5 11 2142
0 5 12 4224
0 5 13 5828
0 5 14 3690
0 6 0 0
0 6 1 4094
0 6 2 3905
0 6 3 4711
0 6 4 4695
0 6 5 4952
0 6 6 0
0 6 7 7214
0 6 8 6242
0 6 9 5979
0 6 10 6156
0 6 11 5349
0 6 12 6432
0 6 13 4443
0 6 14 8668
0 7 0 0
0 7 1 8352
0 7 2 7643
0 7 3 7528
0 7 4 5836
0 7 5 5575
0 7 6 8111
0 7 7 0
0 7 8 5150
0 7 9 6514
0 7 10 5051
0 7 11 7473
0 7 12 7007
0 7 13 5514
0 7 14 5554
0 8 0 0
0 8 1 2177
0 8 2 4514
0 8 3 2059
0 8 4 4104
0 8 5 3641
0 8 6 3566
0 8 7 755
0 8 8 0
0 8 9 2372
0 8 10 1483
0 8 11 2826
0 8 12 4404
0 8 13 1381
0 8 14 2157
0 9 0 0
0 9 1 6462
0 9 2 3696
0 9 3 4140
0 9 4 4648
0 9 5 4072
0 9 6 2138
0 9 7 1976
0 9 8 6372
0 9 9 0
0 9 10 2187
0 9 11 6436
0 9 12 2724
0 9 13 4350
0 9 14 6404
0 10 0 0
0 10 1 5193
0 10 2 5520
0 10 3 3749
0 10 4 5068
0 10 5 7206
0 10 6 6974
0 10 7 8035
0 10 8 6412
0 10 9 6449
0 10 10 0
0 10 11 7761
0 10 12 7130
0 10 13 6974
0 10 14 7068
0 11 0 0
0 11 1 4372
0 11 2 4695
0 11 3 2664
0 11 4 1072
0 11 5 2711
0 11 6 5448
0 11 7 3101
0 11 8 4087
0 11 9 2583
0 11 10 3857
0 11 11 0
0 11 12 2957
0 11 13 5835
0 11 14 5356
0 12 0 0
0 12 1 2686
0 12 2 3427
0 12 3 5943
0 12 4 4981
0 12 5 2893
0 12 6 5089
0 12 7 3917
0 12 8 2994
0 12 9 1179
0 12 10 5433
0 12 11 2211
0 12 12 0
0 12 13 2530
0 12 14 1103
0 13 0 0
0 13 1 5331
0 13 2 5615
0 13 3 3044
0 13 4 5776
0 13 5 6143
0 13 6 3486
0 13 7 3868
0 13 8 3576
0 13 9 6062
0 13 10 5269
0 13 11 5482
0 13 12 2685
0 13 13 0
0 13 14 4849
0 14 0 0
0 14 1 2923
0 14 2 4433
0 14 3 5614
0 14 4 4959
0 14 5 3004
0 14 6 5685
0 14 7 997
0 14 8 2042
0 14 9 4013
0 14 10 2480
0 14 11 5468
0 14 12 3050
0 14 13 886
0 14 14 0
1 0 0 0
1 0 1 0
1 0 2 5707
1 0 3 6364
1 0 4 7976
1 0 5 6072
1 0 6 7876
1 0 7 8357
1 0 8 4170
1 0 9 5821
1 0 10 7479
1 0 11 5043
1 0 12 5228
1 0 13 5393
1 0 14 5015
1 1 0 0
1 1 1 0
1 1 2 0
1 1 3 0
1 1 4 0
1 1 5 0
1 1 6 0
1 1 7 0
1 1 8 0
1 1 9 0
1 1 10 0
1 1 11 0
1 1 12 0
1 1 13 0
1 1 14 0
1 2 0 4673
1 2 1 0
1 2 2 0
1 2 3 9651
1 2 4 7701
1 2 5 8738
1 2 6 5991
1 2 7 8070
1 2 8 8622
1 2 9 8990
1 2 10 9809
1 2 11 7548
1 2 12 7460
1 2 13 8312
1 2 14 7403
1 3 0 3575
1 3 1 0
1 3 2 3843
1 3 3 0
1 3 4 6812
1 3 5 6427
1 3 6 8205
1 3 7 8583
1 3 8 7091
1 3 9 6982
1 3 10 5493
1 3 11 6771
1 3 12 6557
1 3 13 7351
1 3 14 4662
1 4 0 7453
1 4 1 0
1 4 2 3015
1 4 3 5958
1 4 4 0
1 4 5 4230
1 4 6 6353
1 4 7 4213
1 4 8 4695
1 4 9 3496
1 4 10 5742
1 4 11 3737
1 4 12 2633
1 4 13 5547
1 4 14 5438
1 5 0 4003
1 5 1 0
1 5 2 7254
1 5 3 6047
1 5 4 4577
1 5 5 0
1 5 6 7182
1 5 7 7529
1 5 8 7367
1 5 9 3880
1 5 10 7787
1 5 11 3739
1 5 12 5821
1 5 13 7425
1 5 14 5287
1 6 0 4094
1 6 1 0
1 6 2 717
1 6 3 1523
1 6 4 1507
1 6 5 1764
1 6 6 0
1 6 7 4026
1 6 8 3054
1 6 9 2791
1 6 10 2968
1 6 11 2161
1 6 12 3244
1 6 13 1255
1 6 14 5480
1 7 0 8352
1 7 1 0
1 7 2 5155
1 7 3 5040
1 7 4 3348
1 7 5 3087
1 7 6 5623
1 7 7 0
1 7 8 2662
1 7 9 4026
1 7 10 2563
1 7 11 4985
1 7 12 4519
1 7 13 3026
1 7 14 3066
1 8 0 2177
1 8 1 0
1 8 2 4792
1 8 3 2337
1 8 4 4382
1 8 5 3919
1 8 6 3844
1 8 7 1033
1 8 8 0
1 8 9 2650
1 8 10 1761
1 8 11 3104
1 8 12 4682
1 8 13 1659
1 8 14 2435
1 9 0 6462
1 9 1 0
1 9 2 3946
1 9 3 4390
1 9 4 4898
1 9 5 4322
1 9 6 2388
1 9 7 2226
1 9 8 6622
1 9 9 0
1 9 10 2437
1 9 11 6686
1 9 12 2974
1 9 13 4600
1 9 14 6654
1 10 0 5193
1 10 1 0
1 10 2 2983
1 10 3 1212
1 10 4 2531
1 10 5 4669
1 10 6 4437
1 10 7 5498
1 10 8 3875
1 10 9 3912
1 10 10 0
1 10 11 5224
1 10 12 4593
1 10 13 4437
1 10 14 4531
1 11 0 4372
1 11 1 0
1 11 2 5056
1 11 3 3025
1 11 4 1433
1 11 5 3072
1 11 6 5809
1 11 7 3462
1 11 8 4448
1 11 9 2944
1 11 10 4218
1 11 11 0
1 11 12 3318
1 11 13 6196
1 11 14 5717
1 12 0 2686
1 12 1 0
1 12 2 4363
1 12 3 6879
1 12 4 5917
1 12 5 3829
1 12 6 6025
1 12 7 4853
1 12 8 3930
1 12 9 2115
1 12 10 6369
1 12 11 3147
1 12 12 0
1 12 13 3466
1 12 14 2039
1 13 0 5331
1 13 1 0
1 13 2 5525
1 13 3 2954
1 13 4 5686
1 13 5 6053
1 13 6 3396
1 13 7 3778
1 13 8 3486
1 13 9 5972
1 13 10 5179
1 13 11 5392
1 13 12 2595
1 13 13 0
1 13 14 4759
1 14 0 2923
1 14 1 0
1 14 2 4484
1 14 3 5665
1 14 4 5010
1 14 5 3055
1 14 6 5736
1 14 7 1048
1 14 8 2093
1 14 9 4064
1 14 10 2531
1 14 11 5519
1 14 12 3101
1 14 13 937
1 14 14 0
2 0 0 0
2 0 1 5707
2 0 2 0
2 0 3 2361
2 0 4 3973
2 0 5 2069
2 0 6 3873
2 0 7 4354
2 0 8 167
2 0 9 1818
2 0 10 3476
2 0 11 1040
2 0 12 1225
2 0 13 1390
2 0 14 1012
2 1 0 7247
2 1 1 0
2 1 2 0
2 1 3 6840
2 1 4 4945
2 1 5 6635
2 1 6 3654
2 1 7 4835
2 1 8 3414
2 1 9 5037
2 1 10 3908
2 1 11 4370
2 1 12 5130
2 1 13 4269
2 1 14 4032
2 2 0 0
2 2 1 0
2 2 2 0
2 2 3 0
2 2 4 0
2 2 5 0
2 2 6 0
2 2 7 0
2 2 8 0
2 2 9 0
2 2 10 0
2 2 11 0
2 2 12 0
2 2 13 0
2 2 14 0
2 3 0 2333
2 3 1 3843
2 3 2 0
2 3 3 0
2 3 4 7785
2 3 5 7400
2 3 6 9178
2 3 7 9556
2 3 8 8064
2 3 9 7955
2 3 10 6466
2 3 11 7744
2 3 12 7530
2 3 13 8324
2 3 14 5635
2 4 0 5012
2 4 1 3015
2 4 2 0
2 4 3 6876
2 4 4 0
2 4 5 5148
2 4 6 7271
2 4 7 5131
2 4 8 5613
2 4 9 4414
2 4 10 6660
2 4 11 4655
2 4 12 3551
2 4 13 6465
2 4 14 6356
2 5 0 5657
2 5 1 7254
2 5 2 0
2 5 3 6312
2 5 4 4842
2 5 5 0
2 5 6 7447
2 5 7 7794
2 5 8 7632
2 5 9 4145
2 5 10 8052
2 5 11 4004
2 5 12 6086
2 5 13 7690
2 5 14 5552
2 6 0 3905
2 6 1 717
2 6 2 0
2 6 3 2022
2 6 4 2006
2 6 5 2263
2 6 6 0
2 6 7 4525
2 6 8 3553
2 6 9 3290
2 6 10 3467
2 6 11 2660
2 6 12 3743
2 6 13 1754
2 6 14 5979
2 7 0 7643
2 7 1 5155
2 7 2 0
2 7 3 6437
2 7 4 4745
2 7 5 4484
2 7 6 7020
2 7 7 0
2 7 8 4059
2 7 9 5423
2 7 10 3960
2 7 11 6382
2 7 12 5916
2 7 13 4423
2 7 14 4463
2 8 0 4514
2 8 1 4792
2 8 2 0
2 8 3 5707
2 8 4 7752
2 8 5 7289
2 8 6 7214
2 8 7 4403
2 8 8 0
2 8 9 6020
2 8 10 5131
2 8 11 6474
2 8 12 8052
2 8 13 5029
2 8 14 5805
2 9 0 3696
2 9 1 3946
2 9 2 0
2 9 3 6505
2 9 4 7013
2 9 5 6437
2 9 6 4503
2 9 7 4341
2 9 8 8737
2 9 9 0
2 9 10 4552
2 9 11 8801
2 9 12 5089
2 9 13 6715
2 9 14 8769
2 10 0 5520
2 10 1 2983
2 10 2 0
2 10 3 5275
2 10 4 6594
2 10 5 8732
2 10 6 8500
2 10 7 9561
2 10 8 7938
2 10 9 7975
2 10 10 0
2 10 11 9287
2 10 12 8656
2 10 13 8500
2 10 14 8594
2 11 0 4695
2 11 1 5056
2 11 2 0
2 11 3 4365
2 11 4 2773
2 11 5 4412
2 11 6 7149
2 11 7 4802
2 11 8 5788
2 11 9 4284
2 11 10 5558
2 11 11 0
2 11 12 4658
2 11 13 7536
2 11 14 7057
2 12 0 3427
2 12 1 4363
2 12 2 0
2 12 3 7371
2 12 4 6409
2 12 5 4321
2 12 6 6517
2 12 7 5345
2 12 8 4422
2 12 9 2607
2 12 10 6861
2 12 11 3639
2 12 12 0
2 12 13 3958
2 12 14 2531
2 13 0 5615
2 13 1 5525
2 13 2 0
2 13 3 5159
2 13 4 7891
2 13 5 8258
2 13 6 5601
2 13 7 5983
2 13 8 5691
2 13 9 8177
2 13 10 7384
2 13 11 7597
2 13 12 4800
2 13 13 0
2 13 14 6964
2 14 0 4433
2 14 1 4484
2 14 2 0
2 14 3 7198
2 14 4 6543
2 14 5 4588
2 14 6 7269
2 14 7 2581
2 14 8 3626
2 14 9 5597
2 14 10 4064
2 14 11 7052
2 14 12 4634
2 14 13 2470
2 14 14 0
3 0 0 0
3 0 1 6364
3 0 2 2361
3 0 3 0
3 0 4 7929
3 0 5 6025
3 0 6 7829
3 0 7 8310
3 0 8 4123
3 0 9 5774
3 0 10 7432
3 0 11 4996
3 0 12 5181
3 0 13 5346
3 0 14 4968
3 1 0 6025
3 1 1 0
3 1 2 6840
3 1 3 0
3 1 4 3190
3 1 5 4880
3 1 6 1899
3 1 7 3080
3 1 8 1659
3 1 9 3282
3 1 10 2153
3 1 11 2615
3 1 12 3375
3 1 13 2514
3 1 14 2277
3 2 0 6262
3 2 1 9651
3 2 2 0
3 2 3 0
3 2 4 2866
3 2 5 3903
3 2 6 1156
3 2 7 3235
3 2 8 3787
3 2 9 4155
3 2 10 4974
3 2 11 2713
3 2 12 2625
3 2 13 3477
3 2 14 2568
3 3 0 0
3 3 1 0
3 3 2 0
3 3 3 0
3 3 4 0
3 3 5 0
3 3 6 0
3 3 7 0
3 3 8 0
3 3 9 0
3 3 10 0
3 3 11 0
3 3 12 0
3 3 13 0
3 3 14 0
3 4 0 7955
3 4 1 5958
3 4 2 6876
3 4 3 0
3 4 4 0
3 4 5 5481
3 4 6 7604
3 4 7 5464
3 4 8 5946
3 4 9 4747
3 4 10 6993
3 4 11 4988
3 4 12 3884
3 4 13 6798
3 4 14 6689
3 5 0 4450
3 5 1 6047
3 5 2 6312
3 5 3 0
3 5 4 3753
3 5 5 0
3 5 6 6358
3 5 7 6705
3 5 8 6543
3 5 9 3056
3 5 10 6963
3 5 11 2915
3 5 12 4997
3 5 13 6601
3 5 14 4463
3 6 0 4711
3 6 1 1523
3 6 2 2022
3 6 3 0
3 6 4 5442
3 6 5 5699
3 6 6 0
3 6 7 7961
3 6 8 6989
3 6 9 6726
3 6 10 6903
3 6 11 6096
3 6 12 7179
3 6 13 5190
3 6 14 9415
3 7 0 7528
3 7 1 5040
3 7 2 6437
3 7 3 0
3 7 4 6480
3 7 5 6219
3 7 6 8755
3 7 7 0
3 7 8 5794
3 7 9 7158
3 7 10 5695
3 7 11 8117
3 7 12 7651
3 7 13 6158
3 7 14 6198
3 8 0 2059
3 8 1 2337
3 8 2 5707
3 8 3 0
3 8 4 7443
3 8 5 6980
3 8 6 6905
3 8 7 4094
3 8 8 0
3 8 9 5711
3 8 10 4822
3 8 11 6165
3 8 12 7743
3 8 13 4720
3 8 14 5496
3 9 0 4140
3 9 1 4390
3 9 2 6505
3 9 3 0
3 9 4 6227
3 9 5 5651
3 9 6 3717
3 9 7 3555
3 9 8 7951
3 9 9 0
3 9 10 3766
3 9 11 8015
3 9 12 4303
3 9 13 5929
3 9 14 7983
3 10 0 3749
3 10 1 1212
3 10 2 5275
3 10 3 0
3 10 4 3500
3 10 5 5638
3 10 6 5406
3 10 7 6467
3 10 8 4844
3 10 9 4881
3 10 10 0
3 10 11 6193
3 10 12 5562
3 10 13 5406
3 10 14 5500
3 11 0 2664
3 11 1 3025
3 11 2 4365
3 11 3 0
3 11 4 3218
3 11 5 4857
3 11 6 7594
3 11 7 5247
3 11 8 6233
3 11 9 4729
3 11 10 6003
3 11 11 0
3 11 12 5103
3 11 13 7981
3 11 14 7502
3 12 0 5943
3 12 1 6879
3 12 2 7371
3 12 3 0
3 12 4 6728
3 12 5 4640
3 12 6 6836
3 12 7 5664
3 12 8 4741
3 12 9 2926
3 12 10 7180
3 12 11 3958
3 12 12 0
3 12 13 4277
3 12 14 2850
3 13 0 3044
3 13 1 2954
3 13 2 5159
3 13 3 0
3 13 4 8152
3 13 5 8519
3 13 6 5862
3 13 7 6244
3 13 8 5952
3 13 9 8438
3 13 10 7645
3 13 11 7858
3 13 12 5061
3 13 13 0
3 13 14 7225
3 14 0 5614
3 14 1 5665
3 14 2 7198
3 14 3 0
3 14 4 5024
3 14 5 3069
3 14 6 5750
3 14 7 1062
3 14 8 2107
3 14 9 4078
3 14 10 2545
3 14 11 5533
3 14 12 3115
3 14 13 951
3 14 14 0
4 0 0 0
4 0 1 7976
4 0 2 3973
4 0 3 7929
4 0 4 0
4 0 5 3813
4 0 6 5617
4 0 7 6098
4 0 8 1911
4 0 9 3562
4 0 10 5220
4 0 11 2784
4 0 12 2969
4 0 13 3134
4 0 14 2756
4 1 0 4130
4 1 1 0
4 1 2 4945
4 1 3 3190
4 1 4 0
4 1 5 7146
4 1 6 4165
4 1 7 5346
4 1 8 3925
4 1 9 5548
4 1 10 4419
4 1 11 4881
4 1 12 5641
4 1 13 4780
4 1 14 4543
4 2 0 4312
4 2 1 7701
4 2 2 0
4 2 3 2866
4 2 4 0
4 2 5 4970
4 2 6 2223
4 2 7 4302
4 2 8 4854
4 2 9 5222
4 2 10 6041
4 2 11 3780
4 2 12 3692
4 2 13 4544
4 2 14 3635
4 3 0 5302
4 3 1 6812
4 3 2 7785
4 3 3 0
4 3 4 0
4 3 5 6824
4 3 6 8602
4 3 7 8980
4 3 8 7488
4 3 9 7379
4 3 10 5890
4 3 11 7168
4 3 12 6954
4 3 13 7748
4 3 14 5059
4 4 0 0
4 4 1 0
4 4 2 0
4 4 3 0
4 4 4 0
4 4 5 0
4 4 6 0
4 4 7 0
4 4 8 0
4 4 9 0
4 4 10 0
4 4 11 0
4 4 12 0
4 4 13 0
4 4 14 0
4 5 0 2980
4 5 1 4577
4 5 2 4842
4 5 3 3753
4 5 4 0
4 5 5 0
4 5 6 6056
4 5 7 6403
4 5 8 6241
4 5 9 2754
4 5 10 6661
4 5 11 2613
4 5 12 4695
4 5 13 6299
4 5 14 4161
4 6 0 4695
4 6 1 1507
4 6 2 2006
4 6 3 5442
4 6 4 0
4 6 5 5742
4 6 6 0
4 6 7 8004
4 6 8 7032
4 6 9 6769
4 6 10 6946
4 6 11 6139
4 6 12 7222
4 6 13 5233
4 6 14 9458
4 7 0 5836
4 7 1 3348
4 7 2 4745
4 7 3 6480
4 7 4 0
4 7 5 3744
4 7 6 6280
4 7 7 0
4 7 8 3319
4 7 9 4683
4 7 10 3220
4 7 11 5642
4 7 12 5176
4 7 13 3683
4 7 14 3723
4 8 0 4104
4 8 1 4382
4 8 2 7752
4 8 3 7443
4 8 4 0
4 8 5 6479
4 8 6 6404
4 8 7 3593
4 8 8 0
4 8 9 5210
4 8 10 4321
4 8 11 5664
4 8 12 7242
4 8 13 4219
4 8 14 4995
4 9 0 4648
4 9 1 4898
4 9 2 7013
4 9 3 6227
4 9 4 0
4 9 5 4060
4 9 6 2126
4 9 7 1964
4 9 8 6360
4 9 9 0
4 9 10 2175
4 9 11 6424
4 9 12 2712
4 9 13 4338
4 9 14 6392
4 10 0 5068
4 10 1 2531
4 10 2 6594
4 10 3 3500
4 10 4 0
4 10 5 7782
4 10 6 7550
4 10 7 8611
4 10 8 6988
4 10 9 7025
4 10 10 0
4 10 11 8337
4 10 12 7706
4 10 13 7550
4 10 14 7644
4 11 0 1072
4 11 1 1433
4 11 2 2773
4 11 3 3218
4 11 4 0
4 11 5 3718
4 11 6 6455
4 11 7 4108
4 11 8 5094
4 11 9 3590
4 11 10 4864
4 11 11 0
4 11 12 3964
4 11 13 6842
4 11 14 6363
4 12 0 4981
4 12 1 5917
4 12 2 6409
4 12 3 6728
4 12 4 0
4 12 5 2611
4 12 6 4807
4 12 7 3635
4 12 8 2712
4 12 9 897
4 12 10 5151
4 12 11 1929
4 12 12 0
4 12 13 2248
4 12 14 821
4 13 0 5776
4 13 1 5686
4 13 2 7891
4 13 3 8152
4 13 4 0
4 13 5 8610
4 13 6 5953
4 13 7 6335
4 13 8 6043
4 13 9 8529
4 13 10 7736
4 13 11 7949
4 13 12 5152
4 13 13 0
4 13 14 7316
4 14 0 4959
4 14 1 5010
4 14 2 6543
4 14 3 5024
4 14 4 0
4 14 5 5740
4 14 6 8421
4 14 7 3733
4 14 8 4778
4 14 9 6749
4 14 10 5216
4 14 11 8204
4 14 12 5786
4 14 13 3622
4 14 14 0
5 0 0 0
5 0 1 6072
5 0 2 2069
5 0 3 6025
5 0 4 3813
5 0 5 0
5 0 6 3818
5 0 7 4299
5 0 8 112
5 0 9 1763
5 0 10 3421
5 0 11 985
5 0 12 1170
5 0 13 1335
5 0 14 957
5 1 0 5820
5 1 1 0
5 1 2 6635
5 1 3 4880
5 1 4 7146
5 1 5 0
5 1 6 2619
5 1 7 3800
5 1 8 2379
5 1 9 4002
5 1 10 2873
5 1 11 3335
5 1 12 4095
5 1 13 3234
5 1 14 2997
5 2 0 5349
5 2 1 8738
5 2 2 0
5 2 3 3903
5 2 4 4970
5 2 5 0
5 2 6 4772
5 2 7 6851
5 2 8 7403
5 2 9 7771
5 2 10 8590
5 2 11 6329
5 2 12 6241
5 2 13 7093
5 2 14 6184
5 3 0 4917
5 3 1 6427
5 3 2 7400
5 3 3 0
5 3 4 6824
5 3 5 0
5 3 6 7001
5 3 7 7379
5 3 8 5887
5 3 9 5778
5 3 10 4289
5 3 11 5567
5 3 12 5353
5 3 13 6147
5 3 14 3458
5 4 0 6227
5 4 1 4230
5 4 2 5148
5 4 3 5481
5 4 4 0
5 4 5 0
5 4 6 5574
5 4 7 3434
5 4 8 3916
5 4 9 2717
5 4 10 4963
5 4 11 2958
5 4 12 1854
5 4 13 4768
5 4 14 4659
5 5 0 0
5 5 1 0
5 5 2 0
5 5 3 0
5 5 4 0
5 5 5 0
5 5 6 0
5 5 7 0
5 5 8 0
5 5 9 0
5 5 10 0
5 5 11 0
5 5 12 0
5 5 13 0
5 5 14 0
5 6 0 4952
5 6 1 1764
5 6 2 2263
5 6 3 5699
5 6 4 5742
5 6 5 0
5 6 6 0
5 6 7 7143
5 6 8 6171
5 6 9 5908
5 6 10 6085
5 6 11 5278
5 6 12 6361
5 6 13 4372
5 6 14 8597
5 7 0 5575
5 7 1 3087
5 7 2 4484
5 7 3 6219
5 7 4 3744
5 7 5 0
5 7 6 7906
5 7 7 0
5 7 8 4945
5 7 9 6309
5 7 10 4846
5 7 11 7268
5 7 12 6802
5 7 13 5309
5 7 14 5349
5 8 0 3641
5 8 1 3919
5 8 2 7289
5 8 3 6980
5 8 4 6479
5 8 5 0
5 8 6 7386
5 8 7 4575
5 8 8 0
5 8 9 6192
5 8 10 5303
5 8 11 6646
5 8 12 8224
5 8 13 5201
5 8 14 5977
5 9 0 4072
5 9 1 4322
5 9 2 6437
5 9 3 5651
5 9 4 4060
5 9 5 0
5 9 6 820
5 9 7 658
5 9 8 5054
5 9 9 0
5 9 10 869
5 9 11 5118
5 9 12 1406
5 9 13 3032
5 9 14 5086
5 10 0 7206
5 10 1 4669
5 10 2 8732
5 10 3 5638
5 10 4 7782
5 10 5 0
5 10 6 7905
5 10 7 8966
5 10 8 7343
5 10 9 7380
5 10 10 0
5 10 11 8692
5 10 12 8061
5 10 13 7905
5 10 14 7999
5 11 0 2711
5 11 1 3072
5 11 2 4412
5 11 3 4857
5 11 4 3718
5 11 5 0
5 11 6 4767
5 11 7 2420
5 11 8 3406
5 11 9 1902
5 11 10 3176
5 11 11 0
5 11 12 2276
5 11 13 5154
5 11 14 4675
5 12 0 2893
5 12 1 3829
5 12 2 4321
5 12 3 4640
5 12 4 2611
5 12 5 0
5 12 6 6305
5 12 7 5133
5 12 8 4210
5 12 9 2395
5 12 10 6649
5 12 11 3427
5 12 12 0
5 12 13 3746
5 12 14 2319
5 13 0 6143
5 13 1 6053
5 13 2 8258
5 13 3 8519
5 13 4 8610
5 13 5 0
5 13 6 6141
5 13 7 6523
5 13 8 6231
5 13 9 8717
5 13 10 7924
5 13 11 8137
5 13 12 5340
5 13 13 0
5 13 14 7504
5 14 0 3004
5 14 1 3055
5 14 2 4588
5 14 3 3069
5 14 4 5740
5 14 5 0
5 14 6 6580
5 14 7 1892
5 14 8 2937
5 14 9 4908
5 14 10 3375
5 14 11 6363
5 14 12 3945
5 14 13 1781
5 14 14 0
6 0 0 0
6 0 1 7876
6 0 2 3873
6 0 3 7829
6 0 4 5617
6 0 5 3818
6 0 6 0
6 0 7 6223
6 0 8 2036
6 0 9 3687
6 0 10 5345
6 0 11 2909
6 0 12 3094
6 0 13 3259
6 0 14 2881
6 1 0 2839
6 1 1 0
6 1 2 3654
6 1 3 1899
6 1 4 4165
6 1 5 2619
6 1 6 0
6 1 7 2087
6 1 8 666
6 1 9 2289
6 1 10 1160
6 1 11 1622
6 1 12 2382
6 1 13 1521
6 1 14 1284
6 2 0 2602
6 2 1 5991
6 2 2 0
6 2 3 1156
6 2 4 2223
6 2 5 4772
6 2 6 0
6 2 7 3295
6 2 8 3847
6 2 9 4215
6 2 10 5034
6 2 11 2773
6 2 12 2685
6 2 13 3537
6 2 14 2628
6 3 0 6695
6 3 1 8205
6 3 2 9178
6 3 3 0
6 3 4 8602
6 3 5 7001
6 3 6 0
6 3 7 5836
6 3 8 4344
6 3 9 4235
6 3 10 2746
6 3 11 4024
6 3 12 3810
6 3 13 4604
6 3 14 1915
6 4 0 8350
6 4 1 6353
6 4 2 7271
6 4 3 7604
6 4 4 0
6 4 5 5574
6 4 6 0
6 4 7 3345
6 4 8 3827
6 4 9 2628
6 4 10 4874
6 4 11 2869
6 4 12 1765
6 4 13 4679
6 4 14 4570
6 5 0 5585
6 5 1 7182
6 5 2 7447
6 5 3 6358
6 5 4 6056
6 5 5 0
6 5 6 0
6 5 7 5228
6 5 8 5066
6 5 9 1579
6 5 10 5486
6 5 11 1438
6 5 12 3520
6 5 13 5124
6 5 14 2986
6 6 0 0
6 6 1 0
6 6 2 0
6 6 3 0
6 6 4 0
6 6 5 0
6 6 6 0
6 6 7 0
6 6 8 0
6 6 9 0
6 6 10 0
6 6 11 0
6 6 12 0
6 6 13 0
6 6 14 0
6 7 0 8111
6 7 1 5623
6 7 2 7020
6 7 3 8755
6 7 4 6280
6 7 5 7906
6 7 6 0
6 7 7 0
6 7 8 4423
6 7 9 5787
6 7 10 4324
6 7 11 6746
6 7 12 6280
6 7 13 4787
6 7 14 4827
6 8 0 3566
6 8 1 3844
6 8 2 7214
6 8 3 6905
6 8 4 6404
6 8 5 7386
6 8 6 0
6 8 7 3243
6 8 8 0
6 8 9 4860
6 8 10 3971
6 8 11 5314
6 8 12 6892
6 8 13 3869
6 8 14 4645
6 9 0 2138
6 9 1 2388
6 9 2 4503
6 9 3 3717
6 9 4 2126
6 9 5 820
6 9 6 0
6 9 7 2550
6 9 8 6946
6 9 9 0
6 9 10 2761
6 9 11 7010
6 9 12 3298
6 9 13 4924
6 9 14 6978
6 10 0 6974
6 10 1 4437
6 10 2 8500
6 10 3 5406
6 10 4 7550
6 10 5 7905
6 10 6 0
6 10 7 7128
6 10 8 5505
6 10 9 5542
6 10 10 0
6 10 11 6854
6 10 12 6223
6 10 13 6067
6 10 14 6161
6 11 0 5448
6 11 1 5809
6 11 2 7149
6 11 3 7594
6 11 4 6455
6 11 5 4767
6 11 6 0
6 11 7 3823
6 11 8 4809
6 11 9 3305
6 11 10 4579
6 11 11 0
6 11 12 3679
6 11 13 6557
6 11 14 6078
6 12 0 5089
6 12 1 6025
6 12 2 6517
6 12 3 6836
6 12 4 4807
6 12 5 6305
6 12 6 0
6 12 7 5537
6 12 8 4614
6 12 9 2799
6 12 10 7053
6 12 11 3831
6 12 12 0
6 12 13 4150
6 12 14 2723
6 13 0 3486
6 13 1 3396
6 13 2 5601
6 13 3 5862
6 13 4 5953
6 13 5 6141
6 13 6 0
6 13 7 3334
6 13 8 3042
6 13 9 5528
6 13 10 4735
6 13 11 4948
6 13 12 2151
6 13 13 0
6 13 14 4315
6 14 0 5685
6 14 1 5736
6 14 2 7269
6 14 3 5750
6 14 4 8421
6 14 5 6580
6 14 6 0
6 14 7 5066
6 14 8 6111
6 14 9 8082
6 14 10 6549
6 14 11 9537
6 14 12 7119
6 14 13 4955
6 14 14 0
7 0 0 0
7 0 1 8357
7 0 2 4354
7 0 3 8310
7 0 4 6098
7 0 5 4299
7 0 6 6223
7 0 7 0
7 0 8 4404
7 0 9 6055
7 0 10 7713
7 0 11 5277
7 0 12 5462
7 0 13 5627
7 0 14 5249
7 1 0 4020
7 1 1 0
7 1 2 4835
7 1 3 3080
7 1 4 5346
7 1 5 3800
7 1 6 2087
7 1 7 0
7 1 8 4443
7 1 9 6066
7 1 10 4937
7 1 11 5399
7 1 12 6159
7 1 13 5298
7 1 14 5061
7 2 0 4681
7 2 1 8070
7 2 2 0
7 2 3 3235
7 2 4 4302
7 2 5 6851
7 2 6 3295
7 2 7 0
7 2 8 7104
7 2 9 7472
7 2 10 8291
7 2 11 6030
7 2 12 5942
7 2 13 6794
7 2 14 5885
7 3 0 7073
7 3 1 8583
7 3 2 9556
7 3 3 0
7 3 4 8980
7 3 5 7379
7 3 6 5836
7 3 7 0
7 3 8 6680
7 3 9 6571
7 3 10 5082
7 3 11 6360
7 3 12 6146
7 3 13 6940
7 3 14 4251
7 4 0 6210
7 4 1 4213
7 4 2 5131
7 4 3 5464
7 4 4 0
7 4 5 3434
7 4 6 3345
7 4 7 0
7 4 8 4487
7 4 9 3288
7 4 10 5534
7 4 11 3529
7 4 12 2425
7 4 13 5339
7 4 14 5230
7 5 0 5932
7 5 1 7529
7 5 2 7794
7 5 3 6705
7 5 4 6403
7 5 5 0
7 5 6 5228
7 5 7 0
7 5 8 5208
7 5 9 1721
7 5 10 5628
7 5 11 1580
7 5 12 3662
7 5 13 5266
7 5 14 3128
7 6 0 7214
7 6 1 4026
7 6 2 4525
7 6 3 7961
7 6 4 8004
7 6 5 7143
7 6 6 0
7 6 7 0
7 6 8 6412
7 6 9 6149
7 6 10 6326
7 6 11 5519
7 6 12 6602
7 6 13 4613
7 6 14 8838
7 7 0 0
7 7 1 0
7 7 2 0
7 7 3 0
7 7 4 0
7 7 5 0
7 7 6 0
7 7 7 0
7 7 8 0
7 7 9 0
7 7 10 0
7 7 11 0
7 7 12 0
7 7 13 0
7 7 14 0
7 8 0 755
7 8 1 1033
7 8 2 4403
7 8 3 4094
7 8 4 3593
7 8 5 4575
7 8 6 3243
7 8 7 0
7 8 8 0
7 8 9 3287
7 8 10 2398
7 8 11 3741
7 8 12 5319
7 8 13 2296
7 8 14 3072
7 9 0 1976
7 9 1 2226
7 9 2 4341
7 9 3 3555
7 9 4 1964
7 9 5 658
7 9 6 2550
7 9 7 0
7 9 8 7000
7 9 9 0
7 9 10 2815
7 9 11 7064
7 9 12 3352
7 9 13 4978
7 9 14 7032
7 10 0 8035
7 10 1 5498
7 10 2 9561
7 10 3 6467
7 10 4 8611
7 10 5 8966
7 10 6 7128
7 10 7 0
7 10 8 3919
7 10 9 3956
7 10 10 0
7 10 11 5268
7 10 12 4637
7 10 13 4481
7 10 14 4575
7 11 0 3101
7 11 1 3462
7 11 2 4802
7 11 3 5247
7 11 4 4108
7 11 5 2420
7 11 6 3823
7 11 7 0
7 11 8 6452
7 11 9 4948
7 11 10 6222
7 11 11 0
7 11 12 5322
7 11 13 8200
7 11 14 7721
7 12 0 3917
7 12 1 4853
7 12 2 5345
7 12 3 5664
7 12 4 3635
7 12 5 5133
7 12 6 5537
7 12 7 0
7 12 8 4708
7 12 9 2893
7 12 10 7147
7 12 11 3925
7 12 12 0
7 12 13 4244
7 12 14 2817
7 13 0 3868
7 13 1 3778
7 13 2 5983
7 13 3 6244
7 13 4 6335
7 13 5 6523
7 13 6 3334
7 13 7 0
7 13 8 3632
7 13 9 6118
7 13 10 5325
7 13 11 5538
7 13 12 2741
7 13 13 0
7 13 14 4905
7 14 0 997
7 14 1 1048
7 14 2 2581
7 14 3 1062
7 14 4 3733
7 14 5 1892
7 14 6 5066
7 14 7 0
7 14 8 2516
7 14 9 4487
7 14 10 2954
7 14 11 5942
7 14 12 3524
7 14 13 1360
7 14 14 0
8 0 0 0
8 0 1 4170
8 0 2 167
8 0 3 4123
8 0 4 1911
8 0 5 112
8 0 6 2036
8 0 7 4404
8 0 8 0
8 0 9 3530
8 0 10 5188
8 0 11 2752
8 0 12 2937
8 0 13 3102
8 0 14 2724
8 1 0 2599
8 1 1 0
8 1 2 3414
8 1 3 1659
8 1 4 3925
8 1 5 2379
8 1 6 666
8 1 7 4443
8 1 8 0
8 1 9 4078
8 1 10 2949
8 1 11 3411
8 1 12 4171
8 1 13 3310
8 1 14 3073
8 2 0 5233
8 2 1 8622
8 2 2 0
8 2 3 3787
8 2 4 4854
8 2 5 7403
8 2 6 3847
8 2 7 7104
8 2 8 0
8 2 9 8530
8 2 10 9349
8 2 11 7088
8 2 12 7000
8 2 13 7852
8 2 14 6943
8 3 0 5581
8 3 1 7091
8 3 2 8064
8 3 3 0
8 3 4 7488
8 3 5 5887
8 3 6 4344
8 3 7 6680
8 3 8 0
8 3 9 5289
8 3 10 3800
8 3 11 5078
8 3 12 4864
8 3 13 5658
8 3 14 2969
8 4 0 6692
8 4 1 4695
8 4 2 5613
8 4 3 5946
8 4 4 0
8 4 5 3916
8 4 6 3827
8 4 7 4487
8 4 8 0
8 4 9 5743
8 4 10 7989
8 4 11 5984
8 4 12 4880
8 4 13 7794
8 4 14 7685
8 5 0 5770
8 5 1 7367
8 5 2 7632
8 5 3 6543
8 5 4 6241
8 5 5 0
8 5 6 5066
8 5 7 5208
8 5 8 0
8 5 9 3974
8 5 10 7881
8 5 11 3833
8 5 12 5915
8 5 13 7519
8 5 14 5381
8 6 0 6242
8 6 1 3054
8 6 2 3553
8 6 3 6989
8 6 4 7032
8 6 5 6171
8 6 6 0
8 6 7 6412
8 6 8 0
8 6 9 5791
8 6 10 5968
8 6 11 5161
8 6 12 6244
8 6 13 4255
8 6 14 8480
8 7 0 5150
8 7 1 2662
8 7 2 4059
8 7 3 5794
8 7 4 3319
8 7 5 4945
8 7 6 4423
8 7 7 0
8 7 8 0
8 7 9 3034
8 7 10 1571
8 7 11 3993
8 7 12 3527
8 7 13 2034
8 7 14 2074
8 8 0 0
8 8 1 0
8 8 2 0
8 8 3 0
8 8 4 0
8 8 5 0
8 8 6 0
8 8 7 0
8 8 8 0
8 8 9 0
8 8 10 0
8 8 11 0
8 8 12 0
8 8 13 0
8 8 14 0
8 9 0 6372
8 9 1 6622
8 9 2 8737
8 9 3 7951
8 9 4 6360
8 9 5 5054
8 9 6 6946
8 9 7 7000
8 9 8 0
8 9 9 0
8 9 10 2860
8 9 11 7109
8 9 12 3397
8 9 13 5023
8 9 14 7077
8 10 0 6412
8 10 1 3875
8 10 2 7938
8 10 3 4844
8 10 4 6988
8 10 5 7343
8 10 6 5505
8 10 7 3919
8 10 8 0
8 10 9 4575
8 10 10 0
8 10 11 5887
8 10 12 5256
8 10 13 5100
8 10 14 5194
8 11 0 4087
8 11 1 4448
8 11 2 5788
8 11 3 6233
8 11 4 5094
8 11 5 3406
8 11 6 4809
8 11 7 6452
8 11 8 0
8 11 9 4488
8 11 10 5762
8 11 11 0
8 11 12 4862
8 11 13 7740
8 11 14 7261
8 12 0 2994
8 12 1 3930
8 12 2 4422
8 12 3 4741
8 12 4 2712
8 12 5 4210
8 12 6 4614
8 12 7 4708
8 12 8 0
8 12 9 4477
8 12 10 8731
8 12 11 5509
8 12 12 0
8 12 13 5828
8 12 14 4401
8 13 0 3576
8 13 1 3486
8 13 2 5691
8 13 3 5952
8 13 4 6043
8 13 5 6231
8 13 6 3042
8 13 7 3632
8 13 8 0
8 13 9 6172
8 13 10 5379
8 13 11 5592
8 13 12 2795
8 13 13 0
8 13 14 4959
8 14 0 2042
8 14 1 2093
8 14 2 3626
8 14 3 2107
8 14 4 4778
8 14 5 2937
8 14 6 6111
8 14 7 2516
8 14 8 0
8 14 9 5277
8 14 10 3744
8 14 11 6732
8 14 12 4314
8 14 13 2150
8 14 14 0
9 0 0 0
9 0 1 5821
9 0 2 1818
9 0 3 5774
9 0 4 3562
9 0 5 1763
9 0 6 3687
9 0 7 6055
9 0 8 3530
9 0 9 0
9 0 10 4798
9 0 11 2362
9 0 12 2547
9 0 13 2712
9 0 14 2334
9 1 0 4222
9 1 1 0
9 1 2 5037
9 1 3 3282
9 1 4 5548
9 1 5 4002
9 1 6 2289
9 1 7 6066
9 1 8 4078
9 1 9 0
9 1 10 5583
9 1 11 6045
9 1 12 6805
9 1 13 5944
9 1 14 5707
9 2 0 5601
9 2 1 8990
9 2 2 0
9 2 3 4155
9 2 4 5222
9 2 5 7771
9 2 6 4215
9 2 7 7472
9 2 8 8530
9 2 9 0
9 2 10 6880
9 2 11 4619
9 2 12 4531
9 2 13 5383
9 2 14 4474
9 3 0 5472
9 3 1 6982
9 3 2 7955
9 3 3 0
9 3 4 7379
9 3 5 5778
9 3 6 4235
9 3 7 6571
9 3 8 5289
9 3 9 0
9 3 10 4230
9 3 11 5508
9 3 12 5294
9 3 13 6088
9 3 14 3399
9 4 0 5493
9 4 1 3496
9 4 2 4414
9 4 3 4747
9 4 4 0
9 4 5 2717
9 4 6 2628
9 4 7 3288
9 4 8 5743
9 4 9 0
9 4 10 6882
9 4 11 4877
9 4 12 3773
9 4 13 6687
9 4 14 6578
9 5 0 2283
9 5 1 3880
9 5 2 4145
9 5 3 3056
9 5 4 2754
9 5 5 0
9 5 6 1579
9 5 7 1721
9 5 8 3974
9 5 9 0
9 5 10 6661
9 5 11 2613
9 5 12 4695
9 5 13 6299
9 5 14 4161
9 6 0 5979
9 6 1 2791
9 6 2 3290
9 6 3 6726
9 6 4 6769
9 6 5 5908
9 6 6 0
9 6 7 6149
9 6 8 5791
9 6 9 0
9 6 10 2889
9 6 11 2082
9 6 12 3165
9 6 13 1176
9 6 14 5401
9 7 0 6514
9 7 1 4026
9 7 2 5423
9 7 3 7158
9 7 4 4683
9 7 5 6309
9 7 6 5787
9 7 7 0
9 7 8 3034
9 7 9 0
9 7 10 1141
9 7 11 3563
9 7 12 3097
9 7 13 1604
9 7 14 1644
9 8 0 2372
9 8 1 2650
9 8 2 6020
9 8 3 5711
9 8 4 5210
9 8 5 6192
9 8 6 4860
9 8 7 3287
9 8 8 0
9 8 9 0
9 8 10 6156
9 8 11 7499
9 8 12 9077
9 8 13 6054
9 8 14 6830
9 9 0 0
9 9 1 0
9 9 2 0
9 9 3 0
9 9 4 0
9 9 5 0
9 9 6 0
9 9 7 0
9 9 8 0
9 9 9 0
9 9 10 0
9 9 11 0
9 9 12 0
9 9 13 0
9 9 14 0
9 10 0 6449
9 10 1 3912
9 10 2 7975
9 10 3 4881
9 10 4 7025
9 10 5 7380
9 10 6 5542
9 10 7 3956
9 10 8 4575
9 10 9 0
9 10 10 0
9 10 11 4940
9 10 12 4309
9 10 13 4153
9 10 14 4247
9 11 0 2583
9 11 1 2944
9 11 2 4284
9 11 3 4729
9 11 4 3590
9 11 5 1902
9 11 6 3305
9 11 7 4948
9 11 8 4488
9 11 9 0
9 11 10 7721
9 11 11 0
9 11 12 6821
9 11 13 9699
9 11 14 9220
9 12 0 1179
9 12 1 2115
9 12 2 2607
9 12 3 2926
9 12 4 897
9 12 5 2395
9 12 6 2799
9 12 7 2893
9 12 8 4477
9 12 9 0
9 12 10 5400
9 12 11 2178
9 12 12 0
9 12 13 2497
9 12 14 1070
9 13 0 6062
9 13 1 5972
9 13 2 8177
9 13 3 8438
9 13 4 8529
9 13 5 8717
9 13 6 5528
9 13 7 6118
9 13 8 6172
9 13 9 0
9 13 10 6697
9 13 11 6910
9 13 12 4113
9 13 13 0
9 13 14 6277
9 14 0 4013
9 14 1 4064
9 14 2 5597
9 14 3 4078
9 14 4 6749
9 14 5 4908
9 14 6 8082
9 14 7 4487
9 14 8 5277
9 14 9 0
9 14 10 6340
9 14 11 9328
9 14 12 6910
9 14 13 4746
9 14 14 0
10 0 0 0
10 0 1 7479
10 0 2 3476
10 0 3 7432
10 0 4 5220
10 0 5 3421
10 0 6 5345
10 0 7 7713
10 0 8 5188
10 0 9 4798
10 0 10 0
10 0 11 5348
10 0 12 5533
10 0 13 5698
10 0 14 5320
10 1 0 3093
10 1 1 0
10 1 2 3908
10 1 3 2153
10 1 4 4419
10 1 5 2873
10 1 6 1160
10 1 7 4937
10 1 8 2949
10 1 9 5583
10 1 10 0
10 1 11 3118
10 1 12 3878
10 1 13 3017
10 1 14 2780
10 2 0 6420
10 2 1 9809
10 2 2 0
10 2 3 4974
10 2 4 6041
10 2 5 8590
10 2 6 5034
10 2 7 8291
10 2 8 9349
10 2 9 6880
10 2 10 0
10 2 11 4785
10 2 12 4697
10 2 13 5549
10 2 14 4640
10 3 0 3983
10 3 1 5493
10 3 2 6466
10 3 3 0
10 3 4 5890
10 3 5 4289
10 3 6 2746
10 3 7 5082
10 3 8 3800
10 3 9 4230
10 3 10 0
10 3 11 3459
10 3 12 3245
10 3 13 4039
10 3 14 1350
10 4 0 7739
10 4 1 5742
10 4 2 6660
10 4 3 6993
10 4 4 0
10 4 5 4963
10 4 6 4874
10 4 7 5534
10 4 8 7989
10 4 9 6882
10 4 10 0
10 4 11 3639
10 4 12 2535
10 4 13 5449
10 4 14 5340
10 5 0 6190
10 5 1 7787
10 5 2 8052
10 5 3 6963
10 5 4 6661
10 5 5 0
10 5 6 5486
10 5 7 5628
10 5 8 7881
10 5 9 6661
10 5 10 0
10 5 11 4089
10 5 12 6171
10 5 13 7775
10 5 14 5637
10 6 0 6156
10 6 1 2968
10 6 2 3467
10 6 3 6903
10 6 4 6946
10 6 5 6085
10 6 6 0
10 6 7 6326
10 6 8 5968
10 6 9 2889
10 6 10 0
10 6 11 5260
10 6 12 6343
10 6 13 4354
10 6 14 8579
10 7 0 5051
10 7 1 2563
10 7 2 3960
10 7 3 5695
10 7 4 3220
10 7 5 4846
10 7 6 4324
10 7 7 0
10 7 8 1571
10 7 9 1141
10 7 10 0
10 7 11 7964
10 7 12 7498
10 7 13 6005
10 7 14 6045
10 8 0 1483
10 8 1 1761
10 8 2 5131
10 8 3 4822
10 8 4 4321
10 8 5 5303
10 8 6 3971
10 8 7 2398
10 8 8 0
10 8 9 6156
10 8 10 0
10 8 11 5881
10 8 12 7459
10 8 13 4436
10 8 14 5212
10 9 0 2187
10 9 1 2437
10 9 2 4552
10 9 3 3766
10 9 4 2175
10 9 5 869
10 9 6 2761
10 9 7 2815
10 9 8 2860
10 9 9 0
10 9 10 0
10 9 11 7877
10 9 12 4165
10 9 13 5791
10 9 14 7845
10 10 0 0
10 10 1 0
10 10 2 0
10 10 3 0
10 10 4 0
10 10 5 0
10 10 6 0
10 10 7 0
10 10 8 0
10 10 9 0
10 10 10 0
10 10 11 0
10 10 12 0
10 10 13 0
10 10 14 0
10 11 0 3857
10 11 1 4218
10 11 2 5558
10 11 3 6003
10 11 4 4864
10 11 5 3176
10 11 6 4579
10 11 7 6222
10 11 8 5762
10 11 9 7721
10 11 10 0
10 11 11 0
10 11 12 6488
10 11 13 9366
10 11 14 8887
10 12 0 5433
10 12 1 6369
10 12 2 6861
10 12 3 7180
10 12 4 5151
10 12 5 6649
10 12 6 7053
10 12 7 7147
10 12 8 8731
10 12 9 5400
10 12 10 0
10 12 11 4926
10 12 12 0
10 12 13 5245
10 12 14 3818
10 13 0 5269
10 13 1 5179
10 13 2 7384
10 13 3 7645
10 13 4 7736
10 13 5 7924
10 13 6 4735
10 13 7 5325
10 13 8 5379
10 13 9 6697
10 13 10 0
10 13 11 7876
10 13 12 5079
10 13 13 0
10 13 14 7243
10 14 0 2480
10 14 1 2531
10 14 2 4064
10 14 3 2545
10 14 4 5216
10 14 5 3375
10 14 6 6549
10 14 7 2954
10 14 8 3744
10 14 9 6340
10 14 10 0
10 14 11 8334
10 14 12 5916
10 14 13 3752
10 14 14 0
11 0 0 0
11 0 1 5043
11 0 2 1040
11 0 3 4996
11 0 4 2784
11 0 5 985
11 0 6 2909
11 0 7 5277
11 0 8 2752
11 0 9 2362
11 0 10 5348
11 0 11 0
11 0 12 5514
11 0 13 5679
11 0 14 5301
11 1 0 3555
11 1 1 0
11 1 2 4370
11 1 3 2615
11 1 4 4881
11 1 5 3335
11 1 6 1622
11 1 7 5399
11 1 8 3411
11 1 9 6045
11 1 10 3118
11 1 11 0
11 1 12 5493
11 1 13 4632
11 1 14 4395
11 2 0 4159
11 2 1 7548
11 2 2 0
11 2 3 2713
11 2 4 3780
11 2 5 6329
11 2 6 2773
11 2 7 6030
11 2 8 7088
11 2 9 4619
11 2 10 4785
11 2 11 0
11 2 12 6308
11 2 13 7160
11 2 14 6251
11 3 0 5261
11 3 1 6771
11 3 2 7744
11 3 3 0
11 3 4 7168
11 3 5 5567
11 3 6 4024
11 3 7 6360
11 3 8 5078
11 3 9 5508
11 3 10 3459
11 3 11 0
11 3 12 4596
11 3 13 5390
11 3 14 2701
11 4 0 5734
11 4 1 3737
11 4 2 4655
11 4 3 4988
11 4 4 0
11 4 5 2958
11 4 6 2869
11 4 7 3529
11 4 8 5984
11 4 9 4877
11 4 10 3639
11 4 11 0
11 4 12 975
11 4 13 3889
11 4 14 3780
11 5 0 2142
11 5 1 3739
11 5 2 4004
11 5 3 2915
11 5 4 2613
11 5 5 0
11 5 6 1438
11 5 7 1580
11 5 8 3833
11 5 9 2613
11 5 10 4089
11 5 11 0
11 5 12 4112
11 5 13 5716
11 5 14 3578
11 6 0 5349
11 6 1 2161
11 6 2 2660
11 6 3 6096
11 6 4 6139
11 6 5 5278
11 6 6 0
11 6 7 5519
11 6 8 5161
11 6 9 2082
11 6 10 5260
11 6 11 0
11 6 12 7253
11 6 13 5264
11 6 14 9489
11 7 0 7473
11 7 1 4985
11 7 2 6382
11 7 3 8117
11 7 4 5642
11 7 5 7268
11 7 6 6746
11 7 7 0
11 7 8 3993
11 7 9 3563
11 7 10 7964
11 7 11 0
11 7 12 5000
11 7 13 3507
11 7 14 3547
11 8 0 2826
11 8 1 3104
11 8 2 6474
11 8 3 6165
11 8 4 5664
11 8 5 6646
11 8 6 5314
11 8 7 3741
11 8 8 0
11 8 9 7499
11 8 10 5881
11 8 11 0
11 8 12 7570
11 8 13 4547
11 8 14 5323
11 9 0 6436
11 9 1 6686
11 9 2 8801
11 9 3 8015
11 9 4 6424
11 9 5 5118
11 9 6 7010
11 9 7 7064
11 9 8 7109
11 9 9 0
11 9 10 7877
11 9 11 0
11 9 12 2735
11 9 13 4361
11 9 14 6415
11 10 0 7761
11 10 1 5224
11 10 2 9287
11 10 3 6193
11 10 4 8337
11 10 5 8692
11 10 6 6854
11 10 7 5268
11 10 8 5887
11 10 9 4940
11 10 10 0
11 10 11 0
11 10 12 6757
11 10 13 6601
11 10 14 6695
11 11 0 0
11 11 1 0
11 11 2 0
11 11 3 0
11 11 4 0
11 11 5 0
11 11 6 0
11 11 7 0
11 11 8 0
11 11 9 0
11 11 10 0
11 11 11 0
11 11 12 0
11 11 13 0
11 11 14 0
11 12 0 2211
11 12 1 3147
11 12 2 3639
11 12 3 3958
11 12 4 1929
11 12 5 3427
11 12 6 3831
11 12 7 3925
11 12 8 5509
11 12 9 2178
11 12 10 4926
11 12 11 0
11 12 12 0
11 12 13 3508
11 12 14 2081
11 13 0 5482
11 13 1 5392
11 13 2 7597
11 13 3 7858
11 13 4 7949
11 13 5 8137
11 13 6 4948
11 13 7 5538
11 13 8 5592
11 13 9 6910
11 13 10 7876
11 13 11 0
11 13 12 6376
11 13 13 0
11 13 14 8540
11 14 0 5468
11 14 1 5519
11 14 2 7052
11 14 3 5533
11 14 4 8204
11 14 5 6363
11 14 6 9537
11 14 7 5942
11 14 8 6732
11 14 9 9328
11 14 10 8334
11 14 11 0
11 14 12 6640
11 14 13 4476
11 14 14 0
12 0 0 0
12 0 1 5228
12 0 2 1225
12 0 3 5181
12 0 4 2969
12 0 5 1170
12 0 6 3094
12 0 7 5462
12 0 8 2937
12 0 9 2547
12 0 10 5533
12 0 11 5514
12 0 12 0
12 0 13 1464
12 0 14 1086
12 1 0 4315
12 1 1 0
12 1 2 5130
12 1 3 3375
12 1 4 5641
12 1 5 4095
12 1 6 2382
12 1 7 6159
12 1 8 4171
12 1 9 6805
12 1 10 3878
12 1 11 5493
12 1 12 0
12 1 13 2761
12 1 14 2524
12 2 0 4071
12 2 1 7460
12 2 2 0
12 2 3 2625
12 2 4 3692
12 2 5 6241
12 2 6 2685
12 2 7 5942
12 2 8 7000
12 2 9 4531
12 2 10 4697
12 2 11 6308
12 2 12 0
12 2 13 5707
12 2 14 4798
12 3 0 5047
12 3 1 6557
12 3 2 7530
12 3 3 0
12 3 4 6954
12 3 5 5353
12 3 6 3810
12 3 7 6146
12 3 8 4864
12 3 9 5294
12 3 10 3245
12 3 11 4596
12 3 12 0
12 3 13 8484
12 3 14 5795
12 4 0 4630
12 4 1 2633
12 4 2 3551
12 4 3 3884
12 4 4 0
12 4 5 1854
12 4 6 1765
12 4 7 2425
12 4 8 4880
12 4 9 3773
12 4 10 2535
12 4 11 975
12 4 12 0
12 4 13 7613
12 4 14 7504
12 5 0 4224
12 5 1 5821
12 5 2 6086
12 5 3 4997
12 5 4 4695
12 5 5 0
12 5 6 3520
12 5 7 3662
12 5 8 5915
12 5 9 4695
12 5 10 6171
12 5 11 4112
12 5 12 0
12 5 13 5713
12 5 14 3575
12 6 0 6432
12 6 1 3244
12 6 2 3743
12 6 3 7179
12 6 4 7222
12 6 5 6361
12 6 6 0
12 6 7 6602
12 6 8 6244
12 6 9 3165
12 6 10 6343
12 6 11 7253
12 6 12 0
12 6 13 4720
12 6 14 8945
12 7 0 7007
12 7 1 4519
12 7 2 5916
12 7 3 7651
12 7 4 5176
12 7 5 6802
12 7 6 6280
12 7 7 0
12 7 8 3527
12 7 9 3097
12 7 10 7498
12 7 11 5000
12 7 12 0
12 7 13 4138
12 7 14 4178
12 8 0 4404
12 8 1 4682
12 8 2 8052
12 8 3 7743
12 8 4 7242
12 8 5 8224
12 8 6 6892
12 8 7 5319
12 8 8 0
12 8 9 9077
12 8 10 7459
12 8 11 7570
12 8 12 0
12 8 13 3269
12 8 14 4045
12 9 0 2724
12 9 1 2974
12 9 2 5089
12 9 3 4303
12 9 4 2712
12 9 5 1406
12 9 6 3298
12 9 7 3352
12 9 8 3397
12 9 9 0
12 9 10 4165
12 9 11 2735
12 9 12 0
12 9 13 2772
12 9 14 4826
12 10 0 7130
12 10 1 4593
12 10 2 8656
12 10 3 5562
12 10 4 7706
12 10 5 8061
12 10 6 6223
12 10 7 4637
12 10 8 5256
12 10 9 4309
12 10 10 0
12 10 11 6757
12 10 12 0
12 10 13 7992
12 10 14 8086
12 11 0 2957
12 11 1 3318
12 11 2 4658
12 11 3 5103
12 11 4 3964
12 11 5 2276
12 11 6 3679
12 11 7 5322
12 11 8 4862
12 11 9 6821
12 11 10 6488
12 11 11 0
12 11 12 0
12 11 13 6067
12 11 14 5588
12 12 0 0
12 12 1 0
12 12 2 0
12 12 3 0
12 12 4 0
12 12 5 0
12 12 6 0
12 12 7 0
12 12 8 0
12 12 9 0
12 12 10 0
12 12 11 0
12 12 12 0
12 12 13 0
12 12 14 0
12 13 0 2685
12 13 1 2595
12 13 2 4800
12 13 3 5061
12 13 4 5152
12 13 5 5340
12 13 6 2151
12 13 7 2741
12 13 8 2795
12 13 9 4113
12 13 10 5079
12 13 11 6376
12 13 12 0
12 13 13 0
12 13 14 5050
12 14 0 3050
12 14 1 3101
12 14 2 4634
12 14 3 3115
12 14 4 5786
12 14 5 3945
12 14 6 7119
12 14 7 3524
12 14 8 4314
12 14 9 6910
12 14 10 5916
12 14 11 6640
12 14 12 0
12 14 13 38
12 14 14 0
13 0 0 0
13 0 1 5393
13 0 2 1390
13 0 3 5346
13 0 4 3134
13 0 5 1335
13 0 6 3259
13 0 7 5627
13 0 8 3102
13 0 9 2712
13 0 10 5698
13 0 11 5679
13 0 12 1464
13 0 13 0
13 0 14 1687
13 1 0 3454
13 1 1 0
13 1 2 4269
13 1 3 2514
13 1 4 4780
13 1 5 3234
13 1 6 1521
13 1 7 5298
13 1 8 3310
13 1 9 5944
13 1 10 3017
13 1 11 4632
13 1 12 2761
13 1 13 0
13 1 14 5004
13 2 0 4923
13 2 1 8312
13 2 2 0
13 2 3 3477
13 2 4 4544
13 2 5 7093
13 2 6 3537
13 2 7 6794
13 2 8 7852
13 2 9 5383
13 2 10 5549
13 2 11 7160
13 2 12 5707
13 2 13 0
13 2 14 6821
13 3 0 5841
13 3 1 7351
13 3 2 8324
13 3 3 0
13 3 4 7748
13 3 5 6147
13 3 6 4604
13 3 7 6940
13 3 8 5658
13 3 9 6088
13 3 10 4039
13 3 11 5390
13 3 12 8484
13 3 13 0
13 3 14 2731
13 4 0 7544
13 4 1 5547
13 4 2 6465
13 4 3 6798
13 4 4 0
13 4 5 4768
13 4 6 4679
13 4 7 5339
13 4 8 7794
13 4 9 6687
13 4 10 5449
13 4 11 3889
13 4 12 7613
13 4 13 0
13 4 14 8134
13 5 0 5828
13 5 1 7425
13 5 2 7690
13 5 3 6601
13 5 4 6299
13 5 5 0
13 5 6 5124
13 5 7 5266
13 5 8 7519
13 5 9 6299
13 5 10 7775
13 5 11 5716
13 5 12 5713
13 5 13 0
13 5 14 6660
13 6 0 4443
13 6 1 1255
13 6 2 1754
13 6 3 5190
13 6 4 5233
13 6 5 4372
13 6 6 0
13 6 7 4613
13 6 8 4255
13 6 9 1176
13 6 10 4354
13 6 11 5264
13 6 12 4720
13 6 13 0
13 6 14 7177
13 7 0 5514
13 7 1 3026
13 7 2 4423
13 7 3 6158
13 7 4 3683
13 7 5 5309
13 7 6 4787
13 7 7 0
13 7 8 2034
13 7 9 1604
13 7 10 6005
13 7 11 3507
13 7 12 4138
13 7 13 0
13 7 14 3964
13 8 0 1381
13 8 1 1659
13 8 2 5029
13 8 3 4720
13 8 4 4219
13 8 5 5201
13 8 6 3869
13 8 7 2296
13 8 8 0
13 8 9 6054
13 8 10 4436
13 8 11 4547
13 8 12 3269
13 8 13 0
13 8 14 4462
13 9 0 4350
13 9 1 4600
13 9 2 6715
13 9 3 5929
13 9 4 4338
13 9 5 3032
13 9 6 4924
13 9 7 4978
13 9 8 5023
13 9 9 0
13 9 10 5791
13 9 11 4361
13 9 12 2772
13 9 13 0
13 9 14 9544
13 10 0 6974
13 10 1 4437
13 10 2 8500
13 10 3 5406
13 10 4 7550
13 10 5 7905
13 10 6 6067
13 10 7 4481
13 10 8 5100
13 10 9 4153
13 10 10 0
13 10 11 6601
13 10 12 7992
13 10 13 0
13 10 14 7757
13 11 0 5835
13 11 1 6196
13 11 2 7536
13 11 3 7981
13 11 4 6842
13 11 5 5154
13 11 6 6557
13 11 7 8200
13 11 8 7740
13 11 9 9699
13 11 10 9366
13 11 11 0
13 11 12 6067
13 11 13 0
13 11 14 8694
13 12 0 2530
13 12 1 3466
13 12 2 3958
13 12 3 4277
13 12 4 2248
13 12 5 3746
13 12 6 4150
13 12 7 4244
13 12 8 5828
13 12 9 2497
13 12 10 5245
13 12 11 3508
13 12 12 0
13 12 13 0
13 12 14 1459
13 13 0 0
13 13 1 0
13 13 2 0
13 13 3 0
13 13 4 0
13 13 5 0
13 13 6 0
13 13 7 0
13 13 8 0
13 13 9 0
13 13 10 0
13 13 11 0
13 13 12 0
13 13 13 0
13 13 14 0
13 14 0 886
13 14 1 937
13 14 2 2470
13 14 3 951
13 14 4 3622
13 14 5 1781
13 14 6 4955
13 14 7 1360
13 14 8 2150
13 14 9 4746
13 14 10 3752
13 14 11 4476
13 14 12 38
13 14 13 0
13 14 14 0
14 0 0 0
14 0 1 5015
14 0 2 1012
14 0 3 4968
14 0 4 2756
14 0 5 957
14 0 6 2881
14 0 7 5249
14 0 8 2724
14 0 9 2334
14 0 10 5320
14 0 11 5301
14 0 12 1086
14 0 13 1687
14 0 14 0
14 1 0 3217
14 1 1 0
14 1 2 4032
14 1 3 2277
14 1 4 4543
14 1 5 2997
14 1 6 1284
14 1 7 5061
14 1 8 3073
14 1 9 5707
14 1 10 2780
14 1 11 4395
14 1 12 2524
14 1 13 5004
14 1 14 0
14 2 0 4014
14 2 1 7403
14 2 2 0
14 2 3 2568
14 2 4 3635
14 2 5 6184
14 2 6 2628
14 2 7 5885
14 2 8 6943
14 2 9 4474
14 2 10 4640
14 2 11 6251
14 2 12 4798
14 2 13 6821
14 2 14 0
14 3 0 3152
14 3 1 4662
14 3 2 5635
14 3 3 0
14 3 4 5059
14 3 5 3458
14 3 6 1915
14 3 7 4251
14 3 8 2969
14 3 9 3399
14 3 10 1350
14 3 11 2701
14 3 12 5795
14 3 13 2731
14 3 14 0
14 4 0 7435
14 4 1 5438
14 4 2 6356
14 4 3 6689
14 4 4 0
14 4 5 4659
14 4 6 4570
14 4 7 5230
14 4 8 7685
14 4 9 6578
14 4 10 5340
14 4 11 3780
14 4 12 7504
14 4 13 8134
14 4 14 0
14 5 0 3690
14 5 1 5287
14 5 2 5552
14 5 3 4463
14 5 4 4161
14 5 5 0
14 5 6 2986
14 5 7 3128
14 5 8 5381
14 5 9 4161
14 5 10 5637
14 5 11 3578
14 5 12 3575
14 5 13 6660
14 5 14 0
14 6 0 8668
14 6 1 5480
14 6 2 5979
14 6 3 9415
14 6 4 9458
14 6 5 8597
14 6 6 0
14 6 7 8838
14 6 8 8480
14 6 9 5401
14 6 10 8579
14 6 11 9489
14 6 12 8945
14 6 13 7177
14 6 14 0
14 7 0 5554
14 7 1 3066
14 7 2 4463
14 7 3 6198
14 7 4 3723
14 7 5 5349
14 7 6 4827
14 7 7 0
14 7 8 2074
14 7 9 1644
14 7 10 6045
14 7 11 3547
14 7 12 4178
14 7 13 3964
14 7 14 0
14 8 0 2157
14 8 1 2435
14 8 2 5805
14 8 3 5496
14 8 4 4995
14 8 5 5977
14 8 6 4645
14 8 7 3072
14 8 8 0
14 8 9 6830
14 8 10 5212
14 8 11 5323
14 8 12 4045
14 8 13 4462
14 8 14 0
14 9 0 6404
14 9 1 6654
14 9 2 8769
14 9 3 7983
14 9 4 6392
14 9 5 5086
14 9 6 6978
14 9 7 7032
14 9 8 7077
14 9 9 0
14 9 10 7845
14 9 11 6415
14 9 12 4826
14 9 13 9544
14 9 14 0
14 10 0 7068
14 10 1 4531
14 10 2 8594
14 10 3 5500
14 10 4 7644
14 10 5 7999
14 10 6 6161
14 10 7 4575
14 10 8 5194
14 10 9 4247
14 10 10 0
14 10 11 6695
14 10 12 8086
14 10 13 7757
14 10 14 0
14 11 0 5356
14 11 1 5717
14 11 2 7057
14 11 3 7502
14 11 4 6363
14 11 5 4675
14 11 6 6078
14 11 7 7721
14 11 8 7261
14 11 9 9220
14 11 10 8887
14 11 11 0
14 11 12 5588
14 11 13 8694
14 11 14 0
14 12 0 1103
14 12 1 2039
14 12 2 2531
14 12 3 2850
14 12 4 821
14 12 5 2319
14 12 6 2723
14 12 7 2817
14 12 8 4401
14 12 9 1070
14 12 10 3818
14 12 11 2081
14 12 12 0
14 12 13 1459
14 12 14 0
14 13 0 4849
14 13 1 4759
14 13 2 6964
14 13 3 7225
14 13 4 7316
14 13 5 7504
14 13 6 4315
14 13 7 4905
14 13 8 4959
14 13 9 6277
14 13 10 7243
14 13 11 8540
14 13 12 5050
14 13 13 0
14 13 14 0
14 14 0 0
14 14 1 0
14 14 2 0
14 14 3 0
14 14 4 0
14 14 5 0
14 14 6 0
14 14 7 0
14 14 8 0
14 14 9 0
14 14 10 0
14 14 11 0
14 14 12 0
14 14 13 0
14 14 14 0
