15
0 0 0 0
0 0 1 0
0 0 2 0
0 0 3 0
0 0 4 0
0 0 5 0
0 0 6 0
0 0 7 0
0 0 8 0
0 0 9 0
0 0 10 0
0 0 11 0
0 0 12 0
0 0 13 0
0 0 14 0
0 1 0 0
0 1 1 0
0 1 2 6162
0 1 3 7748
0 1 4 7936
0 1 5 6556
0 1 6 7316
0 1 7 8633
0 1 8 6082
0 1 9 5634
0 1 10 9660
0 1 11 7364
0 1 12 9394
0 1 13 9237
0 1 14 6429
0 2 0 0
0 2 1 6997
0 2 2 0
0 2 3 2952
0 2 4 6357
0 2 5 4566
0 2 6 2178
0 2 7 6614
0 2 8 3559
0 2 9 6174
0 2 10 6690
0 2 11 5933
0 2 12 5838
0 2 13 3765
0 2 14 2116
0 3 0 0
0 3 1 4948
0 3 2 3123
0 3 3 0
0 3 4 1518
0 3 5 3983
0 3 6 1273
0 3 7 1483
0 3 8 3075
0 3 9 1727
0 3 10 5739
0 3 11 4840
0 3 12 2578
0 3 13 5591
0 3 14 3922
0 4 0 0
0 4 1 5480
0 4 2 3662
0 4 3 2912
0 4 4 0
0 4 5 2149
0 4 6 3104
0 4 7 5628
0 4 8 1913
0 4 9 1563
0 4 10 4395
0 4 11 3884
0 4 12 1119
0 4 13 4228
0 4 14 1986
0 5 0 0
0 5 1 4320
0 5 2 7360
0 5 3 6016
0 5 4 2605
0 5 5 0
0 5 6 2778
0 5 7 6685
0 5 8 3340
0 5 9 5955
0 5 10 2496
0 5 11 5724
0 5 12 5249
0 5 13 7265
0 5 14 3812
0 6 0 0
0 6 1 3226
0 6 2 4407
0 6 3 3512
0 6 4 6008
0 6 5 6753
0 6 6 0
0 6 7 3520
0 6 8 8184
0 6 9 6604
0 6 10 5126
0 6 11 4736
0 6 12 3493
0 6 13 4528
0 6 14 6189
0 7 0 0
0 7 1 3994
0 7 2 2428
0 7 3 2408
0 7 4 6336
0 7 5 5033
0 7 6 2932
0 7 7 0
0 7 8 5547
0 7 9 3861
0 7 10 2615
0 7 11 6204
0 7 12 2397
0 7 13 6526
0 7 14 4982
0 8 0 0
0 8 1 6247
0 8 2 7243
0 8 3 6682
0 8 4 3180
0 8 5 6696
0 8 6 7632
0 8 7 3300
0 8 8 0
0 8 9 4655
0 8 10 6254
0 8 11 5413
0 8 12 6241
0 8 13 6694
0 8 14 7508
0 9 0 0
0 9 1 999
0 9 2 2688
0 9 3 4111
0 9 4 5520
0 9 5 5135
0 9 6 3725
0 9 7 2416
0 9 8 2695
0 9 9 0
0 9 10 4749
0 9 11 3857
0 9 12 2606
0 9 13 1543
0 9 14 1706
0 10 0 0
0 10 1 4334
0 10 2 3768
0 10 3 4677
0 10 4 5015
0 10 5 5877
0 10 6 6660
0 10 7 5048
0 10 8 4561
0 10 9 3026
0 10 10 0
0 10 11 2356
0 10 12 5415
0 10 13 2028
0 10 14 2024
0 11 0 0
0 11 1 2015
0 11 2 4002
0 11 3 3400
0 11 4 5059
0 11 5 2234
0 11 6 5534
0 11 7 6028
0 11 8 3125
0 11 9 4001
0 11 10 5576
0 11 11 0
0 11 12 3014
0 11 13 5666
0 11 14 4198
0 12 0 0
0 12 1 3656
0 12 2 4157
0 12 3 7698
0 12 4 4185
0 12 5 4563
0 12 6 3048
0 12 7 4419
0 12 8 3284
0 12 9 3604
0 12 10 5611
0 12 11 6179
0 12 12 0
0 12 13 5395
0 12 14 4323
0 13 0 0
0 13 1 2827
0 13 2 2977
0 13 3 5878
0 13 4 6225
0 13 5 4800
0 13 6 5917
0 13 7 2270
0 13 8 2331
0 13 9 4336
0 13 10 3418
0 13 11 5658
0 13 12 3071
0 13 13 0
0 13 14 4293
0 14 0 0
0 14 1 7401
0 14 2 4958
0 14 3 3652
0 14 4 6506
0 14 5 6872
0 14 6 3356
0 14 7 7665
0 14 8 4432
0 14 9 5893
0 14 10 5146
0 14 11 7187
0 14 12 5771
0 14 13 6793
0 14 14 0
1 0 0 0
1 0 1 0
1 0 2 3774
1 0 3 2523
1 0 4 2515
1 0 5 4221
1 0 6 4949
1 0 7 3852
1 0 8 4694
1 0 9 2504
1 0 10 3445
1 0 11 3525
1 0 12 4588
1 0 13 3948
1 0 14 4603
1 1 0 0
1 1 1 0
1 1 2 0
1 1 3 0
1 1 4 0
1 1 5 0
1 1 6 0
1 1 7 0
1 1 8 0
1 1 9 0
1 1 10 0
1 1 11 0
1 1 12 0
1 1 13 0
1 1 14 0
1 2 0 6997
1 2 1 0
1 2 2 0
1 2 3 2234
1 2 4 5639
1 2 5 3848
1 2 6 1460
1 2 7 5896
1 2 8 2841
1 2 9 5456
1 2 10 5972
1 2 11 5215
1 2 12 5120
1 2 13 3047
1 2 14 1398
1 3 0 4948
1 3 1 0
1 3 2 5242
1 3 3 0
1 3 4 3637
1 3 5 6102
1 3 6 3392
1 3 7 3602
1 3 8 5194
1 3 9 3846
1 3 10 7858
1 3 11 6959
1 3 12 4697
1 3 13 7710
1 3 14 6041
1 4 0 5480
1 4 1 0
1 4 2 5977
1 4 3 5227
1 4 4 0
1 4 5 4464
1 4 6 5419
1 4 7 7943
1 4 8 4228
1 4 9 3878
1 4 10 6710
1 4 11 6199
1 4 12 3434
1 4 13 6543
1 4 14 4301
1 5 0 4320
1 5 1 0
1 5 2 6589
1 5 3 5245
1 5 4 1834
1 5 5 0
1 5 6 2007
1 5 7 5914
1 5 8 2569
1 5 9 5184
1 5 10 1725
1 5 11 4953
1 5 12 4478
1 5 13 6494
1 5 14 3041
1 6 0 3226
1 6 1 0
1 6 2 3668
1 6 3 2773
1 6 4 5269
1 6 5 6014
1 6 6 0
1 6 7 2781
1 6 8 7445
1 6 9 5865
1 6 10 4387
1 6 11 3997
1 6 12 2754
1 6 13 3789
1 6 14 5450
1 7 0 3994
1 7 1 0
1 7 2 4103
1 7 3 4083
1 7 4 8011
1 7 5 6708
1 7 6 4607
1 7 7 0
1 7 8 7222
1 7 9 5536
1 7 10 4290
1 7 11 7879
1 7 12 4072
1 7 13 8201
1 7 14 6657
1 8 0 6247
1 8 1 0
1 8 2 5525
1 8 3 4964
1 8 4 1462
1 8 5 4978
1 8 6 5914
1 8 7 1582
1 8 8 0
1 8 9 2937
1 8 10 4536
1 8 11 3695
1 8 12 4523
1 8 13 4976
1 8 14 5790
1 9 0 999
1 9 1 0
1 9 2 2712
1 9 3 4135
1 9 4 5544
1 9 5 5159
1 9 6 3749
1 9 7 2440
1 9 8 2719
1 9 9 0
1 9 10 4773
1 9 11 3881
1 9 12 2630
1 9 13 1567
1 9 14 1730
1 10 0 4334
1 10 1 0
1 10 2 6877
1 10 3 7786
1 10 4 8124
1 10 5 8986
1 10 6 9769
1 10 7 8157
1 10 8 7670
1 10 9 6135
1 10 10 0
1 10 11 5465
1 10 12 8524
1 10 13 5137
1 10 14 5133
1 11 0 2015
1 11 1 0
1 11 2 4735
1 11 3 4133
1 11 4 5792
1 11 5 2967
1 11 6 6267
1 11 7 6761
1 11 8 3858
1 11 9 4734
1 11 10 6309
1 11 11 0
1 11 12 3747
1 11 13 6399
1 11 14 4931
1 12 0 3656
1 12 1 0
1 12 2 5857
1 12 3 9398
1 12 4 5885
1 12 5 6263
1 12 6 4748
1 12 7 6119
1 12 8 4984
1 12 9 5304
1 12 10 7311
1 12 11 7879
1 12 12 0
1 12 13 7095
1 12 14 6023
1 13 0 2827
1 13 1 0
1 13 2 5160
1 13 3 8061
1 13 4 8408
1 13 5 6983
1 13 6 8100
1 13 7 4453
1 13 8 4514
1 13 9 6519
1 13 10 5601
1 13 11 7841
1 13 12 5254
1 13 13 0
1 13 14 6476
1 14 0 7401
1 14 1 0
1 14 2 3678
1 14 3 2372
1 14 4 5226
1 14 5 5592
1 14 6 2076
1 14 7 6385
1 14 8 3152
1 14 9 4613
1 14 10 3866
1 14 11 5907
1 14 12 4491
1 14 13 5513
1 14 14 0
2 0 0 0
2 0 1 3774
2 0 2 0
2 0 3 5653
2 0 4 5645
2 0 5 7351
2 0 6 8079
2 0 7 6982
2 0 8 7824
2 0 9 5634
2 0 10 6575
2 0 11 6655
2 0 12 7718
2 0 13 7078
2 0 14 7733
2 1 0 6162
2 1 1 0
2 1 2 0
2 1 3 7865
2 1 4 8053
2 1 5 6673
2 1 6 7433
2 1 7 8750
2 1 8 6199
2 1 9 5751
2 1 10 9777
2 1 11 7481
2 1 12 9511
2 1 13 9354
2 1 14 6546
2 2 0 0
2 2 1 0
2 2 2 0
2 2 3 0
2 2 4 0
2 2 5 0
2 2 6 0
2 2 7 0
2 2 8 0
2 2 9 0
2 2 10 0
2 2 11 0
2 2 12 0
2 2 13 0
2 2 14 0
2 3 0 3123
2 3 1 5242
2 3 2 0
2 3 3 0
2 3 4 1665
2 3 5 4130
2 3 6 1420
2 3 7 1630
2 3 8 3222
2 3 9 1874
2 3 10 5886
2 3 11 4987
2 3 12 2725
2 3 13 5738
2 3 14 4069
2 4 0 3662
2 4 1 5977
2 4 2 0
2 4 3 6472
2 4 4 0
2 4 5 5709
2 4 6 6664
2 4 7 9188
2 4 8 5473
2 4 9 5123
2 4 10 7955
2 4 11 7444
2 4 12 4679
2 4 13 7788
2 4 14 5546
2 5 0 7360
2 5 1 6589
2 5 2 0
2 5 3 6079
2 5 4 2668
2 5 5 0
2 5 6 2841
2 5 7 6748
2 5 8 3403
2 5 9 6018
2 5 10 2559
2 5 11 5787
2 5 12 5312
2 5 13 7328
2 5 14 3875
2 6 0 4407
2 6 1 3668
2 6 2 0
2 6 3 459
2 6 4 2955
2 6 5 3700
2 6 6 0
2 6 7 467
2 6 8 5131
2 6 9 3551
2 6 10 2073
2 6 11 1683
2 6 12 440
2 6 13 1475
2 6 14 3136
2 7 0 2428
2 7 1 4103
2 7 2 0
2 7 3 4888
2 7 4 8816
2 7 5 7513
2 7 6 5412
2 7 7 0
2 7 8 8027
2 7 9 6341
2 7 10 5095
2 7 11 8684
2 7 12 4877
2 7 13 9006
2 7 14 7462
2 8 0 7243
2 8 1 5525
2 8 2 0
2 8 3 5265
2 8 4 1763
2 8 5 5279
2 8 6 6215
2 8 7 1883
2 8 8 0
2 8 9 3238
2 8 10 4837
2 8 11 3996
2 8 12 4824
2 8 13 5277
2 8 14 6091
2 9 0 2688
2 9 1 2712
2 9 2 0
2 9 3 7499
2 9 4 8908
2 9 5 8523
2 9 6 7113
2 9 7 5804
2 9 8 6083
2 9 9 0
2 9 10 8137
2 9 11 7245
2 9 12 5994
2 9 13 4931
2 9 14 5094
2 10 0 3768
2 10 1 6877
2 10 2 0
2 10 3 7640
2 10 4 7978
2 10 5 8840
2 10 6 9623
2 10 7 8011
2 10 8 7524
2 10 9 5989
2 10 10 0
2 10 11 5319
2 10 12 8378
2 10 13 4991
2 10 14 4987
2 11 0 4002
2 11 1 4735
2 11 2 0
2 11 3 5526
2 11 4 7185
2 11 5 4360
2 11 6 7660
2 11 7 8154
2 11 8 5251
2 11 9 6127
2 11 10 7702
2 11 11 0
2 11 12 5140
2 11 13 7792
2 11 14 6324
2 12 0 4157
2 12 1 5857
2 12 2 0
2 12 3 8666
2 12 4 5153
2 12 5 5531
2 12 6 4016
2 12 7 5387
2 12 8 4252
2 12 9 4572
2 12 10 6579
2 12 11 7147
2 12 12 0
2 12 13 6363
2 12 14 5291
2 13 0 2977
2 13 1 5160
2 13 2 0
2 13 3 5413
2 13 4 5760
2 13 5 4335
2 13 6 5452
2 13 7 1805
2 13 8 1866
2 13 9 3871
2 13 10 2953
2 13 11 5193
2 13 12 2606
2 13 13 0
2 13 14 3828
2 14 0 4958
2 14 1 3678
2 14 2 0
2 14 3 883
2 14 4 3737
2 14 5 4103
2 14 6 587
2 14 7 4896
2 14 8 1663
2 14 9 3124
2 14 10 2377
2 14 11 4418
2 14 12 3002
2 14 13 4024
2 14 14 0
3 0 0 0
3 0 1 2523
3 0 2 5653
3 0 3 0
3 0 4 3395
3 0 5 5101
3 0 6 5829
3 0 7 4732
3 0 8 5574
3 0 9 3384
3 0 10 4325
3 0 11 4405
3 0 12 5468
3 0 13 4828
3 0 14 5483
3 1 0 7748
3 1 1 0
3 1 2 7865
3 1 3 0
3 1 4 7255
3 1 5 5875
3 1 6 6635
3 1 7 7952
3 1 8 5401
3 1 9 4953
3 1 10 8979
3 1 11 6683
3 1 12 8713
3 1 13 8556
3 1 14 5748
3 2 0 2952
3 2 1 2234
3 2 2 0
3 2 3 0
3 2 4 6675
3 2 5 4884
3 2 6 2496
3 2 7 6932
3 2 8 3877
3 2 9 6492
3 2 10 7008
3 2 11 6251
3 2 12 6156
3 2 13 4083
3 2 14 2434
3 3 0 0
3 3 1 0
3 3 2 0
3 3 3 0
3 3 4 0
3 3 5 0
3 3 6 0
3 3 7 0
3 3 8 0
3 3 9 0
3 3 10 0
3 3 11 0
3 3 12 0
3 3 13 0
3 3 14 0
3 4 0 2912
3 4 1 5227
3 4 2 6472
3 4 3 0
3 4 4 0
3 4 5 2121
3 4 6 3076
3 4 7 5600
3 4 8 1885
3 4 9 1535
3 4 10 4367
3 4 11 3856
3 4 12 1091
3 4 13 4200
3 4 14 1958
3 5 0 6016
3 5 1 5245
3 5 2 6079
3 5 3 0
3 5 4 3336
3 5 5 0
3 5 6 3509
3 5 7 7416
3 5 8 4071
3 5 9 6686
3 5 10 3227
3 5 11 6455
3 5 12 5980
3 5 13 7996
3 5 14 4543
3 6 0 3512
3 6 1 2773
3 6 2 459
3 6 3 0
3 6 4 3301
3 6 5 4046
3 6 6 0
3 6 7 813
3 6 8 5477
3 6 9 3897
3 6 10 2419
3 6 11 2029
3 6 12 786
3 6 13 1821
3 6 14 3482
3 7 0 2408
3 7 1 4083
3 7 2 4888
3 7 3 0
3 7 4 4936
3 7 5 3633
3 7 6 1532
3 7 7 0
3 7 8 4147
3 7 9 2461
3 7 10 1215
3 7 11 4804
3 7 12 997
3 7 13 5126
3 7 14 3582
3 8 0 6682
3 8 1 4964
3 8 2 5265
3 8 3 0
3 8 4 2530
3 8 5 6046
3 8 6 6982
3 8 7 2650
3 8 8 0
3 8 9 4005
3 8 10 5604
3 8 11 4763
3 8 12 5591
3 8 13 6044
3 8 14 6858
3 9 0 4111
3 9 1 4135
3 9 2 7499
3 9 3 0
3 9 4 5712
3 9 5 5327
3 9 6 3917
3 9 7 2608
3 9 8 2887
3 9 9 0
3 9 10 4941
3 9 11 4049
3 9 12 2798
3 9 13 1735
3 9 14 1898
3 10 0 4677
3 10 1 7786
3 10 2 7640
3 10 3 0
3 10 4 8278
3 10 5 9140
3 10 6 9923
3 10 7 8311
3 10 8 7824
3 10 9 6289
3 10 10 0
3 10 11 5619
3 10 12 8678
3 10 13 5291
3 10 14 5287
3 11 0 3400
3 11 1 4133
3 11 2 5526
3 11 3 0
3 11 4 7343
3 11 5 4518
3 11 6 7818
3 11 7 8312
3 11 8 5409
3 11 9 6285
3 11 10 7860
3 11 11 0
3 11 12 5298
3 11 13 7950
3 11 14 6482
3 12 0 7698
3 12 1 9398
3 12 2 8666
3 12 3 0
3 12 4 3144
3 12 5 3522
3 12 6 2007
3 12 7 3378
3 12 8 2243
3 12 9 2563
3 12 10 4570
3 12 11 5138
3 12 12 0
3 12 13 4354
3 12 14 3282
3 13 0 5878
3 13 1 8061
3 13 2 5413
3 13 3 0
3 13 4 8837
3 13 5 7412
3 13 6 8529
3 13 7 4882
3 13 8 4943
3 13 9 6948
3 13 10 6030
3 13 11 8270
3 13 12 5683
3 13 13 0
3 13 14 6905
3 14 0 3652
3 14 1 2372
3 14 2 883
3 14 3 0
3 14 4 6794
3 14 5 7160
3 14 6 3644
3 14 7 7953
3 14 8 4720
3 14 9 6181
3 14 10 5434
3 14 11 7475
3 14 12 6059
3 14 13 7081
3 14 14 0
4 0 0 0
4 0 1 2515
4 0 2 5645
4 0 3 3395
4 0 4 0
4 0 5 5077
4 0 6 5805
4 0 7 4708
4 0 8 5550
4 0 9 3360
4 0 10 4301
4 0 11 4381
4 0 12 5444
4 0 13 4804
4 0 14 5459
4 1 0 7936
4 1 1 0
4 1 2 8053
4 1 3 7255
4 1 4 0
4 1 5 6415
4 1 6 7175
4 1 7 8492
4 1 8 5941
4 1 9 5493
4 1 10 9519
4 1 11 7223
4 1 12 9253
4 1 13 9096
4 1 14 6288
4 2 0 6357
4 2 1 5639
4 2 2 0
4 2 3 6675
4 2 4 0
4 2 5 5431
4 2 6 3043
4 2 7 7479
4 2 8 4424
4 2 9 7039
4 2 10 7555
4 2 11 6798
4 2 12 6703
4 2 13 4630
4 2 14 2981
4 3 0 1518
4 3 1 3637
4 3 2 1665
4 3 3 0
4 3 4 0
4 3 5 5349
4 3 6 2639
4 3 7 2849
4 3 8 4441
4 3 9 3093
4 3 10 7105
4 3 11 6206
4 3 12 3944
4 3 13 6957
4 3 14 5288
4 4 0 0
4 4 1 0
4 4 2 0
4 4 3 0
4 4 4 0
4 4 5 0
4 4 6 0
4 4 7 0
4 4 8 0
4 4 9 0
4 4 10 0
4 4 11 0
4 4 12 0
4 4 13 0
4 4 14 0
4 5 0 2605
4 5 1 1834
4 5 2 2668
4 5 3 3336
4 5 4 0
4 5 5 0
4 5 6 1683
4 5 7 5590
4 5 8 2245
4 5 9 4860
4 5 10 1401
4 5 11 4629
4 5 12 4154
4 5 13 6170
4 5 14 2717
4 6 0 6008
4 6 1 5269
4 6 2 2955
4 6 3 3301
4 6 4 0
4 6 5 5885
4 6 6 0
4 6 7 2652
4 6 8 7316
4 6 9 5736
4 6 10 4258
4 6 11 3868
4 6 12 2625
4 6 13 3660
4 6 14 5321
4 7 0 6336
4 7 1 8011
4 7 2 8816
4 7 3 4936
4 7 4 0
4 7 5 7786
4 7 6 5685
4 7 7 0
4 7 8 8300
4 7 9 6614
4 7 10 5368
4 7 11 8957
4 7 12 5150
4 7 13 9279
4 7 14 7735
4 8 0 3180
4 8 1 1462
4 8 2 1763
4 8 3 2530
4 8 4 0
4 8 5 4892
4 8 6 5828
4 8 7 1496
4 8 8 0
4 8 9 2851
4 8 10 4450
4 8 11 3609
4 8 12 4437
4 8 13 4890
4 8 14 5704
4 9 0 5520
4 9 1 5544
4 9 2 8908
4 9 3 5712
4 9 4 0
4 9 5 5171
4 9 6 3761
4 9 7 2452
4 9 8 2731
4 9 9 0
4 9 10 4785
4 9 11 3893
4 9 12 2642
4 9 13 1579
4 9 14 1742
4 10 0 5015
4 10 1 8124
4 10 2 7978
4 10 3 8278
4 10 4 0
4 10 5 7804
4 10 6 8587
4 10 7 6975
4 10 8 6488
4 10 9 4953
4 10 10 0
4 10 11 4283
4 10 12 7342
4 10 13 3955
4 10 14 3951
4 11 0 5059
4 11 1 5792
4 11 2 7185
4 11 3 7343
4 11 4 0
4 11 5 3570
4 11 6 6870
4 11 7 7364
4 11 8 4461
4 11 9 5337
4 11 10 6912
4 11 11 0
4 11 12 4350
4 11 13 7002
4 11 14 5534
4 12 0 4185
4 12 1 5885
4 12 2 5153
4 12 3 3144
4 12 4 0
4 12 5 2071
4 12 6 556
4 12 7 1927
4 12 8 792
4 12 9 1112
4 12 10 3119
4 12 11 3687
4 12 12 0
4 12 13 2903
4 12 14 1831
4 13 0 6225
4 13 1 8408
4 13 2 5760
4 13 3 8837
4 13 4 0
4 13 5 6057
4 13 6 7174
4 13 7 3527
4 13 8 3588
4 13 9 5593
4 13 10 4675
4 13 11 6915
4 13 12 4328
4 13 13 0
4 13 14 5550
4 14 0 6506
4 14 1 5226
4 14 2 3737
4 14 3 6794
4 14 4 0
4 14 5 5232
4 14 6 1716
4 14 7 6025
4 14 8 2792
4 14 9 4253
4 14 10 3506
4 14 11 5547
4 14 12 4131
4 14 13 5153
4 14 14 0
5 0 0 0
5 0 1 4221
5 0 2 7351
5 0 3 5101
5 0 4 5077
5 0 5 0
5 0 6 3374
5 0 7 2277
5 0 8 3119
5 0 9 929
5 0 10 1870
5 0 11 1950
5 0 12 3013
5 0 13 2373
5 0 14 3028
5 1 0 6556
5 1 1 0
5 1 2 6673
5 1 3 5875
5 1 4 6415
5 1 5 0
5 1 6 4309
5 1 7 5626
5 1 8 3075
5 1 9 2627
5 1 10 6653
5 1 11 4357
5 1 12 6387
5 1 13 6230
5 1 14 3422
5 2 0 4566
5 2 1 3848
5 2 2 0
5 2 3 4884
5 2 4 5431
5 2 5 0
5 2 6 5035
5 2 7 9471
5 2 8 6416
5 2 9 9031
5 2 10 9547
5 2 11 8790
5 2 12 8695
5 2 13 6622
5 2 14 4973
5 3 0 3983
5 3 1 6102
5 3 2 4130
5 3 3 0
5 3 4 5349
5 3 5 0
5 3 6 4037
5 3 7 4247
5 3 8 5839
5 3 9 4491
5 3 10 8503
5 3 11 7604
5 3 12 5342
5 3 13 8355
5 3 14 6686
5 4 0 2149
5 4 1 4464
5 4 2 5709
5 4 3 2121
5 4 4 0
5 4 5 0
5 4 6 2465
5 4 7 4989
5 4 8 1274
5 4 9 924
5 4 10 3756
5 4 11 3245
5 4 12 480
5 4 13 3589
5 4 14 1347
5 5 0 0
5 5 1 0
5 5 2 0
5 5 3 0
5 5 4 0
5 5 5 0
5 5 6 0
5 5 7 0
5 5 8 0
5 5 9 0
5 5 10 0
5 5 11 0
5 5 12 0
5 5 13 0
5 5 14 0
5 6 0 6753
5 6 1 6014
5 6 2 3700
5 6 3 4046
5 6 4 5885
5 6 5 0
5 6 6 0
5 6 7 620
5 6 8 5284
5 6 9 3704
5 6 10 2226
5 6 11 1836
5 6 12 593
5 6 13 1628
5 6 14 3289
5 7 0 5033
5 7 1 6708
5 7 2 7513
5 7 3 3633
5 7 4 7786
5 7 5 0
5 7 6 5036
5 7 7 0
5 7 8 7651
5 7 9 5965
5 7 10 4719
5 7 11 8308
5 7 12 4501
5 7 13 8630
5 7 14 7086
5 8 0 6696
5 8 1 4978
5 8 2 5279
5 8 3 6046
5 8 4 4892
5 8 5 0
5 8 6 5549
5 8 7 1217
5 8 8 0
5 8 9 2572
5 8 10 4171
5 8 11 3330
5 8 12 4158
5 8 13 4611
5 8 14 5425
5 9 0 5135
5 9 1 5159
5 9 2 8523
5 9 3 5327
5 9 4 5171
5 9 5 0
5 9 6 6447
5 9 7 5138
5 9 8 5417
5 9 9 0
5 9 10 7471
5 9 11 6579
5 9 12 5328
5 9 13 4265
5 9 14 4428
5 10 0 5877
5 10 1 8986
5 10 2 8840
5 10 3 9140
5 10 4 7804
5 10 5 0
5 10 6 4982
5 10 7 3370
5 10 8 2883
5 10 9 1348
5 10 10 0
5 10 11 678
5 10 12 3737
5 10 13 350
5 10 14 346
5 11 0 2234
5 11 1 2967
5 11 2 4360
5 11 3 4518
5 11 4 3570
5 11 5 0
5 11 6 7004
5 11 7 7498
5 11 8 4595
5 11 9 5471
5 11 10 7046
5 11 11 0
5 11 12 4484
5 11 13 7136
5 11 14 5668
5 12 0 4563
5 12 1 6263
5 12 2 5531
5 12 3 3522
5 12 4 2071
5 12 5 0
5 12 6 2980
5 12 7 4351
5 12 8 3216
5 12 9 3536
5 12 10 5543
5 12 11 6111
5 12 12 0
5 12 13 5327
5 12 14 4255
5 13 0 4800
5 13 1 6983
5 13 2 4335
5 13 3 7412
5 13 4 6057
5 13 5 0
5 13 6 8505
5 13 7 4858
5 13 8 4919
5 13 9 6924
5 13 10 6006
5 13 11 8246
5 13 12 5659
5 13 13 0
5 13 14 6881
5 14 0 6872
5 14 1 5592
5 14 2 4103
5 14 3 7160
5 14 4 5232
5 14 5 0
5 14 6 1836
5 14 7 6145
5 14 8 2912
5 14 9 4373
5 14 10 3626
5 14 11 5667
5 14 12 4251
5 14 13 5273
5 14 14 0
6 0 0 0
6 0 1 4949
6 0 2 8079
6 0 3 5829
6 0 4 5805
6 0 5 3374
6 0 6 0
6 0 7 4027
6 0 8 4869
6 0 9 2679
6 0 10 3620
6 0 11 3700
6 0 12 4763
6 0 13 4123
6 0 14 4778
6 1 0 7316
6 1 1 0
6 1 2 7433
6 1 3 6635
6 1 4 7175
6 1 5 4309
6 1 6 0
6 1 7 3804
6 1 8 1253
6 1 9 805
6 1 10 4831
6 1 11 2535
6 1 12 4565
6 1 13 4408
6 1 14 1600
6 2 0 2178
6 2 1 1460
6 2 2 0
6 2 3 2496
6 2 4 3043
6 2 5 5035
6 2 6 0
6 2 7 5790
6 2 8 2735
6 2 9 5350
6 2 10 5866
6 2 11 5109
6 2 12 5014
6 2 13 2941
6 2 14 1292
6 3 0 1273
6 3 1 3392
6 3 2 1420
6 3 3 0
6 3 4 2639
6 3 5 4037
6 3 6 0
6 3 7 1015
6 3 8 2607
6 3 9 1259
6 3 10 5271
6 3 11 4372
6 3 12 2110
6 3 13 5123
6 3 14 3454
6 4 0 3104
6 4 1 5419
6 4 2 6664
6 4 3 3076
6 4 4 0
6 4 5 2465
6 4 6 0
6 4 7 7664
6 4 8 3949
6 4 9 3599
6 4 10 6431
6 4 11 5920
6 4 12 3155
6 4 13 6264
6 4 14 4022
6 5 0 2778
6 5 1 2007
6 5 2 2841
6 5 3 3509
6 5 4 1683
6 5 5 0
6 5 6 0
6 5 7 7760
6 5 8 4415
6 5 9 7030
6 5 10 3571
6 5 11 6799
6 5 12 6324
6 5 13 8340
6 5 14 4887
6 6 0 0
6 6 1 0
6 6 2 0
6 6 3 0
6 6 4 0
6 6 5 0
6 6 6 0
6 6 7 0
6 6 8 0
6 6 9 0
6 6 10 0
6 6 11 0
6 6 12 0
6 6 13 0
6 6 14 0
6 7 0 2932
6 7 1 4607
6 7 2 5412
6 7 3 1532
6 7 4 5685
6 7 5 5036
6 7 6 0
6 7 7 0
6 7 8 3758
6 7 9 2072
6 7 10 826
6 7 11 4415
6 7 12 608
6 7 13 4737
6 7 14 3193
6 8 0 7632
6 8 1 5914
6 8 2 6215
6 8 3 6982
6 8 4 5828
6 8 5 5549
6 8 6 0
6 8 7 5333
6 8 8 0
6 8 9 6688
6 8 10 8287
6 8 11 7446
6 8 12 8274
6 8 13 8727
6 8 14 9541
6 9 0 3725
6 9 1 3749
6 9 2 7113
6 9 3 3917
6 9 4 3761
6 9 5 6447
6 9 6 0
6 9 7 5059
6 9 8 5338
6 9 9 0
6 9 10 7392
6 9 11 6500
6 9 12 5249
6 9 13 4186
6 9 14 4349
6 10 0 6660
6 10 1 9769
6 10 2 9623
6 10 3 9923
6 10 4 8587
6 10 5 4982
6 10 6 0
6 10 7 5272
6 10 8 4785
6 10 9 3250
6 10 10 0
6 10 11 2580
6 10 12 5639
6 10 13 2252
6 10 14 2248
6 11 0 5534
6 11 1 6267
6 11 2 7660
6 11 3 7818
6 11 4 6870
6 11 5 7004
6 11 6 0
6 11 7 5782
6 11 8 2879
6 11 9 3755
6 11 10 5330
6 11 11 0
6 11 12 2768
6 11 13 5420
6 11 14 3952
6 12 0 3048
6 12 1 4748
6 12 2 4016
6 12 3 2007
6 12 4 556
6 12 5 2980
6 12 6 0
6 12 7 1867
6 12 8 732
6 12 9 1052
6 12 10 3059
6 12 11 3627
6 12 12 0
6 12 13 2843
6 12 14 1771
6 13 0 5917
6 13 1 8100
6 13 2 5452
6 13 3 8529
6 13 4 7174
6 13 5 8505
6 13 6 0
6 13 7 1393
6 13 8 1454
6 13 9 3459
6 13 10 2541
6 13 11 4781
6 13 12 2194
6 13 13 0
6 13 14 3416
6 14 0 3356
6 14 1 2076
6 14 2 587
6 14 3 3644
6 14 4 1716
6 14 5 1836
6 14 6 0
6 14 7 7794
6 14 8 4561
6 14 9 6022
6 14 10 5275
6 14 11 7316
6 14 12 5900
6 14 13 6922
6 14 14 0
7 0 0 0
7 0 1 3852
7 0 2 6982
7 0 3 4732
7 0 4 4708
7 0 5 2277
7 0 6 4027
7 0 7 0
7 0 8 6445
7 0 9 4255
7 0 10 5196
7 0 11 5276
7 0 12 6339
7 0 13 5699
7 0 14 6354
7 1 0 8633
7 1 1 0
7 1 2 8750
7 1 3 7952
7 1 4 8492
7 1 5 5626
7 1 6 3804
7 1 7 0
7 1 8 3118
7 1 9 2670
7 1 10 6696
7 1 11 4400
7 1 12 6430
7 1 13 6273
7 1 14 3465
7 2 0 6614
7 2 1 5896
7 2 2 0
7 2 3 6932
7 2 4 7479
7 2 5 9471
7 2 6 5790
7 2 7 0
7 2 8 1853
7 2 9 4468
7 2 10 4984
7 2 11 4227
7 2 12 4132
7 2 13 2059
7 2 14 410
7 3 0 1483
7 3 1 3602
7 3 2 1630
7 3 3 0
7 3 4 2849
7 3 5 4247
7 3 6 1015
7 3 7 0
7 3 8 2600
7 3 9 1252
7 3 10 5264
7 3 11 4365
7 3 12 2103
7 3 13 5116
7 3 14 3447
7 4 0 5628
7 4 1 7943
7 4 2 9188
7 4 3 5600
7 4 4 0
7 4 5 4989
7 4 6 7664
7 4 7 0
7 4 8 5374
7 4 9 5024
7 4 10 7856
7 4 11 7345
7 4 12 4580
7 4 13 7689
7 4 14 5447
7 5 0 6685
7 5 1 5914
7 5 2 6748
7 5 3 7416
7 5 4 5590
7 5 5 0
7 5 6 7760
7 5 7 0
7 5 8 3792
7 5 9 6407
7 5 10 2948
7 5 11 6176
7 5 12 5701
7 5 13 7717
7 5 14 4264
7 6 0 3520
7 6 1 2781
7 6 2 467
7 6 3 813
7 6 4 2652
7 6 5 620
7 6 6 0
7 6 7 0
7 6 8 5807
7 6 9 4227
7 6 10 2749
7 6 11 2359
7 6 12 1116
7 6 13 2151
7 6 14 3812
7 7 0 0
7 7 1 0
7 7 2 0
7 7 3 0
7 7 4 0
7 7 5 0
7 7 6 0
7 7 7 0
7 7 8 0
7 7 9 0
7 7 10 0
7 7 11 0
7 7 12 0
7 7 13 0
7 7 14 0
7 8 0 3300
7 8 1 1582
7 8 2 1883
7 8 3 2650
7 8 4 1496
7 8 5 1217
7 8 6 5333
7 8 7 0
7 8 8 0
7 8 9 5148
7 8 10 6747
7 8 11 5906
7 8 12 6734
7 8 13 7187
7 8 14 8001
7 9 0 2416
7 9 1 2440
7 9 2 5804
7 9 3 2608
7 9 4 2452
7 9 5 5138
7 9 6 5059
7 9 7 0
7 9 8 3692
7 9 9 0
7 9 10 5746
7 9 11 4854
7 9 12 3603
7 9 13 2540
7 9 14 2703
7 10 0 5048
7 10 1 8157
7 10 2 8011
7 10 3 8311
7 10 4 6975
7 10 5 3370
7 10 6 5272
7 10 7 0
7 10 8 3371
7 10 9 1836
7 10 10 0
7 10 11 1166
7 10 12 4225
7 10 13 838
7 10 14 834
7 11 0 6028
7 11 1 6761
7 11 2 8154
7 11 3 8312
7 11 4 7364
7 11 5 7498
7 11 6 5782
7 11 7 0
7 11 8 5444
7 11 9 6320
7 11 10 7895
7 11 11 0
7 11 12 5333
7 11 13 7985
7 11 14 6517
7 12 0 4419
7 12 1 6119
7 12 2 5387
7 12 3 3378
7 12 4 1927
7 12 5 4351
7 12 6 1867
7 12 7 0
7 12 8 733
7 12 9 1053
7 12 10 3060
7 12 11 3628
7 12 12 0
7 12 13 2844
7 12 14 1772
7 13 0 2270
7 13 1 4453
7 13 2 1805
7 13 3 4882
7 13 4 3527
7 13 5 4858
7 13 6 1393
7 13 7 0
7 13 8 4549
7 13 9 6554
7 13 10 5636
7 13 11 7876
7 13 12 5289
7 13 13 0
7 13 14 6511
7 14 0 7665
7 14 1 6385
7 14 2 4896
7 14 3 7953
7 14 4 6025
7 14 5 6145
7 14 6 7794
7 14 7 0
7 14 8 4451
7 14 9 5912
7 14 10 5165
7 14 11 7206
7 14 12 5790
7 14 13 6812
7 14 14 0
8 0 0 0
8 0 1 4694
8 0 2 7824
8 0 3 5574
8 0 4 5550
8 0 5 3119
8 0 6 4869
8 0 7 6445
8 0 8 0
8 0 9 3419
8 0 10 4360
8 0 11 4440
8 0 12 5503
8 0 13 4863
8 0 14 5518
8 1 0 6082
8 1 1 0
8 1 2 6199
8 1 3 5401
8 1 4 5941
8 1 5 3075
8 1 6 1253
8 1 7 3118
8 1 8 0
8 1 9 4081
8 1 10 8107
8 1 11 5811
8 1 12 7841
8 1 13 7684
8 1 14 4876
8 2 0 3559
8 2 1 2841
8 2 2 0
8 2 3 3877
8 2 4 4424
8 2 5 6416
8 2 6 2735
8 2 7 1853
8 2 8 0
8 2 9 8441
8 2 10 8957
8 2 11 8200
8 2 12 8105
8 2 13 6032
8 2 14 4383
8 3 0 3075
8 3 1 5194
8 3 2 3222
8 3 3 0
8 3 4 4441
8 3 5 5839
8 3 6 2607
8 3 7 2600
8 3 8 0
8 3 9 4684
8 3 10 8696
8 3 11 7797
8 3 12 5535
8 3 13 8548
8 3 14 6879
8 4 0 1913
8 4 1 4228
8 4 2 5473
8 4 3 1885
8 4 4 0
8 4 5 1274
8 4 6 3949
8 4 7 5374
8 4 8 0
8 4 9 1026
8 4 10 3858
8 4 11 3347
8 4 12 582
8 4 13 3691
8 4 14 1449
8 5 0 3340
8 5 1 2569
8 5 2 3403
8 5 3 4071
8 5 4 2245
8 5 5 0
8 5 6 4415
8 5 7 3792
8 5 8 0
8 5 9 7228
8 5 10 3769
8 5 11 6997
8 5 12 6522
8 5 13 8538
8 5 14 5085
8 6 0 8184
8 6 1 7445
8 6 2 5131
8 6 3 5477
8 6 4 7316
8 6 5 5284
8 6 6 0
8 6 7 5807
8 6 8 0
8 6 9 8085
8 6 10 6607
8 6 11 6217
8 6 12 4974
8 6 13 6009
8 6 14 7670
8 7 0 5547
8 7 1 7222
8 7 2 8027
8 7 3 4147
8 7 4 8300
8 7 5 7651
8 7 6 3758
8 7 7 0
8 7 8 0
8 7 9 2107
8 7 10 861
8 7 11 4450
8 7 12 643
8 7 13 4772
8 7 14 3228
8 8 0 0
8 8 1 0
8 8 2 0
8 8 3 0
8 8 4 0
8 8 5 0
8 8 6 0
8 8 7 0
8 8 8 0
8 8 9 0
8 8 10 0
8 8 11 0
8 8 12 0
8 8 13 0
8 8 14 0
8 9 0 2695
8 9 1 2719
8 9 2 6083
8 9 3 2887
8 9 4 2731
8 9 5 5417
8 9 6 5338
8 9 7 3692
8 9 8 0
8 9 9 0
8 9 10 5698
8 9 11 4806
8 9 12 3555
8 9 13 2492
8 9 14 2655
8 10 0 4561
8 10 1 7670
8 10 2 7524
8 10 3 7824
8 10 4 6488
8 10 5 2883
8 10 6 4785
8 10 7 3371
8 10 8 0
8 10 9 4633
8 10 10 0
8 10 11 3963
8 10 12 7022
8 10 13 3635
8 10 14 3631
8 11 0 3125
8 11 1 3858
8 11 2 5251
8 11 3 5409
8 11 4 4461
8 11 5 4595
8 11 6 2879
8 11 7 5444
8 11 8 0
8 11 9 4687
8 11 10 6262
8 11 11 0
8 11 12 3700
8 11 13 6352
8 11 14 4884
8 12 0 3284
8 12 1 4984
8 12 2 4252
8 12 3 2243
8 12 4 792
8 12 5 3216
8 12 6 732
8 12 7 733
8 12 8 0
8 12 9 4055
8 12 10 6062
8 12 11 6630
8 12 12 0
8 12 13 5846
8 12 14 4774
8 13 0 2331
8 13 1 4514
8 13 2 1866
8 13 3 4943
8 13 4 3588
8 13 5 4919
8 13 6 1454
8 13 7 4549
8 13 8 0
8 13 9 5880
8 13 10 4962
8 13 11 7202
8 13 12 4615
8 13 13 0
8 13 14 5837
8 14 0 4432
8 14 1 3152
8 14 2 1663
8 14 3 4720
8 14 4 2792
8 14 5 2912
8 14 6 4561
8 14 7 4451
8 14 8 0
8 14 9 7596
8 14 10 6849
8 14 11 8890
8 14 12 7474
8 14 13 8496
8 14 14 0
9 0 0 0
9 0 1 2504
9 0 2 5634
9 0 3 3384
9 0 4 3360
9 0 5 929
9 0 6 2679
9 0 7 4255
9 0 8 3419
9 0 9 0
9 0 10 4795
9 0 11 4875
9 0 12 5938
9 0 13 5298
9 0 14 5953
9 1 0 5634
9 1 1 0
9 1 2 5751
9 1 3 4953
9 1 4 5493
9 1 5 2627
9 1 6 805
9 1 7 2670
9 1 8 4081
9 1 9 0
9 1 10 5049
9 1 11 2753
9 1 12 4783
9 1 13 4626
9 1 14 1818
9 2 0 6174
9 2 1 5456
9 2 2 0
9 2 3 6492
9 2 4 7039
9 2 5 9031
9 2 6 5350
9 2 7 4468
9 2 8 8441
9 2 9 0
9 2 10 6592
9 2 11 5835
9 2 12 5740
9 2 13 3667
9 2 14 2018
9 3 0 1727
9 3 1 3846
9 3 2 1874
9 3 3 0
9 3 4 3093
9 3 5 4491
9 3 6 1259
9 3 7 1252
9 3 8 4684
9 3 9 0
9 3 10 8315
9 3 11 7416
9 3 12 5154
9 3 13 8167
9 3 14 6498
9 4 0 1563
9 4 1 3878
9 4 2 5123
9 4 3 1535
9 4 4 0
9 4 5 924
9 4 6 3599
9 4 7 5024
9 4 8 1026
9 4 9 0
9 4 10 8388
9 4 11 7877
9 4 12 5112
9 4 13 8221
9 4 14 5979
9 5 0 5955
9 5 1 5184
9 5 2 6018
9 5 3 6686
9 5 4 4860
9 5 5 0
9 5 6 7030
9 5 7 6407
9 5 8 7228
9 5 9 0
9 5 10 4398
9 5 11 7626
9 5 12 7151
9 5 13 9167
9 5 14 5714
9 6 0 6604
9 6 1 5865
9 6 2 3551
9 6 3 3897
9 6 4 5736
9 6 5 3704
9 6 6 0
9 6 7 4227
9 6 8 8085
9 6 9 0
9 6 10 4890
9 6 11 4500
9 6 12 3257
9 6 13 4292
9 6 14 5953
9 7 0 3861
9 7 1 5536
9 7 2 6341
9 7 3 2461
9 7 4 6614
9 7 5 5965
9 7 6 2072
9 7 7 0
9 7 8 2107
9 7 9 0
9 7 10 2167
9 7 11 5756
9 7 12 1949
9 7 13 6078
9 7 14 4534
9 8 0 4655
9 8 1 2937
9 8 2 3238
9 8 3 4005
9 8 4 2851
9 8 5 2572
9 8 6 6688
9 8 7 5148
9 8 8 0
9 8 9 0
9 8 10 5243
9 8 11 4402
9 8 12 5230
9 8 13 5683
9 8 14 6497
9 9 0 0
9 9 1 0
9 9 2 0
9 9 3 0
9 9 4 0
9 9 5 0
9 9 6 0
9 9 7 0
9 9 8 0
9 9 9 0
9 9 10 0
9 9 11 0
9 9 12 0
9 9 13 0
9 9 14 0
9 10 0 3026
9 10 1 6135
9 10 2 5989
9 10 3 6289
9 10 4 4953
9 10 5 1348
9 10 6 3250
9 10 7 1836
9 10 8 4633
9 10 9 0
9 10 10 0
9 10 11 4648
9 10 12 7707
9 10 13 4320
9 10 14 4316
9 11 0 4001
9 11 1 4734
9 11 2 6127
9 11 3 6285
9 11 4 5337
9 11 5 5471
9 11 6 3755
9 11 7 6320
9 11 8 4687
9 11 9 0
9 11 10 6896
9 11 11 0
9 11 12 4334
9 11 13 6986
9 11 14 5518
9 12 0 3604
9 12 1 5304
9 12 2 4572
9 12 3 2563
9 12 4 1112
9 12 5 3536
9 12 6 1052
9 12 7 1053
9 12 8 4055
9 12 9 0
9 12 10 4617
9 12 11 5185
9 12 12 0
9 12 13 4401
9 12 14 3329
9 13 0 4336
9 13 1 6519
9 13 2 3871
9 13 3 6948
9 13 4 5593
9 13 5 6924
9 13 6 3459
9 13 7 6554
9 13 8 5880
9 13 9 0
9 13 10 2001
9 13 11 4241
9 13 12 1654
9 13 13 0
9 13 14 2876
9 14 0 5893
9 14 1 4613
9 14 2 3124
9 14 3 6181
9 14 4 4253
9 14 5 4373
9 14 6 6022
9 14 7 5912
9 14 8 7596
9 14 9 0
9 14 10 3237
9 14 11 5278
9 14 12 3862
9 14 13 4884
9 14 14 0
10 0 0 0
10 0 1 3445
10 0 2 6575
10 0 3 4325
10 0 4 4301
10 0 5 1870
10 0 6 3620
10 0 7 5196
10 0 8 4360
10 0 9 4795
10 0 10 0
10 0 11 2567
10 0 12 3630
10 0 13 2990
10 0 14 3645
10 1 0 9660
10 1 1 0
10 1 2 9777
10 1 3 8979
10 1 4 9519
10 1 5 6653
10 1 6 4831
10 1 7 6696
10 1 8 8107
10 1 9 5049
10 1 10 0
10 1 11 5147
10 1 12 7177
10 1 13 7020
10 1 14 4212
10 2 0 6690
10 2 1 5972
10 2 2 0
10 2 3 7008
10 2 4 7555
10 2 5 9547
10 2 6 5866
10 2 7 4984
10 2 8 8957
10 2 9 6592
10 2 10 0
10 2 11 5974
10 2 12 5879
10 2 13 3806
10 2 14 2157
10 3 0 5739
10 3 1 7858
10 3 2 5886
10 3 3 0
10 3 4 7105
10 3 5 8503
10 3 6 5271
10 3 7 5264
10 3 8 8696
10 3 9 8315
10 3 10 0
10 3 11 7041
10 3 12 4779
10 3 13 7792
10 3 14 6123
10 4 0 4395
10 4 1 6710
10 4 2 7955
10 4 3 4367
10 4 4 0
10 4 5 3756
10 4 6 6431
10 4 7 7856
10 4 8 3858
10 4 9 8388
10 4 10 0
10 4 11 6431
10 4 12 3666
10 4 13 6775
10 4 14 4533
10 5 0 2496
10 5 1 1725
10 5 2 2559
10 5 3 3227
10 5 4 1401
10 5 5 0
10 5 6 3571
10 5 7 2948
10 5 8 3769
10 5 9 4398
10 5 10 0
10 5 11 7427
10 5 12 6952
10 5 13 8968
10 5 14 5515
10 6 0 5126
10 6 1 4387
10 6 2 2073
10 6 3 2419
10 6 4 4258
10 6 5 2226
10 6 6 0
10 6 7 2749
10 6 8 6607
10 6 9 4890
10 6 10 0
10 6 11 6494
10 6 12 5251
10 6 13 6286
10 6 14 7947
10 7 0 2615
10 7 1 4290
10 7 2 5095
10 7 3 1215
10 7 4 5368
10 7 5 4719
10 7 6 826
10 7 7 0
10 7 8 861
10 7 9 2167
10 7 10 0
10 7 11 7447
10 7 12 3640
10 7 13 7769
10 7 14 6225
10 8 0 6254
10 8 1 4536
10 8 2 4837
10 8 3 5604
10 8 4 4450
10 8 5 4171
10 8 6 8287
10 8 7 6747
10 8 8 0
10 8 9 5243
10 8 10 0
10 8 11 5327
10 8 12 6155
10 8 13 6608
10 8 14 7422
10 9 0 4749
10 9 1 4773
10 9 2 8137
10 9 3 4941
10 9 4 4785
10 9 5 7471
10 9 6 7392
10 9 7 5746
10 9 8 5698
10 9 9 0
10 9 10 0
10 9 11 4426
10 9 12 3175
10 9 13 2112
10 9 14 2275
10 10 0 0
10 10 1 0
10 10 2 0
10 10 3 0
10 10 4 0
10 10 5 0
10 10 6 0
10 10 7 0
10 10 8 0
10 10 9 0
10 10 10 0
10 10 11 0
10 10 12 0
10 10 13 0
10 10 14 0
10 11 0 5576
10 11 1 6309
10 11 2 7702
10 11 3 7860
10 11 4 6912
10 11 5 7046
10 11 6 5330
10 11 7 7895
10 11 8 6262
10 11 9 6896
10 11 10 0
10 11 11 0
10 11 12 1892
10 11 13 4544
10 11 14 3076
10 12 0 5611
10 12 1 7311
10 12 2 6579
10 12 3 4570
10 12 4 3119
10 12 5 5543
10 12 6 3059
10 12 7 3060
10 12 8 6062
10 12 9 4617
10 12 10 0
10 12 11 7053
10 12 12 0
10 12 13 6269
10 12 14 5197
10 13 0 3418
10 13 1 5601
10 13 2 2953
10 13 3 6030
10 13 4 4675
10 13 5 6006
10 13 6 2541
10 13 7 5636
10 13 8 4962
10 13 9 2001
10 13 10 0
10 13 11 3785
10 13 12 1198
10 13 13 0
10 13 14 2420
10 14 0 5146
10 14 1 3866
10 14 2 2377
10 14 3 5434
10 14 4 3506
10 14 5 3626
10 14 6 5275
10 14 7 5165
10 14 8 6849
10 14 9 3237
10 14 10 0
10 14 11 4655
10 14 12 3239
10 14 13 4261
10 14 14 0
11 0 0 0
11 0 1 3525
11 0 2 6655
11 0 3 4405
11 0 4 4381
11 0 5 1950
11 0 6 3700
11 0 7 5276
11 0 8 4440
11 0 9 4875
11 0 10 2567
11 0 11 0
11 0 12 3603
11 0 13 2963
11 0 14 3618
11 1 0 7364
11 1 1 0
11 1 2 7481
11 1 3 6683
11 1 4 7223
11 1 5 4357
11 1 6 2535
11 1 7 4400
11 1 8 5811
11 1 9 2753
11 1 10 5147
11 1 11 0
11 1 12 4778
11 1 13 4621
11 1 14 1813
11 2 0 5933
11 2 1 5215
11 2 2 0
11 2 3 6251
11 2 4 6798
11 2 5 8790
11 2 6 5109
11 2 7 4227
11 2 8 8200
11 2 9 5835
11 2 10 5974
11 2 11 0
11 2 12 6033
11 2 13 3960
11 2 14 2311
11 3 0 4840
11 3 1 6959
11 3 2 4987
11 3 3 0
11 3 4 6206
11 3 5 7604
11 3 6 4372
11 3 7 4365
11 3 8 7797
11 3 9 7416
11 3 10 7041
11 3 11 0
11 3 12 3422
11 3 13 6435
11 3 14 4766
11 4 0 3884
11 4 1 6199
11 4 2 7444
11 4 3 3856
11 4 4 0
11 4 5 3245
11 4 6 5920
11 4 7 7345
11 4 8 3347
11 4 9 7877
11 4 10 6431
11 4 11 0
11 4 12 3630
11 4 13 6739
11 4 14 4497
11 5 0 5724
11 5 1 4953
11 5 2 5787
11 5 3 6455
11 5 4 4629
11 5 5 0
11 5 6 6799
11 5 7 6176
11 5 8 6997
11 5 9 7626
11 5 10 7427
11 5 11 0
11 5 12 3229
11 5 13 5245
11 5 14 1792
11 6 0 4736
11 6 1 3997
11 6 2 1683
11 6 3 2029
11 6 4 3868
11 6 5 1836
11 6 6 0
11 6 7 2359
11 6 8 6217
11 6 9 4500
11 6 10 6494
11 6 11 0
11 6 12 4045
11 6 13 5080
11 6 14 6741
11 7 0 6204
11 7 1 7879
11 7 2 8684
11 7 3 4804
11 7 4 8957
11 7 5 8308
11 7 6 4415
11 7 7 0
11 7 8 4450
11 7 9 5756
11 7 10 7447
11 7 11 0
11 7 12 4540
11 7 13 8669
11 7 14 7125
11 8 0 5413
11 8 1 3695
11 8 2 3996
11 8 3 4763
11 8 4 3609
11 8 5 3330
11 8 6 7446
11 8 7 5906
11 8 8 0
11 8 9 4402
11 8 10 5327
11 8 11 0
11 8 12 4639
11 8 13 5092
11 8 14 5906
11 9 0 3857
11 9 1 3881
11 9 2 7245
11 9 3 4049
11 9 4 3893
11 9 5 6579
11 9 6 6500
11 9 7 4854
11 9 8 4806
11 9 9 0
11 9 10 4426
11 9 11 0
11 9 12 4070
11 9 13 3007
11 9 14 3170
11 10 0 2356
11 10 1 5465
11 10 2 5319
11 10 3 5619
11 10 4 4283
11 10 5 678
11 10 6 2580
11 10 7 1166
11 10 8 3963
11 10 9 4648
11 10 10 0
11 10 11 0
11 10 12 7513
11 10 13 4126
11 10 14 4122
11 11 0 0
11 11 1 0
11 11 2 0
11 11 3 0
11 11 4 0
11 11 5 0
11 11 6 0
11 11 7 0
11 11 8 0
11 11 9 0
11 11 10 0
11 11 11 0
11 11 12 0
11 11 13 0
11 11 14 0
11 12 0 6179
11 12 1 7879
11 12 2 7147
11 12 3 5138
11 12 4 3687
11 12 5 6111
11 12 6 3627
11 12 7 3628
11 12 8 6630
11 12 9 5185
11 12 10 7053
11 12 11 0
11 12 12 0
11 12 13 3788
11 12 14 2716
11 13 0 5658
11 13 1 7841
11 13 2 5193
11 13 3 8270
11 13 4 6915
11 13 5 8246
11 13 6 4781
11 13 7 7876
11 13 8 7202
11 13 9 4241
11 13 10 3785
11 13 11 0
11 13 12 4756
11 13 13 0
11 13 14 5978
11 14 0 7187
11 14 1 5907
11 14 2 4418
11 14 3 7475
11 14 4 5547
11 14 5 5667
11 14 6 7316
11 14 7 7206
11 14 8 8890
11 14 9 5278
11 14 10 4655
11 14 11 0
11 14 12 5333
11 14 13 6355
11 14 14 0
12 0 0 0
12 0 1 4588
12 0 2 7718
12 0 3 5468
12 0 4 5444
12 0 5 3013
12 0 6 4763
12 0 7 6339
12 0 8 5503
12 0 9 5938
12 0 10 3630
12 0 11 3603
12 0 12 0
12 0 13 4850
12 0 14 5505
12 1 0 9394
12 1 1 0
12 1 2 9511
12 1 3 8713
12 1 4 9253
12 1 5 6387
12 1 6 4565
12 1 7 6430
12 1 8 7841
12 1 9 4783
12 1 10 7177
12 1 11 4778
12 1 12 0
12 1 13 5199
12 1 14 2391
12 2 0 5838
12 2 1 5120
12 2 2 0
12 2 3 6156
12 2 4 6703
12 2 5 8695
12 2 6 5014
12 2 7 4132
12 2 8 8105
12 2 9 5740
12 2 10 5879
12 2 11 6033
12 2 12 0
12 2 13 3052
12 2 14 1403
12 3 0 2578
12 3 1 4697
12 3 2 2725
12 3 3 0
12 3 4 3944
12 3 5 5342
12 3 6 2110
12 3 7 2103
12 3 8 5535
12 3 9 5154
12 3 10 4779
12 3 11 3422
12 3 12 0
12 3 13 9670
12 3 14 8001
12 4 0 1119
12 4 1 3434
12 4 2 4679
12 4 3 1091
12 4 4 0
12 4 5 480
12 4 6 3155
12 4 7 4580
12 4 8 582
12 4 9 5112
12 4 10 3666
12 4 11 3630
12 4 12 0
12 4 13 4802
12 4 14 2560
12 5 0 5249
12 5 1 4478
12 5 2 5312
12 5 3 5980
12 5 4 4154
12 5 5 0
12 5 6 6324
12 5 7 5701
12 5 8 6522
12 5 9 7151
12 5 10 6952
12 5 11 3229
12 5 12 0
12 5 13 6511
12 5 14 3058
12 6 0 3493
12 6 1 2754
12 6 2 440
12 6 3 786
12 6 4 2625
12 6 5 593
12 6 6 0
12 6 7 1116
12 6 8 4974
12 6 9 3257
12 6 10 5251
12 6 11 4045
12 6 12 0
12 6 13 1531
12 6 14 3192
12 7 0 2397
12 7 1 4072
12 7 2 4877
12 7 3 997
12 7 4 5150
12 7 5 4501
12 7 6 608
12 7 7 0
12 7 8 643
12 7 9 1949
12 7 10 3640
12 7 11 4540
12 7 12 0
12 7 13 5997
12 7 14 4453
12 8 0 6241
12 8 1 4523
12 8 2 4824
12 8 3 5591
12 8 4 4437
12 8 5 4158
12 8 6 8274
12 8 7 6734
12 8 8 0
12 8 9 5230
12 8 10 6155
12 8 11 4639
12 8 12 0
12 8 13 4188
12 8 14 5002
12 9 0 2606
12 9 1 2630
12 9 2 5994
12 9 3 2798
12 9 4 2642
12 9 5 5328
12 9 6 5249
12 9 7 3603
12 9 8 3555
12 9 9 0
12 9 10 3175
12 9 11 4070
12 9 12 0
12 9 13 1547
12 9 14 1710
12 10 0 5415
12 10 1 8524
12 10 2 8378
12 10 3 8678
12 10 4 7342
12 10 5 3737
12 10 6 5639
12 10 7 4225
12 10 8 7022
12 10 9 7707
12 10 10 0
12 10 11 7513
12 10 12 0
12 10 13 3098
12 10 14 3094
12 11 0 3014
12 11 1 3747
12 11 2 5140
12 11 3 5298
12 11 4 4350
12 11 5 4484
12 11 6 2768
12 11 7 5333
12 11 8 3700
12 11 9 4334
12 11 10 1892
12 11 11 0
12 11 12 0
12 11 13 7224
12 11 14 5756
12 12 0 0
12 12 1 0
12 12 2 0
12 12 3 0
12 12 4 0
12 12 5 0
12 12 6 0
12 12 7 0
12 12 8 0
12 12 9 0
12 12 10 0
12 12 11 0
12 12 12 0
12 12 13 0
12 12 14 0
12 13 0 3071
12 13 1 5254
12 13 2 2606
12 13 3 5683
12 13 4 4328
12 13 5 5659
12 13 6 2194
12 13 7 5289
12 13 8 4615
12 13 9 1654
12 13 10 1198
12 13 11 4756
12 13 12 0
12 13 13 0
12 13 14 4644
12 14 0 5771
12 14 1 4491
12 14 2 3002
12 14 3 6059
12 14 4 4131
12 14 5 4251
12 14 6 5900
12 14 7 5790
12 14 8 7474
12 14 9 3862
12 14 10 3239
12 14 11 5333
12 14 12 0
12 14 13 5417
12 14 14 0
13 0 0 0
13 0 1 3948
13 0 2 7078
13 0 3 4828
13 0 4 4804
13 0 5 2373
13 0 6 4123
13 0 7 5699
13 0 8 4863
13 0 9 5298
13 0 10 2990
13 0 11 2963
13 0 12 4850
13 0 13 0
13 0 14 7009
13 1 0 9237
13 1 1 0
13 1 2 9354
13 1 3 8556
13 1 4 9096
13 1 5 6230
13 1 6 4408
13 1 7 6273
13 1 8 7684
13 1 9 4626
13 1 10 7020
13 1 11 4621
13 1 12 5199
13 1 13 0
13 1 14 2202
13 2 0 3765
13 2 1 3047
13 2 2 0
13 2 3 4083
13 2 4 4630
13 2 5 6622
13 2 6 2941
13 2 7 2059
13 2 8 6032
13 2 9 3667
13 2 10 3806
13 2 11 3960
13 2 12 3052
13 2 13 0
13 2 14 863
13 3 0 5591
13 3 1 7710
13 3 2 5738
13 3 3 0
13 3 4 6957
13 3 5 8355
13 3 6 5123
13 3 7 5116
13 3 8 8548
13 3 9 8167
13 3 10 7792
13 3 11 6435
13 3 12 9670
13 3 13 0
13 3 14 6821
13 4 0 4228
13 4 1 6543
13 4 2 7788
13 4 3 4200
13 4 4 0
13 4 5 3589
13 4 6 6264
13 4 7 7689
13 4 8 3691
13 4 9 8221
13 4 10 6775
13 4 11 6739
13 4 12 4802
13 4 13 0
13 4 14 5240
13 5 0 7265
13 5 1 6494
13 5 2 7328
13 5 3 7996
13 5 4 6170
13 5 5 0
13 5 6 8340
13 5 7 7717
13 5 8 8538
13 5 9 9167
13 5 10 8968
13 5 11 5245
13 5 12 6511
13 5 13 0
13 5 14 3935
13 6 0 4528
13 6 1 3789
13 6 2 1475
13 6 3 1821
13 6 4 3660
13 6 5 1628
13 6 6 0
13 6 7 2151
13 6 8 6009
13 6 9 4292
13 6 10 6286
13 6 11 5080
13 6 12 1531
13 6 13 0
13 6 14 6701
13 7 0 6526
13 7 1 8201
13 7 2 9006
13 7 3 5126
13 7 4 9279
13 7 5 8630
13 7 6 4737
13 7 7 0
13 7 8 4772
13 7 9 6078
13 7 10 7769
13 7 11 8669
13 7 12 5997
13 7 13 0
13 7 14 2944
13 8 0 6694
13 8 1 4976
13 8 2 5277
13 8 3 6044
13 8 4 4890
13 8 5 4611
13 8 6 8727
13 8 7 7187
13 8 8 0
13 8 9 5683
13 8 10 6608
13 8 11 5092
13 8 12 4188
13 8 13 0
13 8 14 4689
13 9 0 1543
13 9 1 1567
13 9 2 4931
13 9 3 1735
13 9 4 1579
13 9 5 4265
13 9 6 4186
13 9 7 2540
13 9 8 2492
13 9 9 0
13 9 10 2112
13 9 11 3007
13 9 12 1547
13 9 13 0
13 9 14 3082
13 10 0 2028
13 10 1 5137
13 10 2 4991
13 10 3 5291
13 10 4 3955
13 10 5 350
13 10 6 2252
13 10 7 838
13 10 8 3635
13 10 9 4320
13 10 10 0
13 10 11 4126
13 10 12 3098
13 10 13 0
13 10 14 1541
13 11 0 5666
13 11 1 6399
13 11 2 7792
13 11 3 7950
13 11 4 7002
13 11 5 7136
13 11 6 5420
13 11 7 7985
13 11 8 6352
13 11 9 6986
13 11 10 4544
13 11 11 0
13 11 12 7224
13 11 13 0
13 11 14 5875
13 12 0 5395
13 12 1 7095
13 12 2 6363
13 12 3 4354
13 12 4 2903
13 12 5 5327
13 12 6 2843
13 12 7 2844
13 12 8 5846
13 12 9 4401
13 12 10 6269
13 12 11 3788
13 12 12 0
13 12 13 0
13 12 14 2350
13 13 0 0
13 13 1 0
13 13 2 0
13 13 3 0
13 13 4 0
13 13 5 0
13 13 6 0
13 13 7 0
13 13 8 0
13 13 9 0
13 13 10 0
13 13 11 0
13 13 12 0
13 13 13 0
13 13 14 0
13 14 0 6793
13 14 1 5513
13 14 2 4024
13 14 3 7081
13 14 4 5153
13 14 5 5273
13 14 6 6922
13 14 7 6812
13 14 8 8496
13 14 9 4884
13 14 10 4261
13 14 11 6355
13 14 12 5417
13 14 13 0
13 14 14 0
14 0 0 0
14 0 1 4603
14 0 2 7733
14 0 3 5483
14 0 4 5459
14 0 5 3028
14 0 6 4778
14 0 7 6354
14 0 8 5518
14 0 9 5953
14 0 10 3645
14 0 11 3618
14 0 12 5505
14 0 13 7009
14 0 14 0
14 1 0 6429
14 1 1 0
14 1 2 6546
14 1 3 5748
14 1 4 6288
14 1 5 3422
14 1 6 1600
14 1 7 3465
14 1 8 4876
14 1 9 1818
14 1 10 4212
14 1 11 1813
14 1 12 2391
14 1 13 2202
14 1 14 0
14 2 0 2116
14 2 1 1398
14 2 2 0
14 2 3 2434
14 2 4 2981
14 2 5 4973
14 2 6 1292
14 2 7 410
14 2 8 4383
14 2 9 2018
14 2 10 2157
14 2 11 2311
14 2 12 1403
14 2 13 863
14 2 14 0
14 3 0 3922
14 3 1 6041
14 3 2 4069
14 3 3 0
14 3 4 5288
14 3 5 6686
14 3 6 3454
14 3 7 3447
14 3 8 6879
14 3 9 6498
14 3 10 6123
14 3 11 4766
14 3 12 8001
14 3 13 6821
14 3 14 0
14 4 0 1986
14 4 1 4301
14 4 2 5546
14 4 3 1958
14 4 4 0
14 4 5 1347
14 4 6 4022
14 4 7 5447
14 4 8 1449
14 4 9 5979
14 4 10 4533
14 4 11 4497
14 4 12 2560
14 4 13 5240
14 4 14 0
14 5 0 3812
14 5 1 3041
14 5 2 3875
14 5 3 4543
14 5 4 2717
14 5 5 0
14 5 6 4887
14 5 7 4264
14 5 8 5085
14 5 9 5714
14 5 10 5515
14 5 11 1792
14 5 12 3058
14 5 13 3935
14 5 14 0
14 6 0 6189
14 6 1 5450
14 6 2 3136
14 6 3 3482
14 6 4 5321
14 6 5 3289
14 6 6 0
14 6 7 3812
14 6 8 7670
14 6 9 5953
14 6 10 7947
14 6 11 6741
14 6 12 3192
14 6 13 6701
14 6 14 0
14 7 0 4982
14 7 1 6657
14 7 2 7462
14 7 3 3582
14 7 4 7735
14 7 5 7086
14 7 6 3193
14 7 7 0
14 7 8 3228
14 7 9 4534
14 7 10 6225
14 7 11 7125
14 7 12 4453
14 7 13 2944
14 7 14 0
14 8 0 7508
14 8 1 5790
14 8 2 6091
14 8 3 6858
14 8 4 5704
14 8 5 5425
14 8 6 9541
14 8 7 8001
14 8 8 0
14 8 9 6497
14 8 10 7422
14 8 11 5906
14 8 12 5002
14 8 13 4689
14 8 14 0
14 9 0 1706
14 9 1 1730
14 9 2 5094
14 9 3 1898
14 9 4 1742
14 9 5 4428
14 9 6 4349
14 9 7 2703
14 9 8 2655
14 9 9 0
14 9 10 2275
14 9 11 3170
14 9 12 1710
14 9 13 3082
14 9 14 0
14 10 0 2024
14 10 1 5133
14 10 2 4987
14 10 3 5287
14 10 4 3951
14 10 5 346
14 10 6 2248
14 10 7 834
14 10 8 3631
14 10 9 4316
14 10 10 0
14 10 11 4122
14 10 12 3094
14 10 13 1541
14 10 14 0
14 11 0 4198
14 11 1 4931
14 11 2 6324
14 11 3 6482
14 11 4 5534
14 11 5 5668
14 11 6 3952
14 11 7 6517
14 11 8 4884
14 11 9 5518
14 11 10 3076
14 11 11 0
14 11 12 5756
14 11 13 5875
14 11 14 0
14 12 0 4323
14 12 1 6023
14 12 2 5291
14 12 3 3282
14 12 4 1831
14 12 5 4255
14 12 6 1771
14 12 7 1772
14 12 8 4774
14 12 9 3329
14 12 10 5197
14 12 11 2716
14 12 12 0
14 12 13 2350
14 12 14 0
14 13 0 4293
14 13 1 6476
14 13 2 3828
14 13 3 6905
14 13 4 5550
14 13 5 6881
14 13 6 3416
14 13 7 6511
14 13 8 5837
14 13 9 2876
14 13 10 2420
14 13 11 5978
14 13 12 4644
14 13 13 0
14 13 14 0
14 14 0 0
14 14 1 0
14 14 2 0
14 14 3 0
14 14 4 0
14 14 5 0
14 14 6 0
14 14 7 0
14 14 8 0
14 14 9 0
14 14 10 0
14 14 11 0
14 14 12 0
14 14 13 0
14 14 14 0
