10
0 0 0 0
0 0 1 0
0 0 2 0
0 0 3 0
0 0 4 0
0 0 5 0
0 0 6 0
0 0 7 0
0 0 8 0
0 0 9 0
0 1 0 0
0 1 1 0
0 1 2 1035
0 1 3 5163
0 1 4 3125
0 1 5 875
0 1 6 3464
0 1 7 1040
0 1 8 3930
0 1 9 3528
0 2 0 0
0 2 1 4480
0 2 2 0
0 2 3 4626
0 2 4 1699
0 2 5 4289
0 2 6 5365
0 2 7 2575
0 2 8 5211
0 2 9 4015
0 3 0 0
0 3 1 5615
0 3 2 6915
0 3 3 0
0 3 4 5061
0 3 5 7331
0 3 6 4419
0 3 7 7827
0 3 8 7327
0 3 9 4633
0 4 0 0
0 4 1 8902
0 4 2 7780
0 4 3 5000
0 4 4 0
0 4 5 8351
0 4 6 7475
0 4 7 6572
0 4 8 7343
0 4 9 7446
0 5 0 0
0 5 1 3716
0 5 2 4740
0 5 3 6895
0 5 4 4643
0 5 5 0
0 5 6 7294
0 5 7 8331
0 5 8 8027
0 5 9 4812
0 6 0 0
0 6 1 5541
0 6 2 4047
0 6 3 7323
0 6 4 3966
0 6 5 6389
0 6 6 0
0 6 7 8314
0 6 8 5013
0 6 9 6615
0 7 0 0
0 7 1 8362
0 7 2 4750
0 7 3 7345
0 7 4 6468
0 7 5 9333
0 7 6 4502
0 7 7 0
0 7 8 6396
0 7 9 7425
0 8 0 0
0 8 1 5654
0 8 2 6569
0 8 3 4227
0 8 4 3283
0 8 5 4149
0 8 6 2181
0 8 7 4003
0 8 8 0
0 8 9 6797
0 9 0 0
0 9 1 9403
0 9 2 9538
0 9 3 7316
0 9 4 7252
0 9 5 6158
0 9 6 8806
0 9 7 5835
0 9 8 5673
0 9 9 0
1 0 0 0
1 0 1 0
1 0 2 1483
1 0 3 4416
1 0 4 5029
1 0 5 3602
1 0 6 3949
1 0 7 4560
1 0 8 2187
1 0 9 4710
1 1 0 0
1 1 1 0
1 1 2 0
1 1 3 0
1 1 4 0
1 1 5 0
1 1 6 0
1 1 7 0
1 1 8 0
1 1 9 0
1 2 0 4480
1 2 1 0
1 2 2 0
1 2 3 3989
1 2 4 1062
1 2 5 3652
1 2 6 4728
1 2 7 1938
1 2 8 4574
1 2 9 3378
1 3 0 5615
1 3 1 0
1 3 2 7473
1 3 3 0
1 3 4 5619
1 3 5 7889
1 3 6 4977
1 3 7 8385
1 3 8 7885
1 3 9 5191
1 4 0 8902
1 4 1 0
1 4 2 5687
1 4 3 2907
1 4 4 0
1 4 5 6258
1 4 6 5382
1 4 7 4479
1 4 8 5250
1 4 9 5353
1 5 0 3716
1 5 1 0
1 5 2 1824
1 5 3 3979
1 5 4 1727
1 5 5 0
1 5 6 4378
1 5 7 5415
1 5 8 5111
1 5 9 1896
1 6 0 5541
1 6 1 0
1 6 2 3373
1 6 3 6649
1 6 4 3292
1 6 5 5715
1 6 6 0
1 6 7 7640
1 6 8 4339
1 6 9 5941
1 7 0 8362
1 7 1 0
1 7 2 1041
1 7 3 3636
1 7 4 2759
1 7 5 5624
1 7 6 793
1 7 7 0
1 7 8 2687
1 7 9 3716
1 8 0 5654
1 8 1 0
1 8 2 8123
1 8 3 5781
1 8 4 4837
1 8 5 5703
1 8 6 3735
1 8 7 5557
1 8 8 0
1 8 9 8351
1 9 0 9403
1 9 1 0
1 9 2 8167
1 9 3 5945
1 9 4 5881
1 9 5 4787
1 9 6 7435
1 9 7 4464
1 9 8 4302
1 9 9 0
2 0 0 0
2 0 1 1483
2 0 2 0
2 0 3 5229
2 0 4 5842
2 0 5 4415
2 0 6 4762
2 0 7 5373
2 0 8 3000
2 0 9 5523
2 1 0 1035
2 1 1 0
2 1 2 0
2 1 3 7971
2 1 4 5933
2 1 5 3683
2 1 6 6272
2 1 7 3848
2 1 8 6738
2 1 9 6336
2 2 0 0
2 2 1 0
2 2 2 0
2 2 3 0
2 2 4 0
2 2 5 0
2 2 6 0
2 2 7 0
2 2 8 0
2 2 9 0
2 3 0 6915
2 3 1 7473
2 3 2 0
2 3 3 0
2 3 4 3994
2 3 5 6264
2 3 6 3352
2 3 7 6760
2 3 8 6260
2 3 9 3566
2 4 0 7780
2 4 1 5687
2 4 2 0
2 4 3 393
2 4 4 0
2 4 5 3744
2 4 6 2868
2 4 7 1965
2 4 8 2736
2 4 9 2839
2 5 0 4740
2 5 1 1824
2 5 2 0
2 5 3 6305
2 5 4 4053
2 5 5 0
2 5 6 6704
2 5 7 7741
2 5 8 7437
2 5 9 4222
2 6 0 4047
2 6 1 3373
2 6 2 0
2 6 3 7462
2 6 4 4105
2 6 5 6528
2 6 6 0
2 6 7 8453
2 6 8 5152
2 6 9 6754
2 7 0 4750
2 7 1 1041
2 7 2 0
2 7 3 4083
2 7 4 3206
2 7 5 6071
2 7 6 1240
2 7 7 0
2 7 8 3134
2 7 9 4163
2 8 0 6569
2 8 1 8123
2 8 2 0
2 8 3 5974
2 8 4 5030
2 8 5 5896
2 8 6 3928
2 8 7 5750
2 8 8 0
2 8 9 8544
2 9 0 9538
2 9 1 8167
2 9 2 0
2 9 3 5344
2 9 4 5280
2 9 5 4186
2 9 6 6834
2 9 7 3863
2 9 8 3701
2 9 9 0
3 0 0 0
3 0 1 4416
3 0 2 5229
3 0 3 0
3 0 4 9734
3 0 5 8307
3 0 6 8654
3 0 7 9265
3 0 8 6892
3 0 9 9415
3 1 0 5163
3 1 1 0
3 1 2 7971
3 1 3 0
3 1 4 4135
3 1 5 1885
3 1 6 4474
3 1 7 2050
3 1 8 4940
3 1 9 4538
3 2 0 4626
3 2 1 3989
3 2 2 0
3 2 3 0
3 2 4 2921
3 2 5 5511
3 2 6 6587
3 2 7 3797
3 2 8 6433
3 2 9 5237
3 3 0 0
3 3 1 0
3 3 2 0
3 3 3 0
3 3 4 0
3 3 5 0
3 3 6 0
3 3 7 0
3 3 8 0
3 3 9 0
3 4 0 5000
3 4 1 2907
3 4 2 393
3 4 3 0
3 4 4 0
3 4 5 4173
3 4 6 3297
3 4 7 2394
3 4 8 3165
3 4 9 3268
3 5 0 6895
3 5 1 3979
3 5 2 6305
3 5 3 0
3 5 4 4162
3 5 5 0
3 5 6 6813
3 5 7 7850
3 5 8 7546
3 5 9 4331
3 6 0 7323
3 6 1 6649
3 6 2 7462
3 6 3 0
3 6 4 226
3 6 5 2649
3 6 6 0
3 6 7 4574
3 6 8 1273
3 6 9 2875
3 7 0 7345
3 7 1 3636
3 7 2 4083
3 7 3 0
3 7 4 5525
3 7 5 8390
3 7 6 3559
3 7 7 0
3 7 8 5453
3 7 9 6482
3 8 0 4227
3 8 1 5781
3 8 2 5974
3 8 3 0
3 8 4 4213
3 8 5 5079
3 8 6 3111
3 8 7 4933
3 8 8 0
3 8 9 7727
3 9 0 7316
3 9 1 5945
3 9 2 5344
3 9 3 0
3 9 4 2965
3 9 5 1871
3 9 6 4519
3 9 7 1548
3 9 8 1386
3 9 9 0
4 0 0 0
4 0 1 5029
4 0 2 5842
4 0 3 9734
4 0 4 0
4 0 5 5062
4 0 6 5409
4 0 7 6020
4 0 8 3647
4 0 9 6170
4 1 0 3125
4 1 1 0
4 1 2 5933
4 1 3 4135
4 1 4 0
4 1 5 4559
4 1 6 7148
4 1 7 4724
4 1 8 7614
4 1 9 7212
4 2 0 1699
4 2 1 1062
4 2 2 0
4 2 3 2921
4 2 4 0
4 2 5 5763
4 2 6 6839
4 2 7 4049
4 2 8 6685
4 2 9 5489
4 3 0 5061
4 3 1 5619
4 3 2 3994
4 3 3 0
4 3 4 0
4 3 5 3092
4 3 6 180
4 3 7 3588
4 3 8 3088
4 3 9 394
4 4 0 0
4 4 1 0
4 4 2 0
4 4 3 0
4 4 4 0
4 4 5 0
4 4 6 0
4 4 7 0
4 4 8 0
4 4 9 0
4 5 0 4643
4 5 1 1727
4 5 2 4053
4 5 3 4162
4 5 4 0
4 5 5 0
4 5 6 7220
4 5 7 8257
4 5 8 7953
4 5 9 4738
4 6 0 3966
4 6 1 3292
4 6 2 4105
4 6 3 226
4 6 4 0
4 6 5 5092
4 6 6 0
4 6 7 7017
4 6 8 3716
4 6 9 5318
4 7 0 6468
4 7 1 2759
4 7 2 3206
4 7 3 5525
4 7 4 0
4 7 5 6522
4 7 6 1691
4 7 7 0
4 7 8 3585
4 7 9 4614
4 8 0 3283
4 8 1 4837
4 8 2 5030
4 8 3 4213
4 8 4 0
4 8 5 4482
4 8 6 2514
4 8 7 4336
4 8 8 0
4 8 9 7130
4 9 0 7252
4 9 1 5881
4 9 2 5280
4 9 3 2965
4 9 4 0
4 9 5 4071
4 9 6 6719
4 9 7 3748
4 9 8 3586
4 9 9 0
5 0 0 0
5 0 1 3602
5 0 2 4415
5 0 3 8307
5 0 4 5062
5 0 5 0
5 0 6 8177
5 0 7 8788
5 0 8 6415
5 0 9 8938
5 1 0 875
5 1 1 0
5 1 2 3683
5 1 3 1885
5 1 4 4559
5 1 5 0
5 1 6 3389
5 1 7 965
5 1 8 3855
5 1 9 3453
5 2 0 4289
5 2 1 3652
5 2 2 0
5 2 3 5511
5 2 4 5763
5 2 5 0
5 2 6 5226
5 2 7 2436
5 2 8 5072
5 2 9 3876
5 3 0 7331
5 3 1 7889
5 3 2 6264
5 3 3 0
5 3 4 3092
5 3 5 0
5 3 6 3502
5 3 7 6910
5 3 8 6410
5 3 9 3716
5 4 0 8351
5 4 1 6258
5 4 2 3744
5 4 3 4173
5 4 4 0
5 4 5 0
5 4 6 3693
5 4 7 2790
5 4 8 3561
5 4 9 3664
5 5 0 0
5 5 1 0
5 5 2 0
5 5 3 0
5 5 4 0
5 5 5 0
5 5 6 0
5 5 7 0
5 5 8 0
5 5 9 0
5 6 0 6389
5 6 1 5715
5 6 2 6528
5 6 3 2649
5 6 4 5092
5 6 5 0
5 6 6 0
5 6 7 8263
5 6 8 4962
5 6 9 6564
5 7 0 9333
5 7 1 5624
5 7 2 6071
5 7 3 8390
5 7 4 6522
5 7 5 0
5 7 6 4877
5 7 7 0
5 7 8 6771
5 7 9 7800
5 8 0 4149
5 8 1 5703
5 8 2 5896
5 8 3 5079
5 8 4 4482
5 8 5 0
5 8 6 4625
5 8 7 6447
5 8 8 0
5 8 9 9241
5 9 0 6158
5 9 1 4787
5 9 2 4186
5 9 3 1871
5 9 4 4071
5 9 5 0
5 9 6 5512
5 9 7 2541
5 9 8 2379
5 9 9 0
6 0 0 0
6 0 1 3949
6 0 2 4762
6 0 3 8654
6 0 4 5409
6 0 5 8177
6 0 6 0
6 0 7 7116
6 0 8 4743
6 0 9 7266
6 1 0 3464
6 1 1 0
6 1 2 6272
6 1 3 4474
6 1 4 7148
6 1 5 3389
6 1 6 0
6 1 7 2443
6 1 8 5333
6 1 9 4931
6 2 0 5365
6 2 1 4728
6 2 2 0
6 2 3 6587
6 2 4 6839
6 2 5 5226
6 2 6 0
6 2 7 1396
6 2 8 4032
6 2 9 2836
6 3 0 4419
6 3 1 4977
6 3 2 3352
6 3 3 0
6 3 4 180
6 3 5 3502
6 3 6 0
6 3 7 6991
6 3 8 6491
6 3 9 3797
6 4 0 7475
6 4 1 5382
6 4 2 2868
6 4 3 3297
6 4 4 0
6 4 5 3693
6 4 6 0
6 4 7 1766
6 4 8 2537
6 4 9 2640
6 5 0 7294
6 5 1 4378
6 5 2 6704
6 5 3 6813
6 5 4 7220
6 5 5 0
6 5 6 0
6 5 7 7375
6 5 8 7071
6 5 9 3856
6 6 0 0
6 6 1 0
6 6 2 0
6 6 3 0
6 6 4 0
6 6 5 0
6 6 6 0
6 6 7 0
6 6 8 0
6 6 9 0
6 7 0 4502
6 7 1 793
6 7 2 1240
6 7 3 3559
6 7 4 1691
6 7 5 4877
6 7 6 0
6 7 7 0
6 7 8 6407
6 7 9 7436
6 8 0 2181
6 8 1 3735
6 8 2 3928
6 8 3 3111
6 8 4 2514
6 8 5 4625
6 8 6 0
6 8 7 3086
6 8 8 0
6 8 9 5880
6 9 0 8806
6 9 1 7435
6 9 2 6834
6 9 3 4519
6 9 4 6719
6 9 5 5512
6 9 6 0
6 9 7 3997
6 9 8 3835
6 9 9 0
7 0 0 0
7 0 1 4560
7 0 2 5373
7 0 3 9265
7 0 4 6020
7 0 5 8788
7 0 6 7116
7 0 7 0
7 0 8 4434
7 0 9 6957
7 1 0 1040
7 1 1 0
7 1 2 3848
7 1 3 2050
7 1 4 4724
7 1 5 965
7 1 6 2443
7 1 7 0
7 1 8 7543
7 1 9 7141
7 2 0 2575
7 2 1 1938
7 2 2 0
7 2 3 3797
7 2 4 4049
7 2 5 2436
7 2 6 1396
7 2 7 0
7 2 8 4124
7 2 9 2928
7 3 0 7827
7 3 1 8385
7 3 2 6760
7 3 3 0
7 3 4 3588
7 3 5 6910
7 3 6 6991
7 3 7 0
7 3 8 5902
7 3 9 3208
7 4 0 6572
7 4 1 4479
7 4 2 1965
7 4 3 2394
7 4 4 0
7 4 5 2790
7 4 6 1766
7 4 7 0
7 4 8 4428
7 4 9 4531
7 5 0 8331
7 5 1 5415
7 5 2 7741
7 5 3 7850
7 5 4 8257
7 5 5 0
7 5 6 7375
7 5 7 0
7 5 8 9404
7 5 9 6189
7 6 0 8314
7 6 1 7640
7 6 2 8453
7 6 3 4574
7 6 4 7017
7 6 5 8263
7 6 6 0
7 6 7 0
7 6 8 1212
7 6 9 2814
7 7 0 0
7 7 1 0
7 7 2 0
7 7 3 0
7 7 4 0
7 7 5 0
7 7 6 0
7 7 7 0
7 7 8 0
7 7 9 0
7 8 0 4003
7 8 1 5557
7 8 2 5750
7 8 3 4933
7 8 4 4336
7 8 5 6447
7 8 6 3086
7 8 7 0
7 8 8 0
7 8 9 6652
7 9 0 5835
7 9 1 4464
7 9 2 3863
7 9 3 1548
7 9 4 3748
7 9 5 2541
7 9 6 3997
7 9 7 0
7 9 8 4034
7 9 9 0
8 0 0 0
8 0 1 2187
8 0 2 3000
8 0 3 6892
8 0 4 3647
8 0 5 6415
8 0 6 4743
8 0 7 4434
8 0 8 0
8 0 9 6542
8 1 0 3930
8 1 1 0
8 1 2 6738
8 1 3 4940
8 1 4 7614
8 1 5 3855
8 1 6 5333
8 1 7 7543
8 1 8 0
8 1 9 6806
8 2 0 5211
8 2 1 4574
8 2 2 0
8 2 3 6433
8 2 4 6685
8 2 5 5072
8 2 6 4032
8 2 7 4124
8 2 8 0
8 2 9 7120
8 3 0 7327
8 3 1 7885
8 3 2 6260
8 3 3 0
8 3 4 3088
8 3 5 6410
8 3 6 6491
8 3 7 5902
8 3 8 0
8 3 9 2463
8 4 0 7343
8 4 1 5250
8 4 2 2736
8 4 3 3165
8 4 4 0
8 4 5 3561
8 4 6 2537
8 4 7 4428
8 4 8 0
8 4 9 3719
8 5 0 8027
8 5 1 5111
8 5 2 7437
8 5 3 7546
8 5 4 7953
8 5 5 0
8 5 6 7071
8 5 7 9404
8 5 8 0
8 5 9 3378
8 6 0 5013
8 6 1 4339
8 6 2 5152
8 6 3 1273
8 6 4 3716
8 6 5 4962
8 6 6 0
8 6 7 1212
8 6 8 0
8 6 9 2866
8 7 0 6396
8 7 1 2687
8 7 2 3134
8 7 3 5453
8 7 4 3585
8 7 5 6771
8 7 6 6407
8 7 7 0
8 7 8 0
8 7 9 4887
8 8 0 0
8 8 1 0
8 8 2 0
8 8 3 0
8 8 4 0
8 8 5 0
8 8 6 0
8 8 7 0
8 8 8 0
8 8 9 0
8 9 0 5673
8 9 1 4302
8 9 2 3701
8 9 3 1386
8 9 4 3586
8 9 5 2379
8 9 6 3835
8 9 7 4034
8 9 8 0
8 9 9 0
9 0 0 0
9 0 1 4710
9 0 2 5523
9 0 3 9415
9 0 4 6170
9 0 5 8938
9 0 6 7266
9 0 7 6957
9 0 8 6542
9 0 9 0
9 1 0 3528
9 1 1 0
9 1 2 6336
9 1 3 4538
9 1 4 7212
9 1 5 3453
9 1 6 4931
9 1 7 7141
9 1 8 6806
9 1 9 0
9 2 0 4015
9 2 1 3378
9 2 2 0
9 2 3 5237
9 2 4 5489
9 2 5 3876
9 2 6 2836
9 2 7 2928
9 2 8 7120
9 2 9 0
9 3 0 4633
9 3 1 5191
9 3 2 3566
9 3 3 0
9 3 4 394
9 3 5 3716
9 3 6 3797
9 3 7 3208
9 3 8 2463
9 3 9 0
9 4 0 7446
9 4 1 5353
9 4 2 2839
9 4 3 3268
9 4 4 0
9 4 5 3664
9 4 6 2640
9 4 7 4531
9 4 8 3719
9 4 9 0
9 5 0 4812
9 5 1 1896
9 5 2 4222
9 5 3 4331
9 5 4 4738
9 5 5 0
9 5 6 3856
9 5 7 6189
9 5 8 3378
9 5 9 0
9 6 0 6615
9 6 1 5941
9 6 2 6754
9 6 3 2875
9 6 4 5318
9 6 5 6564
9 6 6 0
9 6 7 2814
9 6 8 2866
9 6 9 0
9 7 0 7425
9 7 1 3716
9 7 2 4163
9 7 3 6482
9 7 4 4614
9 7 5 7800
9 7 6 7436
9 7 7 0
9 7 8 4887
9 7 9 0
9 8 0 6797
9 8 1 8351
9 8 2 8544
9 8 3 7727
9 8 4 7130
9 8 5 9241
9 8 6 5880
9 8 7 6652
9 8 8 0
9 8 9 0
9 9 0 0
9 9 1 0
9 9 2 0
9 9 3 0
9 9 4 0
9 9 5 0
9 9 6 0
9 9 7 0
9 9 8 0
9 9 9 0
