15
0 0 0 0
0 0 1 0
0 0 2 0
0 0 3 0
0 0 4 0
0 0 5 0
0 0 6 0
0 0 7 0
0 0 8 0
0 0 9 0
0 0 10 0
0 0 11 0
0 0 12 0
0 0 13 0
0 0 14 0
0 1 0 0
0 1 1 0
0 1 2 8306
0 1 3 8217
0 1 4 8248
0 1 5 4897
0 1 6 6381
0 1 7 9264
0 1 8 8340
0 1 9 9379
0 1 10 8296
0 1 11 6778
0 1 12 6186
0 1 13 7601
0 1 14 7770
0 2 0 0
0 2 1 3604
0 2 2 0
0 2 3 2360
0 2 4 5298
0 2 5 4751
0 2 6 5099
0 2 7 3947
0 2 8 2489
0 2 9 2421
0 2 10 3250
0 2 11 3610
0 2 12 2260
0 2 13 5624
0 2 14 4100
0 3 0 0
0 3 1 5717
0 3 2 2411
0 3 3 0
0 3 4 1802
0 3 5 4586
0 3 6 1517
0 3 7 1753
0 3 8 3424
0 3 9 5850
0 3 10 5054
0 3 11 3962
0 3 12 4400
0 3 13 2151
0 3 14 1794
0 4 0 0
0 4 1 6703
0 4 2 9215
0 4 3 8578
0 4 4 0
0 4 5 6307
0 4 6 4965
0 4 7 5244
0 4 8 5288
0 4 9 8283
0 4 10 8513
0 4 11 7380
0 4 12 5299
0 4 13 5941
0 4 14 6295
0 5 0 0
0 5 1 8167
0 5 2 8554
0 5 3 7276
0 5 4 4110
0 5 5 0
0 5 6 4562
0 5 7 6935
0 5 8 8389
0 5 9 4278
0 5 10 6607
0 5 11 4688
0 5 12 6622
0 5 13 4361
0 5 14 5724
0 6 0 0
0 6 1 7699
0 6 2 5635
0 6 3 8097
0 6 4 4090
0 6 5 4014
0 6 6 0
0 6 7 7042
0 6 8 7630
0 6 9 8181
0 6 10 6532
0 6 11 7299
0 6 12 7060
0 6 13 8283
0 6 14 7160
0 7 0 0
0 7 1 3572
0 7 2 3704
0 7 3 4876
0 7 4 7051
0 7 5 5748
0 7 6 5863
0 7 7 0
0 7 8 6808
0 7 9 5972
0 7 10 3695
0 7 11 7563
0 7 12 7375
0 7 13 7792
0 7 14 6388
0 8 0 0
0 8 1 3767
0 8 2 6281
0 8 3 6033
0 8 4 1942
0 8 5 2216
0 8 6 3695
0 8 7 4086
0 8 8 0
0 8 9 5696
0 8 10 5617
0 8 11 5341
0 8 12 5521
0 8 13 5043
0 8 14 2261
0 9 0 0
0 9 1 7390
0 9 2 4848
0 9 3 9280
0 9 4 7745
0 9 5 6950
0 9 6 4835
0 9 7 7867
0 9 8 7272
0 9 9 0
0 9 10 8449
0 9 11 7970
0 9 12 8310
0 9 13 7078
0 9 14 9425
0 10 0 0
0 10 1 4658
0 10 2 4140
0 10 3 1969
0 10 4 5843
0 10 5 5102
0 10 6 1632
0 10 7 2296
0 10 8 1330
0 10 9 3078
0 10 10 0
0 10 11 1380
0 10 12 5091
0 10 13 4362
0 10 14 1403
0 11 0 0
0 11 1 1292
0 11 2 4515
0 11 3 4719
0 11 4 3549
0 11 5 1892
0 11 6 285
0 11 7 4419
0 11 8 2956
0 11 9 4585
0 11 10 3694
0 11 11 0
0 11 12 3991
0 11 13 4358
0 11 14 212
0 12 0 0
0 12 1 3293
0 12 2 6286
0 12 3 4586
0 12 4 4417
0 12 5 6790
0 12 6 4992
0 12 7 6110
0 12 8 6696
0 12 9 3727
0 12 10 4130
0 12 11 3160
0 12 12 0
0 12 13 5473
0 12 14 6357
0 13 0 0
0 13 1 6654
0 13 2 5605
0 13 3 3917
0 13 4 7170
0 13 5 6470
0 13 6 4435
0 13 7 6460
0 13 8 7439
0 13 9 8171
0 13 10 7512
0 13 11 5480
0 13 12 6990
0 13 13 0
0 13 14 3761
0 14 0 0
0 14 1 1376
0 14 2 2359
0 14 3 4339
0 14 4 1490
0 14 5 1452
0 14 6 5108
0 14 7 2593
0 14 8 4642
0 14 9 3792
0 14 10 2556
0 14 11 689
0 14 12 5363
0 14 13 2839
0 14 14 0
1 0 0 0
1 0 1 0
1 0 2 4025
1 0 3 3469
1 0 4 7084
1 0 5 6143
1 0 6 6478
1 0 7 5979
1 0 8 4384
1 0 9 7183
1 0 10 3825
1 0 11 2653
1 0 12 5369
1 0 13 6214
1 0 14 2948
1 1 0 0
1 1 1 0
1 1 2 0
1 1 3 0
1 1 4 0
1 1 5 0
1 1 6 0
1 1 7 0
1 1 8 0
1 1 9 0
1 1 10 0
1 1 11 0
1 1 12 0
1 1 13 0
1 1 14 0
1 2 0 3604
1 2 1 0
1 2 2 0
1 2 3 4322
1 2 4 7260
1 2 5 6713
1 2 6 7061
1 2 7 5909
1 2 8 4451
1 2 9 4383
1 2 10 5212
1 2 11 5572
1 2 12 4222
1 2 13 7586
1 2 14 6062
1 3 0 5717
1 3 1 0
1 3 2 4840
1 3 3 0
1 3 4 4231
1 3 5 7015
1 3 6 3946
1 3 7 4182
1 3 8 5853
1 3 9 8279
1 3 10 7483
1 3 11 6391
1 3 12 6829
1 3 13 4580
1 3 14 4223
1 4 0 6703
1 4 1 0
1 4 2 8060
1 4 3 7423
1 4 4 0
1 4 5 5152
1 4 6 3810
1 4 7 4089
1 4 8 4133
1 4 9 7128
1 4 10 7358
1 4 11 6225
1 4 12 4144
1 4 13 4786
1 4 14 5140
1 5 0 8167
1 5 1 0
1 5 2 4989
1 5 3 3711
1 5 4 545
1 5 5 0
1 5 6 997
1 5 7 3370
1 5 8 4824
1 5 9 713
1 5 10 3042
1 5 11 1123
1 5 12 3057
1 5 13 796
1 5 14 2159
1 6 0 7699
1 6 1 0
1 6 2 3219
1 6 3 5681
1 6 4 1674
1 6 5 1598
1 6 6 0
1 6 7 4626
1 6 8 5214
1 6 9 5765
1 6 10 4116
1 6 11 4883
1 6 12 4644
1 6 13 5867
1 6 14 4744
1 7 0 3572
1 7 1 0
1 7 2 4670
1 7 3 5842
1 7 4 8017
1 7 5 6714
1 7 6 6829
1 7 7 0
1 7 8 7774
1 7 9 6938
1 7 10 4661
1 7 11 8529
1 7 12 8341
1 7 13 8758
1 7 14 7354
1 8 0 3767
1 8 1 0
1 8 2 7918
1 8 3 7670
1 8 4 3579
1 8 5 3853
1 8 6 5332
1 8 7 5723
1 8 8 0
1 8 9 7333
1 8 10 7254
1 8 11 6978
1 8 12 7158
1 8 13 6680
1 8 14 3898
1 9 0 7390
1 9 1 0
1 9 2 4725
1 9 3 9157
1 9 4 7622
1 9 5 6827
1 9 6 4712
1 9 7 7744
1 9 8 7149
1 9 9 0
1 9 10 8326
1 9 11 7847
1 9 12 8187
1 9 13 6955
1 9 14 9302
1 10 0 4658
1 10 1 0
1 10 2 6292
1 10 3 4121
1 10 4 7995
1 10 5 7254
1 10 6 3784
1 10 7 4448
1 10 8 3482
1 10 9 5230
1 10 10 0
1 10 11 3532
1 10 12 7243
1 10 13 6514
1 10 14 3555
1 11 0 1292
1 11 1 0
1 11 2 6321
1 11 3 6525
1 11 4 5355
1 11 5 3698
1 11 6 2091
1 11 7 6225
1 11 8 4762
1 11 9 6391
1 11 10 5500
1 11 11 0
1 11 12 5797
1 11 13 6164
1 11 14 2018
1 12 0 3293
1 12 1 0
1 12 2 4784
1 12 3 3084
1 12 4 2915
1 12 5 5288
1 12 6 3490
1 12 7 4608
1 12 8 5194
1 12 9 2225
1 12 10 2628
1 12 11 1658
1 12 12 0
1 12 13 3971
1 12 14 4855
1 13 0 6654
1 13 1 0
1 13 2 4673
1 13 3 2985
1 13 4 6238
1 13 5 5538
1 13 6 3503
1 13 7 5528
1 13 8 6507
1 13 9 7239
1 13 10 6580
1 13 11 4548
1 13 12 6058
1 13 13 0
1 13 14 2829
1 14 0 1376
1 14 1 0
1 14 2 4862
1 14 3 6842
1 14 4 3993
1 14 5 3955
1 14 6 7611
1 14 7 5096
1 14 8 7145
1 14 9 6295
1 14 10 5059
1 14 11 3192
1 14 12 7866
1 14 13 5342
1 14 14 0
2 0 0 0
2 0 1 4025
2 0 2 0
2 0 3 3009
2 0 4 6624
2 0 5 5683
2 0 6 6018
2 0 7 5519
2 0 8 3924
2 0 9 6723
2 0 10 3365
2 0 11 2193
2 0 12 4909
2 0 13 5754
2 0 14 2488
2 1 0 8306
2 1 1 0
2 1 2 0
2 1 3 5477
2 1 4 5508
2 1 5 2157
2 1 6 3641
2 1 7 6524
2 1 8 5600
2 1 9 6639
2 1 10 5556
2 1 11 4038
2 1 12 3446
2 1 13 4861
2 1 14 5030
2 2 0 0
2 2 1 0
2 2 2 0
2 2 3 0
2 2 4 0
2 2 5 0
2 2 6 0
2 2 7 0
2 2 8 0
2 2 9 0
2 2 10 0
2 2 11 0
2 2 12 0
2 2 13 0
2 2 14 0
2 3 0 2411
2 3 1 4840
2 3 2 0
2 3 3 0
2 3 4 1786
2 3 5 4570
2 3 6 1501
2 3 7 1737
2 3 8 3408
2 3 9 5834
2 3 10 5038
2 3 11 3946
2 3 12 4384
2 3 13 2135
2 3 14 1778
2 4 0 9215
2 4 1 8060
2 4 2 0
2 4 3 7885
2 4 4 0
2 4 5 5614
2 4 6 4272
2 4 7 4551
2 4 8 4595
2 4 9 7590
2 4 10 7820
2 4 11 6687
2 4 12 4606
2 4 13 5248
2 4 14 5602
2 5 0 8554
2 5 1 4989
2 5 2 0
2 5 3 6977
2 5 4 3811
2 5 5 0
2 5 6 4263
2 5 7 6636
2 5 8 8090
2 5 9 3979
2 5 10 6308
2 5 11 4389
2 5 12 6323
2 5 13 4062
2 5 14 5425
2 6 0 5635
2 6 1 3219
2 6 2 0
2 6 3 7811
2 6 4 3804
2 6 5 3728
2 6 6 0
2 6 7 6756
2 6 8 7344
2 6 9 7895
2 6 10 6246
2 6 11 7013
2 6 12 6774
2 6 13 7997
2 6 14 6874
2 7 0 3704
2 7 1 4670
2 7 2 0
2 7 3 3937
2 7 4 6112
2 7 5 4809
2 7 6 4924
2 7 7 0
2 7 8 5869
2 7 9 5033
2 7 10 2756
2 7 11 6624
2 7 12 6436
2 7 13 6853
2 7 14 5449
2 8 0 6281
2 8 1 7918
2 8 2 0
2 8 3 5231
2 8 4 1140
2 8 5 1414
2 8 6 2893
2 8 7 3284
2 8 8 0
2 8 9 4894
2 8 10 4815
2 8 11 4539
2 8 12 4719
2 8 13 4241
2 8 14 1459
2 9 0 4848
2 9 1 4725
2 9 2 0
2 9 3 5611
2 9 4 4076
2 9 5 3281
2 9 6 1166
2 9 7 4198
2 9 8 3603
2 9 9 0
2 9 10 4780
2 9 11 4301
2 9 12 4641
2 9 13 3409
2 9 14 5756
2 10 0 4140
2 10 1 6292
2 10 2 0
2 10 3 2487
2 10 4 6361
2 10 5 5620
2 10 6 2150
2 10 7 2814
2 10 8 1848
2 10 9 3596
2 10 10 0
2 10 11 1898
2 10 12 5609
2 10 13 4880
2 10 14 1921
2 11 0 4515
2 11 1 6321
2 11 2 0
2 11 3 6769
2 11 4 5599
2 11 5 3942
2 11 6 2335
2 11 7 6469
2 11 8 5006
2 11 9 6635
2 11 10 5744
2 11 11 0
2 11 12 6041
2 11 13 6408
2 11 14 2262
2 12 0 6286
2 12 1 4784
2 12 2 0
2 12 3 2570
2 12 4 2401
2 12 5 4774
2 12 6 2976
2 12 7 4094
2 12 8 4680
2 12 9 1711
2 12 10 2114
2 12 11 1144
2 12 12 0
2 12 13 3457
2 12 14 4341
2 13 0 5605
2 13 1 4673
2 13 2 0
2 13 3 4420
2 13 4 7673
2 13 5 6973
2 13 6 4938
2 13 7 6963
2 13 8 7942
2 13 9 8674
2 13 10 8015
2 13 11 5983
2 13 12 7493
2 13 13 0
2 13 14 4264
2 14 0 2359
2 14 1 4862
2 14 2 0
2 14 3 6584
2 14 4 3735
2 14 5 3697
2 14 6 7353
2 14 7 4838
2 14 8 6887
2 14 9 6037
2 14 10 4801
2 14 11 2934
2 14 12 7608
2 14 13 5084
2 14 14 0
3 0 0 0
3 0 1 3469
3 0 2 3009
3 0 3 0
3 0 4 9205
3 0 5 8264
3 0 6 8599
3 0 7 8100
3 0 8 6505
3 0 9 9304
3 0 10 5946
3 0 11 4774
3 0 12 7490
3 0 13 8335
3 0 14 5069
3 1 0 8217
3 1 1 0
3 1 2 5477
3 1 3 0
3 1 4 8177
3 1 5 4826
3 1 6 6310
3 1 7 9193
3 1 8 8269
3 1 9 9308
3 1 10 8225
3 1 11 6707
3 1 12 6115
3 1 13 7530
3 1 14 7699
3 2 0 2360
3 2 1 4322
3 2 2 0
3 2 3 0
3 2 4 5333
3 2 5 4786
3 2 6 5134
3 2 7 3982
3 2 8 2524
3 2 9 2456
3 2 10 3285
3 2 11 3645
3 2 12 2295
3 2 13 5659
3 2 14 4135
3 3 0 0
3 3 1 0
3 3 2 0
3 3 3 0
3 3 4 0
3 3 5 0
3 3 6 0
3 3 7 0
3 3 8 0
3 3 9 0
3 3 10 0
3 3 11 0
3 3 12 0
3 3 13 0
3 3 14 0
3 4 0 8578
3 4 1 7423
3 4 2 7885
3 4 3 0
3 4 4 0
3 4 5 2674
3 4 6 1332
3 4 7 1611
3 4 8 1655
3 4 9 4650
3 4 10 4880
3 4 11 3747
3 4 12 1666
3 4 13 2308
3 4 14 2662
3 5 0 7276
3 5 1 3711
3 5 2 6977
3 5 3 0
3 5 4 4202
3 5 5 0
3 5 6 4654
3 5 7 7027
3 5 8 8481
3 5 9 4370
3 5 10 6699
3 5 11 4780
3 5 12 6714
3 5 13 4453
3 5 14 5816
3 6 0 8097
3 6 1 5681
3 6 2 7811
3 6 3 0
3 6 4 778
3 6 5 702
3 6 6 0
3 6 7 3730
3 6 8 4318
3 6 9 4869
3 6 10 3220
3 6 11 3987
3 6 12 3748
3 6 13 4971
3 6 14 3848
3 7 0 4876
3 7 1 5842
3 7 2 3937
3 7 3 0
3 7 4 4474
3 7 5 3171
3 7 6 3286
3 7 7 0
3 7 8 4231
3 7 9 3395
3 7 10 1118
3 7 11 4986
3 7 12 4798
3 7 13 5215
3 7 14 3811
3 8 0 6033
3 8 1 7670
3 8 2 5231
3 8 3 0
3 8 4 2631
3 8 5 2905
3 8 6 4384
3 8 7 4775
3 8 8 0
3 8 9 6385
3 8 10 6306
3 8 11 6030
3 8 12 6210
3 8 13 5732
3 8 14 2950
3 9 0 9280
3 9 1 9157
3 9 2 5611
3 9 3 0
3 9 4 8061
3 9 5 7266
3 9 6 5151
3 9 7 8183
3 9 8 7588
3 9 9 0
3 9 10 8765
3 9 11 8286
3 9 12 8626
3 9 13 7394
3 9 14 9741
3 10 0 1969
3 10 1 4121
3 10 2 2487
3 10 3 0
3 10 4 8721
3 10 5 7980
3 10 6 4510
3 10 7 5174
3 10 8 4208
3 10 9 5956
3 10 10 0
3 10 11 4258
3 10 12 7969
3 10 13 7240
3 10 14 4281
3 11 0 4719
3 11 1 6525
3 11 2 6769
3 11 3 0
3 11 4 6507
3 11 5 4850
3 11 6 3243
3 11 7 7377
3 11 8 5914
3 11 9 7543
3 11 10 6652
3 11 11 0
3 11 12 6949
3 11 13 7316
3 11 14 3170
3 12 0 4586
3 12 1 3084
3 12 2 2570
3 12 3 0
3 12 4 5097
3 12 5 7470
3 12 6 5672
3 12 7 6790
3 12 8 7376
3 12 9 4407
3 12 10 4810
3 12 11 3840
3 12 12 0
3 12 13 6153
3 12 14 7037
3 13 0 3917
3 13 1 2985
3 13 2 4420
3 13 3 0
3 13 4 4756
3 13 5 4056
3 13 6 2021
3 13 7 4046
3 13 8 5025
3 13 9 5757
3 13 10 5098
3 13 11 3066
3 13 12 4576
3 13 13 0
3 13 14 1347
3 14 0 4339
3 14 1 6842
3 14 2 6584
3 14 3 0
3 14 4 1985
3 14 5 1947
3 14 6 5603
3 14 7 3088
3 14 8 5137
3 14 9 4287
3 14 10 3051
3 14 11 1184
3 14 12 5858
3 14 13 3334
3 14 14 0
4 0 0 0
4 0 1 7084
4 0 2 6624
4 0 3 9205
4 0 4 0
4 0 5 7946
4 0 6 8281
4 0 7 7782
4 0 8 6187
4 0 9 8986
4 0 10 5628
4 0 11 4456
4 0 12 7172
4 0 13 8017
4 0 14 4751
4 1 0 8248
4 1 1 0
4 1 2 5508
4 1 3 8177
4 1 4 0
4 1 5 2197
4 1 6 3681
4 1 7 6564
4 1 8 5640
4 1 9 6679
4 1 10 5596
4 1 11 4078
4 1 12 3486
4 1 13 4901
4 1 14 5070
4 2 0 5298
4 2 1 7260
4 2 2 0
4 2 3 5333
4 2 4 0
4 2 5 7975
4 2 6 8323
4 2 7 7171
4 2 8 5713
4 2 9 5645
4 2 10 6474
4 2 11 6834
4 2 12 5484
4 2 13 8848
4 2 14 7324
4 3 0 1802
4 3 1 4231
4 3 2 1786
4 3 3 0
4 3 4 0
4 3 5 7729
4 3 6 4660
4 3 7 4896
4 3 8 6567
4 3 9 8993
4 3 10 8197
4 3 11 7105
4 3 12 7543
4 3 13 5294
4 3 14 4937
4 4 0 0
4 4 1 0
4 4 2 0
4 4 3 0
4 4 4 0
4 4 5 0
4 4 6 0
4 4 7 0
4 4 8 0
4 4 9 0
4 4 10 0
4 4 11 0
4 4 12 0
4 4 13 0
4 4 14 0
4 5 0 4110
4 5 1 545
4 5 2 3811
4 5 3 4202
4 5 4 0
4 5 5 0
4 5 6 2760
4 5 7 5133
4 5 8 6587
4 5 9 2476
4 5 10 4805
4 5 11 2886
4 5 12 4820
4 5 13 2559
4 5 14 3922
4 6 0 4090
4 6 1 1674
4 6 2 3804
4 6 3 778
4 6 4 0
4 6 5 535
4 6 6 0
4 6 7 3563
4 6 8 4151
4 6 9 4702
4 6 10 3053
4 6 11 3820
4 6 12 3581
4 6 13 4804
4 6 14 3681
4 7 0 7051
4 7 1 8017
4 7 2 6112
4 7 3 4474
4 7 4 0
4 7 5 3047
4 7 6 3162
4 7 7 0
4 7 8 4107
4 7 9 3271
4 7 10 994
4 7 11 4862
4 7 12 4674
4 7 13 5091
4 7 14 3687
4 8 0 1942
4 8 1 3579
4 8 2 1140
4 8 3 2631
4 8 4 0
4 8 5 1154
4 8 6 2633
4 8 7 3024
4 8 8 0
4 8 9 4634
4 8 10 4555
4 8 11 4279
4 8 12 4459
4 8 13 3981
4 8 14 1199
4 9 0 7745
4 9 1 7622
4 9 2 4076
4 9 3 8061
4 9 4 0
4 9 5 6084
4 9 6 3969
4 9 7 7001
4 9 8 6406
4 9 9 0
4 9 10 7583
4 9 11 7104
4 9 12 7444
4 9 13 6212
4 9 14 8559
4 10 0 5843
4 10 1 7995
4 10 2 6361
4 10 3 8721
4 10 4 0
4 10 5 7824
4 10 6 4354
4 10 7 5018
4 10 8 4052
4 10 9 5800
4 10 10 0
4 10 11 4102
4 10 12 7813
4 10 13 7084
4 10 14 4125
4 11 0 3549
4 11 1 5355
4 11 2 5599
4 11 3 6507
4 11 4 0
4 11 5 4653
4 11 6 3046
4 11 7 7180
4 11 8 5717
4 11 9 7346
4 11 10 6455
4 11 11 0
4 11 12 6752
4 11 13 7119
4 11 14 2973
4 12 0 4417
4 12 1 2915
4 12 2 2401
4 12 3 5097
4 12 4 0
4 12 5 4754
4 12 6 2956
4 12 7 4074
4 12 8 4660
4 12 9 1691
4 12 10 2094
4 12 11 1124
4 12 12 0
4 12 13 3437
4 12 14 4321
4 13 0 7170
4 13 1 6238
4 13 2 7673
4 13 3 4756
4 13 4 0
4 13 5 4231
4 13 6 2196
4 13 7 4221
4 13 8 5200
4 13 9 5932
4 13 10 5273
4 13 11 3241
4 13 12 4751
4 13 13 0
4 13 14 1522
4 14 0 1490
4 14 1 3993
4 14 2 3735
4 14 3 1985
4 14 4 0
4 14 5 2833
4 14 6 6489
4 14 7 3974
4 14 8 6023
4 14 9 5173
4 14 10 3937
4 14 11 2070
4 14 12 6744
4 14 13 4220
4 14 14 0
5 0 0 0
5 0 1 6143
5 0 2 5683
5 0 3 8264
5 0 4 7946
5 0 5 0
5 0 6 7191
5 0 7 6692
5 0 8 5097
5 0 9 7896
5 0 10 4538
5 0 11 3366
5 0 12 6082
5 0 13 6927
5 0 14 3661
5 1 0 4897
5 1 1 0
5 1 2 2157
5 1 3 4826
5 1 4 2197
5 1 5 0
5 1 6 6086
5 1 7 8969
5 1 8 8045
5 1 9 9084
5 1 10 8001
5 1 11 6483
5 1 12 5891
5 1 13 7306
5 1 14 7475
5 2 0 4751
5 2 1 6713
5 2 2 0
5 2 3 4786
5 2 4 7975
5 2 5 0
5 2 6 8603
5 2 7 7451
5 2 8 5993
5 2 9 5925
5 2 10 6754
5 2 11 7114
5 2 12 5764
5 2 13 9128
5 2 14 7604
5 3 0 4586
5 3 1 7015
5 3 2 4570
5 3 3 0
5 3 4 7729
5 3 5 0
5 3 6 4299
5 3 7 4535
5 3 8 6206
5 3 9 8632
5 3 10 7836
5 3 11 6744
5 3 12 7182
5 3 13 4933
5 3 14 4576
5 4 0 6307
5 4 1 5152
5 4 2 5614
5 4 3 2674
5 4 4 0
5 4 5 0
5 4 6 966
5 4 7 1245
5 4 8 1289
5 4 9 4284
5 4 10 4514
5 4 11 3381
5 4 12 1300
5 4 13 1942
5 4 14 2296
5 5 0 0
5 5 1 0
5 5 2 0
5 5 3 0
5 5 4 0
5 5 5 0
5 5 6 0
5 5 7 0
5 5 8 0
5 5 9 0
5 5 10 0
5 5 11 0
5 5 12 0
5 5 13 0
5 5 14 0
5 6 0 4014
5 6 1 1598
5 6 2 3728
5 6 3 702
5 6 4 535
5 6 5 0
5 6 6 0
5 6 7 4101
5 6 8 4689
5 6 9 5240
5 6 10 3591
5 6 11 4358
5 6 12 4119
5 6 13 5342
5 6 14 4219
5 7 0 5748
5 7 1 6714
5 7 2 4809
5 7 3 3171
5 7 4 3047
5 7 5 0
5 7 6 5794
5 7 7 0
5 7 8 6739
5 7 9 5903
5 7 10 3626
5 7 11 7494
5 7 12 7306
5 7 13 7723
5 7 14 6319
5 8 0 2216
5 8 1 3853
5 8 2 1414
5 8 3 2905
5 8 4 1154
5 8 5 0
5 8 6 6675
5 8 7 7066
5 8 8 0
5 8 9 8676
5 8 10 8597
5 8 11 8321
5 8 12 8501
5 8 13 8023
5 8 14 5241
5 9 0 6950
5 9 1 6827
5 9 2 3281
5 9 3 7266
5 9 4 6084
5 9 5 0
5 9 6 905
5 9 7 3937
5 9 8 3342
5 9 9 0
5 9 10 4519
5 9 11 4040
5 9 12 4380
5 9 13 3148
5 9 14 5495
5 10 0 5102
5 10 1 7254
5 10 2 5620
5 10 3 7980
5 10 4 7824
5 10 5 0
5 10 6 3389
5 10 7 4053
5 10 8 3087
5 10 9 4835
5 10 10 0
5 10 11 3137
5 10 12 6848
5 10 13 6119
5 10 14 3160
5 11 0 1892
5 11 1 3698
5 11 2 3942
5 11 3 4850
5 11 4 4653
5 11 5 0
5 11 6 1295
5 11 7 5429
5 11 8 3966
5 11 9 5595
5 11 10 4704
5 11 11 0
5 11 12 5001
5 11 13 5368
5 11 14 1222
5 12 0 6790
5 12 1 5288
5 12 2 4774
5 12 3 7470
5 12 4 4754
5 12 5 0
5 12 6 5220
5 12 7 6338
5 12 8 6924
5 12 9 3955
5 12 10 4358
5 12 11 3388
5 12 12 0
5 12 13 5701
5 12 14 6585
5 13 0 6470
5 13 1 5538
5 13 2 6973
5 13 3 4056
5 13 4 4231
5 13 5 0
5 13 6 1557
5 13 7 3582
5 13 8 4561
5 13 9 5293
5 13 10 4634
5 13 11 2602
5 13 12 4112
5 13 13 0
5 13 14 883
5 14 0 1452
5 14 1 3955
5 14 2 3697
5 14 3 1947
5 14 4 2833
5 14 5 0
5 14 6 6859
5 14 7 4344
5 14 8 6393
5 14 9 5543
5 14 10 4307
5 14 11 2440
5 14 12 7114
5 14 13 4590
5 14 14 0
6 0 0 0
6 0 1 6478
6 0 2 6018
6 0 3 8599
6 0 4 8281
6 0 5 7191
6 0 6 0
6 0 7 3967
6 0 8 2372
6 0 9 5171
6 0 10 1813
6 0 11 641
6 0 12 3357
6 0 13 4202
6 0 14 936
6 1 0 6381
6 1 1 0
6 1 2 3641
6 1 3 6310
6 1 4 3681
6 1 5 6086
6 1 6 0
6 1 7 8166
6 1 8 7242
6 1 9 8281
6 1 10 7198
6 1 11 5680
6 1 12 5088
6 1 13 6503
6 1 14 6672
6 2 0 5099
6 2 1 7061
6 2 2 0
6 2 3 5134
6 2 4 8323
6 2 5 8603
6 2 6 0
6 2 7 4197
6 2 8 2739
6 2 9 2671
6 2 10 3500
6 2 11 3860
6 2 12 2510
6 2 13 5874
6 2 14 4350
6 3 0 1517
6 3 1 3946
6 3 2 1501
6 3 3 0
6 3 4 4660
6 3 5 4299
6 3 6 0
6 3 7 5021
6 3 8 6692
6 3 9 9118
6 3 10 8322
6 3 11 7230
6 3 12 7668
6 3 13 5419
6 3 14 5062
6 4 0 4965
6 4 1 3810
6 4 2 4272
6 4 3 1332
6 4 4 0
6 4 5 966
6 4 6 0
6 4 7 890
6 4 8 934
6 4 9 3929
6 4 10 4159
6 4 11 3026
6 4 12 945
6 4 13 1587
6 4 14 1941
6 5 0 4562
6 5 1 997
6 5 2 4263
6 5 3 4654
6 5 4 2760
6 5 5 0
6 5 6 0
6 5 7 3446
6 5 8 4900
6 5 9 789
6 5 10 3118
6 5 11 1199
6 5 12 3133
6 5 13 872
6 5 14 2235
6 6 0 0
6 6 1 0
6 6 2 0
6 6 3 0
6 6 4 0
6 6 5 0
6 6 6 0
6 6 7 0
6 6 8 0
6 6 9 0
6 6 10 0
6 6 11 0
6 6 12 0
6 6 13 0
6 6 14 0
6 7 0 5863
6 7 1 6829
6 7 2 4924
6 7 3 3286
6 7 4 3162
6 7 5 5794
6 7 6 0
6 7 7 0
6 7 8 6511
6 7 9 5675
6 7 10 3398
6 7 11 7266
6 7 12 7078
6 7 13 7495
6 7 14 6091
6 8 0 3695
6 8 1 5332
6 8 2 2893
6 8 3 4384
6 8 4 2633
6 8 5 6675
6 8 6 0
6 8 7 5972
6 8 8 0
6 8 9 7582
6 8 10 7503
6 8 11 7227
6 8 12 7407
6 8 13 6929
6 8 14 4147
6 9 0 4835
6 9 1 4712
6 9 2 1166
6 9 3 5151
6 9 4 3969
6 9 5 905
6 9 6 0
6 9 7 7505
6 9 8 6910
6 9 9 0
6 9 10 8087
6 9 11 7608
6 9 12 7948
6 9 13 6716
6 9 14 9063
6 10 0 1632
6 10 1 3784
6 10 2 2150
6 10 3 4510
6 10 4 4354
6 10 5 3389
6 10 6 0
6 10 7 3643
6 10 8 2677
6 10 9 4425
6 10 10 0
6 10 11 2727
6 10 12 6438
6 10 13 5709
6 10 14 2750
6 11 0 285
6 11 1 2091
6 11 2 2335
6 11 3 3243
6 11 4 3046
6 11 5 1295
6 11 6 0
6 11 7 7705
6 11 8 6242
6 11 9 7871
6 11 10 6980
6 11 11 0
6 11 12 7277
6 11 13 7644
6 11 14 3498
6 12 0 4992
6 12 1 3490
6 12 2 2976
6 12 3 5672
6 12 4 2956
6 12 5 5220
6 12 6 0
6 12 7 6441
6 12 8 7027
6 12 9 4058
6 12 10 4461
6 12 11 3491
6 12 12 0
6 12 13 5804
6 12 14 6688
6 13 0 4435
6 13 1 3503
6 13 2 4938
6 13 3 2021
6 13 4 2196
6 13 5 1557
6 13 6 0
6 13 7 7169
6 13 8 8148
6 13 9 8880
6 13 10 8221
6 13 11 6189
6 13 12 7699
6 13 13 0
6 13 14 4470
6 14 0 5108
6 14 1 7611
6 14 2 7353
6 14 3 5603
6 14 4 6489
6 14 5 6859
6 14 6 0
6 14 7 5445
6 14 8 7494
6 14 9 6644
6 14 10 5408
6 14 11 3541
6 14 12 8215
6 14 13 5691
6 14 14 0
7 0 0 0
7 0 1 5979
7 0 2 5519
7 0 3 8100
7 0 4 7782
7 0 5 6692
7 0 6 3967
7 0 7 0
7 0 8 6129
7 0 9 8928
7 0 10 5570
7 0 11 4398
7 0 12 7114
7 0 13 7959
7 0 14 4693
7 1 0 9264
7 1 1 0
7 1 2 6524
7 1 3 9193
7 1 4 6564
7 1 5 8969
7 1 6 8166
7 1 7 0
7 1 8 3614
7 1 9 4653
7 1 10 3570
7 1 11 2052
7 1 12 1460
7 1 13 2875
7 1 14 3044
7 2 0 3947
7 2 1 5909
7 2 2 0
7 2 3 3982
7 2 4 7171
7 2 5 7451
7 2 6 4197
7 2 7 0
7 2 8 1307
7 2 9 1239
7 2 10 2068
7 2 11 2428
7 2 12 1078
7 2 13 4442
7 2 14 2918
7 3 0 1753
7 3 1 4182
7 3 2 1737
7 3 3 0
7 3 4 4896
7 3 5 4535
7 3 6 5021
7 3 7 0
7 3 8 3970
7 3 9 6396
7 3 10 5600
7 3 11 4508
7 3 12 4946
7 3 13 2697
7 3 14 2340
7 4 0 5244
7 4 1 4089
7 4 2 4551
7 4 3 1611
7 4 4 0
7 4 5 1245
7 4 6 890
7 4 7 0
7 4 8 4394
7 4 9 7389
7 4 10 7619
7 4 11 6486
7 4 12 4405
7 4 13 5047
7 4 14 5401
7 5 0 6935
7 5 1 3370
7 5 2 6636
7 5 3 7027
7 5 4 5133
7 5 5 0
7 5 6 3446
7 5 7 0
7 5 8 7133
7 5 9 3022
7 5 10 5351
7 5 11 3432
7 5 12 5366
7 5 13 3105
7 5 14 4468
7 6 0 7042
7 6 1 4626
7 6 2 6756
7 6 3 3730
7 6 4 3563
7 6 5 4101
7 6 6 0
7 6 7 0
7 6 8 6154
7 6 9 6705
7 6 10 5056
7 6 11 5823
7 6 12 5584
7 6 13 6807
7 6 14 5684
7 7 0 0
7 7 1 0
7 7 2 0
7 7 3 0
7 7 4 0
7 7 5 0
7 7 6 0
7 7 7 0
7 7 8 0
7 7 9 0
7 7 10 0
7 7 11 0
7 7 12 0
7 7 13 0
7 7 14 0
7 8 0 4086
7 8 1 5723
7 8 2 3284
7 8 3 4775
7 8 4 3024
7 8 5 7066
7 8 6 5972
7 8 7 0
7 8 8 0
7 8 9 7259
7 8 10 7180
7 8 11 6904
7 8 12 7084
7 8 13 6606
7 8 14 3824
7 9 0 7867
7 9 1 7744
7 9 2 4198
7 9 3 8183
7 9 4 7001
7 9 5 3937
7 9 6 7505
7 9 7 0
7 9 8 5200
7 9 9 0
7 9 10 6377
7 9 11 5898
7 9 12 6238
7 9 13 5006
7 9 14 7353
7 10 0 2296
7 10 1 4448
7 10 2 2814
7 10 3 5174
7 10 4 5018
7 10 5 4053
7 10 6 3643
7 10 7 0
7 10 8 339
7 10 9 2087
7 10 10 0
7 10 11 389
7 10 12 4100
7 10 13 3371
7 10 14 412
7 11 0 4419
7 11 1 6225
7 11 2 6469
7 11 3 7377
7 11 4 7180
7 11 5 5429
7 11 6 7705
7 11 7 0
7 11 8 7005
7 11 9 8634
7 11 10 7743
7 11 11 0
7 11 12 8040
7 11 13 8407
7 11 14 4261
7 12 0 6110
7 12 1 4608
7 12 2 4094
7 12 3 6790
7 12 4 4074
7 12 5 6338
7 12 6 6441
7 12 7 0
7 12 8 7841
7 12 9 4872
7 12 10 5275
7 12 11 4305
7 12 12 0
7 12 13 6618
7 12 14 7502
7 13 0 6460
7 13 1 5528
7 13 2 6963
7 13 3 4046
7 13 4 4221
7 13 5 3582
7 13 6 7169
7 13 7 0
7 13 8 8156
7 13 9 8888
7 13 10 8229
7 13 11 6197
7 13 12 7707
7 13 13 0
7 13 14 4478
7 14 0 2593
7 14 1 5096
7 14 2 4838
7 14 3 3088
7 14 4 3974
7 14 5 4344
7 14 6 5445
7 14 7 0
7 14 8 7221
7 14 9 6371
7 14 10 5135
7 14 11 3268
7 14 12 7942
7 14 13 5418
7 14 14 0
8 0 0 0
8 0 1 4384
8 0 2 3924
8 0 3 6505
8 0 4 6187
8 0 5 5097
8 0 6 2372
8 0 7 6129
8 0 8 0
8 0 9 5899
8 0 10 2541
8 0 11 1369
8 0 12 4085
8 0 13 4930
8 0 14 1664
8 1 0 8340
8 1 1 0
8 1 2 5600
8 1 3 8269
8 1 4 5640
8 1 5 8045
8 1 6 7242
8 1 7 3614
8 1 8 0
8 1 9 6443
8 1 10 5360
8 1 11 3842
8 1 12 3250
8 1 13 4665
8 1 14 4834
8 2 0 2489
8 2 1 4451
8 2 2 0
8 2 3 2524
8 2 4 5713
8 2 5 5993
8 2 6 2739
8 2 7 1307
8 2 8 0
8 2 9 5411
8 2 10 6240
8 2 11 6600
8 2 12 5250
8 2 13 8614
8 2 14 7090
8 3 0 3424
8 3 1 5853
8 3 2 3408
8 3 3 0
8 3 4 6567
8 3 5 6206
8 3 6 6692
8 3 7 3970
8 3 8 0
8 3 9 9148
8 3 10 8352
8 3 11 7260
8 3 12 7698
8 3 13 5449
8 3 14 5092
8 4 0 5288
8 4 1 4133
8 4 2 4595
8 4 3 1655
8 4 4 0
8 4 5 1289
8 4 6 934
8 4 7 4394
8 4 8 0
8 4 9 3875
8 4 10 4105
8 4 11 2972
8 4 12 891
8 4 13 1533
8 4 14 1887
8 5 0 8389
8 5 1 4824
8 5 2 8090
8 5 3 8481
8 5 4 6587
8 5 5 0
8 5 6 4900
8 5 7 7133
8 5 8 0
8 5 9 1085
8 5 10 3414
8 5 11 1495
8 5 12 3429
8 5 13 1168
8 5 14 2531
8 6 0 7630
8 6 1 5214
8 6 2 7344
8 6 3 4318
8 6 4 4151
8 6 5 4689
8 6 6 0
8 6 7 6154
8 6 8 0
8 6 9 6132
8 6 10 4483
8 6 11 5250
8 6 12 5011
8 6 13 6234
8 6 14 5111
8 7 0 6808
8 7 1 7774
8 7 2 5869
8 7 3 4231
8 7 4 4107
8 7 5 6739
8 7 6 6511
8 7 7 0
8 7 8 0
8 7 9 4813
8 7 10 2536
8 7 11 6404
8 7 12 6216
8 7 13 6633
8 7 14 5229
8 8 0 0
8 8 1 0
8 8 2 0
8 8 3 0
8 8 4 0
8 8 5 0
8 8 6 0
8 8 7 0
8 8 8 0
8 8 9 0
8 8 10 0
8 8 11 0
8 8 12 0
8 8 13 0
8 8 14 0
8 9 0 7272
8 9 1 7149
8 9 2 3603
8 9 3 7588
8 9 4 6406
8 9 5 3342
8 9 6 6910
8 9 7 5200
8 9 8 0
8 9 9 0
8 9 10 7696
8 9 11 7217
8 9 12 7557
8 9 13 6325
8 9 14 8672
8 10 0 1330
8 10 1 3482
8 10 2 1848
8 10 3 4208
8 10 4 4052
8 10 5 3087
8 10 6 2677
8 10 7 339
8 10 8 0
8 10 9 5604
8 10 10 0
8 10 11 3906
8 10 12 7617
8 10 13 6888
8 10 14 3929
8 11 0 2956
8 11 1 4762
8 11 2 5006
8 11 3 5914
8 11 4 5717
8 11 5 3966
8 11 6 6242
8 11 7 7005
8 11 8 0
8 11 9 8007
8 11 10 7116
8 11 11 0
8 11 12 7413
8 11 13 7780
8 11 14 3634
8 12 0 6696
8 12 1 5194
8 12 2 4680
8 12 3 7376
8 12 4 4660
8 12 5 6924
8 12 6 7027
8 12 7 7841
8 12 8 0
8 12 9 4613
8 12 10 5016
8 12 11 4046
8 12 12 0
8 12 13 6359
8 12 14 7243
8 13 0 7439
8 13 1 6507
8 13 2 7942
8 13 3 5025
8 13 4 5200
8 13 5 4561
8 13 6 8148
8 13 7 8156
8 13 8 0
8 13 9 7734
8 13 10 7075
8 13 11 5043
8 13 12 6553
8 13 13 0
8 13 14 3324
8 14 0 4642
8 14 1 7145
8 14 2 6887
8 14 3 5137
8 14 4 6023
8 14 5 6393
8 14 6 7494
8 14 7 7221
8 14 8 0
8 14 9 3839
8 14 10 2603
8 14 11 736
8 14 12 5410
8 14 13 2886
8 14 14 0
9 0 0 0
9 0 1 7183
9 0 2 6723
9 0 3 9304
9 0 4 8986
9 0 5 7896
9 0 6 5171
9 0 7 8928
9 0 8 5899
9 0 9 0
9 0 10 5444
9 0 11 4272
9 0 12 6988
9 0 13 7833
9 0 14 4567
9 1 0 9379
9 1 1 0
9 1 2 6639
9 1 3 9308
9 1 4 6679
9 1 5 9084
9 1 6 8281
9 1 7 4653
9 1 8 6443
9 1 9 0
9 1 10 6184
9 1 11 4666
9 1 12 4074
9 1 13 5489
9 1 14 5658
9 2 0 2421
9 2 1 4383
9 2 2 0
9 2 3 2456
9 2 4 5645
9 2 5 5925
9 2 6 2671
9 2 7 1239
9 2 8 5411
9 2 9 0
9 2 10 2008
9 2 11 2368
9 2 12 1018
9 2 13 4382
9 2 14 2858
9 3 0 5850
9 3 1 8279
9 3 2 5834
9 3 3 0
9 3 4 8993
9 3 5 8632
9 3 6 9118
9 3 7 6396
9 3 8 9148
9 3 9 0
9 3 10 8800
9 3 11 7708
9 3 12 8146
9 3 13 5897
9 3 14 5540
9 4 0 8283
9 4 1 7128
9 4 2 7590
9 4 3 4650
9 4 4 0
9 4 5 4284
9 4 6 3929
9 4 7 7389
9 4 8 3875
9 4 9 0
9 4 10 7109
9 4 11 5976
9 4 12 3895
9 4 13 4537
9 4 14 4891
9 5 0 4278
9 5 1 713
9 5 2 3979
9 5 3 4370
9 5 4 2476
9 5 5 0
9 5 6 789
9 5 7 3022
9 5 8 1085
9 5 9 0
9 5 10 5349
9 5 11 3430
9 5 12 5364
9 5 13 3103
9 5 14 4466
9 6 0 8181
9 6 1 5765
9 6 2 7895
9 6 3 4869
9 6 4 4702
9 6 5 5240
9 6 6 0
9 6 7 6705
9 6 8 6132
9 6 9 0
9 6 10 2824
9 6 11 3591
9 6 12 3352
9 6 13 4575
9 6 14 3452
9 7 0 5972
9 7 1 6938
9 7 2 5033
9 7 3 3395
9 7 4 3271
9 7 5 5903
9 7 6 5675
9 7 7 0
9 7 8 4813
9 7 9 0
9 7 10 3518
9 7 11 7386
9 7 12 7198
9 7 13 7615
9 7 14 6211
9 8 0 5696
9 8 1 7333
9 8 2 4894
9 8 3 6385
9 8 4 4634
9 8 5 8676
9 8 6 7582
9 8 7 7259
9 8 8 0
9 8 9 0
9 8 10 6440
9 8 11 6164
9 8 12 6344
9 8 13 5866
9 8 14 3084
9 9 0 0
9 9 1 0
9 9 2 0
9 9 3 0
9 9 4 0
9 9 5 0
9 9 6 0
9 9 7 0
9 9 8 0
9 9 9 0
9 9 10 0
9 9 11 0
9 9 12 0
9 9 13 0
9 9 14 0
9 10 0 3078
9 10 1 5230
9 10 2 3596
9 10 3 5956
9 10 4 5800
9 10 5 4835
9 10 6 4425
9 10 7 2087
9 10 8 5604
9 10 9 0
9 10 10 0
9 10 11 3939
9 10 12 7650
9 10 13 6921
9 10 14 3962
9 11 0 4585
9 11 1 6391
9 11 2 6635
9 11 3 7543
9 11 4 7346
9 11 5 5595
9 11 6 7871
9 11 7 8634
9 11 8 8007
9 11 9 0
9 11 10 6946
9 11 11 0
9 11 12 7243
9 11 13 7610
9 11 14 3464
9 12 0 3727
9 12 1 2225
9 12 2 1711
9 12 3 4407
9 12 4 1691
9 12 5 3955
9 12 6 4058
9 12 7 4872
9 12 8 4613
9 12 9 0
9 12 10 5006
9 12 11 4036
9 12 12 0
9 12 13 6349
9 12 14 7233
9 13 0 8171
9 13 1 7239
9 13 2 8674
9 13 3 5757
9 13 4 5932
9 13 5 5293
9 13 6 8880
9 13 7 8888
9 13 8 7734
9 13 9 0
9 13 10 6311
9 13 11 4279
9 13 12 5789
9 13 13 0
9 13 14 2560
9 14 0 3792
9 14 1 6295
9 14 2 6037
9 14 3 4287
9 14 4 5173
9 14 5 5543
9 14 6 6644
9 14 7 6371
9 14 8 3839
9 14 9 0
9 14 10 6968
9 14 11 5101
9 14 12 9775
9 14 13 7251
9 14 14 0
10 0 0 0
10 0 1 3825
10 0 2 3365
10 0 3 5946
10 0 4 5628
10 0 5 4538
10 0 6 1813
10 0 7 5570
10 0 8 2541
10 0 9 5444
10 0 10 0
10 0 11 1648
10 0 12 4364
10 0 13 5209
10 0 14 1943
10 1 0 8296
10 1 1 0
10 1 2 5556
10 1 3 8225
10 1 4 5596
10 1 5 8001
10 1 6 7198
10 1 7 3570
10 1 8 5360
10 1 9 6184
10 1 10 0
10 1 11 5292
10 1 12 4700
10 1 13 6115
10 1 14 6284
10 2 0 3250
10 2 1 5212
10 2 2 0
10 2 3 3285
10 2 4 6474
10 2 5 6754
10 2 6 3500
10 2 7 2068
10 2 8 6240
10 2 9 2008
10 2 10 0
10 2 11 5018
10 2 12 3668
10 2 13 7032
10 2 14 5508
10 3 0 5054
10 3 1 7483
10 3 2 5038
10 3 3 0
10 3 4 8197
10 3 5 7836
10 3 6 8322
10 3 7 5600
10 3 8 8352
10 3 9 8800
10 3 10 0
10 3 11 3755
10 3 12 4193
10 3 13 1944
10 3 14 1587
10 4 0 8513
10 4 1 7358
10 4 2 7820
10 4 3 4880
10 4 4 0
10 4 5 4514
10 4 6 4159
10 4 7 7619
10 4 8 4105
10 4 9 7109
10 4 10 0
10 4 11 7432
10 4 12 5351
10 4 13 5993
10 4 14 6347
10 5 0 6607
10 5 1 3042
10 5 2 6308
10 5 3 6699
10 5 4 4805
10 5 5 0
10 5 6 3118
10 5 7 5351
10 5 8 3414
10 5 9 5349
10 5 10 0
10 5 11 4940
10 5 12 6874
10 5 13 4613
10 5 14 5976
10 6 0 6532
10 6 1 4116
10 6 2 6246
10 6 3 3220
10 6 4 3053
10 6 5 3591
10 6 6 0
10 6 7 5056
10 6 8 4483
10 6 9 2824
10 6 10 0
10 6 11 3746
10 6 12 3507
10 6 13 4730
10 6 14 3607
10 7 0 3695
10 7 1 4661
10 7 2 2756
10 7 3 1118
10 7 4 994
10 7 5 3626
10 7 6 3398
10 7 7 0
10 7 8 2536
10 7 9 3518
10 7 10 0
10 7 11 5173
10 7 12 4985
10 7 13 5402
10 7 14 3998
10 8 0 5617
10 8 1 7254
10 8 2 4815
10 8 3 6306
10 8 4 4555
10 8 5 8597
10 8 6 7503
10 8 7 7180
10 8 8 0
10 8 9 6440
10 8 10 0
10 8 11 3580
10 8 12 3760
10 8 13 3282
10 8 14 500
10 9 0 8449
10 9 1 8326
10 9 2 4780
10 9 3 8765
10 9 4 7583
10 9 5 4519
10 9 6 8087
10 9 7 6377
10 9 8 7696
10 9 9 0
10 9 10 0
10 9 11 5158
10 9 12 5498
10 9 13 4266
10 9 14 6613
10 10 0 0
10 10 1 0
10 10 2 0
10 10 3 0
10 10 4 0
10 10 5 0
10 10 6 0
10 10 7 0
10 10 8 0
10 10 9 0
10 10 10 0
10 10 11 0
10 10 12 0
10 10 13 0
10 10 14 0
10 11 0 3694
10 11 1 5500
10 11 2 5744
10 11 3 6652
10 11 4 6455
10 11 5 4704
10 11 6 6980
10 11 7 7743
10 11 8 7116
10 11 9 6946
10 11 10 0
10 11 11 0
10 11 12 4011
10 11 13 4378
10 11 14 232
10 12 0 4130
10 12 1 2628
10 12 2 2114
10 12 3 4810
10 12 4 2094
10 12 5 4358
10 12 6 4461
10 12 7 5275
10 12 8 5016
10 12 9 5006
10 12 10 0
10 12 11 4175
10 12 12 0
10 12 13 6488
10 12 14 7372
10 13 0 7512
10 13 1 6580
10 13 2 8015
10 13 3 5098
10 13 4 5273
10 13 5 4634
10 13 6 8221
10 13 7 8229
10 13 8 7075
10 13 9 6311
10 13 10 0
10 13 11 4921
10 13 12 6431
10 13 13 0
10 13 14 3202
10 14 0 2556
10 14 1 5059
10 14 2 4801
10 14 3 3051
10 14 4 3937
10 14 5 4307
10 14 6 5408
10 14 7 5135
10 14 8 2603
10 14 9 6968
10 14 10 0
10 14 11 437
10 14 12 5111
10 14 13 2587
10 14 14 0
11 0 0 0
11 0 1 2653
11 0 2 2193
11 0 3 4774
11 0 4 4456
11 0 5 3366
11 0 6 641
11 0 7 4398
11 0 8 1369
11 0 9 4272
11 0 10 1648
11 0 11 0
11 0 12 5469
11 0 13 6314
11 0 14 3048
11 1 0 6778
11 1 1 0
11 1 2 4038
11 1 3 6707
11 1 4 4078
11 1 5 6483
11 1 6 5680
11 1 7 2052
11 1 8 3842
11 1 9 4666
11 1 10 5292
11 1 11 0
11 1 12 2506
11 1 13 3921
11 1 14 4090
11 2 0 3610
11 2 1 5572
11 2 2 0
11 2 3 3645
11 2 4 6834
11 2 5 7114
11 2 6 3860
11 2 7 2428
11 2 8 6600
11 2 9 2368
11 2 10 5018
11 2 11 0
11 2 12 5215
11 2 13 8579
11 2 14 7055
11 3 0 3962
11 3 1 6391
11 3 2 3946
11 3 3 0
11 3 4 7105
11 3 5 6744
11 3 6 7230
11 3 7 4508
11 3 8 7260
11 3 9 7708
11 3 10 3755
11 3 11 0
11 3 12 8115
11 3 13 5866
11 3 14 5509
11 4 0 7380
11 4 1 6225
11 4 2 6687
11 4 3 3747
11 4 4 0
11 4 5 3381
11 4 6 3026
11 4 7 6486
11 4 8 2972
11 4 9 5976
11 4 10 7432
11 4 11 0
11 4 12 4229
11 4 13 4871
11 4 14 5225
11 5 0 4688
11 5 1 1123
11 5 2 4389
11 5 3 4780
11 5 4 2886
11 5 5 0
11 5 6 1199
11 5 7 3432
11 5 8 1495
11 5 9 3430
11 5 10 4940
11 5 11 0
11 5 12 4836
11 5 13 2575
11 5 14 3938
11 6 0 7299
11 6 1 4883
11 6 2 7013
11 6 3 3987
11 6 4 3820
11 6 5 4358
11 6 6 0
11 6 7 5823
11 6 8 5250
11 6 9 3591
11 6 10 3746
11 6 11 0
11 6 12 3332
11 6 13 4555
11 6 14 3432
11 7 0 7563
11 7 1 8529
11 7 2 6624
11 7 3 4986
11 7 4 4862
11 7 5 7494
11 7 6 7266
11 7 7 0
11 7 8 6404
11 7 9 7386
11 7 10 5173
11 7 11 0
11 7 12 8280
11 7 13 8697
11 7 14 7293
11 8 0 5341
11 8 1 6978
11 8 2 4539
11 8 3 6030
11 8 4 4279
11 8 5 8321
11 8 6 7227
11 8 7 6904
11 8 8 0
11 8 9 6164
11 8 10 3580
11 8 11 0
11 8 12 6558
11 8 13 6080
11 8 14 3298
11 9 0 7970
11 9 1 7847
11 9 2 4301
11 9 3 8286
11 9 4 7104
11 9 5 4040
11 9 6 7608
11 9 7 5898
11 9 8 7217
11 9 9 0
11 9 10 5158
11 9 11 0
11 9 12 8177
11 9 13 6945
11 9 14 9292
11 10 0 1380
11 10 1 3532
11 10 2 1898
11 10 3 4258
11 10 4 4102
11 10 5 3137
11 10 6 2727
11 10 7 389
11 10 8 3906
11 10 9 3939
11 10 10 0
11 10 11 0
11 10 12 7425
11 10 13 6696
11 10 14 3737
11 11 0 0
11 11 1 0
11 11 2 0
11 11 3 0
11 11 4 0
11 11 5 0
11 11 6 0
11 11 7 0
11 11 8 0
11 11 9 0
11 11 10 0
11 11 11 0
11 11 12 0
11 11 13 0
11 11 14 0
11 12 0 3160
11 12 1 1658
11 12 2 1144
11 12 3 3840
11 12 4 1124
11 12 5 3388
11 12 6 3491
11 12 7 4305
11 12 8 4046
11 12 9 4036
11 12 10 4175
11 12 11 0
11 12 12 0
11 12 13 6560
11 12 14 7444
11 13 0 5480
11 13 1 4548
11 13 2 5983
11 13 3 3066
11 13 4 3241
11 13 5 2602
11 13 6 6189
11 13 7 6197
11 13 8 5043
11 13 9 4279
11 13 10 4921
11 13 11 0
11 13 12 7599
11 13 13 0
11 13 14 4370
11 14 0 689
11 14 1 3192
11 14 2 2934
11 14 3 1184
11 14 4 2070
11 14 5 2440
11 14 6 3541
11 14 7 3268
11 14 8 736
11 14 9 5101
11 14 10 437
11 14 11 0
11 14 12 5092
11 14 13 2568
11 14 14 0
12 0 0 0
12 0 1 5369
12 0 2 4909
12 0 3 7490
12 0 4 7172
12 0 5 6082
12 0 6 3357
12 0 7 7114
12 0 8 4085
12 0 9 6988
12 0 10 4364
12 0 11 5469
12 0 12 0
12 0 13 4897
12 0 14 1631
12 1 0 6186
12 1 1 0
12 1 2 3446
12 1 3 6115
12 1 4 3486
12 1 5 5891
12 1 6 5088
12 1 7 1460
12 1 8 3250
12 1 9 4074
12 1 10 4700
12 1 11 2506
12 1 12 0
12 1 13 3206
12 1 14 3375
12 2 0 2260
12 2 1 4222
12 2 2 0
12 2 3 2295
12 2 4 5484
12 2 5 5764
12 2 6 2510
12 2 7 1078
12 2 8 5250
12 2 9 1018
12 2 10 3668
12 2 11 5215
12 2 12 0
12 2 13 7634
12 2 14 6110
12 3 0 4400
12 3 1 6829
12 3 2 4384
12 3 3 0
12 3 4 7543
12 3 5 7182
12 3 6 7668
12 3 7 4946
12 3 8 7698
12 3 9 8146
12 3 10 4193
12 3 11 8115
12 3 12 0
12 3 13 3017
12 3 14 2660
12 4 0 5299
12 4 1 4144
12 4 2 4606
12 4 3 1666
12 4 4 0
12 4 5 1300
12 4 6 945
12 4 7 4405
12 4 8 891
12 4 9 3895
12 4 10 5351
12 4 11 4229
12 4 12 0
12 4 13 3023
12 4 14 3377
12 5 0 6622
12 5 1 3057
12 5 2 6323
12 5 3 6714
12 5 4 4820
12 5 5 0
12 5 6 3133
12 5 7 5366
12 5 8 3429
12 5 9 5364
12 5 10 6874
12 5 11 4836
12 5 12 0
12 5 13 4757
12 5 14 6120
12 6 0 7060
12 6 1 4644
12 6 2 6774
12 6 3 3748
12 6 4 3581
12 6 5 4119
12 6 6 0
12 6 7 5584
12 6 8 5011
12 6 9 3352
12 6 10 3507
12 6 11 3332
12 6 12 0
12 6 13 6546
12 6 14 5423
12 7 0 7375
12 7 1 8341
12 7 2 6436
12 7 3 4798
12 7 4 4674
12 7 5 7306
12 7 6 7078
12 7 7 0
12 7 8 6216
12 7 9 7198
12 7 10 4985
12 7 11 8280
12 7 12 0
12 7 13 7672
12 7 14 6268
12 8 0 5521
12 8 1 7158
12 8 2 4719
12 8 3 6210
12 8 4 4459
12 8 5 8501
12 8 6 7407
12 8 7 7084
12 8 8 0
12 8 9 6344
12 8 10 3760
12 8 11 6558
12 8 12 0
12 8 13 7104
12 8 14 4322
12 9 0 8310
12 9 1 8187
12 9 2 4641
12 9 3 8626
12 9 4 7444
12 9 5 4380
12 9 6 7948
12 9 7 6238
12 9 8 7557
12 9 9 0
12 9 10 5498
12 9 11 8177
12 9 12 0
12 9 13 3371
12 9 14 5718
12 10 0 5091
12 10 1 7243
12 10 2 5609
12 10 3 7969
12 10 4 7813
12 10 5 6848
12 10 6 6438
12 10 7 4100
12 10 8 7617
12 10 9 7650
12 10 10 0
12 10 11 7425
12 10 12 0
12 10 13 4416
12 10 14 1457
12 11 0 3991
12 11 1 5797
12 11 2 6041
12 11 3 6949
12 11 4 6752
12 11 5 5001
12 11 6 7277
12 11 7 8040
12 11 8 7413
12 11 9 7243
12 11 10 4011
12 11 11 0
12 11 12 0
12 11 13 4614
12 11 14 468
12 12 0 0
12 12 1 0
12 12 2 0
12 12 3 0
12 12 4 0
12 12 5 0
12 12 6 0
12 12 7 0
12 12 8 0
12 12 9 0
12 12 10 0
12 12 11 0
12 12 12 0
12 12 13 0
12 12 14 0
12 13 0 6990
12 13 1 6058
12 13 2 7493
12 13 3 4576
12 13 4 4751
12 13 5 4112
12 13 6 7699
12 13 7 7707
12 13 8 6553
12 13 9 5789
12 13 10 6431
12 13 11 7599
12 13 12 0
12 13 13 0
12 13 14 2769
12 14 0 5363
12 14 1 7866
12 14 2 7608
12 14 3 5858
12 14 4 6744
12 14 5 7114
12 14 6 8215
12 14 7 7942
12 14 8 5410
12 14 9 9775
12 14 10 5111
12 14 11 5092
12 14 12 0
12 14 13 5997
12 14 14 0
13 0 0 0
13 0 1 6214
13 0 2 5754
13 0 3 8335
13 0 4 8017
13 0 5 6927
13 0 6 4202
13 0 7 7959
13 0 8 4930
13 0 9 7833
13 0 10 5209
13 0 11 6314
13 0 12 4897
13 0 13 0
13 0 14 5281
13 1 0 7601
13 1 1 0
13 1 2 4861
13 1 3 7530
13 1 4 4901
13 1 5 7306
13 1 6 6503
13 1 7 2875
13 1 8 4665
13 1 9 5489
13 1 10 6115
13 1 11 3921
13 1 12 3206
13 1 13 0
13 1 14 5891
13 2 0 5624
13 2 1 7586
13 2 2 0
13 2 3 5659
13 2 4 8848
13 2 5 9128
13 2 6 5874
13 2 7 4442
13 2 8 8614
13 2 9 4382
13 2 10 7032
13 2 11 8579
13 2 12 7634
13 2 13 0
13 2 14 4584
13 3 0 2151
13 3 1 4580
13 3 2 2135
13 3 3 0
13 3 4 5294
13 3 5 4933
13 3 6 5419
13 3 7 2697
13 3 8 5449
13 3 9 5897
13 3 10 1944
13 3 11 5866
13 3 12 3017
13 3 13 0
13 3 14 1146
13 4 0 5941
13 4 1 4786
13 4 2 5248
13 4 3 2308
13 4 4 0
13 4 5 1942
13 4 6 1587
13 4 7 5047
13 4 8 1533
13 4 9 4537
13 4 10 5993
13 4 11 4871
13 4 12 3023
13 4 13 0
13 4 14 5285
13 5 0 4361
13 5 1 796
13 5 2 4062
13 5 3 4453
13 5 4 2559
13 5 5 0
13 5 6 872
13 5 7 3105
13 5 8 1168
13 5 9 3103
13 5 10 4613
13 5 11 2575
13 5 12 4757
13 5 13 0
13 5 14 4955
13 6 0 8283
13 6 1 5867
13 6 2 7997
13 6 3 4971
13 6 4 4804
13 6 5 5342
13 6 6 0
13 6 7 6807
13 6 8 6234
13 6 9 4575
13 6 10 4730
13 6 11 4555
13 6 12 6546
13 6 13 0
13 6 14 4021
13 7 0 7792
13 7 1 8758
13 7 2 6853
13 7 3 5215
13 7 4 5091
13 7 5 7723
13 7 6 7495
13 7 7 0
13 7 8 6633
13 7 9 7615
13 7 10 5402
13 7 11 8697
13 7 12 7672
13 7 13 0
13 7 14 5773
13 8 0 5043
13 8 1 6680
13 8 2 4241
13 8 3 5732
13 8 4 3981
13 8 5 8023
13 8 6 6929
13 8 7 6606
13 8 8 0
13 8 9 5866
13 8 10 3282
13 8 11 6080
13 8 12 7104
13 8 13 0
13 8 14 4220
13 9 0 7078
13 9 1 6955
13 9 2 3409
13 9 3 7394
13 9 4 6212
13 9 5 3148
13 9 6 6716
13 9 7 5006
13 9 8 6325
13 9 9 0
13 9 10 4266
13 9 11 6945
13 9 12 3371
13 9 13 0
13 9 14 9317
13 10 0 4362
13 10 1 6514
13 10 2 4880
13 10 3 7240
13 10 4 7084
13 10 5 6119
13 10 6 5709
13 10 7 3371
13 10 8 6888
13 10 9 6921
13 10 10 0
13 10 11 6696
13 10 12 4416
13 10 13 0
13 10 14 3994
13 11 0 4358
13 11 1 6164
13 11 2 6408
13 11 3 7316
13 11 4 7119
13 11 5 5368
13 11 6 7644
13 11 7 8407
13 11 8 7780
13 11 9 7610
13 11 10 4378
13 11 11 0
13 11 12 4614
13 11 13 0
13 11 14 1943
13 12 0 5473
13 12 1 3971
13 12 2 3457
13 12 3 6153
13 12 4 3437
13 12 5 5701
13 12 6 5804
13 12 7 6618
13 12 8 6359
13 12 9 6349
13 12 10 6488
13 12 11 6560
13 12 12 0
13 12 13 0
13 12 14 6882
13 13 0 0
13 13 1 0
13 13 2 0
13 13 3 0
13 13 4 0
13 13 5 0
13 13 6 0
13 13 7 0
13 13 8 0
13 13 9 0
13 13 10 0
13 13 11 0
13 13 12 0
13 13 13 0
13 13 14 0
13 14 0 2839
13 14 1 5342
13 14 2 5084
13 14 3 3334
13 14 4 4220
13 14 5 4590
13 14 6 5691
13 14 7 5418
13 14 8 2886
13 14 9 7251
13 14 10 2587
13 14 11 2568
13 14 12 5997
13 14 13 0
13 14 14 0
14 0 0 0
14 0 1 2948
14 0 2 2488
14 0 3 5069
14 0 4 4751
14 0 5 3661
14 0 6 936
14 0 7 4693
14 0 8 1664
14 0 9 4567
14 0 10 1943
14 0 11 3048
14 0 12 1631
14 0 13 5281
14 0 14 0
14 1 0 7770
14 1 1 0
14 1 2 5030
14 1 3 7699
14 1 4 5070
14 1 5 7475
14 1 6 6672
14 1 7 3044
14 1 8 4834
14 1 9 5658
14 1 10 6284
14 1 11 4090
14 1 12 3375
14 1 13 5891
14 1 14 0
14 2 0 4100
14 2 1 6062
14 2 2 0
14 2 3 4135
14 2 4 7324
14 2 5 7604
14 2 6 4350
14 2 7 2918
14 2 8 7090
14 2 9 2858
14 2 10 5508
14 2 11 7055
14 2 12 6110
14 2 13 4584
14 2 14 0
14 3 0 1794
14 3 1 4223
14 3 2 1778
14 3 3 0
14 3 4 4937
14 3 5 4576
14 3 6 5062
14 3 7 2340
14 3 8 5092
14 3 9 5540
14 3 10 1587
14 3 11 5509
14 3 12 2660
14 3 13 1146
14 3 14 0
14 4 0 6295
14 4 1 5140
14 4 2 5602
14 4 3 2662
14 4 4 0
14 4 5 2296
14 4 6 1941
14 4 7 5401
14 4 8 1887
14 4 9 4891
14 4 10 6347
14 4 11 5225
14 4 12 3377
14 4 13 5285
14 4 14 0
14 5 0 5724
14 5 1 2159
14 5 2 5425
14 5 3 5816
14 5 4 3922
14 5 5 0
14 5 6 2235
14 5 7 4468
14 5 8 2531
14 5 9 4466
14 5 10 5976
14 5 11 3938
14 5 12 6120
14 5 13 4955
14 5 14 0
14 6 0 7160
14 6 1 4744
14 6 2 6874
14 6 3 3848
14 6 4 3681
14 6 5 4219
14 6 6 0
14 6 7 5684
14 6 8 5111
14 6 9 3452
14 6 10 3607
14 6 11 3432
14 6 12 5423
14 6 13 4021
14 6 14 0
14 7 0 6388
14 7 1 7354
14 7 2 5449
14 7 3 3811
14 7 4 3687
14 7 5 6319
14 7 6 6091
14 7 7 0
14 7 8 5229
14 7 9 6211
14 7 10 3998
14 7 11 7293
14 7 12 6268
14 7 13 5773
14 7 14 0
14 8 0 2261
14 8 1 3898
14 8 2 1459
14 8 3 2950
14 8 4 1199
14 8 5 5241
14 8 6 4147
14 8 7 3824
14 8 8 0
14 8 9 3084
14 8 10 500
14 8 11 3298
14 8 12 4322
14 8 13 4220
14 8 14 0
14 9 0 9425
14 9 1 9302
14 9 2 5756
14 9 3 9741
14 9 4 8559
14 9 5 5495
14 9 6 9063
14 9 7 7353
14 9 8 8672
14 9 9 0
14 9 10 6613
14 9 11 9292
14 9 12 5718
14 9 13 9317
14 9 14 0
14 10 0 1403
14 10 1 3555
14 10 2 1921
14 10 3 4281
14 10 4 4125
14 10 5 3160
14 10 6 2750
14 10 7 412
14 10 8 3929
14 10 9 3962
14 10 10 0
14 10 11 3737
14 10 12 1457
14 10 13 3994
14 10 14 0
14 11 0 212
14 11 1 2018
14 11 2 2262
14 11 3 3170
14 11 4 2973
14 11 5 1222
14 11 6 3498
14 11 7 4261
14 11 8 3634
14 11 9 3464
14 11 10 232
14 11 11 0
14 11 12 468
14 11 13 1943
14 11 14 0
14 12 0 6357
14 12 1 4855
14 12 2 4341
14 12 3 7037
14 12 4 4321
14 12 5 6585
14 12 6 6688
14 12 7 7502
14 12 8 7243
14 12 9 7233
14 12 10 7372
14 12 11 7444
14 12 12 0
14 12 13 6882
14 12 14 0
14 13 0 3761
14 13 1 2829
14 13 2 4264
14 13 3 1347
14 13 4 1522
14 13 5 883
14 13 6 4470
14 13 7 4478
14 13 8 3324
14 13 9 2560
14 13 10 3202
14 13 11 4370
14 13 12 2769
14 13 13 0
14 13 14 0
14 14 0 0
14 14 1 0
14 14 2 0
14 14 3 0
14 14 4 0
14 14 5 0
14 14 6 0
14 14 7 0
14 14 8 0
14 14 9 0
14 14 10 0
14 14 11 0
14 14 12 0
14 14 13 0
14 14 14 0
