14
0 0 0 0
0 0 1 0
0 0 2 0
0 0 3 0
0 0 4 0
0 0 5 0
0 0 6 0
0 0 7 0
0 0 8 0
0 0 9 0
0 0 10 0
0 0 11 0
0 0 12 0
0 0 13 0
0 1 0 0
0 1 1 0
0 1 2 4196
0 1 3 855
0 1 4 892
0 1 5 3729
0 1 6 4831
0 1 7 2128
0 1 8 2717
0 1 9 2126
0 1 10 1224
0 1 11 1000
0 1 12 626
0 1 13 4410
0 2 0 0
0 2 1 5072
0 2 2 0
0 2 3 2150
0 2 4 6061
0 2 5 1793
0 2 6 3865
0 2 7 4010
0 2 8 3270
0 2 9 6165
0 2 10 2765
0 2 11 2383
0 2 12 4259
0 2 13 1506
0 3 0 0
0 3 1 5151
0 3 2 5848
0 3 3 0
0 3 4 2607
0 3 5 4512
0 3 6 5666
0 3 7 3693
0 3 8 1411
0 3 9 1019
0 3 10 5229
0 3 11 5167
0 3 12 3100
0 3 13 3867
0 4 0 0
0 4 1 2574
0 4 2 2642
0 4 3 2499
0 4 4 0
0 4 5 3554
0 4 6 5492
0 4 7 5169
0 4 8 2271
0 4 9 1047
0 4 10 1263
0 4 11 3298
0 4 12 1139
0 4 13 1966
0 5 0 0
0 5 1 5103
0 5 2 4723
0 5 3 5416
0 5 4 5026
0 5 5 0
0 5 6 4417
0 5 7 4796
0 5 8 4843
0 5 9 5217
0 5 10 2520
0 5 11 4456
0 5 12 6112
0 5 13 5653
0 6 0 0
0 6 1 6106
0 6 2 4379
0 6 3 5726
0 6 4 3943
0 6 5 5043
0 6 6 0
0 6 7 3562
0 6 8 2753
0 6 9 6046
0 6 10 5842
0 6 11 5594
0 6 12 4416
0 6 13 4021
0 7 0 0
0 7 1 5814
0 7 2 7104
0 7 3 5314
0 7 4 8294
0 7 5 7542
0 7 6 8676
0 7 7 0
0 7 8 8997
0 7 9 6292
0 7 10 6431
0 7 11 5075
0 7 12 8721
0 7 13 7010
0 8 0 0
0 8 1 5589
0 8 2 8711
0 8 3 5767
0 8 4 6954
0 8 5 5577
0 8 6 7422
0 8 7 6766
0 8 8 0
0 8 9 4553
0 8 10 7882
0 8 11 4513
0 8 12 5136
0 8 13 7389
0 9 0 0
0 9 1 4928
0 9 2 7635
0 9 3 4793
0 9 4 7121
0 9 5 5533
0 9 6 5387
0 9 7 6683
0 9 8 7203
0 9 9 0
0 9 10 8323
0 9 11 5208
0 9 12 7917
0 9 13 5449
0 10 0 0
0 10 1 7482
0 10 2 9083
0 10 3 8526
0 10 4 7710
0 10 5 6355
0 10 6 5009
0 10 7 7692
0 10 8 4851
0 10 9 8548
0 10 10 0
0 10 11 8988
0 10 12 8161
0 10 13 7663
0 11 0 0
0 11 1 5301
0 11 2 8934
0 11 3 9635
0 11 4 6044
0 11 5 9025
0 11 6 7884
0 11 7 8223
0 11 8 7578
0 11 9 8796
0 11 10 8877
0 11 11 0
0 11 12 9200
0 11 13 5801
0 12 0 0
0 12 1 4885
0 12 2 4959
0 12 3 7174
0 12 4 5932
0 12 5 3110
0 12 6 6965
0 12 7 4086
0 12 8 4284
0 12 9 3621
0 12 10 4089
0 12 11 3860
0 12 12 0
0 12 13 2812
0 13 0 0
0 13 1 4490
0 13 2 7495
0 13 3 5105
0 13 4 3688
0 13 5 6980
0 13 6 4981
0 13 7 7666
0 13 8 5891
0 13 9 5651
0 13 10 5958
0 13 11 3911
0 13 12 5085
0 13 13 0
1 0 0 0
1 0 1 0
1 0 2 1582
1 0 3 1227
1 0 4 866
1 0 5 1947
1 0 6 1707
1 0 7 4444
1 0 8 4147
1 0 9 4912
1 0 10 4871
1 0 11 5093
1 0 12 2664
1 0 13 2987
1 1 0 0
1 1 1 0
1 1 2 0
1 1 3 0
1 1 4 0
1 1 5 0
1 1 6 0
1 1 7 0
1 1 8 0
1 1 9 0
1 1 10 0
1 1 11 0
1 1 12 0
1 1 13 0
1 2 0 5072
1 2 1 0
1 2 2 0
1 2 3 4717
1 2 4 8628
1 2 5 4360
1 2 6 6432
1 2 7 6577
1 2 8 5837
1 2 9 8732
1 2 10 5332
1 2 11 4950
1 2 12 6826
1 2 13 4073
1 3 0 5151
1 3 1 0
1 3 2 5429
1 3 3 0
1 3 4 2188
1 3 5 4093
1 3 6 5247
1 3 7 3274
1 3 8 992
1 3 9 600
1 3 10 4810
1 3 11 4748
1 3 12 2681
1 3 13 3448
1 4 0 2574
1 4 1 0
1 4 2 2621
1 4 3 2478
1 4 4 0
1 4 5 3533
1 4 6 5471
1 4 7 5148
1 4 8 2250
1 4 9 1026
1 4 10 1242
1 4 11 3277
1 4 12 1118
1 4 13 1945
1 5 0 5103
1 5 1 0
1 5 2 6458
1 5 3 7151
1 5 4 6761
1 5 5 0
1 5 6 6152
1 5 7 6531
1 5 8 6578
1 5 9 6952
1 5 10 4255
1 5 11 6191
1 5 12 7847
1 5 13 7388
1 6 0 6106
1 6 1 0
1 6 2 7456
1 6 3 8803
1 6 4 7020
1 6 5 8120
1 6 6 0
1 6 7 6639
1 6 8 5830
1 6 9 9123
1 6 10 8919
1 6 11 8671
1 6 12 7493
1 6 13 7098
1 7 0 5814
1 7 1 0
1 7 2 4741
1 7 3 2951
1 7 4 5931
1 7 5 5179
1 7 6 6313
1 7 7 0
1 7 8 6634
1 7 9 3929
1 7 10 4068
1 7 11 2712
1 7 12 6358
1 7 13 4647
1 8 0 5589
1 8 1 0
1 8 2 7234
1 8 3 4290
1 8 4 5477
1 8 5 4100
1 8 6 5945
1 8 7 5289
1 8 8 0
1 8 9 3076
1 8 10 6405
1 8 11 3036
1 8 12 3659
1 8 13 5912
1 9 0 4928
1 9 1 0
1 9 2 4802
1 9 3 1960
1 9 4 4288
1 9 5 2700
1 9 6 2554
1 9 7 3850
1 9 8 4370
1 9 9 0
1 9 10 5490
1 9 11 2375
1 9 12 5084
1 9 13 2616
1 10 0 7482
1 10 1 0
1 10 2 5389
1 10 3 4832
1 10 4 4016
1 10 5 2661
1 10 6 1315
1 10 7 3998
1 10 8 1157
1 10 9 4854
1 10 10 0
1 10 11 5294
1 10 12 4467
1 10 13 3969
1 11 0 5301
1 11 1 0
1 11 2 4794
1 11 3 5495
1 11 4 1904
1 11 5 4885
1 11 6 3744
1 11 7 4083
1 11 8 3438
1 11 9 4656
1 11 10 4737
1 11 11 0
1 11 12 5060
1 11 13 1661
1 12 0 4885
1 12 1 0
1 12 2 2874
1 12 3 5089
1 12 4 3847
1 12 5 1025
1 12 6 4880
1 12 7 2001
1 12 8 2199
1 12 9 1536
1 12 10 2004
1 12 11 1775
1 12 12 0
1 12 13 727
1 13 0 4490
1 13 1 0
1 13 2 8871
1 13 3 6481
1 13 4 5064
1 13 5 8356
1 13 6 6357
1 13 7 9042
1 13 8 7267
1 13 9 7027
1 13 10 7334
1 13 11 5287
1 13 12 6461
1 13 13 0
2 0 0 0
2 0 1 1582
2 0 2 0
2 0 3 3041
2 0 4 2680
2 0 5 3761
2 0 6 3521
2 0 7 6258
2 0 8 5961
2 0 9 6726
2 0 10 6685
2 0 11 6907
2 0 12 4478
2 0 13 4801
2 1 0 4196
2 1 1 0
2 1 2 0
2 1 3 4298
2 1 4 4335
2 1 5 7172
2 1 6 8274
2 1 7 5571
2 1 8 6160
2 1 9 5569
2 1 10 4667
2 1 11 4443
2 1 12 4069
2 1 13 7853
2 2 0 0
2 2 1 0
2 2 2 0
2 2 3 0
2 2 4 0
2 2 5 0
2 2 6 0
2 2 7 0
2 2 8 0
2 2 9 0
2 2 10 0
2 2 11 0
2 2 12 0
2 2 13 0
2 3 0 5848
2 3 1 5429
2 3 2 0
2 3 3 0
2 3 4 2400
2 3 5 4305
2 3 6 5459
2 3 7 3486
2 3 8 1204
2 3 9 812
2 3 10 5022
2 3 11 4960
2 3 12 2893
2 3 13 3660
2 4 0 2642
2 4 1 2621
2 4 2 0
2 4 3 6564
2 4 4 0
2 4 5 7619
2 4 6 9557
2 4 7 9234
2 4 8 6336
2 4 9 5112
2 4 10 5328
2 4 11 7363
2 4 12 5204
2 4 13 6031
2 5 0 4723
2 5 1 6458
2 5 2 0
2 5 3 4132
2 5 4 3742
2 5 5 0
2 5 6 3133
2 5 7 3512
2 5 8 3559
2 5 9 3933
2 5 10 1236
2 5 11 3172
2 5 12 4828
2 5 13 4369
2 6 0 4379
2 6 1 7456
2 6 2 0
2 6 3 6754
2 6 4 4971
2 6 5 6071
2 6 6 0
2 6 7 4590
2 6 8 3781
2 6 9 7074
2 6 10 6870
2 6 11 6622
2 6 12 5444
2 6 13 5049
2 7 0 7104
2 7 1 4741
2 7 2 0
2 7 3 3750
2 7 4 6730
2 7 5 5978
2 7 6 7112
2 7 7 0
2 7 8 7433
2 7 9 4728
2 7 10 4867
2 7 11 3511
2 7 12 7157
2 7 13 5446
2 8 0 8711
2 8 1 7234
2 8 2 0
2 8 3 3760
2 8 4 4947
2 8 5 3570
2 8 6 5415
2 8 7 4759
2 8 8 0
2 8 9 2546
2 8 10 5875
2 8 11 2506
2 8 12 3129
2 8 13 5382
2 9 0 7635
2 9 1 4802
2 9 2 0
2 9 3 4916
2 9 4 7244
2 9 5 5656
2 9 6 5510
2 9 7 6806
2 9 8 7326
2 9 9 0
2 9 10 8446
2 9 11 5331
2 9 12 8040
2 9 13 5572
2 10 0 9083
2 10 1 5389
2 10 2 0
2 10 3 5290
2 10 4 4474
2 10 5 3119
2 10 6 1773
2 10 7 4456
2 10 8 1615
2 10 9 5312
2 10 10 0
2 10 11 5752
2 10 12 4925
2 10 13 4427
2 11 0 8934
2 11 1 4794
2 11 2 0
2 11 3 5795
2 11 4 2204
2 11 5 5185
2 11 6 4044
2 11 7 4383
2 11 8 3738
2 11 9 4956
2 11 10 5037
2 11 11 0
2 11 12 5360
2 11 13 1961
2 12 0 4959
2 12 1 2874
2 12 2 0
2 12 3 7639
2 12 4 6397
2 12 5 3575
2 12 6 7430
2 12 7 4551
2 12 8 4749
2 12 9 4086
2 12 10 4554
2 12 11 4325
2 12 12 0
2 12 13 3277
2 13 0 7495
2 13 1 8871
2 13 2 0
2 13 3 2494
2 13 4 1077
2 13 5 4369
2 13 6 2370
2 13 7 5055
2 13 8 3280
2 13 9 3040
2 13 10 3347
2 13 11 1300
2 13 12 2474
2 13 13 0
3 0 0 0
3 0 1 1227
3 0 2 3041
3 0 3 0
3 0 4 1367
3 0 5 2448
3 0 6 2208
3 0 7 4945
3 0 8 4648
3 0 9 5413
3 0 10 5372
3 0 11 5594
3 0 12 3165
3 0 13 3488
3 1 0 855
3 1 1 0
3 1 2 4298
3 1 3 0
3 1 4 4769
3 1 5 7606
3 1 6 8708
3 1 7 6005
3 1 8 6594
3 1 9 6003
3 1 10 5101
3 1 11 4877
3 1 12 4503
3 1 13 8287
3 2 0 2150
3 2 1 4717
3 2 2 0
3 2 3 0
3 2 4 9552
3 2 5 5284
3 2 6 7356
3 2 7 7501
3 2 8 6761
3 2 9 9656
3 2 10 6256
3 2 11 5874
3 2 12 7750
3 2 13 4997
3 3 0 0
3 3 1 0
3 3 2 0
3 3 3 0
3 3 4 0
3 3 5 0
3 3 6 0
3 3 7 0
3 3 8 0
3 3 9 0
3 3 10 0
3 3 11 0
3 3 12 0
3 3 13 0
3 4 0 2499
3 4 1 2478
3 4 2 6564
3 4 3 0
3 4 4 0
3 4 5 4520
3 4 6 6458
3 4 7 6135
3 4 8 3237
3 4 9 2013
3 4 10 2229
3 4 11 4264
3 4 12 2105
3 4 13 2932
3 5 0 5416
3 5 1 7151
3 5 2 4132
3 5 3 0
3 5 4 6816
3 5 5 0
3 5 6 6207
3 5 7 6586
3 5 8 6633
3 5 9 7007
3 5 10 4310
3 5 11 6246
3 5 12 7902
3 5 13 7443
3 6 0 5726
3 6 1 8803
3 6 2 6754
3 6 3 0
3 6 4 7127
3 6 5 8227
3 6 6 0
3 6 7 6746
3 6 8 5937
3 6 9 9230
3 6 10 9026
3 6 11 8778
3 6 12 7600
3 6 13 7205
3 7 0 5314
3 7 1 2951
3 7 2 3750
3 7 3 0
3 7 4 6768
3 7 5 6016
3 7 6 7150
3 7 7 0
3 7 8 7471
3 7 9 4766
3 7 10 4905
3 7 11 3549
3 7 12 7195
3 7 13 5484
3 8 0 5767
3 8 1 4290
3 8 2 3760
3 8 3 0
3 8 4 3443
3 8 5 2066
3 8 6 3911
3 8 7 3255
3 8 8 0
3 8 9 1042
3 8 10 4371
3 8 11 1002
3 8 12 1625
3 8 13 3878
3 9 0 4793
3 9 1 1960
3 9 2 4916
3 9 3 0
3 9 4 2453
3 9 5 865
3 9 6 719
3 9 7 2015
3 9 8 2535
3 9 9 0
3 9 10 3655
3 9 11 540
3 9 12 3249
3 9 13 781
3 10 0 8526
3 10 1 4832
3 10 2 5290
3 10 3 0
3 10 4 7293
3 10 5 5938
3 10 6 4592
3 10 7 7275
3 10 8 4434
3 10 9 8131
3 10 10 0
3 10 11 8571
3 10 12 7744
3 10 13 7246
3 11 0 9635
3 11 1 5495
3 11 2 5795
3 11 3 0
3 11 4 5343
3 11 5 8324
3 11 6 7183
3 11 7 7522
3 11 8 6877
3 11 9 8095
3 11 10 8176
3 11 11 0
3 11 12 8499
3 11 13 5100
3 12 0 7174
3 12 1 5089
3 12 2 7639
3 12 3 0
3 12 4 5593
3 12 5 2771
3 12 6 6626
3 12 7 3747
3 12 8 3945
3 12 9 3282
3 12 10 3750
3 12 11 3521
3 12 12 0
3 12 13 2473
3 13 0 5105
3 13 1 6481
3 13 2 2494
3 13 3 0
3 13 4 3793
3 13 5 7085
3 13 6 5086
3 13 7 7771
3 13 8 5996
3 13 9 5756
3 13 10 6063
3 13 11 4016
3 13 12 5190
3 13 13 0
4 0 0 0
4 0 1 866
4 0 2 2680
4 0 3 1367
4 0 4 0
4 0 5 3195
4 0 6 2955
4 0 7 5692
4 0 8 5395
4 0 9 6160
4 0 10 6119
4 0 11 6341
4 0 12 3912
4 0 13 4235
4 1 0 892
4 1 1 0
4 1 2 4335
4 1 3 4769
4 1 4 0
4 1 5 5390
4 1 6 6492
4 1 7 3789
4 1 8 4378
4 1 9 3787
4 1 10 2885
4 1 11 2661
4 1 12 2287
4 1 13 6071
4 2 0 6061
4 2 1 8628
4 2 2 0
4 2 3 9552
4 2 4 0
4 2 5 2439
4 2 6 4511
4 2 7 4656
4 2 8 3916
4 2 9 6811
4 2 10 3411
4 2 11 3029
4 2 12 4905
4 2 13 2152
4 3 0 2607
4 3 1 2188
4 3 2 2400
4 3 3 0
4 3 4 0
4 3 5 5370
4 3 6 6524
4 3 7 4551
4 3 8 2269
4 3 9 1877
4 3 10 6087
4 3 11 6025
4 3 12 3958
4 3 13 4725
4 4 0 0
4 4 1 0
4 4 2 0
4 4 3 0
4 4 4 0
4 4 5 0
4 4 6 0
4 4 7 0
4 4 8 0
4 4 9 0
4 4 10 0
4 4 11 0
4 4 12 0
4 4 13 0
4 5 0 5026
4 5 1 6761
4 5 2 3742
4 5 3 6816
4 5 4 0
4 5 5 0
4 5 6 5610
4 5 7 5989
4 5 8 6036
4 5 9 6410
4 5 10 3713
4 5 11 5649
4 5 12 7305
4 5 13 6846
4 6 0 3943
4 6 1 7020
4 6 2 4971
4 6 3 7127
4 6 4 0
4 6 5 8414
4 6 6 0
4 6 7 6933
4 6 8 6124
4 6 9 9417
4 6 10 9213
4 6 11 8965
4 6 12 7787
4 6 13 7392
4 7 0 8294
4 7 1 5931
4 7 2 6730
4 7 3 6768
4 7 4 0
4 7 5 7853
4 7 6 8987
4 7 7 0
4 7 8 9308
4 7 9 6603
4 7 10 6742
4 7 11 5386
4 7 12 9032
4 7 13 7321
4 8 0 6954
4 8 1 5477
4 8 2 4947
4 8 3 3443
4 8 4 0
4 8 5 3287
4 8 6 5132
4 8 7 4476
4 8 8 0
4 8 9 2263
4 8 10 5592
4 8 11 2223
4 8 12 2846
4 8 13 5099
4 9 0 7121
4 9 1 4288
4 9 2 7244
4 9 3 2453
4 9 4 0
4 9 5 1254
4 9 6 1108
4 9 7 2404
4 9 8 2924
4 9 9 0
4 9 10 4044
4 9 11 929
4 9 12 3638
4 9 13 1170
4 10 0 7710
4 10 1 4016
4 10 2 4474
4 10 3 7293
4 10 4 0
4 10 5 2333
4 10 6 987
4 10 7 3670
4 10 8 829
4 10 9 4526
4 10 10 0
4 10 11 4966
4 10 12 4139
4 10 13 3641
4 11 0 6044
4 11 1 1904
4 11 2 2204
4 11 3 5343
4 11 4 0
4 11 5 6816
4 11 6 5675
4 11 7 6014
4 11 8 5369
4 11 9 6587
4 11 10 6668
4 11 11 0
4 11 12 6991
4 11 13 3592
4 12 0 5932
4 12 1 3847
4 12 2 6397
4 12 3 5593
4 12 4 0
4 12 5 1171
4 12 6 5026
4 12 7 2147
4 12 8 2345
4 12 9 1682
4 12 10 2150
4 12 11 1921
4 12 12 0
4 12 13 873
4 13 0 3688
4 13 1 5064
4 13 2 1077
4 13 3 3793
4 13 4 0
4 13 5 5545
4 13 6 3546
4 13 7 6231
4 13 8 4456
4 13 9 4216
4 13 10 4523
4 13 11 2476
4 13 12 3650
4 13 13 0
5 0 0 0
5 0 1 1947
5 0 2 3761
5 0 3 2448
5 0 4 3195
5 0 5 0
5 0 6 4821
5 0 7 7558
5 0 8 7261
5 0 9 8026
5 0 10 7985
5 0 11 8207
5 0 12 5778
5 0 13 6101
5 1 0 3729
5 1 1 0
5 1 2 7172
5 1 3 7606
5 1 4 5390
5 1 5 0
5 1 6 7940
5 1 7 5237
5 1 8 5826
5 1 9 5235
5 1 10 4333
5 1 11 4109
5 1 12 3735
5 1 13 7519
5 2 0 1793
5 2 1 4360
5 2 2 0
5 2 3 5284
5 2 4 2439
5 2 5 0
5 2 6 5511
5 2 7 5656
5 2 8 4916
5 2 9 7811
5 2 10 4411
5 2 11 4029
5 2 12 5905
5 2 13 3152
5 3 0 4512
5 3 1 4093
5 3 2 4305
5 3 3 0
5 3 4 5370
5 3 5 0
5 3 6 8360
5 3 7 6387
5 3 8 4105
5 3 9 3713
5 3 10 7923
5 3 11 7861
5 3 12 5794
5 3 13 6561
5 4 0 3554
5 4 1 3533
5 4 2 7619
5 4 3 4520
5 4 4 0
5 4 5 0
5 4 6 8157
5 4 7 7834
5 4 8 4936
5 4 9 3712
5 4 10 3928
5 4 11 5963
5 4 12 3804
5 4 13 4631
5 5 0 0
5 5 1 0
5 5 2 0
5 5 3 0
5 5 4 0
5 5 5 0
5 5 6 0
5 5 7 0
5 5 8 0
5 5 9 0
5 5 10 0
5 5 11 0
5 5 12 0
5 5 13 0
5 6 0 5043
5 6 1 8120
5 6 2 6071
5 6 3 8227
5 6 4 8414
5 6 5 0
5 6 6 0
5 6 7 4777
5 6 8 3968
5 6 9 7261
5 6 10 7057
5 6 11 6809
5 6 12 5631
5 6 13 5236
5 7 0 7542
5 7 1 5179
5 7 2 5978
5 7 3 6016
5 7 4 7853
5 7 5 0
5 7 6 7533
5 7 7 0
5 7 8 7854
5 7 9 5149
5 7 10 5288
5 7 11 3932
5 7 12 7578
5 7 13 5867
5 8 0 5577
5 8 1 4100
5 8 2 3570
5 8 3 2066
5 8 4 3287
5 8 5 0
5 8 6 6623
5 8 7 5967
5 8 8 0
5 8 9 3754
5 8 10 7083
5 8 11 3714
5 8 12 4337
5 8 13 6590
5 9 0 5533
5 9 1 2700
5 9 2 5656
5 9 3 865
5 9 4 1254
5 9 5 0
5 9 6 4197
5 9 7 5493
5 9 8 6013
5 9 9 0
5 9 10 7133
5 9 11 4018
5 9 12 6727
5 9 13 4259
5 10 0 6355
5 10 1 2661
5 10 2 3119
5 10 3 5938
5 10 4 2333
5 10 5 0
5 10 6 1163
5 10 7 3846
5 10 8 1005
5 10 9 4702
5 10 10 0
5 10 11 5142
5 10 12 4315
5 10 13 3817
5 11 0 9025
5 11 1 4885
5 11 2 5185
5 11 3 8324
5 11 4 6816
5 11 5 0
5 11 6 5752
5 11 7 6091
5 11 8 5446
5 11 9 6664
5 11 10 6745
5 11 11 0
5 11 12 7068
5 11 13 3669
5 12 0 3110
5 12 1 1025
5 12 2 3575
5 12 3 2771
5 12 4 1171
5 12 5 0
5 12 6 8918
5 12 7 6039
5 12 8 6237
5 12 9 5574
5 12 10 6042
5 12 11 5813
5 12 12 0
5 12 13 4765
5 13 0 6980
5 13 1 8356
5 13 2 4369
5 13 3 7085
5 13 4 5545
5 13 5 0
5 13 6 6152
5 13 7 8837
5 13 8 7062
5 13 9 6822
5 13 10 7129
5 13 11 5082
5 13 12 6256
5 13 13 0
6 0 0 0
6 0 1 1707
6 0 2 3521
6 0 3 2208
6 0 4 2955
6 0 5 4821
6 0 6 0
6 0 7 5101
6 0 8 4804
6 0 9 5569
6 0 10 5528
6 0 11 5750
6 0 12 3321
6 0 13 3644
6 1 0 4831
6 1 1 0
6 1 2 8274
6 1 3 8708
6 1 4 6492
6 1 5 7940
6 1 6 0
6 1 7 6480
6 1 8 7069
6 1 9 6478
6 1 10 5576
6 1 11 5352
6 1 12 4978
6 1 13 8762
6 2 0 3865
6 2 1 6432
6 2 2 0
6 2 3 7356
6 2 4 4511
6 2 5 5511
6 2 6 0
6 2 7 5552
6 2 8 4812
6 2 9 7707
6 2 10 4307
6 2 11 3925
6 2 12 5801
6 2 13 3048
6 3 0 5666
6 3 1 5247
6 3 2 5459
6 3 3 0
6 3 4 6524
6 3 5 8360
6 3 6 0
6 3 7 6937
6 3 8 4655
6 3 9 4263
6 3 10 8473
6 3 11 8411
6 3 12 6344
6 3 13 7111
6 4 0 5492
6 4 1 5471
6 4 2 9557
6 4 3 6458
6 4 4 0
6 4 5 8157
6 4 6 0
6 4 7 6991
6 4 8 4093
6 4 9 2869
6 4 10 3085
6 4 11 5120
6 4 12 2961
6 4 13 3788
6 5 0 4417
6 5 1 6152
6 5 2 3133
6 5 3 6207
6 5 4 5610
6 5 5 0
6 5 6 0
6 5 7 6637
6 5 8 6684
6 5 9 7058
6 5 10 4361
6 5 11 6297
6 5 12 7953
6 5 13 7494
6 6 0 0
6 6 1 0
6 6 2 0
6 6 3 0
6 6 4 0
6 6 5 0
6 6 6 0
6 6 7 0
6 6 8 0
6 6 9 0
6 6 10 0
6 6 11 0
6 6 12 0
6 6 13 0
6 7 0 8676
6 7 1 6313
6 7 2 7112
6 7 3 7150
6 7 4 8987
6 7 5 7533
6 7 6 0
6 7 7 0
6 7 8 6860
6 7 9 4155
6 7 10 4294
6 7 11 2938
6 7 12 6584
6 7 13 4873
6 8 0 7422
6 8 1 5945
6 8 2 5415
6 8 3 3911
6 8 4 5132
6 8 5 6623
6 8 6 0
6 8 7 4117
6 8 8 0
6 8 9 1904
6 8 10 5233
6 8 11 1864
6 8 12 2487
6 8 13 4740
6 9 0 5387
6 9 1 2554
6 9 2 5510
6 9 3 719
6 9 4 1108
6 9 5 4197
6 9 6 0
6 9 7 6562
6 9 8 7082
6 9 9 0
6 9 10 8202
6 9 11 5087
6 9 12 7796
6 9 13 5328
6 10 0 5009
6 10 1 1315
6 10 2 1773
6 10 3 4592
6 10 4 987
6 10 5 1163
6 10 6 0
6 10 7 7408
6 10 8 4567
6 10 9 8264
6 10 10 0
6 10 11 8704
6 10 12 7877
6 10 13 7379
6 11 0 7884
6 11 1 3744
6 11 2 4044
6 11 3 7183
6 11 4 5675
6 11 5 5752
6 11 6 0
6 11 7 7469
6 11 8 6824
6 11 9 8042
6 11 10 8123
6 11 11 0
6 11 12 8446
6 11 13 5047
6 12 0 6965
6 12 1 4880
6 12 2 7430
6 12 3 6626
6 12 4 5026
6 12 5 8918
6 12 6 0
6 12 7 4583
6 12 8 4781
6 12 9 4118
6 12 10 4586
6 12 11 4357
6 12 12 0
6 12 13 3309
6 13 0 4981
6 13 1 6357
6 13 2 2370
6 13 3 5086
6 13 4 3546
6 13 5 6152
6 13 6 0
6 13 7 7445
6 13 8 5670
6 13 9 5430
6 13 10 5737
6 13 11 3690
6 13 12 4864
6 13 13 0
7 0 0 0
7 0 1 4444
7 0 2 6258
7 0 3 4945
7 0 4 5692
7 0 5 7558
7 0 6 5101
7 0 7 0
7 0 8 6593
7 0 9 7358
7 0 10 7317
7 0 11 7539
7 0 12 5110
7 0 13 5433
7 1 0 2128
7 1 1 0
7 1 2 5571
7 1 3 6005
7 1 4 3789
7 1 5 5237
7 1 6 6480
7 1 7 0
7 1 8 4040
7 1 9 3449
7 1 10 2547
7 1 11 2323
7 1 12 1949
7 1 13 5733
7 2 0 4010
7 2 1 6577
7 2 2 0
7 2 3 7501
7 2 4 4656
7 2 5 5656
7 2 6 5552
7 2 7 0
7 2 8 4800
7 2 9 7695
7 2 10 4295
7 2 11 3913
7 2 12 5789
7 2 13 3036
7 3 0 3693
7 3 1 3274
7 3 2 3486
7 3 3 0
7 3 4 4551
7 3 5 6387
7 3 6 6937
7 3 7 0
7 3 8 1506
7 3 9 1114
7 3 10 5324
7 3 11 5262
7 3 12 3195
7 3 13 3962
7 4 0 5169
7 4 1 5148
7 4 2 9234
7 4 3 6135
7 4 4 0
7 4 5 7834
7 4 6 6991
7 4 7 0
7 4 8 5707
7 4 9 4483
7 4 10 4699
7 4 11 6734
7 4 12 4575
7 4 13 5402
7 5 0 4796
7 5 1 6531
7 5 2 3512
7 5 3 6586
7 5 4 5989
7 5 5 0
7 5 6 6637
7 5 7 0
7 5 8 6446
7 5 9 6820
7 5 10 4123
7 5 11 6059
7 5 12 7715
7 5 13 7256
7 6 0 3562
7 6 1 6639
7 6 2 4590
7 6 3 6746
7 6 4 6933
7 6 5 4777
7 6 6 0
7 6 7 0
7 6 8 5730
7 6 9 9023
7 6 10 8819
7 6 11 8571
7 6 12 7393
7 6 13 6998
7 7 0 0
7 7 1 0
7 7 2 0
7 7 3 0
7 7 4 0
7 7 5 0
7 7 6 0
7 7 7 0
7 7 8 0
7 7 9 0
7 7 10 0
7 7 11 0
7 7 12 0
7 7 13 0
7 8 0 6766
7 8 1 5289
7 8 2 4759
7 8 3 3255
7 8 4 4476
7 8 5 5967
7 8 6 4117
7 8 7 0
7 8 8 0
7 8 9 5411
7 8 10 8740
7 8 11 5371
7 8 12 5994
7 8 13 8247
7 9 0 6683
7 9 1 3850
7 9 2 6806
7 9 3 2015
7 9 4 2404
7 9 5 5493
7 9 6 6562
7 9 7 0
7 9 8 4591
7 9 9 0
7 9 10 5711
7 9 11 2596
7 9 12 5305
7 9 13 2837
7 10 0 7692
7 10 1 3998
7 10 2 4456
7 10 3 7275
7 10 4 3670
7 10 5 3846
7 10 6 7408
7 10 7 0
7 10 8 2419
7 10 9 6116
7 10 10 0
7 10 11 6556
7 10 12 5729
7 10 13 5231
7 11 0 8223
7 11 1 4083
7 11 2 4383
7 11 3 7522
7 11 4 6014
7 11 5 6091
7 11 6 7469
7 11 7 0
7 11 8 3568
7 11 9 4786
7 11 10 4867
7 11 11 0
7 11 12 5190
7 11 13 1791
7 12 0 4086
7 12 1 2001
7 12 2 4551
7 12 3 3747
7 12 4 2147
7 12 5 6039
7 12 6 4583
7 12 7 0
7 12 8 6349
7 12 9 5686
7 12 10 6154
7 12 11 5925
7 12 12 0
7 12 13 4877
7 13 0 7666
7 13 1 9042
7 13 2 5055
7 13 3 7771
7 13 4 6231
7 13 5 8837
7 13 6 7445
7 13 7 0
7 13 8 5922
7 13 9 5682
7 13 10 5989
7 13 11 3942
7 13 12 5116
7 13 13 0
8 0 0 0
8 0 1 4147
8 0 2 5961
8 0 3 4648
8 0 4 5395
8 0 5 7261
8 0 6 4804
8 0 7 6593
8 0 8 0
8 0 9 9309
8 0 10 9268
8 0 11 9490
8 0 12 7061
8 0 13 7384
8 1 0 2717
8 1 1 0
8 1 2 6160
8 1 3 6594
8 1 4 4378
8 1 5 5826
8 1 6 7069
8 1 7 4040
8 1 8 0
8 1 9 3521
8 1 10 2619
8 1 11 2395
8 1 12 2021
8 1 13 5805
8 2 0 3270
8 2 1 5837
8 2 2 0
8 2 3 6761
8 2 4 3916
8 2 5 4916
8 2 6 4812
8 2 7 4800
8 2 8 0
8 2 9 9599
8 2 10 6199
8 2 11 5817
8 2 12 7693
8 2 13 4940
8 3 0 1411
8 3 1 992
8 3 2 1204
8 3 3 0
8 3 4 2269
8 3 5 4105
8 3 6 4655
8 3 7 1506
8 3 8 0
8 3 9 1864
8 3 10 6074
8 3 11 6012
8 3 12 3945
8 3 13 4712
8 4 0 2271
8 4 1 2250
8 4 2 6336
8 4 3 3237
8 4 4 0
8 4 5 4936
8 4 6 4093
8 4 7 5707
8 4 8 0
8 4 9 3440
8 4 10 3656
8 4 11 5691
8 4 12 3532
8 4 13 4359
8 5 0 4843
8 5 1 6578
8 5 2 3559
8 5 3 6633
8 5 4 6036
8 5 5 0
8 5 6 6684
8 5 7 6446
8 5 8 0
8 5 9 5152
8 5 10 2455
8 5 11 4391
8 5 12 6047
8 5 13 5588
8 6 0 2753
8 6 1 5830
8 6 2 3781
8 6 3 5937
8 6 4 6124
8 6 5 3968
8 6 6 0
8 6 7 5730
8 6 8 0
8 6 9 8066
8 6 10 7862
8 6 11 7614
8 6 12 6436
8 6 13 6041
8 7 0 8997
8 7 1 6634
8 7 2 7433
8 7 3 7471
8 7 4 9308
8 7 5 7854
8 7 6 6860
8 7 7 0
8 7 8 0
8 7 9 4919
8 7 10 5058
8 7 11 3702
8 7 12 7348
8 7 13 5637
8 8 0 0
8 8 1 0
8 8 2 0
8 8 3 0
8 8 4 0
8 8 5 0
8 8 6 0
8 8 7 0
8 8 8 0
8 8 9 0
8 8 10 0
8 8 11 0
8 8 12 0
8 8 13 0
8 9 0 7203
8 9 1 4370
8 9 2 7326
8 9 3 2535
8 9 4 2924
8 9 5 6013
8 9 6 7082
8 9 7 4591
8 9 8 0
8 9 9 0
8 9 10 4269
8 9 11 1154
8 9 12 3863
8 9 13 1395
8 10 0 4851
8 10 1 1157
8 10 2 1615
8 10 3 4434
8 10 4 829
8 10 5 1005
8 10 6 4567
8 10 7 2419
8 10 8 0
8 10 9 7864
8 10 10 0
8 10 11 8304
8 10 12 7477
8 10 13 6979
8 11 0 7578
8 11 1 3438
8 11 2 3738
8 11 3 6877
8 11 4 5369
8 11 5 5446
8 11 6 6824
8 11 7 3568
8 11 8 0
8 11 9 4521
8 11 10 4602
8 11 11 0
8 11 12 4925
8 11 13 1526
8 12 0 4284
8 12 1 2199
8 12 2 4749
8 12 3 3945
8 12 4 2345
8 12 5 6237
8 12 6 4781
8 12 7 6349
8 12 8 0
8 12 9 2398
8 12 10 2866
8 12 11 2637
8 12 12 0
8 12 13 1589
8 13 0 5891
8 13 1 7267
8 13 2 3280
8 13 3 5996
8 13 4 4456
8 13 5 7062
8 13 6 5670
8 13 7 5922
8 13 8 0
8 13 9 6358
8 13 10 6665
8 13 11 4618
8 13 12 5792
8 13 13 0
9 0 0 0
9 0 1 4912
9 0 2 6726
9 0 3 5413
9 0 4 6160
9 0 5 8026
9 0 6 5569
9 0 7 7358
9 0 8 9309
9 0 9 0
9 0 10 6436
9 0 11 6658
9 0 12 4229
9 0 13 4552
9 1 0 2126
9 1 1 0
9 1 2 5569
9 1 3 6003
9 1 4 3787
9 1 5 5235
9 1 6 6478
9 1 7 3449
9 1 8 3521
9 1 9 0
9 1 10 1193
9 1 11 969
9 1 12 595
9 1 13 4379
9 2 0 6165
9 2 1 8732
9 2 2 0
9 2 3 9656
9 2 4 6811
9 2 5 7811
9 2 6 7707
9 2 7 7695
9 2 8 9599
9 2 9 0
9 2 10 4358
9 2 11 3976
9 2 12 5852
9 2 13 3099
9 3 0 1019
9 3 1 600
9 3 2 812
9 3 3 0
9 3 4 1877
9 3 5 3713
9 3 6 4263
9 3 7 1114
9 3 8 1864
9 3 9 0
9 3 10 4335
9 3 11 4273
9 3 12 2206
9 3 13 2973
9 4 0 1047
9 4 1 1026
9 4 2 5112
9 4 3 2013
9 4 4 0
9 4 5 3712
9 4 6 2869
9 4 7 4483
9 4 8 3440
9 4 9 0
9 4 10 3058
9 4 11 5093
9 4 12 2934
9 4 13 3761
9 5 0 5217
9 5 1 6952
9 5 2 3933
9 5 3 7007
9 5 4 6410
9 5 5 0
9 5 6 7058
9 5 7 6820
9 5 8 5152
9 5 9 0
9 5 10 1646
9 5 11 3582
9 5 12 5238
9 5 13 4779
9 6 0 6046
9 6 1 9123
9 6 2 7074
9 6 3 9230
9 6 4 9417
9 6 5 7261
9 6 6 0
9 6 7 9023
9 6 8 8066
9 6 9 0
9 6 10 5062
9 6 11 4814
9 6 12 3636
9 6 13 3241
9 7 0 6292
9 7 1 3929
9 7 2 4728
9 7 3 4766
9 7 4 6603
9 7 5 5149
9 7 6 4155
9 7 7 0
9 7 8 4919
9 7 9 0
9 7 10 4210
9 7 11 2854
9 7 12 6500
9 7 13 4789
9 8 0 4553
9 8 1 3076
9 8 2 2546
9 8 3 1042
9 8 4 2263
9 8 5 3754
9 8 6 1904
9 8 7 5411
9 8 8 0
9 8 9 0
9 8 10 6478
9 8 11 3109
9 8 12 3732
9 8 13 5985
9 9 0 0
9 9 1 0
9 9 2 0
9 9 3 0
9 9 4 0
9 9 5 0
9 9 6 0
9 9 7 0
9 9 8 0
9 9 9 0
9 9 10 0
9 9 11 0
9 9 12 0
9 9 13 0
9 10 0 8548
9 10 1 4854
9 10 2 5312
9 10 3 8131
9 10 4 4526
9 10 5 4702
9 10 6 8264
9 10 7 6116
9 10 8 7864
9 10 9 0
9 10 10 0
9 10 11 7980
9 10 12 7153
9 10 13 6655
9 11 0 8796
9 11 1 4656
9 11 2 4956
9 11 3 8095
9 11 4 6587
9 11 5 6664
9 11 6 8042
9 11 7 4786
9 11 8 4521
9 11 9 0
9 11 10 4532
9 11 11 0
9 11 12 4855
9 11 13 1456
9 12 0 3621
9 12 1 1536
9 12 2 4086
9 12 3 3282
9 12 4 1682
9 12 5 5574
9 12 6 4118
9 12 7 5686
9 12 8 2398
9 12 9 0
9 12 10 4882
9 12 11 4653
9 12 12 0
9 12 13 3605
9 13 0 5651
9 13 1 7027
9 13 2 3040
9 13 3 5756
9 13 4 4216
9 13 5 6822
9 13 6 5430
9 13 7 5682
9 13 8 6358
9 13 9 0
9 13 10 3960
9 13 11 1913
9 13 12 3087
9 13 13 0
10 0 0 0
10 0 1 4871
10 0 2 6685
10 0 3 5372
10 0 4 6119
10 0 5 7985
10 0 6 5528
10 0 7 7317
10 0 8 9268
10 0 9 6436
10 0 10 0
10 0 11 5452
10 0 12 3023
10 0 13 3346
10 1 0 1224
10 1 1 0
10 1 2 4667
10 1 3 5101
10 1 4 2885
10 1 5 4333
10 1 6 5576
10 1 7 2547
10 1 8 2619
10 1 9 1193
10 1 10 0
10 1 11 3564
10 1 12 3190
10 1 13 6974
10 2 0 2765
10 2 1 5332
10 2 2 0
10 2 3 6256
10 2 4 3411
10 2 5 4411
10 2 6 4307
10 2 7 4295
10 2 8 6199
10 2 9 4358
10 2 10 0
10 2 11 5465
10 2 12 7341
10 2 13 4588
10 3 0 5229
10 3 1 4810
10 3 2 5022
10 3 3 0
10 3 4 6087
10 3 5 7923
10 3 6 8473
10 3 7 5324
10 3 8 6074
10 3 9 4335
10 3 10 0
10 3 11 8047
10 3 12 5980
10 3 13 6747
10 4 0 1263
10 4 1 1242
10 4 2 5328
10 4 3 2229
10 4 4 0
10 4 5 3928
10 4 6 3085
10 4 7 4699
10 4 8 3656
10 4 9 3058
10 4 10 0
10 4 11 5723
10 4 12 3564
10 4 13 4391
10 5 0 2520
10 5 1 4255
10 5 2 1236
10 5 3 4310
10 5 4 3713
10 5 5 0
10 5 6 4361
10 5 7 4123
10 5 8 2455
10 5 9 1646
10 5 10 0
10 5 11 4445
10 5 12 6101
10 5 13 5642
10 6 0 5842
10 6 1 8919
10 6 2 6870
10 6 3 9026
10 6 4 9213
10 6 5 7057
10 6 6 0
10 6 7 8819
10 6 8 7862
10 6 9 5062
10 6 10 0
10 6 11 4477
10 6 12 3299
10 6 13 2904
10 7 0 6431
10 7 1 4068
10 7 2 4867
10 7 3 4905
10 7 4 6742
10 7 5 5288
10 7 6 4294
10 7 7 0
10 7 8 5058
10 7 9 4210
10 7 10 0
10 7 11 3904
10 7 12 7550
10 7 13 5839
10 8 0 7882
10 8 1 6405
10 8 2 5875
10 8 3 4371
10 8 4 5592
10 8 5 7083
10 8 6 5233
10 8 7 8740
10 8 8 0
10 8 9 6478
10 8 10 0
10 8 11 798
10 8 12 1421
10 8 13 3674
10 9 0 8323
10 9 1 5490
10 9 2 8446
10 9 3 3655
10 9 4 4044
10 9 5 7133
10 9 6 8202
10 9 7 5711
10 9 8 4269
10 9 9 0
10 9 10 0
10 9 11 4425
10 9 12 7134
10 9 13 4666
10 10 0 0
10 10 1 0
10 10 2 0
10 10 3 0
10 10 4 0
10 10 5 0
10 10 6 0
10 10 7 0
10 10 8 0
10 10 9 0
10 10 10 0
10 10 11 0
10 10 12 0
10 10 13 0
10 11 0 8877
10 11 1 4737
10 11 2 5037
10 11 3 8176
10 11 4 6668
10 11 5 6745
10 11 6 8123
10 11 7 4867
10 11 8 4602
10 11 9 4532
10 11 10 0
10 11 11 0
10 11 12 8676
10 11 13 5277
10 12 0 4089
10 12 1 2004
10 12 2 4554
10 12 3 3750
10 12 4 2150
10 12 5 6042
10 12 6 4586
10 12 7 6154
10 12 8 2866
10 12 9 4882
10 12 10 0
10 12 11 4938
10 12 12 0
10 12 13 3890
10 13 0 5958
10 13 1 7334
10 13 2 3347
10 13 3 6063
10 13 4 4523
10 13 5 7129
10 13 6 5737
10 13 7 5989
10 13 8 6665
10 13 9 3960
10 13 10 0
10 13 11 4168
10 13 12 5342
10 13 13 0
11 0 0 0
11 0 1 5093
11 0 2 6907
11 0 3 5594
11 0 4 6341
11 0 5 8207
11 0 6 5750
11 0 7 7539
11 0 8 9490
11 0 9 6658
11 0 10 5452
11 0 11 0
11 0 12 4643
11 0 13 4966
11 1 0 1000
11 1 1 0
11 1 2 4443
11 1 3 4877
11 1 4 2661
11 1 5 4109
11 1 6 5352
11 1 7 2323
11 1 8 2395
11 1 9 969
11 1 10 3564
11 1 11 0
11 1 12 787
11 1 13 4571
11 2 0 2383
11 2 1 4950
11 2 2 0
11 2 3 5874
11 2 4 3029
11 2 5 4029
11 2 6 3925
11 2 7 3913
11 2 8 5817
11 2 9 3976
11 2 10 5465
11 2 11 0
11 2 12 6970
11 2 13 4217
11 3 0 5167
11 3 1 4748
11 3 2 4960
11 3 3 0
11 3 4 6025
11 3 5 7861
11 3 6 8411
11 3 7 5262
11 3 8 6012
11 3 9 4273
11 3 10 8047
11 3 11 0
11 3 12 6867
11 3 13 7634
11 4 0 3298
11 4 1 3277
11 4 2 7363
11 4 3 4264
11 4 4 0
11 4 5 5963
11 4 6 5120
11 4 7 6734
11 4 8 5691
11 4 9 5093
11 4 10 5723
11 4 11 0
11 4 12 1676
11 4 13 2503
11 5 0 4456
11 5 1 6191
11 5 2 3172
11 5 3 6246
11 5 4 5649
11 5 5 0
11 5 6 6297
11 5 7 6059
11 5 8 4391
11 5 9 3582
11 5 10 4445
11 5 11 0
11 5 12 8549
11 5 13 8090
11 6 0 5594
11 6 1 8671
11 6 2 6622
11 6 3 8778
11 6 4 8965
11 6 5 6809
11 6 6 0
11 6 7 8571
11 6 8 7614
11 6 9 4814
11 6 10 4477
11 6 11 0
11 6 12 5952
11 6 13 5557
11 7 0 5075
11 7 1 2712
11 7 2 3511
11 7 3 3549
11 7 4 5386
11 7 5 3932
11 7 6 2938
11 7 7 0
11 7 8 3702
11 7 9 2854
11 7 10 3904
11 7 11 0
11 7 12 7859
11 7 13 6148
11 8 0 4513
11 8 1 3036
11 8 2 2506
11 8 3 1002
11 8 4 2223
11 8 5 3714
11 8 6 1864
11 8 7 5371
11 8 8 0
11 8 9 3109
11 8 10 798
11 8 11 0
11 8 12 3926
11 8 13 6179
11 9 0 5208
11 9 1 2375
11 9 2 5331
11 9 3 540
11 9 4 929
11 9 5 4018
11 9 6 5087
11 9 7 2596
11 9 8 1154
11 9 9 0
11 9 10 4425
11 9 11 0
11 9 12 7160
11 9 13 4692
11 10 0 8988
11 10 1 5294
11 10 2 5752
11 10 3 8571
11 10 4 4966
11 10 5 5142
11 10 6 8704
11 10 7 6556
11 10 8 8304
11 10 9 7980
11 10 10 0
11 10 11 0
11 10 12 7526
11 10 13 7028
11 11 0 0
11 11 1 0
11 11 2 0
11 11 3 0
11 11 4 0
11 11 5 0
11 11 6 0
11 11 7 0
11 11 8 0
11 11 9 0
11 11 10 0
11 11 11 0
11 11 12 0
11 11 13 0
11 12 0 3860
11 12 1 1775
11 12 2 4325
11 12 3 3521
11 12 4 1921
11 12 5 5813
11 12 6 4357
11 12 7 5925
11 12 8 2637
11 12 9 4653
11 12 10 4938
11 12 11 0
11 12 12 0
11 12 13 4707
11 13 0 3911
11 13 1 5287
11 13 2 1300
11 13 3 4016
11 13 4 2476
11 13 5 5082
11 13 6 3690
11 13 7 3942
11 13 8 4618
11 13 9 1913
11 13 10 4168
11 13 11 0
11 13 12 3258
11 13 13 0
12 0 0 0
12 0 1 2664
12 0 2 4478
12 0 3 3165
12 0 4 3912
12 0 5 5778
12 0 6 3321
12 0 7 5110
12 0 8 7061
12 0 9 4229
12 0 10 3023
12 0 11 4643
12 0 12 0
12 0 13 5012
12 1 0 626
12 1 1 0
12 1 2 4069
12 1 3 4503
12 1 4 2287
12 1 5 3735
12 1 6 4978
12 1 7 1949
12 1 8 2021
12 1 9 595
12 1 10 3190
12 1 11 787
12 1 12 0
12 1 13 6584
12 2 0 4259
12 2 1 6826
12 2 2 0
12 2 3 7750
12 2 4 4905
12 2 5 5905
12 2 6 5801
12 2 7 5789
12 2 8 7693
12 2 9 5852
12 2 10 7341
12 2 11 6970
12 2 12 0
12 2 13 2671
12 3 0 3100
12 3 1 2681
12 3 2 2893
12 3 3 0
12 3 4 3958
12 3 5 5794
12 3 6 6344
12 3 7 3195
12 3 8 3945
12 3 9 2206
12 3 10 5980
12 3 11 6867
12 3 12 0
12 3 13 7602
12 4 0 1139
12 4 1 1118
12 4 2 5204
12 4 3 2105
12 4 4 0
12 4 5 3804
12 4 6 2961
12 4 7 4575
12 4 8 3532
12 4 9 2934
12 4 10 3564
12 4 11 1676
12 4 12 0
12 4 13 4820
12 5 0 6112
12 5 1 7847
12 5 2 4828
12 5 3 7902
12 5 4 7305
12 5 5 0
12 5 6 7953
12 5 7 7715
12 5 8 6047
12 5 9 5238
12 5 10 6101
12 5 11 8549
12 5 12 0
12 5 13 4604
12 6 0 4416
12 6 1 7493
12 6 2 5444
12 6 3 7600
12 6 4 7787
12 6 5 5631
12 6 6 0
12 6 7 7393
12 6 8 6436
12 6 9 3636
12 6 10 3299
12 6 11 5952
12 6 12 0
12 6 13 7067
12 7 0 8721
12 7 1 6358
12 7 2 7157
12 7 3 7195
12 7 4 9032
12 7 5 7578
12 7 6 6584
12 7 7 0
12 7 8 7348
12 7 9 6500
12 7 10 7550
12 7 11 7859
12 7 12 0
12 7 13 4440
12 8 0 5136
12 8 1 3659
12 8 2 3129
12 8 3 1625
12 8 4 2846
12 8 5 4337
12 8 6 2487
12 8 7 5994
12 8 8 0
12 8 9 3732
12 8 10 1421
12 8 11 3926
12 8 12 0
12 8 13 5314
12 9 0 7917
12 9 1 5084
12 9 2 8040
12 9 3 3249
12 9 4 3638
12 9 5 6727
12 9 6 7796
12 9 7 5305
12 9 8 3863
12 9 9 0
12 9 10 7134
12 9 11 7160
12 9 12 0
12 9 13 1946
12 10 0 8161
12 10 1 4467
12 10 2 4925
12 10 3 7744
12 10 4 4139
12 10 5 4315
12 10 6 7877
12 10 7 5729
12 10 8 7477
12 10 9 7153
12 10 10 0
12 10 11 7526
12 10 12 0
12 10 13 4669
12 11 0 9200
12 11 1 5060
12 11 2 5360
12 11 3 8499
12 11 4 6991
12 11 5 7068
12 11 6 8446
12 11 7 5190
12 11 8 4925
12 11 9 4855
12 11 10 8676
12 11 11 0
12 11 12 0
12 11 13 2356
12 12 0 0
12 12 1 0
12 12 2 0
12 12 3 0
12 12 4 0
12 12 5 0
12 12 6 0
12 12 7 0
12 12 8 0
12 12 9 0
12 12 10 0
12 12 11 0
12 12 12 0
12 12 13 0
12 13 0 5085
12 13 1 6461
12 13 2 2474
12 13 3 5190
12 13 4 3650
12 13 5 6256
12 13 6 4864
12 13 7 5116
12 13 8 5792
12 13 9 3087
12 13 10 5342
12 13 11 3258
12 13 12 0
12 13 13 0
13 0 0 0
13 0 1 2987
13 0 2 4801
13 0 3 3488
13 0 4 4235
13 0 5 6101
13 0 6 3644
13 0 7 5433
13 0 8 7384
13 0 9 4552
13 0 10 3346
13 0 11 4966
13 0 12 5012
13 0 13 0
13 1 0 4410
13 1 1 0
13 1 2 7853
13 1 3 8287
13 1 4 6071
13 1 5 7519
13 1 6 8762
13 1 7 5733
13 1 8 5805
13 1 9 4379
13 1 10 6974
13 1 11 4571
13 1 12 6584
13 1 13 0
13 2 0 1506
13 2 1 4073
13 2 2 0
13 2 3 4997
13 2 4 2152
13 2 5 3152
13 2 6 3048
13 2 7 3036
13 2 8 4940
13 2 9 3099
13 2 10 4588
13 2 11 4217
13 2 12 2671
13 2 13 0
13 3 0 3867
13 3 1 3448
13 3 2 3660
13 3 3 0
13 3 4 4725
13 3 5 6561
13 3 6 7111
13 3 7 3962
13 3 8 4712
13 3 9 2973
13 3 10 6747
13 3 11 7634
13 3 12 7602
13 3 13 0
13 4 0 1966
13 4 1 1945
13 4 2 6031
13 4 3 2932
13 4 4 0
13 4 5 4631
13 4 6 3788
13 4 7 5402
13 4 8 4359
13 4 9 3761
13 4 10 4391
13 4 11 2503
13 4 12 4820
13 4 13 0
13 5 0 5653
13 5 1 7388
13 5 2 4369
13 5 3 7443
13 5 4 6846
13 5 5 0
13 5 6 7494
13 5 7 7256
13 5 8 5588
13 5 9 4779
13 5 10 5642
13 5 11 8090
13 5 12 4604
13 5 13 0
13 6 0 4021
13 6 1 7098
13 6 2 5049
13 6 3 7205
13 6 4 7392
13 6 5 5236
13 6 6 0
13 6 7 6998
13 6 8 6041
13 6 9 3241
13 6 10 2904
13 6 11 5557
13 6 12 7067
13 6 13 0
13 7 0 7010
13 7 1 4647
13 7 2 5446
13 7 3 5484
13 7 4 7321
13 7 5 5867
13 7 6 4873
13 7 7 0
13 7 8 5637
13 7 9 4789
13 7 10 5839
13 7 11 6148
13 7 12 4440
13 7 13 0
13 8 0 7389
13 8 1 5912
13 8 2 5382
13 8 3 3878
13 8 4 5099
13 8 5 6590
13 8 6 4740
13 8 7 8247
13 8 8 0
13 8 9 5985
13 8 10 3674
13 8 11 6179
13 8 12 5314
13 8 13 0
13 9 0 5449
13 9 1 2616
13 9 2 5572
13 9 3 781
13 9 4 1170
13 9 5 4259
13 9 6 5328
13 9 7 2837
13 9 8 1395
13 9 9 0
13 9 10 4666
13 9 11 4692
13 9 12 1946
13 9 13 0
13 10 0 7663
13 10 1 3969
13 10 2 4427
13 10 3 7246
13 10 4 3641
13 10 5 3817
13 10 6 7379
13 10 7 5231
13 10 8 6979
13 10 9 6655
13 10 10 0
13 10 11 7028
13 10 12 4669
13 10 13 0
13 11 0 5801
13 11 1 1661
13 11 2 1961
13 11 3 5100
13 11 4 3592
13 11 5 3669
13 11 6 5047
13 11 7 1791
13 11 8 1526
13 11 9 1456
13 11 10 5277
13 11 11 0
13 11 12 2356
13 11 13 0
13 12 0 2812
13 12 1 727
13 12 2 3277
13 12 3 2473
13 12 4 873
13 12 5 4765
13 12 6 3309
13 12 7 4877
13 12 8 1589
13 12 9 3605
13 12 10 3890
13 12 11 4707
13 12 12 0
13 12 13 0
13 13 0 0
13 13 1 0
13 13 2 0
13 13 3 0
13 13 4 0
13 13 5 0
13 13 6 0
13 13 7 0
13 13 8 0
13 13 9 0
13 13 10 0
13 13 11 0
13 13 12 0
13 13 13 0
