18
0 0 0 0
0 0 1 0
0 0 2 0
0 0 3 0
0 0 4 0
0 0 5 0
0 0 6 0
0 0 7 0
0 0 8 0
0 0 9 0
0 0 10 0
0 0 11 0
0 0 12 0
0 0 13 0
0 0 14 0
0 0 15 0
0 0 16 0
0 0 17 0
0 1 0 0
0 1 1 0
0 1 2 7947
0 1 3 4097
0 1 4 6685
0 1 5 6264
0 1 6 4272
0 1 7 6717
0 1 8 4544
0 1 9 8155
0 1 10 7160
0 1 11 6094
0 1 12 7908
0 1 13 8365
0 1 14 3788
0 1 15 6202
0 1 16 3950
0 1 17 8203
0 2 0 0
0 2 1 5330
0 2 2 0
0 2 3 3711
0 2 4 6864
0 2 5 4587
0 2 6 7358
0 2 7 4149
0 2 8 3557
0 2 9 8001
0 2 10 7430
0 2 11 5216
0 2 12 6665
0 2 13 7246
0 2 14 7776
0 2 15 7635
0 2 16 6259
0 2 17 6591
0 3 0 0
0 3 1 4254
0 3 2 6859
0 3 3 0
0 3 4 4555
0 3 5 6599
0 3 6 3325
0 3 7 5055
0 3 8 2754
0 3 9 4264
0 3 10 6558
0 3 11 3795
0 3 12 4593
0 3 13 2684
0 3 14 5315
0 3 15 3676
0 3 16 3520
0 3 17 5386
0 4 0 0
0 4 1 6135
0 4 2 4790
0 4 3 4225
0 4 4 0
0 4 5 6669
0 4 6 5383
0 4 7 7232
0 4 8 6997
0 4 9 4485
0 4 10 7667
0 4 11 5347
0 4 12 5442
0 4 13 7636
0 4 14 4420
0 4 15 3234
0 4 16 3935
0 4 17 6099
0 5 0 0
0 5 1 5632
0 5 2 6241
0 5 3 1675
0 5 4 3910
0 5 5 0
0 5 6 6061
0 5 7 3194
0 5 8 2159
0 5 9 3968
0 5 10 3982
0 5 11 5183
0 5 12 6403
0 5 13 5762
0 5 14 4293
0 5 15 4298
0 5 16 3456
0 5 17 1692
0 6 0 0
0 6 1 1718
0 6 2 3467
0 6 3 1283
0 6 4 5647
0 6 5 5376
0 6 6 0
0 6 7 4366
0 6 8 5638
0 6 9 2703
0 6 10 2117
0 6 11 2701
0 6 12 2940
0 6 13 5864
0 6 14 5731
0 6 15 1300
0 6 16 1412
0 6 17 4414
0 7 0 0
0 7 1 6577
0 7 2 9033
0 7 3 4645
0 7 4 6668
0 7 5 8010
0 7 6 6093
0 7 7 0
0 7 8 6244
0 7 9 9087
0 7 10 9225
0 7 11 7213
0 7 12 7489
0 7 13 4851
0 7 14 8450
0 7 15 7494
0 7 16 7604
0 7 17 7988
0 8 0 0
0 8 1 2818
0 8 2 3317
0 8 3 4975
0 8 4 5042
0 8 5 2290
0 8 6 3917
0 8 7 5965
0 8 8 0
0 8 9 3128
0 8 10 5214
0 8 11 3016
0 8 12 4931
0 8 13 5480
0 8 14 5165
0 8 15 5287
0 8 16 7094
0 8 17 2590
0 9 0 0
0 9 1 6164
0 9 2 8608
0 9 3 3690
0 9 4 7262
0 9 5 7031
0 9 6 6619
0 9 7 6152
0 9 8 5017
0 9 9 0
0 9 10 5094
0 9 11 7113
0 9 12 5639
0 9 13 5860
0 9 14 5735
0 9 15 7228
0 9 16 6588
0 9 17 4703
0 10 0 0
0 10 1 8674
0 10 2 5773
0 10 3 7342
0 10 4 7184
0 10 5 5472
0 10 6 8555
0 10 7 7585
0 10 8 5440
0 10 9 8186
0 10 10 0
0 10 11 9596
0 10 12 7439
0 10 13 6616
0 10 14 4747
0 10 15 6973
0 10 16 7418
0 10 17 9181
0 11 0 0
0 11 1 1169
0 11 2 3033
0 11 3 2389
0 11 4 3828
0 11 5 1900
0 11 6 1695
0 11 7 2482
0 11 8 3744
0 11 9 4149
0 11 10 5743
0 11 11 0
0 11 12 1174
0 11 13 2426
0 11 14 3588
0 11 15 3110
0 11 16 5526
0 11 17 2148
0 12 0 0
0 12 1 5637
0 12 2 6383
0 12 3 7907
0 12 4 6204
0 12 5 6230
0 12 6 8144
0 12 7 5912
0 12 8 6750
0 12 9 6312
0 12 10 5826
0 12 11 6269
0 12 12 0
0 12 13 8461
0 12 14 8652
0 12 15 7296
0 12 16 6241
0 12 17 9311
0 13 0 0
0 13 1 5413
0 13 2 3527
0 13 3 5949
0 13 4 3720
0 13 5 5634
0 13 6 4154
0 13 7 3541
0 13 8 1995
0 13 9 2402
0 13 10 6147
0 13 11 4852
0 13 12 3099
0 13 13 0
0 13 14 1916
0 13 15 3281
0 13 16 3279
0 13 17 4314
0 14 0 0
0 14 1 3618
0 14 2 5502
0 14 3 2653
0 14 4 4197
0 14 5 4343
0 14 6 5667
0 14 7 3962
0 14 8 2472
0 14 9 5965
0 14 10 3120
0 14 11 3103
0 14 12 5736
0 14 13 3203
0 14 14 0
0 14 15 5302
0 14 16 2818
0 14 17 3648
0 15 0 0
0 15 1 8152
0 15 2 8503
0 15 3 5683
0 15 4 6043
0 15 5 5433
0 15 6 7806
0 15 7 8389
0 15 8 7206
0 15 9 8273
0 15 10 4431
0 15 11 6910
0 15 12 4727
0 15 13 7872
0 15 14 4534
0 15 15 0
0 15 16 5005
0 15 17 8646
0 16 0 0
0 16 1 3673
0 16 2 2723
0 16 3 4431
0 16 4 2711
0 16 5 1890
0 16 6 2791
0 16 7 3012
0 16 8 6185
0 16 9 1528
0 16 10 1384
0 16 11 2620
0 16 12 4287
0 16 13 2957
0 16 14 2897
0 16 15 5304
0 16 16 0
0 16 17 4631
0 17 0 0
0 17 1 8917
0 17 2 6229
0 17 3 5470
0 17 4 6127
0 17 5 8906
0 17 6 9526
0 17 7 6238
0 17 8 6157
0 17 9 5153
0 17 10 7535
0 17 11 8173
0 17 12 9593
0 17 13 9399
0 17 14 6695
0 17 15 6147
0 17 16 6661
0 17 17 0
1 0 0 0
1 0 1 0
1 0 2 4366
1 0 3 3383
1 0 4 3804
1 0 5 2475
1 0 6 2072
1 0 7 5246
1 0 8 3094
1 0 9 4620
1 0 10 5716
1 0 11 1874
1 0 12 5708
1 0 13 2222
1 0 14 2347
1 0 15 4865
1 0 16 2342
1 0 17 5578
1 1 0 0
1 1 1 0
1 1 2 0
1 1 3 0
1 1 4 0
1 1 5 0
1 1 6 0
1 1 7 0
1 1 8 0
1 1 9 0
1 1 10 0
1 1 11 0
1 1 12 0
1 1 13 0
1 1 14 0
1 1 15 0
1 1 16 0
1 1 17 0
1 2 0 5330
1 2 1 0
1 2 2 0
1 2 3 4743
1 2 4 7896
1 2 5 5619
1 2 6 8390
1 2 7 5181
1 2 8 4589
1 2 9 9033
1 2 10 8462
1 2 11 6248
1 2 12 7697
1 2 13 8278
1 2 14 8808
1 2 15 8667
1 2 16 7291
1 2 17 7623
1 3 0 4254
1 3 1 0
1 3 2 5024
1 3 3 0
1 3 4 2720
1 3 5 4764
1 3 6 1490
1 3 7 3220
1 3 8 919
1 3 9 2429
1 3 10 4723
1 3 11 1960
1 3 12 2758
1 3 13 849
1 3 14 3480
1 3 15 1841
1 3 16 1685
1 3 17 3551
1 4 0 6135
1 4 1 0
1 4 2 5122
1 4 3 4557
1 4 4 0
1 4 5 7001
1 4 6 5715
1 4 7 7564
1 4 8 7329
1 4 9 4817
1 4 10 7999
1 4 11 5679
1 4 12 5774
1 4 13 7968
1 4 14 4752
1 4 15 3566
1 4 16 4267
1 4 17 6431
1 5 0 5632
1 5 1 0
1 5 2 7481
1 5 3 2915
1 5 4 5150
1 5 5 0
1 5 6 7301
1 5 7 4434
1 5 8 3399
1 5 9 5208
1 5 10 5222
1 5 11 6423
1 5 12 7643
1 5 13 7002
1 5 14 5533
1 5 15 5538
1 5 16 4696
1 5 17 2932
1 6 0 1718
1 6 1 0
1 6 2 3118
1 6 3 934
1 6 4 5298
1 6 5 5027
1 6 6 0
1 6 7 4017
1 6 8 5289
1 6 9 2354
1 6 10 1768
1 6 11 2352
1 6 12 2591
1 6 13 5515
1 6 14 5382
1 6 15 951
1 6 16 1063
1 6 17 4065
1 7 0 6577
1 7 1 0
1 7 2 7955
1 7 3 3567
1 7 4 5590
1 7 5 6932
1 7 6 5015
1 7 7 0
1 7 8 5166
1 7 9 8009
1 7 10 8147
1 7 11 6135
1 7 12 6411
1 7 13 3773
1 7 14 7372
1 7 15 6416
1 7 16 6526
1 7 17 6910
1 8 0 2818
1 8 1 0
1 8 2 2218
1 8 3 3876
1 8 4 3943
1 8 5 1191
1 8 6 2818
1 8 7 4866
1 8 8 0
1 8 9 2029
1 8 10 4115
1 8 11 1917
1 8 12 3832
1 8 13 4381
1 8 14 4066
1 8 15 4188
1 8 16 5995
1 8 17 1491
1 9 0 6164
1 9 1 0
1 9 2 9594
1 9 3 4676
1 9 4 8248
1 9 5 8017
1 9 6 7605
1 9 7 7138
1 9 8 6003
1 9 9 0
1 9 10 6080
1 9 11 8099
1 9 12 6625
1 9 13 6846
1 9 14 6721
1 9 15 8214
1 9 16 7574
1 9 17 5689
1 10 0 8674
1 10 1 0
1 10 2 4668
1 10 3 6237
1 10 4 6079
1 10 5 4367
1 10 6 7450
1 10 7 6480
1 10 8 4335
1 10 9 7081
1 10 10 0
1 10 11 8491
1 10 12 6334
1 10 13 5511
1 10 14 3642
1 10 15 5868
1 10 16 6313
1 10 17 8076
1 11 0 1169
1 11 1 0
1 11 2 4704
1 11 3 4060
1 11 4 5499
1 11 5 3571
1 11 6 3366
1 11 7 4153
1 11 8 5415
1 11 9 5820
1 11 10 7414
1 11 11 0
1 11 12 2845
1 11 13 4097
1 11 14 5259
1 11 15 4781
1 11 16 7197
1 11 17 3819
1 12 0 5637
1 12 1 0
1 12 2 6034
1 12 3 7558
1 12 4 5855
1 12 5 5881
1 12 6 7795
1 12 7 5563
1 12 8 6401
1 12 9 5963
1 12 10 5477
1 12 11 5920
1 12 12 0
1 12 13 8112
1 12 14 8303
1 12 15 6947
1 12 16 5892
1 12 17 8962
1 13 0 5413
1 13 1 0
1 13 2 7121
1 13 3 9543
1 13 4 7314
1 13 5 9228
1 13 6 7748
1 13 7 7135
1 13 8 5589
1 13 9 5996
1 13 10 9741
1 13 11 8446
1 13 12 6693
1 13 13 0
1 13 14 5510
1 13 15 6875
1 13 16 6873
1 13 17 7908
1 14 0 3618
1 14 1 0
1 14 2 4394
1 14 3 1545
1 14 4 3089
1 14 5 3235
1 14 6 4559
1 14 7 2854
1 14 8 1364
1 14 9 4857
1 14 10 2012
1 14 11 1995
1 14 12 4628
1 14 13 2095
1 14 14 0
1 14 15 4194
1 14 16 1710
1 14 17 2540
1 15 0 8152
1 15 1 0
1 15 2 7291
1 15 3 4471
1 15 4 4831
1 15 5 4221
1 15 6 6594
1 15 7 7177
1 15 8 5994
1 15 9 7061
1 15 10 3219
1 15 11 5698
1 15 12 3515
1 15 13 6660
1 15 14 3322
1 15 15 0
1 15 16 3793
1 15 17 7434
1 16 0 3673
1 16 1 0
1 16 2 1782
1 16 3 3490
1 16 4 1770
1 16 5 949
1 16 6 1850
1 16 7 2071
1 16 8 5244
1 16 9 587
1 16 10 443
1 16 11 1679
1 16 12 3346
1 16 13 2016
1 16 14 1956
1 16 15 4363
1 16 16 0
1 16 17 3690
1 17 0 8917
1 17 1 0
1 17 2 6305
1 17 3 5546
1 17 4 6203
1 17 5 8982
1 17 6 9602
1 17 7 6314
1 17 8 6233
1 17 9 5229
1 17 10 7611
1 17 11 8249
1 17 12 9669
1 17 13 9475
1 17 14 6771
1 17 15 6223
1 17 16 6737
1 17 17 0
2 0 0 0
2 0 1 4366
2 0 2 0
2 0 3 3995
2 0 4 4416
2 0 5 3087
2 0 6 2684
2 0 7 5858
2 0 8 3706
2 0 9 5232
2 0 10 6328
2 0 11 2486
2 0 12 6320
2 0 13 2834
2 0 14 2959
2 0 15 5477
2 0 16 2954
2 0 17 6190
2 1 0 7947
2 1 1 0
2 1 2 0
2 1 3 2512
2 1 4 5100
2 1 5 4679
2 1 6 2687
2 1 7 5132
2 1 8 2959
2 1 9 6570
2 1 10 5575
2 1 11 4509
2 1 12 6323
2 1 13 6780
2 1 14 2203
2 1 15 4617
2 1 16 2365
2 1 17 6618
2 2 0 0
2 2 1 0
2 2 2 0
2 2 3 0
2 2 4 0
2 2 5 0
2 2 6 0
2 2 7 0
2 2 8 0
2 2 9 0
2 2 10 0
2 2 11 0
2 2 12 0
2 2 13 0
2 2 14 0
2 2 15 0
2 2 16 0
2 2 17 0
2 3 0 6859
2 3 1 5024
2 3 2 0
2 3 3 0
2 3 4 2457
2 3 5 4501
2 3 6 1227
2 3 7 2957
2 3 8 656
2 3 9 2166
2 3 10 4460
2 3 11 1697
2 3 12 2495
2 3 13 586
2 3 14 3217
2 3 15 1578
2 3 16 1422
2 3 17 3288
2 4 0 4790
2 4 1 5122
2 4 2 0
2 4 3 4859
2 4 4 0
2 4 5 7303
2 4 6 6017
2 4 7 7866
2 4 8 7631
2 4 9 5119
2 4 10 8301
2 4 11 5981
2 4 12 6076
2 4 13 8270
2 4 14 5054
2 4 15 3868
2 4 16 4569
2 4 17 6733
2 5 0 6241
2 5 1 7481
2 5 2 0
2 5 3 1361
2 5 4 3596
2 5 5 0
2 5 6 5747
2 5 7 2880
2 5 8 1845
2 5 9 3654
2 5 10 3668
2 5 11 4869
2 5 12 6089
2 5 13 5448
2 5 14 3979
2 5 15 3984
2 5 16 3142
2 5 17 1378
2 6 0 3467
2 6 1 3118
2 6 2 0
2 6 3 4143
2 6 4 8507
2 6 5 8236
2 6 6 0
2 6 7 7226
2 6 8 8498
2 6 9 5563
2 6 10 4977
2 6 11 5561
2 6 12 5800
2 6 13 8724
2 6 14 8591
2 6 15 4160
2 6 16 4272
2 6 17 7274
2 7 0 9033
2 7 1 7955
2 7 2 0
2 7 3 1122
2 7 4 3145
2 7 5 4487
2 7 6 2570
2 7 7 0
2 7 8 2721
2 7 9 5564
2 7 10 5702
2 7 11 3690
2 7 12 3966
2 7 13 1328
2 7 14 4927
2 7 15 3971
2 7 16 4081
2 7 17 4465
2 8 0 3317
2 8 1 2218
2 8 2 0
2 8 3 3012
2 8 4 3079
2 8 5 327
2 8 6 1954
2 8 7 4002
2 8 8 0
2 8 9 1165
2 8 10 3251
2 8 11 1053
2 8 12 2968
2 8 13 3517
2 8 14 3202
2 8 15 3324
2 8 16 5131
2 8 17 627
2 9 0 8608
2 9 1 9594
2 9 2 0
2 9 3 4645
2 9 4 8217
2 9 5 7986
2 9 6 7574
2 9 7 7107
2 9 8 5972
2 9 9 0
2 9 10 6049
2 9 11 8068
2 9 12 6594
2 9 13 6815
2 9 14 6690
2 9 15 8183
2 9 16 7543
2 9 17 5658
2 10 0 5773
2 10 1 4668
2 10 2 0
2 10 3 6630
2 10 4 6472
2 10 5 4760
2 10 6 7843
2 10 7 6873
2 10 8 4728
2 10 9 7474
2 10 10 0
2 10 11 8884
2 10 12 6727
2 10 13 5904
2 10 14 4035
2 10 15 6261
2 10 16 6706
2 10 17 8469
2 11 0 3033
2 11 1 4704
2 11 2 0
2 11 3 3305
2 11 4 4744
2 11 5 2816
2 11 6 2611
2 11 7 3398
2 11 8 4660
2 11 9 5065
2 11 10 6659
2 11 11 0
2 11 12 2090
2 11 13 3342
2 11 14 4504
2 11 15 4026
2 11 16 6442
2 11 17 3064
2 12 0 6383
2 12 1 6034
2 12 2 0
2 12 3 6438
2 12 4 4735
2 12 5 4761
2 12 6 6675
2 12 7 4443
2 12 8 5281
2 12 9 4843
2 12 10 4357
2 12 11 4800
2 12 12 0
2 12 13 6992
2 12 14 7183
2 12 15 5827
2 12 16 4772
2 12 17 7842
2 13 0 3527
2 13 1 7121
2 13 2 0
2 13 3 8547
2 13 4 6318
2 13 5 8232
2 13 6 6752
2 13 7 6139
2 13 8 4593
2 13 9 5000
2 13 10 8745
2 13 11 7450
2 13 12 5697
2 13 13 0
2 13 14 4514
2 13 15 5879
2 13 16 5877
2 13 17 6912
2 14 0 5502
2 14 1 4394
2 14 2 0
2 14 3 5656
2 14 4 7200
2 14 5 7346
2 14 6 8670
2 14 7 6965
2 14 8 5475
2 14 9 8968
2 14 10 6123
2 14 11 6106
2 14 12 8739
2 14 13 6206
2 14 14 0
2 14 15 8305
2 14 16 5821
2 14 17 6651
2 15 0 8503
2 15 1 7291
2 15 2 0
2 15 3 6027
2 15 4 6387
2 15 5 5777
2 15 6 8150
2 15 7 8733
2 15 8 7550
2 15 9 8617
2 15 10 4775
2 15 11 7254
2 15 12 5071
2 15 13 8216
2 15 14 4878
2 15 15 0
2 15 16 5349
2 15 17 8990
2 16 0 2723
2 16 1 1782
2 16 2 0
2 16 3 5922
2 16 4 4202
2 16 5 3381
2 16 6 4282
2 16 7 4503
2 16 8 7676
2 16 9 3019
2 16 10 2875
2 16 11 4111
2 16 12 5778
2 16 13 4448
2 16 14 4388
2 16 15 6795
2 16 16 0
2 16 17 6122
2 17 0 6229
2 17 1 6305
2 17 2 0
2 17 3 4057
2 17 4 4714
2 17 5 7493
2 17 6 8113
2 17 7 4825
2 17 8 4744
2 17 9 3740
2 17 10 6122
2 17 11 6760
2 17 12 8180
2 17 13 7986
2 17 14 5282
2 17 15 4734
2 17 16 5248
2 17 17 0
3 0 0 0
3 0 1 3383
3 0 2 3995
3 0 3 0
3 0 4 5650
3 0 5 4321
3 0 6 3918
3 0 7 7092
3 0 8 4940
3 0 9 6466
3 0 10 7562
3 0 11 3720
3 0 12 7554
3 0 13 4068
3 0 14 4193
3 0 15 6711
3 0 16 4188
3 0 17 7424
3 1 0 4097
3 1 1 0
3 1 2 2512
3 1 3 0
3 1 4 5007
3 1 5 4586
3 1 6 2594
3 1 7 5039
3 1 8 2866
3 1 9 6477
3 1 10 5482
3 1 11 4416
3 1 12 6230
3 1 13 6687
3 1 14 2110
3 1 15 4524
3 1 16 2272
3 1 17 6525
3 2 0 3711
3 2 1 4743
3 2 2 0
3 2 3 0
3 2 4 7914
3 2 5 5637
3 2 6 8408
3 2 7 5199
3 2 8 4607
3 2 9 9051
3 2 10 8480
3 2 11 6266
3 2 12 7715
3 2 13 8296
3 2 14 8826
3 2 15 8685
3 2 16 7309
3 2 17 7641
3 3 0 0
3 3 1 0
3 3 2 0
3 3 3 0
3 3 4 0
3 3 5 0
3 3 6 0
3 3 7 0
3 3 8 0
3 3 9 0
3 3 10 0
3 3 11 0
3 3 12 0
3 3 13 0
3 3 14 0
3 3 15 0
3 3 16 0
3 3 17 0
3 4 0 4225
3 4 1 4557
3 4 2 4859
3 4 3 0
3 4 4 0
3 4 5 5977
3 4 6 4691
3 4 7 6540
3 4 8 6305
3 4 9 3793
3 4 10 6975
3 4 11 4655
3 4 12 4750
3 4 13 6944
3 4 14 3728
3 4 15 2542
3 4 16 3243
3 4 17 5407
3 5 0 1675
3 5 1 2915
3 5 2 1361
3 5 3 0
3 5 4 6591
3 5 5 0
3 5 6 8742
3 5 7 5875
3 5 8 4840
3 5 9 6649
3 5 10 6663
3 5 11 7864
3 5 12 9084
3 5 13 8443
3 5 14 6974
3 5 15 6979
3 5 16 6137
3 5 17 4373
3 6 0 1283
3 6 1 934
3 6 2 4143
3 6 3 0
3 6 4 5457
3 6 5 5186
3 6 6 0
3 6 7 4176
3 6 8 5448
3 6 9 2513
3 6 10 1927
3 6 11 2511
3 6 12 2750
3 6 13 5674
3 6 14 5541
3 6 15 1110
3 6 16 1222
3 6 17 4224
3 7 0 4645
3 7 1 3567
3 7 2 1122
3 7 3 0
3 7 4 5034
3 7 5 6376
3 7 6 4459
3 7 7 0
3 7 8 4610
3 7 9 7453
3 7 10 7591
3 7 11 5579
3 7 12 5855
3 7 13 3217
3 7 14 6816
3 7 15 5860
3 7 16 5970
3 7 17 6354
3 8 0 4975
3 8 1 3876
3 8 2 3012
3 8 3 0
3 8 4 3259
3 8 5 507
3 8 6 2134
3 8 7 4182
3 8 8 0
3 8 9 1345
3 8 10 3431
3 8 11 1233
3 8 12 3148
3 8 13 3697
3 8 14 3382
3 8 15 3504
3 8 16 5311
3 8 17 807
3 9 0 3690
3 9 1 4676
3 9 2 4645
3 9 3 0
3 9 4 5463
3 9 5 5232
3 9 6 4820
3 9 7 4353
3 9 8 3218
3 9 9 0
3 9 10 3295
3 9 11 5314
3 9 12 3840
3 9 13 4061
3 9 14 3936
3 9 15 5429
3 9 16 4789
3 9 17 2904
3 10 0 7342
3 10 1 6237
3 10 2 6630
3 10 3 0
3 10 4 6583
3 10 5 4871
3 10 6 7954
3 10 7 6984
3 10 8 4839
3 10 9 7585
3 10 10 0
3 10 11 8995
3 10 12 6838
3 10 13 6015
3 10 14 4146
3 10 15 6372
3 10 16 6817
3 10 17 8580
3 11 0 2389
3 11 1 4060
3 11 2 3305
3 11 3 0
3 11 4 4306
3 11 5 2378
3 11 6 2173
3 11 7 2960
3 11 8 4222
3 11 9 4627
3 11 10 6221
3 11 11 0
3 11 12 1652
3 11 13 2904
3 11 14 4066
3 11 15 3588
3 11 16 6004
3 11 17 2626
3 12 0 7907
3 12 1 7558
3 12 2 6438
3 12 3 0
3 12 4 3646
3 12 5 3672
3 12 6 5586
3 12 7 3354
3 12 8 4192
3 12 9 3754
3 12 10 3268
3 12 11 3711
3 12 12 0
3 12 13 5903
3 12 14 6094
3 12 15 4738
3 12 16 3683
3 12 17 6753
3 13 0 5949
3 13 1 9543
3 13 2 8547
3 13 3 0
3 13 4 2739
3 13 5 4653
3 13 6 3173
3 13 7 2560
3 13 8 1014
3 13 9 1421
3 13 10 5166
3 13 11 3871
3 13 12 2118
3 13 13 0
3 13 14 935
3 13 15 2300
3 13 16 2298
3 13 17 3333
3 14 0 2653
3 14 1 1545
3 14 2 5656
3 14 3 0
3 14 4 5722
3 14 5 5868
3 14 6 7192
3 14 7 5487
3 14 8 3997
3 14 9 7490
3 14 10 4645
3 14 11 4628
3 14 12 7261
3 14 13 4728
3 14 14 0
3 14 15 6827
3 14 16 4343
3 14 17 5173
3 15 0 5683
3 15 1 4471
3 15 2 6027
3 15 3 0
3 15 4 3411
3 15 5 2801
3 15 6 5174
3 15 7 5757
3 15 8 4574
3 15 9 5641
3 15 10 1799
3 15 11 4278
3 15 12 2095
3 15 13 5240
3 15 14 1902
3 15 15 0
3 15 16 2373
3 15 17 6014
3 16 0 4431
3 16 1 3490
3 16 2 5922
3 16 3 0
3 16 4 2446
3 16 5 1625
3 16 6 2526
3 16 7 2747
3 16 8 5920
3 16 9 1263
3 16 10 1119
3 16 11 2355
3 16 12 4022
3 16 13 2692
3 16 14 2632
3 16 15 5039
3 16 16 0
3 16 17 4366
3 17 0 5470
3 17 1 5546
3 17 2 4057
3 17 3 0
3 17 4 4492
3 17 5 7271
3 17 6 7891
3 17 7 4603
3 17 8 4522
3 17 9 3518
3 17 10 5900
3 17 11 6538
3 17 12 7958
3 17 13 7764
3 17 14 5060
3 17 15 4512
3 17 16 5026
3 17 17 0
4 0 0 0
4 0 1 3804
4 0 2 4416
4 0 3 5650
4 0 4 0
4 0 5 2166
4 0 6 1763
4 0 7 4937
4 0 8 2785
4 0 9 4311
4 0 10 5407
4 0 11 1565
4 0 12 5399
4 0 13 1913
4 0 14 2038
4 0 15 4556
4 0 16 2033
4 0 17 5269
4 1 0 6685
4 1 1 0
4 1 2 5100
4 1 3 5007
4 1 4 0
4 1 5 6046
4 1 6 4054
4 1 7 6499
4 1 8 4326
4 1 9 7937
4 1 10 6942
4 1 11 5876
4 1 12 7690
4 1 13 8147
4 1 14 3570
4 1 15 5984
4 1 16 3732
4 1 17 7985
4 2 0 6864
4 2 1 7896
4 2 2 0
4 2 3 7914
4 2 4 0
4 2 5 3147
4 2 6 5918
4 2 7 2709
4 2 8 2117
4 2 9 6561
4 2 10 5990
4 2 11 3776
4 2 12 5225
4 2 13 5806
4 2 14 6336
4 2 15 6195
4 2 16 4819
4 2 17 5151
4 3 0 4555
4 3 1 2720
4 3 2 2457
4 3 3 0
4 3 4 0
4 3 5 5577
4 3 6 2303
4 3 7 4033
4 3 8 1732
4 3 9 3242
4 3 10 5536
4 3 11 2773
4 3 12 3571
4 3 13 1662
4 3 14 4293
4 3 15 2654
4 3 16 2498
4 3 17 4364
4 4 0 0
4 4 1 0
4 4 2 0
4 4 3 0
4 4 4 0
4 4 5 0
4 4 6 0
4 4 7 0
4 4 8 0
4 4 9 0
4 4 10 0
4 4 11 0
4 4 12 0
4 4 13 0
4 4 14 0
4 4 15 0
4 4 16 0
4 4 17 0
4 5 0 3910
4 5 1 5150
4 5 2 3596
4 5 3 6591
4 5 4 0
4 5 5 0
4 5 6 8391
4 5 7 5524
4 5 8 4489
4 5 9 6298
4 5 10 6312
4 5 11 7513
4 5 12 8733
4 5 13 8092
4 5 14 6623
4 5 15 6628
4 5 16 5786
4 5 17 4022
4 6 0 5647
4 6 1 5298
4 6 2 8507
4 6 3 5457
4 6 4 0
4 6 5 6823
4 6 6 0
4 6 7 5813
4 6 8 7085
4 6 9 4150
4 6 10 3564
4 6 11 4148
4 6 12 4387
4 6 13 7311
4 6 14 7178
4 6 15 2747
4 6 16 2859
4 6 17 5861
4 7 0 6668
4 7 1 5590
4 7 2 3145
4 7 3 5034
4 7 4 0
4 7 5 8132
4 7 6 6215
4 7 7 0
4 7 8 6366
4 7 9 9209
4 7 10 9347
4 7 11 7335
4 7 12 7611
4 7 13 4973
4 7 14 8572
4 7 15 7616
4 7 16 7726
4 7 17 8110
4 8 0 5042
4 8 1 3943
4 8 2 3079
4 8 3 3259
4 8 4 0
4 8 5 4329
4 8 6 5956
4 8 7 8004
4 8 8 0
4 8 9 5167
4 8 10 7253
4 8 11 5055
4 8 12 6970
4 8 13 7519
4 8 14 7204
4 8 15 7326
4 8 16 9133
4 8 17 4629
4 9 0 7262
4 9 1 8248
4 9 2 8217
4 9 3 5463
4 9 4 0
4 9 5 5032
4 9 6 4620
4 9 7 4153
4 9 8 3018
4 9 9 0
4 9 10 3095
4 9 11 5114
4 9 12 3640
4 9 13 3861
4 9 14 3736
4 9 15 5229
4 9 16 4589
4 9 17 2704
4 10 0 7184
4 10 1 6079
4 10 2 6472
4 10 3 6583
4 10 4 0
4 10 5 5559
4 10 6 8642
4 10 7 7672
4 10 8 5527
4 10 9 8273
4 10 10 0
4 10 11 9683
4 10 12 7526
4 10 13 6703
4 10 14 4834
4 10 15 7060
4 10 16 7505
4 10 17 9268
4 11 0 3828
4 11 1 5499
4 11 2 4744
4 11 3 4306
4 11 4 0
4 11 5 3509
4 11 6 3304
4 11 7 4091
4 11 8 5353
4 11 9 5758
4 11 10 7352
4 11 11 0
4 11 12 2783
4 11 13 4035
4 11 14 5197
4 11 15 4719
4 11 16 7135
4 11 17 3757
4 12 0 6204
4 12 1 5855
4 12 2 4735
4 12 3 3646
4 12 4 0
4 12 5 4100
4 12 6 6014
4 12 7 3782
4 12 8 4620
4 12 9 4182
4 12 10 3696
4 12 11 4139
4 12 12 0
4 12 13 6331
4 12 14 6522
4 12 15 5166
4 12 16 4111
4 12 17 7181
4 13 0 3720
4 13 1 7314
4 13 2 6318
4 13 3 2739
4 13 4 0
4 13 5 9184
4 13 6 7704
4 13 7 7091
4 13 8 5545
4 13 9 5952
4 13 10 9697
4 13 11 8402
4 13 12 6649
4 13 13 0
4 13 14 5466
4 13 15 6831
4 13 16 6829
4 13 17 7864
4 14 0 4197
4 14 1 3089
4 14 2 7200
4 14 3 5722
4 14 4 0
4 14 5 4552
4 14 6 5876
4 14 7 4171
4 14 8 2681
4 14 9 6174
4 14 10 3329
4 14 11 3312
4 14 12 5945
4 14 13 3412
4 14 14 0
4 14 15 5511
4 14 16 3027
4 14 17 3857
4 15 0 6043
4 15 1 4831
4 15 2 6387
4 15 3 3411
4 15 4 0
4 15 5 1938
4 15 6 4311
4 15 7 4894
4 15 8 3711
4 15 9 4778
4 15 10 936
4 15 11 3415
4 15 12 1232
4 15 13 4377
4 15 14 1039
4 15 15 0
4 15 16 1510
4 15 17 5151
4 16 0 2711
4 16 1 1770
4 16 2 4202
4 16 3 2446
4 16 4 0
4 16 5 1619
4 16 6 2520
4 16 7 2741
4 16 8 5914
4 16 9 1257
4 16 10 1113
4 16 11 2349
4 16 12 4016
4 16 13 2686
4 16 14 2626
4 16 15 5033
4 16 16 0
4 16 17 4360
4 17 0 6127
4 17 1 6203
4 17 2 4714
4 17 3 4492
4 17 4 0
4 17 5 7563
4 17 6 8183
4 17 7 4895
4 17 8 4814
4 17 9 3810
4 17 10 6192
4 17 11 6830
4 17 12 8250
4 17 13 8056
4 17 14 5352
4 17 15 4804
4 17 16 5318
4 17 17 0
5 0 0 0
5 0 1 2475
5 0 2 3087
5 0 3 4321
5 0 4 2166
5 0 5 0
5 0 6 1488
5 0 7 4662
5 0 8 2510
5 0 9 4036
5 0 10 5132
5 0 11 1290
5 0 12 5124
5 0 13 1638
5 0 14 1763
5 0 15 4281
5 0 16 1758
5 0 17 4994
5 1 0 6264
5 1 1 0
5 1 2 4679
5 1 3 4586
5 1 4 6046
5 1 5 0
5 1 6 4880
5 1 7 7325
5 1 8 5152
5 1 9 8763
5 1 10 7768
5 1 11 6702
5 1 12 8516
5 1 13 8973
5 1 14 4396
5 1 15 6810
5 1 16 4558
5 1 17 8811
5 2 0 4587
5 2 1 5619
5 2 2 0
5 2 3 5637
5 2 4 3147
5 2 5 0
5 2 6 8698
5 2 7 5489
5 2 8 4897
5 2 9 9341
5 2 10 8770
5 2 11 6556
5 2 12 8005
5 2 13 8586
5 2 14 9116
5 2 15 8975
5 2 16 7599
5 2 17 7931
5 3 0 6599
5 3 1 4764
5 3 2 4501
5 3 3 0
5 3 4 5577
5 3 5 0
5 3 6 1082
5 3 7 2812
5 3 8 511
5 3 9 2021
5 3 10 4315
5 3 11 1552
5 3 12 2350
5 3 13 441
5 3 14 3072
5 3 15 1433
5 3 16 1277
5 3 17 3143
5 4 0 6669
5 4 1 7001
5 4 2 7303
5 4 3 5977
5 4 4 0
5 4 5 0
5 4 6 4954
5 4 7 6803
5 4 8 6568
5 4 9 4056
5 4 10 7238
5 4 11 4918
5 4 12 5013
5 4 13 7207
5 4 14 3991
5 4 15 2805
5 4 16 3506
5 4 17 5670
5 5 0 0
5 5 1 0
5 5 2 0
5 5 3 0
5 5 4 0
5 5 5 0
5 5 6 0
5 5 7 0
5 5 8 0
5 5 9 0
5 5 10 0
5 5 11 0
5 5 12 0
5 5 13 0
5 5 14 0
5 5 15 0
5 5 16 0
5 5 17 0
5 6 0 5376
5 6 1 5027
5 6 2 8236
5 6 3 5186
5 6 4 6823
5 6 5 0
5 6 6 0
5 6 7 7820
5 6 8 9092
5 6 9 6157
5 6 10 5571
5 6 11 6155
5 6 12 6394
5 6 13 9318
5 6 14 9185
5 6 15 4754
5 6 16 4866
5 6 17 7868
5 7 0 8010
5 7 1 6932
5 7 2 4487
5 7 3 6376
5 7 4 8132
5 7 5 0
5 7 6 3506
5 7 7 0
5 7 8 3657
5 7 9 6500
5 7 10 6638
5 7 11 4626
5 7 12 4902
5 7 13 2264
5 7 14 5863
5 7 15 4907
5 7 16 5017
5 7 17 5401
5 8 0 2290
5 8 1 1191
5 8 2 327
5 8 3 507
5 8 4 4329
5 8 5 0
5 8 6 2447
5 8 7 4495
5 8 8 0
5 8 9 1658
5 8 10 3744
5 8 11 1546
5 8 12 3461
5 8 13 4010
5 8 14 3695
5 8 15 3817
5 8 16 5624
5 8 17 1120
5 9 0 7031
5 9 1 8017
5 9 2 7986
5 9 3 5232
5 9 4 5032
5 9 5 0
5 9 6 5432
5 9 7 4965
5 9 8 3830
5 9 9 0
5 9 10 3907
5 9 11 5926
5 9 12 4452
5 9 13 4673
5 9 14 4548
5 9 15 6041
5 9 16 5401
5 9 17 3516
5 10 0 5472
5 10 1 4367
5 10 2 4760
5 10 3 4871
5 10 4 5559
5 10 5 0
5 10 6 6286
5 10 7 5316
5 10 8 3171
5 10 9 5917
5 10 10 0
5 10 11 7327
5 10 12 5170
5 10 13 4347
5 10 14 2478
5 10 15 4704
5 10 16 5149
5 10 17 6912
5 11 0 1900
5 11 1 3571
5 11 2 2816
5 11 3 2378
5 11 4 3509
5 11 5 0
5 11 6 4469
5 11 7 5256
5 11 8 6518
5 11 9 6923
5 11 10 8517
5 11 11 0
5 11 12 3948
5 11 13 5200
5 11 14 6362
5 11 15 5884
5 11 16 8300
5 11 17 4922
5 12 0 6230
5 12 1 5881
5 12 2 4761
5 12 3 3672
5 12 4 4100
5 12 5 0
5 12 6 8304
5 12 7 6072
5 12 8 6910
5 12 9 6472
5 12 10 5986
5 12 11 6429
5 12 12 0
5 12 13 8621
5 12 14 8812
5 12 15 7456
5 12 16 6401
5 12 17 9471
5 13 0 5634
5 13 1 9228
5 13 2 8232
5 13 3 4653
5 13 4 9184
5 13 5 0
5 13 6 7159
5 13 7 6546
5 13 8 5000
5 13 9 5407
5 13 10 9152
5 13 11 7857
5 13 12 6104
5 13 13 0
5 13 14 4921
5 13 15 6286
5 13 16 6284
5 13 17 7319
5 14 0 4343
5 14 1 3235
5 14 2 7346
5 14 3 5868
5 14 4 4552
5 14 5 0
5 14 6 7078
5 14 7 5373
5 14 8 3883
5 14 9 7376
5 14 10 4531
5 14 11 4514
5 14 12 7147
5 14 13 4614
5 14 14 0
5 14 15 6713
5 14 16 4229
5 14 17 5059
5 15 0 5433
5 15 1 4221
5 15 2 5777
5 15 3 2801
5 15 4 1938
5 15 5 0
5 15 6 6704
5 15 7 7287
5 15 8 6104
5 15 9 7171
5 15 10 3329
5 15 11 5808
5 15 12 3625
5 15 13 6770
5 15 14 3432
5 15 15 0
5 15 16 3903
5 15 17 7544
5 16 0 1890
5 16 1 949
5 16 2 3381
5 16 3 1625
5 16 4 1619
5 16 5 0
5 16 6 3370
5 16 7 3591
5 16 8 6764
5 16 9 2107
5 16 10 1963
5 16 11 3199
5 16 12 4866
5 16 13 3536
5 16 14 3476
5 16 15 5883
5 16 16 0
5 16 17 5210
5 17 0 8906
5 17 1 8982
5 17 2 7493
5 17 3 7271
5 17 4 7563
5 17 5 0
5 17 6 5105
5 17 7 1817
5 17 8 1736
5 17 9 732
5 17 10 3114
5 17 11 3752
5 17 12 5172
5 17 13 4978
5 17 14 2274
5 17 15 1726
5 17 16 2240
5 17 17 0
6 0 0 0
6 0 1 2072
6 0 2 2684
6 0 3 3918
6 0 4 1763
6 0 5 1488
6 0 6 0
6 0 7 8207
6 0 8 6055
6 0 9 7581
6 0 10 8677
6 0 11 4835
6 0 12 8669
6 0 13 5183
6 0 14 5308
6 0 15 7826
6 0 16 5303
6 0 17 8539
6 1 0 4272
6 1 1 0
6 1 2 2687
6 1 3 2594
6 1 4 4054
6 1 5 4880
6 1 6 0
6 1 7 3814
6 1 8 1641
6 1 9 5252
6 1 10 4257
6 1 11 3191
6 1 12 5005
6 1 13 5462
6 1 14 885
6 1 15 3299
6 1 16 1047
6 1 17 5300
6 2 0 7358
6 2 1 8390
6 2 2 0
6 2 3 8408
6 2 4 5918
6 2 5 8698
6 2 6 0
6 2 7 3118
6 2 8 2526
6 2 9 6970
6 2 10 6399
6 2 11 4185
6 2 12 5634
6 2 13 6215
6 2 14 6745
6 2 15 6604
6 2 16 5228
6 2 17 5560
6 3 0 3325
6 3 1 1490
6 3 2 1227
6 3 3 0
6 3 4 2303
6 3 5 1082
6 3 6 0
6 3 7 2823
6 3 8 522
6 3 9 2032
6 3 10 4326
6 3 11 1563
6 3 12 2361
6 3 13 452
6 3 14 3083
6 3 15 1444
6 3 16 1288
6 3 17 3154
6 4 0 5383
6 4 1 5715
6 4 2 6017
6 4 3 4691
6 4 4 0
6 4 5 4954
6 4 6 0
6 4 7 8943
6 4 8 8708
6 4 9 6196
6 4 10 9378
6 4 11 7058
6 4 12 7153
6 4 13 9347
6 4 14 6131
6 4 15 4945
6 4 16 5646
6 4 17 7810
6 5 0 6061
6 5 1 7301
6 5 2 5747
6 5 3 8742
6 5 4 8391
6 5 5 0
6 5 6 0
6 5 7 5963
6 5 8 4928
6 5 9 6737
6 5 10 6751
6 5 11 7952
6 5 12 9172
6 5 13 8531
6 5 14 7062
6 5 15 7067
6 5 16 6225
6 5 17 4461
6 6 0 0
6 6 1 0
6 6 2 0
6 6 3 0
6 6 4 0
6 6 5 0
6 6 6 0
6 6 7 0
6 6 8 0
6 6 9 0
6 6 10 0
6 6 11 0
6 6 12 0
6 6 13 0
6 6 14 0
6 6 15 0
6 6 16 0
6 6 17 0
6 7 0 6093
6 7 1 5015
6 7 2 2570
6 7 3 4459
6 7 4 6215
6 7 5 3506
6 7 6 0
6 7 7 0
6 7 8 5232
6 7 9 8075
6 7 10 8213
6 7 11 6201
6 7 12 6477
6 7 13 3839
6 7 14 7438
6 7 15 6482
6 7 16 6592
6 7 17 6976
6 8 0 3917
6 8 1 2818
6 8 2 1954
6 8 3 2134
6 8 4 5956
6 8 5 2447
6 8 6 0
6 8 7 8377
6 8 8 0
6 8 9 5540
6 8 10 7626
6 8 11 5428
6 8 12 7343
6 8 13 7892
6 8 14 7577
6 8 15 7699
6 8 16 9506
6 8 17 5002
6 9 0 6619
6 9 1 7605
6 9 2 7574
6 9 3 4820
6 9 4 4620
6 9 5 5432
6 9 6 0
6 9 7 4103
6 9 8 2968
6 9 9 0
6 9 10 3045
6 9 11 5064
6 9 12 3590
6 9 13 3811
6 9 14 3686
6 9 15 5179
6 9 16 4539
6 9 17 2654
6 10 0 8555
6 10 1 7450
6 10 2 7843
6 10 3 7954
6 10 4 8642
6 10 5 6286
6 10 6 0
6 10 7 3854
6 10 8 1709
6 10 9 4455
6 10 10 0
6 10 11 5865
6 10 12 3708
6 10 13 2885
6 10 14 1016
6 10 15 3242
6 10 16 3687
6 10 17 5450
6 11 0 1695
6 11 1 3366
6 11 2 2611
6 11 3 2173
6 11 4 3304
6 11 5 4469
6 11 6 0
6 11 7 3177
6 11 8 4439
6 11 9 4844
6 11 10 6438
6 11 11 0
6 11 12 1869
6 11 13 3121
6 11 14 4283
6 11 15 3805
6 11 16 6221
6 11 17 2843
6 12 0 8144
6 12 1 7795
6 12 2 6675
6 12 3 5586
6 12 4 6014
6 12 5 8304
6 12 6 0
6 12 7 3012
6 12 8 3850
6 12 9 3412
6 12 10 2926
6 12 11 3369
6 12 12 0
6 12 13 5561
6 12 14 5752
6 12 15 4396
6 12 16 3341
6 12 17 6411
6 13 0 4154
6 13 1 7748
6 13 2 6752
6 13 3 3173
6 13 4 7704
6 13 5 7159
6 13 6 0
6 13 7 7051
6 13 8 5505
6 13 9 5912
6 13 10 9657
6 13 11 8362
6 13 12 6609
6 13 13 0
6 13 14 5426
6 13 15 6791
6 13 16 6789
6 13 17 7824
6 14 0 5667
6 14 1 4559
6 14 2 8670
6 14 3 7192
6 14 4 5876
6 14 5 7078
6 14 6 0
6 14 7 7214
6 14 8 5724
6 14 9 9217
6 14 10 6372
6 14 11 6355
6 14 12 8988
6 14 13 6455
6 14 14 0
6 14 15 8554
6 14 16 6070
6 14 17 6900
6 15 0 7806
6 15 1 6594
6 15 2 8150
6 15 3 5174
6 15 4 4311
6 15 5 6704
6 15 6 0
6 15 7 4692
6 15 8 3509
6 15 9 4576
6 15 10 734
6 15 11 3213
6 15 12 1030
6 15 13 4175
6 15 14 837
6 15 15 0
6 15 16 1308
6 15 17 4949
6 16 0 2791
6 16 1 1850
6 16 2 4282
6 16 3 2526
6 16 4 2520
6 16 5 3370
6 16 6 0
6 16 7 1950
6 16 8 5123
6 16 9 466
6 16 10 322
6 16 11 1558
6 16 12 3225
6 16 13 1895
6 16 14 1835
6 16 15 4242
6 16 16 0
6 16 17 3569
6 17 0 9526
6 17 1 9602
6 17 2 8113
6 17 3 7891
6 17 4 8183
6 17 5 5105
6 17 6 0
6 17 7 4942
6 17 8 4861
6 17 9 3857
6 17 10 6239
6 17 11 6877
6 17 12 8297
6 17 13 8103
6 17 14 5399
6 17 15 4851
6 17 16 5365
6 17 17 0
7 0 0 0
7 0 1 5246
7 0 2 5858
7 0 3 7092
7 0 4 4937
7 0 5 4662
7 0 6 8207
7 0 7 0
7 0 8 6650
7 0 9 8176
7 0 10 9272
7 0 11 5430
7 0 12 9264
7 0 13 5778
7 0 14 5903
7 0 15 8421
7 0 16 5898
7 0 17 9134
7 1 0 6717
7 1 1 0
7 1 2 5132
7 1 3 5039
7 1 4 6499
7 1 5 7325
7 1 6 3814
7 1 7 0
7 1 8 3326
7 1 9 6937
7 1 10 5942
7 1 11 4876
7 1 12 6690
7 1 13 7147
7 1 14 2570
7 1 15 4984
7 1 16 2732
7 1 17 6985
7 2 0 4149
7 2 1 5181
7 2 2 0
7 2 3 5199
7 2 4 2709
7 2 5 5489
7 2 6 3118
7 2 7 0
7 2 8 4918
7 2 9 9362
7 2 10 8791
7 2 11 6577
7 2 12 8026
7 2 13 8607
7 2 14 9137
7 2 15 8996
7 2 16 7620
7 2 17 7952
7 3 0 5055
7 3 1 3220
7 3 2 2957
7 3 3 0
7 3 4 4033
7 3 5 2812
7 3 6 2823
7 3 7 0
7 3 8 710
7 3 9 2220
7 3 10 4514
7 3 11 1751
7 3 12 2549
7 3 13 640
7 3 14 3271
7 3 15 1632
7 3 16 1476
7 3 17 3342
7 4 0 7232
7 4 1 7564
7 4 2 7866
7 4 3 6540
7 4 4 0
7 4 5 6803
7 4 6 8943
7 4 7 0
7 4 8 6555
7 4 9 4043
7 4 10 7225
7 4 11 4905
7 4 12 5000
7 4 13 7194
7 4 14 3978
7 4 15 2792
7 4 16 3493
7 4 17 5657
7 5 0 3194
7 5 1 4434
7 5 2 2880
7 5 3 5875
7 5 4 5524
7 5 5 0
7 5 6 5963
7 5 7 0
7 5 8 4388
7 5 9 6197
7 5 10 6211
7 5 11 7412
7 5 12 8632
7 5 13 7991
7 5 14 6522
7 5 15 6527
7 5 16 5685
7 5 17 3921
7 6 0 4366
7 6 1 4017
7 6 2 7226
7 6 3 4176
7 6 4 5813
7 6 5 7820
7 6 6 0
7 6 7 0
7 6 8 6353
7 6 9 3418
7 6 10 2832
7 6 11 3416
7 6 12 3655
7 6 13 6579
7 6 14 6446
7 6 15 2015
7 6 16 2127
7 6 17 5129
7 7 0 0
7 7 1 0
7 7 2 0
7 7 3 0
7 7 4 0
7 7 5 0
7 7 6 0
7 7 7 0
7 7 8 0
7 7 9 0
7 7 10 0
7 7 11 0
7 7 12 0
7 7 13 0
7 7 14 0
7 7 15 0
7 7 16 0
7 7 17 0
7 8 0 5965
7 8 1 4866
7 8 2 4002
7 8 3 4182
7 8 4 8004
7 8 5 4495
7 8 6 8377
7 8 7 0
7 8 8 0
7 8 9 2972
7 8 10 5058
7 8 11 2860
7 8 12 4775
7 8 13 5324
7 8 14 5009
7 8 15 5131
7 8 16 6938
7 8 17 2434
7 9 0 6152
7 9 1 7138
7 9 2 7107
7 9 3 4353
7 9 4 4153
7 9 5 4965
7 9 6 4103
7 9 7 0
7 9 8 6178
7 9 9 0
7 9 10 6255
7 9 11 8274
7 9 12 6800
7 9 13 7021
7 9 14 6896
7 9 15 8389
7 9 16 7749
7 9 17 5864
7 10 0 7585
7 10 1 6480
7 10 2 6873
7 10 3 6984
7 10 4 7672
7 10 5 5316
7 10 6 3854
7 10 7 0
7 10 8 5643
7 10 9 8389
7 10 10 0
7 10 11 9799
7 10 12 7642
7 10 13 6819
7 10 14 4950
7 10 15 7176
7 10 16 7621
7 10 17 9384
7 11 0 2482
7 11 1 4153
7 11 2 3398
7 11 3 2960
7 11 4 4091
7 11 5 5256
7 11 6 3177
7 11 7 0
7 11 8 5777
7 11 9 6182
7 11 10 7776
7 11 11 0
7 11 12 3207
7 11 13 4459
7 11 14 5621
7 11 15 5143
7 11 16 7559
7 11 17 4181
7 12 0 5912
7 12 1 5563
7 12 2 4443
7 12 3 3354
7 12 4 3782
7 12 5 6072
7 12 6 3012
7 12 7 0
7 12 8 5225
7 12 9 4787
7 12 10 4301
7 12 11 4744
7 12 12 0
7 12 13 6936
7 12 14 7127
7 12 15 5771
7 12 16 4716
7 12 17 7786
7 13 0 3541
7 13 1 7135
7 13 2 6139
7 13 3 2560
7 13 4 7091
7 13 5 6546
7 13 6 7051
7 13 7 0
7 13 8 1318
7 13 9 1725
7 13 10 5470
7 13 11 4175
7 13 12 2422
7 13 13 0
7 13 14 1239
7 13 15 2604
7 13 16 2602
7 13 17 3637
7 14 0 3962
7 14 1 2854
7 14 2 6965
7 14 3 5487
7 14 4 4171
7 14 5 5373
7 14 6 7214
7 14 7 0
7 14 8 5269
7 14 9 8762
7 14 10 5917
7 14 11 5900
7 14 12 8533
7 14 13 6000
7 14 14 0
7 14 15 8099
7 14 16 5615
7 14 17 6445
7 15 0 8389
7 15 1 7177
7 15 2 8733
7 15 3 5757
7 15 4 4894
7 15 5 7287
7 15 6 4692
7 15 7 0
7 15 8 6529
7 15 9 7596
7 15 10 3754
7 15 11 6233
7 15 12 4050
7 15 13 7195
7 15 14 3857
7 15 15 0
7 15 16 4328
7 15 17 7969
7 16 0 3012
7 16 1 2071
7 16 2 4503
7 16 3 2747
7 16 4 2741
7 16 5 3591
7 16 6 1950
7 16 7 0
7 16 8 8141
7 16 9 3484
7 16 10 3340
7 16 11 4576
7 16 12 6243
7 16 13 4913
7 16 14 4853
7 16 15 7260
7 16 16 0
7 16 17 6587
7 17 0 6238
7 17 1 6314
7 17 2 4825
7 17 3 4603
7 17 4 4895
7 17 5 1817
7 17 6 4942
7 17 7 0
7 17 8 5261
7 17 9 4257
7 17 10 6639
7 17 11 7277
7 17 12 8697
7 17 13 8503
7 17 14 5799
7 17 15 5251
7 17 16 5765
7 17 17 0
8 0 0 0
8 0 1 3094
8 0 2 3706
8 0 3 4940
8 0 4 2785
8 0 5 2510
8 0 6 6055
8 0 7 6650
8 0 8 0
8 0 9 5083
8 0 10 6179
8 0 11 2337
8 0 12 6171
8 0 13 2685
8 0 14 2810
8 0 15 5328
8 0 16 2805
8 0 17 6041
8 1 0 4544
8 1 1 0
8 1 2 2959
8 1 3 2866
8 1 4 4326
8 1 5 5152
8 1 6 1641
8 1 7 3326
8 1 8 0
8 1 9 5330
8 1 10 4335
8 1 11 3269
8 1 12 5083
8 1 13 5540
8 1 14 963
8 1 15 3377
8 1 16 1125
8 1 17 5378
8 2 0 3557
8 2 1 4589
8 2 2 0
8 2 3 4607
8 2 4 2117
8 2 5 4897
8 2 6 2526
8 2 7 4918
8 2 8 0
8 2 9 5798
8 2 10 5227
8 2 11 3013
8 2 12 4462
8 2 13 5043
8 2 14 5573
8 2 15 5432
8 2 16 4056
8 2 17 4388
8 3 0 2754
8 3 1 919
8 3 2 656
8 3 3 0
8 3 4 1732
8 3 5 511
8 3 6 522
8 3 7 710
8 3 8 0
8 3 9 4702
8 3 10 6996
8 3 11 4233
8 3 12 5031
8 3 13 3122
8 3 14 5753
8 3 15 4114
8 3 16 3958
8 3 17 5824
8 4 0 6997
8 4 1 7329
8 4 2 7631
8 4 3 6305
8 4 4 0
8 4 5 6568
8 4 6 8708
8 4 7 6555
8 4 8 0
8 4 9 4569
8 4 10 7751
8 4 11 5431
8 4 12 5526
8 4 13 7720
8 4 14 4504
8 4 15 3318
8 4 16 4019
8 4 17 6183
8 5 0 2159
8 5 1 3399
8 5 2 1845
8 5 3 4840
8 5 4 4489
8 5 5 0
8 5 6 4928
8 5 7 4388
8 5 8 0
8 5 9 2629
8 5 10 2643
8 5 11 3844
8 5 12 5064
8 5 13 4423
8 5 14 2954
8 5 15 2959
8 5 16 2117
8 5 17 353
8 6 0 5638
8 6 1 5289
8 6 2 8498
8 6 3 5448
8 6 4 7085
8 6 5 9092
8 6 6 0
8 6 7 6353
8 6 8 0
8 6 9 3394
8 6 10 2808
8 6 11 3392
8 6 12 3631
8 6 13 6555
8 6 14 6422
8 6 15 1991
8 6 16 2103
8 6 17 5105
8 7 0 6244
8 7 1 5166
8 7 2 2721
8 7 3 4610
8 7 4 6366
8 7 5 3657
8 7 6 5232
8 7 7 0
8 7 8 0
8 7 9 8652
8 7 10 8790
8 7 11 6778
8 7 12 7054
8 7 13 4416
8 7 14 8015
8 7 15 7059
8 7 16 7169
8 7 17 7553
8 8 0 0
8 8 1 0
8 8 2 0
8 8 3 0
8 8 4 0
8 8 5 0
8 8 6 0
8 8 7 0
8 8 8 0
8 8 9 0
8 8 10 0
8 8 11 0
8 8 12 0
8 8 13 0
8 8 14 0
8 8 15 0
8 8 16 0
8 8 17 0
8 9 0 5017
8 9 1 6003
8 9 2 5972
8 9 3 3218
8 9 4 3018
8 9 5 3830
8 9 6 2968
8 9 7 6178
8 9 8 0
8 9 9 0
8 9 10 2448
8 9 11 4467
8 9 12 2993
8 9 13 3214
8 9 14 3089
8 9 15 4582
8 9 16 3942
8 9 17 2057
8 10 0 5440
8 10 1 4335
8 10 2 4728
8 10 3 4839
8 10 4 5527
8 10 5 3171
8 10 6 1709
8 10 7 5643
8 10 8 0
8 10 9 6530
8 10 10 0
8 10 11 7940
8 10 12 5783
8 10 13 4960
8 10 14 3091
8 10 15 5317
8 10 16 5762
8 10 17 7525
8 11 0 3744
8 11 1 5415
8 11 2 4660
8 11 3 4222
8 11 4 5353
8 11 5 6518
8 11 6 4439
8 11 7 5777
8 11 8 0
8 11 9 4137
8 11 10 5731
8 11 11 0
8 11 12 1162
8 11 13 2414
8 11 14 3576
8 11 15 3098
8 11 16 5514
8 11 17 2136
8 12 0 6750
8 12 1 6401
8 12 2 5281
8 12 3 4192
8 12 4 4620
8 12 5 6910
8 12 6 3850
8 12 7 5225
8 12 8 0
8 12 9 4381
8 12 10 3895
8 12 11 4338
8 12 12 0
8 12 13 6530
8 12 14 6721
8 12 15 5365
8 12 16 4310
8 12 17 7380
8 13 0 1995
8 13 1 5589
8 13 2 4593
8 13 3 1014
8 13 4 5545
8 13 5 5000
8 13 6 5505
8 13 7 1318
8 13 8 0
8 13 9 4506
8 13 10 8251
8 13 11 6956
8 13 12 5203
8 13 13 0
8 13 14 4020
8 13 15 5385
8 13 16 5383
8 13 17 6418
8 14 0 2472
8 14 1 1364
8 14 2 5475
8 14 3 3997
8 14 4 2681
8 14 5 3883
8 14 6 5724
8 14 7 5269
8 14 8 0
8 14 9 7629
8 14 10 4784
8 14 11 4767
8 14 12 7400
8 14 13 4867
8 14 14 0
8 14 15 6966
8 14 16 4482
8 14 17 5312
8 15 0 7206
8 15 1 5994
8 15 2 7550
8 15 3 4574
8 15 4 3711
8 15 5 6104
8 15 6 3509
8 15 7 6529
8 15 8 0
8 15 9 7541
8 15 10 3699
8 15 11 6178
8 15 12 3995
8 15 13 7140
8 15 14 3802
8 15 15 0
8 15 16 4273
8 15 17 7914
8 16 0 6185
8 16 1 5244
8 16 2 7676
8 16 3 5920
8 16 4 5914
8 16 5 6764
8 16 6 5123
8 16 7 8141
8 16 8 0
8 16 9 5126
8 16 10 4982
8 16 11 6218
8 16 12 7885
8 16 13 6555
8 16 14 6495
8 16 15 8902
8 16 16 0
8 16 17 8229
8 17 0 6157
8 17 1 6233
8 17 2 4744
8 17 3 4522
8 17 4 4814
8 17 5 1736
8 17 6 4861
8 17 7 5261
8 17 8 0
8 17 9 1011
8 17 10 3393
8 17 11 4031
8 17 12 5451
8 17 13 5257
8 17 14 2553
8 17 15 2005
8 17 16 2519
8 17 17 0
9 0 0 0
9 0 1 4620
9 0 2 5232
9 0 3 6466
9 0 4 4311
9 0 5 4036
9 0 6 7581
9 0 7 8176
9 0 8 5083
9 0 9 0
9 0 10 7532
9 0 11 3690
9 0 12 7524
9 0 13 4038
9 0 14 4163
9 0 15 6681
9 0 16 4158
9 0 17 7394
9 1 0 8155
9 1 1 0
9 1 2 6570
9 1 3 6477
9 1 4 7937
9 1 5 8763
9 1 6 5252
9 1 7 6937
9 1 8 5330
9 1 9 0
9 1 10 6155
9 1 11 5089
9 1 12 6903
9 1 13 7360
9 1 14 2783
9 1 15 5197
9 1 16 2945
9 1 17 7198
9 2 0 8001
9 2 1 9033
9 2 2 0
9 2 3 9051
9 2 4 6561
9 2 5 9341
9 2 6 6970
9 2 7 9362
9 2 8 5798
9 2 9 0
9 2 10 8992
9 2 11 6778
9 2 12 8227
9 2 13 8808
9 2 14 9338
9 2 15 9197
9 2 16 7821
9 2 17 8153
9 3 0 4264
9 3 1 2429
9 3 2 2166
9 3 3 0
9 3 4 3242
9 3 5 2021
9 3 6 2032
9 3 7 2220
9 3 8 4702
9 3 9 0
9 3 10 4185
9 3 11 1422
9 3 12 2220
9 3 13 311
9 3 14 2942
9 3 15 1303
9 3 16 1147
9 3 17 3013
9 4 0 4485
9 4 1 4817
9 4 2 5119
9 4 3 3793
9 4 4 0
9 4 5 4056
9 4 6 6196
9 4 7 4043
9 4 8 4569
9 4 9 0
9 4 10 8445
9 4 11 6125
9 4 12 6220
9 4 13 8414
9 4 14 5198
9 4 15 4012
9 4 16 4713
9 4 17 6877
9 5 0 3968
9 5 1 5208
9 5 2 3654
9 5 3 6649
9 5 4 6298
9 5 5 0
9 5 6 6737
9 5 7 6197
9 5 8 2629
9 5 9 0
9 5 10 5858
9 5 11 7059
9 5 12 8279
9 5 13 7638
9 5 14 6169
9 5 15 6174
9 5 16 5332
9 5 17 3568
9 6 0 2703
9 6 1 2354
9 6 2 5563
9 6 3 2513
9 6 4 4150
9 6 5 6157
9 6 6 0
9 6 7 3418
9 6 8 3394
9 6 9 0
9 6 10 3984
9 6 11 4568
9 6 12 4807
9 6 13 7731
9 6 14 7598
9 6 15 3167
9 6 16 3279
9 6 17 6281
9 7 0 9087
9 7 1 8009
9 7 2 5564
9 7 3 7453
9 7 4 9209
9 7 5 6500
9 7 6 8075
9 7 7 0
9 7 8 8652
9 7 9 0
9 7 10 7451
9 7 11 5439
9 7 12 5715
9 7 13 3077
9 7 14 6676
9 7 15 5720
9 7 16 5830
9 7 17 6214
9 8 0 3128
9 8 1 2029
9 8 2 1165
9 8 3 1345
9 8 4 5167
9 8 5 1658
9 8 6 5540
9 8 7 2972
9 8 8 0
9 8 9 0
9 8 10 4457
9 8 11 2259
9 8 12 4174
9 8 13 4723
9 8 14 4408
9 8 15 4530
9 8 16 6337
9 8 17 1833
9 9 0 0
9 9 1 0
9 9 2 0
9 9 3 0
9 9 4 0
9 9 5 0
9 9 6 0
9 9 7 0
9 9 8 0
9 9 9 0
9 9 10 0
9 9 11 0
9 9 12 0
9 9 13 0
9 9 14 0
9 9 15 0
9 9 16 0
9 9 17 0
9 10 0 8186
9 10 1 7081
9 10 2 7474
9 10 3 7585
9 10 4 8273
9 10 5 5917
9 10 6 4455
9 10 7 8389
9 10 8 6530
9 10 9 0
9 10 10 0
9 10 11 6294
9 10 12 4137
9 10 13 3314
9 10 14 1445
9 10 15 3671
9 10 16 4116
9 10 17 5879
9 11 0 4149
9 11 1 5820
9 11 2 5065
9 11 3 4627
9 11 4 5758
9 11 5 6923
9 11 6 4844
9 11 7 6182
9 11 8 4137
9 11 9 0
9 11 10 8302
9 11 11 0
9 11 12 3733
9 11 13 4985
9 11 14 6147
9 11 15 5669
9 11 16 8085
9 11 17 4707
9 12 0 6312
9 12 1 5963
9 12 2 4843
9 12 3 3754
9 12 4 4182
9 12 5 6472
9 12 6 3412
9 12 7 4787
9 12 8 4381
9 12 9 0
9 12 10 3077
9 12 11 3520
9 12 12 0
9 12 13 5712
9 12 14 5903
9 12 15 4547
9 12 16 3492
9 12 17 6562
9 13 0 2402
9 13 1 5996
9 13 2 5000
9 13 3 1421
9 13 4 5952
9 13 5 5407
9 13 6 5912
9 13 7 1725
9 13 8 4506
9 13 9 0
9 13 10 7105
9 13 11 5810
9 13 12 4057
9 13 13 0
9 13 14 2874
9 13 15 4239
9 13 16 4237
9 13 17 5272
9 14 0 5965
9 14 1 4857
9 14 2 8968
9 14 3 7490
9 14 4 6174
9 14 5 7376
9 14 6 9217
9 14 7 8762
9 14 8 7629
9 14 9 0
9 14 10 3828
9 14 11 3811
9 14 12 6444
9 14 13 3911
9 14 14 0
9 14 15 6010
9 14 16 3526
9 14 17 4356
9 15 0 8273
9 15 1 7061
9 15 2 8617
9 15 3 5641
9 15 4 4778
9 15 5 7171
9 15 6 4576
9 15 7 7596
9 15 8 7541
9 15 9 0
9 15 10 4114
9 15 11 6593
9 15 12 4410
9 15 13 7555
9 15 14 4217
9 15 15 0
9 15 16 4688
9 15 17 8329
9 16 0 1528
9 16 1 587
9 16 2 3019
9 16 3 1263
9 16 4 1257
9 16 5 2107
9 16 6 466
9 16 7 3484
9 16 8 5126
9 16 9 0
9 16 10 2950
9 16 11 4186
9 16 12 5853
9 16 13 4523
9 16 14 4463
9 16 15 6870
9 16 16 0
9 16 17 6197
9 17 0 5153
9 17 1 5229
9 17 2 3740
9 17 3 3518
9 17 4 3810
9 17 5 732
9 17 6 3857
9 17 7 4257
9 17 8 1011
9 17 9 0
9 17 10 3980
9 17 11 4618
9 17 12 6038
9 17 13 5844
9 17 14 3140
9 17 15 2592
9 17 16 3106
9 17 17 0
10 0 0 0
10 0 1 5716
10 0 2 6328
10 0 3 7562
10 0 4 5407
10 0 5 5132
10 0 6 8677
10 0 7 9272
10 0 8 6179
10 0 9 7532
10 0 10 0
10 0 11 3398
10 0 12 7232
10 0 13 3746
10 0 14 3871
10 0 15 6389
10 0 16 3866
10 0 17 7102
10 1 0 7160
10 1 1 0
10 1 2 5575
10 1 3 5482
10 1 4 6942
10 1 5 7768
10 1 6 4257
10 1 7 5942
10 1 8 4335
10 1 9 6155
10 1 10 0
10 1 11 6503
10 1 12 8317
10 1 13 8774
10 1 14 4197
10 1 15 6611
10 1 16 4359
10 1 17 8612
10 2 0 7430
10 2 1 8462
10 2 2 0
10 2 3 8480
10 2 4 5990
10 2 5 8770
10 2 6 6399
10 2 7 8791
10 2 8 5227
10 2 9 8992
10 2 10 0
10 2 11 2847
10 2 12 4296
10 2 13 4877
10 2 14 5407
10 2 15 5266
10 2 16 3890
10 2 17 4222
10 3 0 6558
10 3 1 4723
10 3 2 4460
10 3 3 0
10 3 4 5536
10 3 5 4315
10 3 6 4326
10 3 7 4514
10 3 8 6996
10 3 9 4185
10 3 10 0
10 3 11 3978
10 3 12 4776
10 3 13 2867
10 3 14 5498
10 3 15 3859
10 3 16 3703
10 3 17 5569
10 4 0 7667
10 4 1 7999
10 4 2 8301
10 4 3 6975
10 4 4 0
10 4 5 7238
10 4 6 9378
10 4 7 7225
10 4 8 7751
10 4 9 8445
10 4 10 0
10 4 11 4951
10 4 12 5046
10 4 13 7240
10 4 14 4024
10 4 15 2838
10 4 16 3539
10 4 17 5703
10 5 0 3982
10 5 1 5222
10 5 2 3668
10 5 3 6663
10 5 4 6312
10 5 5 0
10 5 6 6751
10 5 7 6211
10 5 8 2643
10 5 9 5858
10 5 10 0
10 5 11 4404
10 5 12 5624
10 5 13 4983
10 5 14 3514
10 5 15 3519
10 5 16 2677
10 5 17 913
10 6 0 2117
10 6 1 1768
10 6 2 4977
10 6 3 1927
10 6 4 3564
10 6 5 5571
10 6 6 0
10 6 7 2832
10 6 8 2808
10 6 9 3984
10 6 10 0
10 6 11 5408
10 6 12 5647
10 6 13 8571
10 6 14 8438
10 6 15 4007
10 6 16 4119
10 6 17 7121
10 7 0 9225
10 7 1 8147
10 7 2 5702
10 7 3 7591
10 7 4 9347
10 7 5 6638
10 7 6 8213
10 7 7 0
10 7 8 8790
10 7 9 7451
10 7 10 0
10 7 11 5776
10 7 12 6052
10 7 13 3414
10 7 14 7013
10 7 15 6057
10 7 16 6167
10 7 17 6551
10 8 0 5214
10 8 1 4115
10 8 2 3251
10 8 3 3431
10 8 4 7253
10 8 5 3744
10 8 6 7626
10 8 7 5058
10 8 8 0
10 8 9 4457
10 8 10 0
10 8 11 1586
10 8 12 3501
10 8 13 4050
10 8 14 3735
10 8 15 3857
10 8 16 5664
10 8 17 1160
10 9 0 5094
10 9 1 6080
10 9 2 6049
10 9 3 3295
10 9 4 3095
10 9 5 3907
10 9 6 3045
10 9 7 6255
10 9 8 2448
10 9 9 0
10 9 10 0
10 9 11 6903
10 9 12 5429
10 9 13 5650
10 9 14 5525
10 9 15 7018
10 9 16 6378
10 9 17 4493
10 10 0 0
10 10 1 0
10 10 2 0
10 10 3 0
10 10 4 0
10 10 5 0
10 10 6 0
10 10 7 0
10 10 8 0
10 10 9 0
10 10 10 0
10 10 11 0
10 10 12 0
10 10 13 0
10 10 14 0
10 10 15 0
10 10 16 0
10 10 17 0
10 11 0 5743
10 11 1 7414
10 11 2 6659
10 11 3 6221
10 11 4 7352
10 11 5 8517
10 11 6 6438
10 11 7 7776
10 11 8 5731
10 11 9 8302
10 11 10 0
10 11 11 0
10 11 12 5120
10 11 13 6372
10 11 14 7534
10 11 15 7056
10 11 16 9472
10 11 17 6094
10 12 0 5826
10 12 1 5477
10 12 2 4357
10 12 3 3268
10 12 4 3696
10 12 5 5986
10 12 6 2926
10 12 7 4301
10 12 8 3895
10 12 9 3077
10 12 10 0
10 12 11 4224
10 12 12 0
10 12 13 6416
10 12 14 6607
10 12 15 5251
10 12 16 4196
10 12 17 7266
10 13 0 6147
10 13 1 9741
10 13 2 8745
10 13 3 5166
10 13 4 9697
10 13 5 9152
10 13 6 9657
10 13 7 5470
10 13 8 8251
10 13 9 7105
10 13 10 0
10 13 11 5470
10 13 12 3717
10 13 13 0
10 13 14 2534
10 13 15 3899
10 13 16 3897
10 13 17 4932
10 14 0 3120
10 14 1 2012
10 14 2 6123
10 14 3 4645
10 14 4 3329
10 14 5 4531
10 14 6 6372
10 14 7 5917
10 14 8 4784
10 14 9 3828
10 14 10 0
10 14 11 1727
10 14 12 4360
10 14 13 1827
10 14 14 0
10 14 15 3926
10 14 16 1442
10 14 17 2272
10 15 0 4431
10 15 1 3219
10 15 2 4775
10 15 3 1799
10 15 4 936
10 15 5 3329
10 15 6 734
10 15 7 3754
10 15 8 3699
10 15 9 4114
10 15 10 0
10 15 11 5242
10 15 12 3059
10 15 13 6204
10 15 14 2866
10 15 15 0
10 15 16 3337
10 15 17 6978
10 16 0 1384
10 16 1 443
10 16 2 2875
10 16 3 1119
10 16 4 1113
10 16 5 1963
10 16 6 322
10 16 7 3340
10 16 8 4982
10 16 9 2950
10 16 10 0
10 16 11 3920
10 16 12 5587
10 16 13 4257
10 16 14 4197
10 16 15 6604
10 16 16 0
10 16 17 5931
10 17 0 7535
10 17 1 7611
10 17 2 6122
10 17 3 5900
10 17 4 6192
10 17 5 3114
10 17 6 6239
10 17 7 6639
10 17 8 3393
10 17 9 3980
10 17 10 0
10 17 11 8000
10 17 12 9420
10 17 13 9226
10 17 14 6522
10 17 15 5974
10 17 16 6488
10 17 17 0
11 0 0 0
11 0 1 1874
11 0 2 2486
11 0 3 3720
11 0 4 1565
11 0 5 1290
11 0 6 4835
11 0 7 5430
11 0 8 2337
11 0 9 3690
11 0 10 3398
11 0 11 0
11 0 12 6739
11 0 13 3253
11 0 14 3378
11 0 15 5896
11 0 16 3373
11 0 17 6609
11 1 0 6094
11 1 1 0
11 1 2 4509
11 1 3 4416
11 1 4 5876
11 1 5 6702
11 1 6 3191
11 1 7 4876
11 1 8 3269
11 1 9 5089
11 1 10 6503
11 1 11 0
11 1 12 4654
11 1 13 5111
11 1 14 534
11 1 15 2948
11 1 16 696
11 1 17 4949
11 2 0 5216
11 2 1 6248
11 2 2 0
11 2 3 6266
11 2 4 3776
11 2 5 6556
11 2 6 4185
11 2 7 6577
11 2 8 3013
11 2 9 6778
11 2 10 2847
11 2 11 0
11 2 12 5398
11 2 13 5979
11 2 14 6509
11 2 15 6368
11 2 16 4992
11 2 17 5324
11 3 0 3795
11 3 1 1960
11 3 2 1697
11 3 3 0
11 3 4 2773
11 3 5 1552
11 3 6 1563
11 3 7 1751
11 3 8 4233
11 3 9 1422
11 3 10 3978
11 3 11 0
11 3 12 3665
11 3 13 1756
11 3 14 4387
11 3 15 2748
11 3 16 2592
11 3 17 4458
11 4 0 5347
11 4 1 5679
11 4 2 5981
11 4 3 4655
11 4 4 0
11 4 5 4918
11 4 6 7058
11 4 7 4905
11 4 8 5431
11 4 9 6125
11 4 10 4951
11 4 11 0
11 4 12 5532
11 4 13 7726
11 4 14 4510
11 4 15 3324
11 4 16 4025
11 4 17 6189
11 5 0 5183
11 5 1 6423
11 5 2 4869
11 5 3 7864
11 5 4 7513
11 5 5 0
11 5 6 7952
11 5 7 7412
11 5 8 3844
11 5 9 7059
11 5 10 4404
11 5 11 0
11 5 12 5894
11 5 13 5253
11 5 14 3784
11 5 15 3789
11 5 16 2947
11 5 17 1183
11 6 0 2701
11 6 1 2352
11 6 2 5561
11 6 3 2511
11 6 4 4148
11 6 5 6155
11 6 6 0
11 6 7 3416
11 6 8 3392
11 6 9 4568
11 6 10 5408
11 6 11 0
11 6 12 2629
11 6 13 5553
11 6 14 5420
11 6 15 989
11 6 16 1101
11 6 17 4103
11 7 0 7213
11 7 1 6135
11 7 2 3690
11 7 3 5579
11 7 4 7335
11 7 5 4626
11 7 6 6201
11 7 7 0
11 7 8 6778
11 7 9 5439
11 7 10 5776
11 7 11 0
11 7 12 4791
11 7 13 2153
11 7 14 5752
11 7 15 4796
11 7 16 4906
11 7 17 5290
11 8 0 3016
11 8 1 1917
11 8 2 1053
11 8 3 1233
11 8 4 5055
11 8 5 1546
11 8 6 5428
11 8 7 2860
11 8 8 0
11 8 9 2259
11 8 10 1586
11 8 11 0
11 8 12 5647
11 8 13 6196
11 8 14 5881
11 8 15 6003
11 8 16 7810
11 8 17 3306
11 9 0 7113
11 9 1 8099
11 9 2 8068
11 9 3 5314
11 9 4 5114
11 9 5 5926
11 9 6 5064
11 9 7 8274
11 9 8 4467
11 9 9 0
11 9 10 6903
11 9 11 0
11 9 12 5234
11 9 13 5455
11 9 14 5330
11 9 15 6823
11 9 16 6183
11 9 17 4298
11 10 0 9596
11 10 1 8491
11 10 2 8884
11 10 3 8995
11 10 4 9683
11 10 5 7327
11 10 6 5865
11 10 7 9799
11 10 8 7940
11 10 9 6294
11 10 10 0
11 10 11 0
11 10 12 7532
11 10 13 6709
11 10 14 4840
11 10 15 7066
11 10 16 7511
11 10 17 9274
11 11 0 0
11 11 1 0
11 11 2 0
11 11 3 0
11 11 4 0
11 11 5 0
11 11 6 0
11 11 7 0
11 11 8 0
11 11 9 0
11 11 10 0
11 11 11 0
11 11 12 0
11 11 13 0
11 11 14 0
11 11 15 0
11 11 16 0
11 11 17 0
11 12 0 6269
11 12 1 5920
11 12 2 4800
11 12 3 3711
11 12 4 4139
11 12 5 6429
11 12 6 3369
11 12 7 4744
11 12 8 4338
11 12 9 3520
11 12 10 4224
11 12 11 0
11 12 12 0
11 12 13 3993
11 12 14 4184
11 12 15 2828
11 12 16 1773
11 12 17 4843
11 13 0 4852
11 13 1 8446
11 13 2 7450
11 13 3 3871
11 13 4 8402
11 13 5 7857
11 13 6 8362
11 13 7 4175
11 13 8 6956
11 13 9 5810
11 13 10 5470
11 13 11 0
11 13 12 3369
11 13 13 0
11 13 14 2186
11 13 15 3551
11 13 16 3549
11 13 17 4584
11 14 0 3103
11 14 1 1995
11 14 2 6106
11 14 3 4628
11 14 4 3312
11 14 5 4514
11 14 6 6355
11 14 7 5900
11 14 8 4767
11 14 9 3811
11 14 10 1727
11 14 11 0
11 14 12 7043
11 14 13 4510
11 14 14 0
11 14 15 6609
11 14 16 4125
11 14 17 4955
11 15 0 6910
11 15 1 5698
11 15 2 7254
11 15 3 4278
11 15 4 3415
11 15 5 5808
11 15 6 3213
11 15 7 6233
11 15 8 6178
11 15 9 6593
11 15 10 5242
11 15 11 0
11 15 12 3038
11 15 13 6183
11 15 14 2845
11 15 15 0
11 15 16 3316
11 15 17 6957
11 16 0 2620
11 16 1 1679
11 16 2 4111
11 16 3 2355
11 16 4 2349
11 16 5 3199
11 16 6 1558
11 16 7 4576
11 16 8 6218
11 16 9 4186
11 16 10 3920
11 16 11 0
11 16 12 7537
11 16 13 6207
11 16 14 6147
11 16 15 8554
11 16 16 0
11 16 17 7881
11 17 0 8173
11 17 1 8249
11 17 2 6760
11 17 3 6538
11 17 4 6830
11 17 5 3752
11 17 6 6877
11 17 7 7277
11 17 8 4031
11 17 9 4618
11 17 10 8000
11 17 11 0
11 17 12 6229
11 17 13 6035
11 17 14 3331
11 17 15 2783
11 17 16 3297
11 17 17 0
12 0 0 0
12 0 1 5708
12 0 2 6320
12 0 3 7554
12 0 4 5399
12 0 5 5124
12 0 6 8669
12 0 7 9264
12 0 8 6171
12 0 9 7524
12 0 10 7232
12 0 11 6739
12 0 12 0
12 0 13 2097
12 0 14 2222
12 0 15 4740
12 0 16 2217
12 0 17 5453
12 1 0 7908
12 1 1 0
12 1 2 6323
12 1 3 6230
12 1 4 7690
12 1 5 8516
12 1 6 5005
12 1 7 6690
12 1 8 5083
12 1 9 6903
12 1 10 8317
12 1 11 4654
12 1 12 0
12 1 13 5745
12 1 14 1168
12 1 15 3582
12 1 16 1330
12 1 17 5583
12 2 0 6665
12 2 1 7697
12 2 2 0
12 2 3 7715
12 2 4 5225
12 2 5 8005
12 2 6 5634
12 2 7 8026
12 2 8 4462
12 2 9 8227
12 2 10 4296
12 2 11 5398
12 2 12 0
12 2 13 5495
12 2 14 6025
12 2 15 5884
12 2 16 4508
12 2 17 4840
12 3 0 4593
12 3 1 2758
12 3 2 2495
12 3 3 0
12 3 4 3571
12 3 5 2350
12 3 6 2361
12 3 7 2549
12 3 8 5031
12 3 9 2220
12 3 10 4776
12 3 11 3665
12 3 12 0
12 3 13 3440
12 3 14 6071
12 3 15 4432
12 3 16 4276
12 3 17 6142
12 4 0 5442
12 4 1 5774
12 4 2 6076
12 4 3 4750
12 4 4 0
12 4 5 5013
12 4 6 7153
12 4 7 5000
12 4 8 5526
12 4 9 6220
12 4 10 5046
12 4 11 5532
12 4 12 0
12 4 13 6268
12 4 14 3052
12 4 15 1866
12 4 16 2567
12 4 17 4731
12 5 0 6403
12 5 1 7643
12 5 2 6089
12 5 3 9084
12 5 4 8733
12 5 5 0
12 5 6 9172
12 5 7 8632
12 5 8 5064
12 5 9 8279
12 5 10 5624
12 5 11 5894
12 5 12 0
12 5 13 5749
12 5 14 4280
12 5 15 4285
12 5 16 3443
12 5 17 1679
12 6 0 2940
12 6 1 2591
12 6 2 5800
12 6 3 2750
12 6 4 4387
12 6 5 6394
12 6 6 0
12 6 7 3655
12 6 8 3631
12 6 9 4807
12 6 10 5647
12 6 11 2629
12 6 12 0
12 6 13 8168
12 6 14 8035
12 6 15 3604
12 6 16 3716
12 6 17 6718
12 7 0 7489
12 7 1 6411
12 7 2 3966
12 7 3 5855
12 7 4 7611
12 7 5 4902
12 7 6 6477
12 7 7 0
12 7 8 7054
12 7 9 5715
12 7 10 6052
12 7 11 4791
12 7 12 0
12 7 13 1749
12 7 14 5348
12 7 15 4392
12 7 16 4502
12 7 17 4886
12 8 0 4931
12 8 1 3832
12 8 2 2968
12 8 3 3148
12 8 4 6970
12 8 5 3461
12 8 6 7343
12 8 7 4775
12 8 8 0
12 8 9 4174
12 8 10 3501
12 8 11 5647
12 8 12 0
12 8 13 5368
12 8 14 5053
12 8 15 5175
12 8 16 6982
12 8 17 2478
12 9 0 5639
12 9 1 6625
12 9 2 6594
12 9 3 3840
12 9 4 3640
12 9 5 4452
12 9 6 3590
12 9 7 6800
12 9 8 2993
12 9 9 0
12 9 10 5429
12 9 11 5234
12 9 12 0
12 9 13 3784
12 9 14 3659
12 9 15 5152
12 9 16 4512
12 9 17 2627
12 10 0 7439
12 10 1 6334
12 10 2 6727
12 10 3 6838
12 10 4 7526
12 10 5 5170
12 10 6 3708
12 10 7 7642
12 10 8 5783
12 10 9 4137
12 10 10 0
12 10 11 7532
12 10 12 0
12 10 13 2958
12 10 14 1089
12 10 15 3315
12 10 16 3760
12 10 17 5523
12 11 0 1174
12 11 1 2845
12 11 2 2090
12 11 3 1652
12 11 4 2783
12 11 5 3948
12 11 6 1869
12 11 7 3207
12 11 8 1162
12 11 9 3733
12 11 10 5120
12 11 11 0
12 11 12 0
12 11 13 3053
12 11 14 4215
12 11 15 3737
12 11 16 6153
12 11 17 2775
12 12 0 0
12 12 1 0
12 12 2 0
12 12 3 0
12 12 4 0
12 12 5 0
12 12 6 0
12 12 7 0
12 12 8 0
12 12 9 0
12 12 10 0
12 12 11 0
12 12 12 0
12 12 13 0
12 12 14 0
12 12 15 0
12 12 16 0
12 12 17 0
12 13 0 3099
12 13 1 6693
12 13 2 5697
12 13 3 2118
12 13 4 6649
12 13 5 6104
12 13 6 6609
12 13 7 2422
12 13 8 5203
12 13 9 4057
12 13 10 3717
12 13 11 3369
12 13 12 0
12 13 13 0
12 13 14 4387
12 13 15 5752
12 13 16 5750
12 13 17 6785
12 14 0 5736
12 14 1 4628
12 14 2 8739
12 14 3 7261
12 14 4 5945
12 14 5 7147
12 14 6 8988
12 14 7 8533
12 14 8 7400
12 14 9 6444
12 14 10 4360
12 14 11 7043
12 14 12 0
12 14 13 5740
12 14 14 0
12 14 15 7839
12 14 16 5355
12 14 17 6185
12 15 0 4727
12 15 1 3515
12 15 2 5071
12 15 3 2095
12 15 4 1232
12 15 5 3625
12 15 6 1030
12 15 7 4050
12 15 8 3995
12 15 9 4410
12 15 10 3059
12 15 11 3038
12 15 12 0
12 15 13 6535
12 15 14 3197
12 15 15 0
12 15 16 3668
12 15 17 7309
12 16 0 4287
12 16 1 3346
12 16 2 5778
12 16 3 4022
12 16 4 4016
12 16 5 4866
12 16 6 3225
12 16 7 6243
12 16 8 7885
12 16 9 5853
12 16 10 5587
12 16 11 7537
12 16 12 0
12 16 13 3088
12 16 14 3028
12 16 15 5435
12 16 16 0
12 16 17 4762
12 17 0 9593
12 17 1 9669
12 17 2 8180
12 17 3 7958
12 17 4 8250
12 17 5 5172
12 17 6 8297
12 17 7 8697
12 17 8 5451
12 17 9 6038
12 17 10 9420
12 17 11 6229
12 17 12 0
12 17 13 9364
12 17 14 6660
12 17 15 6112
12 17 16 6626
12 17 17 0
13 0 0 0
13 0 1 2222
13 0 2 2834
13 0 3 4068
13 0 4 1913
13 0 5 1638
13 0 6 5183
13 0 7 5778
13 0 8 2685
13 0 9 4038
13 0 10 3746
13 0 11 3253
13 0 12 2097
13 0 13 0
13 0 14 3166
13 0 15 5684
13 0 16 3161
13 0 17 6397
13 1 0 8365
13 1 1 0
13 1 2 6780
13 1 3 6687
13 1 4 8147
13 1 5 8973
13 1 6 5462
13 1 7 7147
13 1 8 5540
13 1 9 7360
13 1 10 8774
13 1 11 5111
13 1 12 5745
13 1 13 0
13 1 14 4430
13 1 15 6844
13 1 16 4592
13 1 17 8845
13 2 0 7246
13 2 1 8278
13 2 2 0
13 2 3 8296
13 2 4 5806
13 2 5 8586
13 2 6 6215
13 2 7 8607
13 2 8 5043
13 2 9 8808
13 2 10 4877
13 2 11 5979
13 2 12 5495
13 2 13 0
13 2 14 6655
13 2 15 6514
13 2 16 5138
13 2 17 5470
13 3 0 2684
13 3 1 849
13 3 2 586
13 3 3 0
13 3 4 1662
13 3 5 441
13 3 6 452
13 3 7 640
13 3 8 3122
13 3 9 311
13 3 10 2867
13 3 11 1756
13 3 12 3440
13 3 13 0
13 3 14 7599
13 3 15 5960
13 3 16 5804
13 3 17 7670
13 4 0 7636
13 4 1 7968
13 4 2 8270
13 4 3 6944
13 4 4 0
13 4 5 7207
13 4 6 9347
13 4 7 7194
13 4 8 7720
13 4 9 8414
13 4 10 7240
13 4 11 7726
13 4 12 6268
13 4 13 0
13 4 14 4054
13 4 15 2868
13 4 16 3569
13 4 17 5733
13 5 0 5762
13 5 1 7002
13 5 2 5448
13 5 3 8443
13 5 4 8092
13 5 5 0
13 5 6 8531
13 5 7 7991
13 5 8 4423
13 5 9 7638
13 5 10 4983
13 5 11 5253
13 5 12 5749
13 5 13 0
13 5 14 7170
13 5 15 7175
13 5 16 6333
13 5 17 4569
13 6 0 5864
13 6 1 5515
13 6 2 8724
13 6 3 5674
13 6 4 7311
13 6 5 9318
13 6 6 0
13 6 7 6579
13 6 8 6555
13 6 9 7731
13 6 10 8571
13 6 11 5553
13 6 12 8168
13 6 13 0
13 6 14 7531
13 6 15 3100
13 6 16 3212
13 6 17 6214
13 7 0 4851
13 7 1 3773
13 7 2 1328
13 7 3 3217
13 7 4 4973
13 7 5 2264
13 7 6 3839
13 7 7 0
13 7 8 4416
13 7 9 3077
13 7 10 3414
13 7 11 2153
13 7 12 1749
13 7 13 0
13 7 14 6463
13 7 15 5507
13 7 16 5617
13 7 17 6001
13 8 0 5480
13 8 1 4381
13 8 2 3517
13 8 3 3697
13 8 4 7519
13 8 5 4010
13 8 6 7892
13 8 7 5324
13 8 8 0
13 8 9 4723
13 8 10 4050
13 8 11 6196
13 8 12 5368
13 8 13 0
13 8 14 3784
13 8 15 3906
13 8 16 5713
13 8 17 1209
13 9 0 5860
13 9 1 6846
13 9 2 6815
13 9 3 4061
13 9 4 3861
13 9 5 4673
13 9 6 3811
13 9 7 7021
13 9 8 3214
13 9 9 0
13 9 10 5650
13 9 11 5455
13 9 12 3784
13 9 13 0
13 9 14 3235
13 9 15 4728
13 9 16 4088
13 9 17 2203
13 10 0 6616
13 10 1 5511
13 10 2 5904
13 10 3 6015
13 10 4 6703
13 10 5 4347
13 10 6 2885
13 10 7 6819
13 10 8 4960
13 10 9 3314
13 10 10 0
13 10 11 6709
13 10 12 2958
13 10 13 0
13 10 14 4896
13 10 15 7122
13 10 16 7567
13 10 17 9330
13 11 0 2426
13 11 1 4097
13 11 2 3342
13 11 3 2904
13 11 4 4035
13 11 5 5200
13 11 6 3121
13 11 7 4459
13 11 8 2414
13 11 9 4985
13 11 10 6372
13 11 11 0
13 11 12 3053
13 11 13 0
13 11 14 6284
13 11 15 5806
13 11 16 8222
13 11 17 4844
13 12 0 8461
13 12 1 8112
13 12 2 6992
13 12 3 5903
13 12 4 6331
13 12 5 8621
13 12 6 5561
13 12 7 6936
13 12 8 6530
13 12 9 5712
13 12 10 6416
13 12 11 3993
13 12 12 0
13 12 13 0
13 12 14 5761
13 12 15 4405
13 12 16 3350
13 12 17 6420
13 13 0 0
13 13 1 0
13 13 2 0
13 13 3 0
13 13 4 0
13 13 5 0
13 13 6 0
13 13 7 0
13 13 8 0
13 13 9 0
13 13 10 0
13 13 11 0
13 13 12 0
13 13 13 0
13 13 14 0
13 13 15 0
13 13 16 0
13 13 17 0
13 14 0 3203
13 14 1 2095
13 14 2 6206
13 14 3 4728
13 14 4 3412
13 14 5 4614
13 14 6 6455
13 14 7 6000
13 14 8 4867
13 14 9 3911
13 14 10 1827
13 14 11 4510
13 14 12 5740
13 14 13 0
13 14 14 0
13 14 15 4589
13 14 16 2105
13 14 17 2935
13 15 0 7872
13 15 1 6660
13 15 2 8216
13 15 3 5240
13 15 4 4377
13 15 5 6770
13 15 6 4175
13 15 7 7195
13 15 8 7140
13 15 9 7555
13 15 10 6204
13 15 11 6183
13 15 12 6535
13 15 13 0
13 15 14 2668
13 15 15 0
13 15 16 3139
13 15 17 6780
13 16 0 2957
13 16 1 2016
13 16 2 4448
13 16 3 2692
13 16 4 2686
13 16 5 3536
13 16 6 1895
13 16 7 4913
13 16 8 6555
13 16 9 4523
13 16 10 4257
13 16 11 6207
13 16 12 3088
13 16 13 0
13 16 14 3552
13 16 15 5959
13 16 16 0
13 16 17 5286
13 17 0 9399
13 17 1 9475
13 17 2 7986
13 17 3 7764
13 17 4 8056
13 17 5 4978
13 17 6 8103
13 17 7 8503
13 17 8 5257
13 17 9 5844
13 17 10 9226
13 17 11 6035
13 17 12 9364
13 17 13 0
13 17 14 5149
13 17 15 4601
13 17 16 5115
13 17 17 0
14 0 0 0
14 0 1 2347
14 0 2 2959
14 0 3 4193
14 0 4 2038
14 0 5 1763
14 0 6 5308
14 0 7 5903
14 0 8 2810
14 0 9 4163
14 0 10 3871
14 0 11 3378
14 0 12 2222
14 0 13 3166
14 0 14 0
14 0 15 7238
14 0 16 4715
14 0 17 7951
14 1 0 3788
14 1 1 0
14 1 2 2203
14 1 3 2110
14 1 4 3570
14 1 5 4396
14 1 6 885
14 1 7 2570
14 1 8 963
14 1 9 2783
14 1 10 4197
14 1 11 534
14 1 12 1168
14 1 13 4430
14 1 14 0
14 1 15 4924
14 1 16 2672
14 1 17 6925
14 2 0 7776
14 2 1 8808
14 2 2 0
14 2 3 8826
14 2 4 6336
14 2 5 9116
14 2 6 6745
14 2 7 9137
14 2 8 5573
14 2 9 9338
14 2 10 5407
14 2 11 6509
14 2 12 6025
14 2 13 6655
14 2 14 0
14 2 15 8364
14 2 16 6988
14 2 17 7320
14 3 0 5315
14 3 1 3480
14 3 2 3217
14 3 3 0
14 3 4 4293
14 3 5 3072
14 3 6 3083
14 3 7 3271
14 3 8 5753
14 3 9 2942
14 3 10 5498
14 3 11 4387
14 3 12 6071
14 3 13 7599
14 3 14 0
14 3 15 2539
14 3 16 2383
14 3 17 4249
14 4 0 4420
14 4 1 4752
14 4 2 5054
14 4 3 3728
14 4 4 0
14 4 5 3991
14 4 6 6131
14 4 7 3978
14 4 8 4504
14 4 9 5198
14 4 10 4024
14 4 11 4510
14 4 12 3052
14 4 13 4054
14 4 14 0
14 4 15 3220
14 4 16 3921
14 4 17 6085
14 5 0 4293
14 5 1 5533
14 5 2 3979
14 5 3 6974
14 5 4 6623
14 5 5 0
14 5 6 7062
14 5 7 6522
14 5 8 2954
14 5 9 6169
14 5 10 3514
14 5 11 3784
14 5 12 4280
14 5 13 7170
14 5 14 0
14 5 15 5759
14 5 16 4917
14 5 17 3153
14 6 0 5731
14 6 1 5382
14 6 2 8591
14 6 3 5541
14 6 4 7178
14 6 5 9185
14 6 6 0
14 6 7 6446
14 6 8 6422
14 6 9 7598
14 6 10 8438
14 6 11 5420
14 6 12 8035
14 6 13 7531
14 6 14 0
14 6 15 4488
14 6 16 4600
14 6 17 7602
14 7 0 8450
14 7 1 7372
14 7 2 4927
14 7 3 6816
14 7 4 8572
14 7 5 5863
14 7 6 7438
14 7 7 0
14 7 8 8015
14 7 9 6676
14 7 10 7013
14 7 11 5752
14 7 12 5348
14 7 13 6463
14 7 14 0
14 7 15 5803
14 7 16 5913
14 7 17 6297
14 8 0 5165
14 8 1 4066
14 8 2 3202
14 8 3 3382
14 8 4 7204
14 8 5 3695
14 8 6 7577
14 8 7 5009
14 8 8 0
14 8 9 4408
14 8 10 3735
14 8 11 5881
14 8 12 5053
14 8 13 3784
14 8 14 0
14 8 15 4258
14 8 16 6065
14 8 17 1561
14 9 0 5735
14 9 1 6721
14 9 2 6690
14 9 3 3936
14 9 4 3736
14 9 5 4548
14 9 6 3686
14 9 7 6896
14 9 8 3089
14 9 9 0
14 9 10 5525
14 9 11 5330
14 9 12 3659
14 9 13 3235
14 9 14 0
14 9 15 8166
14 9 16 7526
14 9 17 5641
14 10 0 4747
14 10 1 3642
14 10 2 4035
14 10 3 4146
14 10 4 4834
14 10 5 2478
14 10 6 1016
14 10 7 4950
14 10 8 3091
14 10 9 1445
14 10 10 0
14 10 11 4840
14 10 12 1089
14 10 13 4896
14 10 14 0
14 10 15 3970
14 10 16 4415
14 10 17 6178
14 11 0 3588
14 11 1 5259
14 11 2 4504
14 11 3 4066
14 11 4 5197
14 11 5 6362
14 11 6 4283
14 11 7 5621
14 11 8 3576
14 11 9 6147
14 11 10 7534
14 11 11 0
14 11 12 4215
14 11 13 6284
14 11 14 0
14 11 15 3932
14 11 16 6348
14 11 17 2970
14 12 0 8652
14 12 1 8303
14 12 2 7183
14 12 3 6094
14 12 4 6522
14 12 5 8812
14 12 6 5752
14 12 7 7127
14 12 8 6721
14 12 9 5903
14 12 10 6607
14 12 11 4184
14 12 12 0
14 12 13 5761
14 12 14 0
14 12 15 6917
14 12 16 5862
14 12 17 8932
14 13 0 1916
14 13 1 5510
14 13 2 4514
14 13 3 935
14 13 4 5466
14 13 5 4921
14 13 6 5426
14 13 7 1239
14 13 8 4020
14 13 9 2874
14 13 10 2534
14 13 11 2186
14 13 12 4387
14 13 13 0
14 13 14 0
14 13 15 3855
14 13 16 3853
14 13 17 4888
14 14 0 0
14 14 1 0
14 14 2 0
14 14 3 0
14 14 4 0
14 14 5 0
14 14 6 0
14 14 7 0
14 14 8 0
14 14 9 0
14 14 10 0
14 14 11 0
14 14 12 0
14 14 13 0
14 14 14 0
14 14 15 0
14 14 16 0
14 14 17 0
14 15 0 4534
14 15 1 3322
14 15 2 4878
14 15 3 1902
14 15 4 1039
14 15 5 3432
14 15 6 837
14 15 7 3857
14 15 8 3802
14 15 9 4217
14 15 10 2866
14 15 11 2845
14 15 12 3197
14 15 13 2668
14 15 14 0
14 15 15 0
14 15 16 5035
14 15 17 8676
14 16 0 2897
14 16 1 1956
14 16 2 4388
14 16 3 2632
14 16 4 2626
14 16 5 3476
14 16 6 1835
14 16 7 4853
14 16 8 6495
14 16 9 4463
14 16 10 4197
14 16 11 6147
14 16 12 3028
14 16 13 3552
14 16 14 0
14 16 15 5373
14 16 16 0
14 16 17 4700
14 17 0 6695
14 17 1 6771
14 17 2 5282
14 17 3 5060
14 17 4 5352
14 17 5 2274
14 17 6 5399
14 17 7 5799
14 17 8 2553
14 17 9 3140
14 17 10 6522
14 17 11 3331
14 17 12 6660
14 17 13 5149
14 17 14 0
14 17 15 3810
14 17 16 4324
14 17 17 0
15 0 0 0
15 0 1 4865
15 0 2 5477
15 0 3 6711
15 0 4 4556
15 0 5 4281
15 0 6 7826
15 0 7 8421
15 0 8 5328
15 0 9 6681
15 0 10 6389
15 0 11 5896
15 0 12 4740
15 0 13 5684
15 0 14 7238
15 0 15 0
15 0 16 4706
15 0 17 7942
15 1 0 6202
15 1 1 0
15 1 2 4617
15 1 3 4524
15 1 4 5984
15 1 5 6810
15 1 6 3299
15 1 7 4984
15 1 8 3377
15 1 9 5197
15 1 10 6611
15 1 11 2948
15 1 12 3582
15 1 13 6844
15 1 14 4924
15 1 15 0
15 1 16 4688
15 1 17 8941
15 2 0 7635
15 2 1 8667
15 2 2 0
15 2 3 8685
15 2 4 6195
15 2 5 8975
15 2 6 6604
15 2 7 8996
15 2 8 5432
15 2 9 9197
15 2 10 5266
15 2 11 6368
15 2 12 5884
15 2 13 6514
15 2 14 8364
15 2 15 0
15 2 16 7471
15 2 17 7803
15 3 0 3676
15 3 1 1841
15 3 2 1578
15 3 3 0
15 3 4 2654
15 3 5 1433
15 3 6 1444
15 3 7 1632
15 3 8 4114
15 3 9 1303
15 3 10 3859
15 3 11 2748
15 3 12 4432
15 3 13 5960
15 3 14 2539
15 3 15 0
15 3 16 2895
15 3 17 4761
15 4 0 3234
15 4 1 3566
15 4 2 3868
15 4 3 2542
15 4 4 0
15 4 5 2805
15 4 6 4945
15 4 7 2792
15 4 8 3318
15 4 9 4012
15 4 10 2838
15 4 11 3324
15 4 12 1866
15 4 13 2868
15 4 14 3220
15 4 15 0
15 4 16 3249
15 4 17 5413
15 5 0 4298
15 5 1 5538
15 5 2 3984
15 5 3 6979
15 5 4 6628
15 5 5 0
15 5 6 7067
15 5 7 6527
15 5 8 2959
15 5 9 6174
15 5 10 3519
15 5 11 3789
15 5 12 4285
15 5 13 7175
15 5 14 5759
15 5 15 0
15 5 16 3489
15 5 17 1725
15 6 0 1300
15 6 1 951
15 6 2 4160
15 6 3 1110
15 6 4 2747
15 6 5 4754
15 6 6 0
15 6 7 2015
15 6 8 1991
15 6 9 3167
15 6 10 4007
15 6 11 989
15 6 12 3604
15 6 13 3100
15 6 14 4488
15 6 15 0
15 6 16 4221
15 6 17 7223
15 7 0 7494
15 7 1 6416
15 7 2 3971
15 7 3 5860
15 7 4 7616
15 7 5 4907
15 7 6 6482
15 7 7 0
15 7 8 7059
15 7 9 5720
15 7 10 6057
15 7 11 4796
15 7 12 4392
15 7 13 5507
15 7 14 5803
15 7 15 0
15 7 16 7822
15 7 17 8206
15 8 0 5287
15 8 1 4188
15 8 2 3324
15 8 3 3504
15 8 4 7326
15 8 5 3817
15 8 6 7699
15 8 7 5131
15 8 8 0
15 8 9 4530
15 8 10 3857
15 8 11 6003
15 8 12 5175
15 8 13 3906
15 8 14 4258
15 8 15 0
15 8 16 8281
15 8 17 3777
15 9 0 7228
15 9 1 8214
15 9 2 8183
15 9 3 5429
15 9 4 5229
15 9 5 6041
15 9 6 5179
15 9 7 8389
15 9 8 4582
15 9 9 0
15 9 10 7018
15 9 11 6823
15 9 12 5152
15 9 13 4728
15 9 14 8166
15 9 15 0
15 9 16 7316
15 9 17 5431
15 10 0 6973
15 10 1 5868
15 10 2 6261
15 10 3 6372
15 10 4 7060
15 10 5 4704
15 10 6 3242
15 10 7 7176
15 10 8 5317
15 10 9 3671
15 10 10 0
15 10 11 7066
15 10 12 3315
15 10 13 7122
15 10 14 3970
15 10 15 0
15 10 16 3208
15 10 17 4971
15 11 0 3110
15 11 1 4781
15 11 2 4026
15 11 3 3588
15 11 4 4719
15 11 5 5884
15 11 6 3805
15 11 7 5143
15 11 8 3098
15 11 9 5669
15 11 10 7056
15 11 11 0
15 11 12 3737
15 11 13 5806
15 11 14 3932
15 11 15 0
15 11 16 7637
15 11 17 4259
15 12 0 7296
15 12 1 6947
15 12 2 5827
15 12 3 4738
15 12 4 5166
15 12 5 7456
15 12 6 4396
15 12 7 5771
15 12 8 5365
15 12 9 4547
15 12 10 5251
15 12 11 2828
15 12 12 0
15 12 13 4405
15 12 14 6917
15 12 15 0
15 12 16 2335
15 12 17 5405
15 13 0 3281
15 13 1 6875
15 13 2 5879
15 13 3 2300
15 13 4 6831
15 13 5 6286
15 13 6 6791
15 13 7 2604
15 13 8 5385
15 13 9 4239
15 13 10 3899
15 13 11 3551
15 13 12 5752
15 13 13 0
15 13 14 3855
15 13 15 0
15 13 16 6004
15 13 17 7039
15 14 0 5302
15 14 1 4194
15 14 2 8305
15 14 3 6827
15 14 4 5511
15 14 5 6713
15 14 6 8554
15 14 7 8099
15 14 8 6966
15 14 9 6010
15 14 10 3926
15 14 11 6609
15 14 12 7839
15 14 13 4589
15 14 14 0
15 14 15 0
15 14 16 2080
15 14 17 2910
15 15 0 0
15 15 1 0
15 15 2 0
15 15 3 0
15 15 4 0
15 15 5 0
15 15 6 0
15 15 7 0
15 15 8 0
15 15 9 0
15 15 10 0
15 15 11 0
15 15 12 0
15 15 13 0
15 15 14 0
15 15 15 0
15 15 16 0
15 15 17 0
15 16 0 5304
15 16 1 4363
15 16 2 6795
15 16 3 5039
15 16 4 5033
15 16 5 5883
15 16 6 4242
15 16 7 7260
15 16 8 8902
15 16 9 6870
15 16 10 6604
15 16 11 8554
15 16 12 5435
15 16 13 5959
15 16 14 5373
15 16 15 0
15 16 16 0
15 16 17 4369
15 17 0 6147
15 17 1 6223
15 17 2 4734
15 17 3 4512
15 17 4 4804
15 17 5 1726
15 17 6 4851
15 17 7 5251
15 17 8 2005
15 17 9 2592
15 17 10 5974
15 17 11 2783
15 17 12 6112
15 17 13 4601
15 17 14 3810
15 17 15 0
15 17 16 6804
15 17 17 0
16 0 0 0
16 0 1 2342
16 0 2 2954
16 0 3 4188
16 0 4 2033
16 0 5 1758
16 0 6 5303
16 0 7 5898
16 0 8 2805
16 0 9 4158
16 0 10 3866
16 0 11 3373
16 0 12 2217
16 0 13 3161
16 0 14 4715
16 0 15 4706
16 0 16 0
16 0 17 5612
16 1 0 3950
16 1 1 0
16 1 2 2365
16 1 3 2272
16 1 4 3732
16 1 5 4558
16 1 6 1047
16 1 7 2732
16 1 8 1125
16 1 9 2945
16 1 10 4359
16 1 11 696
16 1 12 1330
16 1 13 4592
16 1 14 2672
16 1 15 4688
16 1 16 0
16 1 17 6985
16 2 0 6259
16 2 1 7291
16 2 2 0
16 2 3 7309
16 2 4 4819
16 2 5 7599
16 2 6 5228
16 2 7 7620
16 2 8 4056
16 2 9 7821
16 2 10 3890
16 2 11 4992
16 2 12 4508
16 2 13 5138
16 2 14 6988
16 2 15 7471
16 2 16 0
16 2 17 4546
16 3 0 3520
16 3 1 1685
16 3 2 1422
16 3 3 0
16 3 4 2498
16 3 5 1277
16 3 6 1288
16 3 7 1476
16 3 8 3958
16 3 9 1147
16 3 10 3703
16 3 11 2592
16 3 12 4276
16 3 13 5804
16 3 14 2383
16 3 15 2895
16 3 16 0
16 3 17 6032
16 4 0 3935
16 4 1 4267
16 4 2 4569
16 4 3 3243
16 4 4 0
16 4 5 3506
16 4 6 5646
16 4 7 3493
16 4 8 4019
16 4 9 4713
16 4 10 3539
16 4 11 4025
16 4 12 2567
16 4 13 3569
16 4 14 3921
16 4 15 3249
16 4 16 0
16 4 17 4604
16 5 0 3456
16 5 1 4696
16 5 2 3142
16 5 3 6137
16 5 4 5786
16 5 5 0
16 5 6 6225
16 5 7 5685
16 5 8 2117
16 5 9 5332
16 5 10 2677
16 5 11 2947
16 5 12 3443
16 5 13 6333
16 5 14 4917
16 5 15 3489
16 5 16 0
16 5 17 705
16 6 0 1412
16 6 1 1063
16 6 2 4272
16 6 3 1222
16 6 4 2859
16 6 5 4866
16 6 6 0
16 6 7 2127
16 6 8 2103
16 6 9 3279
16 6 10 4119
16 6 11 1101
16 6 12 3716
16 6 13 3212
16 6 14 4600
16 6 15 4221
16 6 16 0
16 6 17 4731
16 7 0 7604
16 7 1 6526
16 7 2 4081
16 7 3 5970
16 7 4 7726
16 7 5 5017
16 7 6 6592
16 7 7 0
16 7 8 7169
16 7 9 5830
16 7 10 6167
16 7 11 4906
16 7 12 4502
16 7 13 5617
16 7 14 5913
16 7 15 7822
16 7 16 0
16 7 17 5352
16 8 0 7094
16 8 1 5995
16 8 2 5131
16 8 3 5311
16 8 4 9133
16 8 5 5624
16 8 6 9506
16 8 7 6938
16 8 8 0
16 8 9 6337
16 8 10 5664
16 8 11 7810
16 8 12 6982
16 8 13 5713
16 8 14 6065
16 8 15 8281
16 8 16 0
16 8 17 5279
16 9 0 6588
16 9 1 7574
16 9 2 7543
16 9 3 4789
16 9 4 4589
16 9 5 5401
16 9 6 4539
16 9 7 7749
16 9 8 3942
16 9 9 0
16 9 10 6378
16 9 11 6183
16 9 12 4512
16 9 13 4088
16 9 14 7526
16 9 15 7316
16 9 16 0
16 9 17 1209
16 10 0 7418
16 10 1 6313
16 10 2 6706
16 10 3 6817
16 10 4 7505
16 10 5 5149
16 10 6 3687
16 10 7 7621
16 10 8 5762
16 10 9 4116
16 10 10 0
16 10 11 7511
16 10 12 3760
16 10 13 7567
16 10 14 4415
16 10 15 3208
16 10 16 0
16 10 17 4447
16 11 0 5526
16 11 1 7197
16 11 2 6442
16 11 3 6004
16 11 4 7135
16 11 5 8300
16 11 6 6221
16 11 7 7559
16 11 8 5514
16 11 9 8085
16 11 10 9472
16 11 11 0
16 11 12 6153
16 11 13 8222
16 11 14 6348
16 11 15 7637
16 11 16 0
16 11 17 2492
16 12 0 6241
16 12 1 5892
16 12 2 4772
16 12 3 3683
16 12 4 4111
16 12 5 6401
16 12 6 3341
16 12 7 4716
16 12 8 4310
16 12 9 3492
16 12 10 4196
16 12 11 1773
16 12 12 0
16 12 13 3350
16 12 14 5862
16 12 15 2335
16 12 16 0
16 12 17 7488
16 13 0 3279
16 13 1 6873
16 13 2 5877
16 13 3 2298
16 13 4 6829
16 13 5 6284
16 13 6 6789
16 13 7 2602
16 13 8 5383
16 13 9 4237
16 13 10 3897
16 13 11 3549
16 13 12 5750
16 13 13 0
16 13 14 3853
16 13 15 6004
16 13 16 0
16 13 17 4647
16 14 0 2818
16 14 1 1710
16 14 2 5821
16 14 3 4343
16 14 4 3027
16 14 5 4229
16 14 6 6070
16 14 7 5615
16 14 8 4482
16 14 9 3526
16 14 10 1442
16 14 11 4125
16 14 12 5355
16 14 13 2105
16 14 14 0
16 14 15 2080
16 14 16 0
16 14 17 3796
16 15 0 5005
16 15 1 3793
16 15 2 5349
16 15 3 2373
16 15 4 1510
16 15 5 3903
16 15 6 1308
16 15 7 4328
16 15 8 4273
16 15 9 4688
16 15 10 3337
16 15 11 3316
16 15 12 3668
16 15 13 3139
16 15 14 5035
16 15 15 0
16 15 16 0
16 15 17 8683
16 16 0 0
16 16 1 0
16 16 2 0
16 16 3 0
16 16 4 0
16 16 5 0
16 16 6 0
16 16 7 0
16 16 8 0
16 16 9 0
16 16 10 0
16 16 11 0
16 16 12 0
16 16 13 0
16 16 14 0
16 16 15 0
16 16 16 0
16 16 17 0
16 17 0 6661
16 17 1 6737
16 17 2 5248
16 17 3 5026
16 17 4 5318
16 17 5 2240
16 17 6 5365
16 17 7 5765
16 17 8 2519
16 17 9 3106
16 17 10 6488
16 17 11 3297
16 17 12 6626
16 17 13 5115
16 17 14 4324
16 17 15 6804
16 17 16 0
16 17 17 0
17 0 0 0
17 0 1 5578
17 0 2 6190
17 0 3 7424
17 0 4 5269
17 0 5 4994
17 0 6 8539
17 0 7 9134
17 0 8 6041
17 0 9 7394
17 0 10 7102
17 0 11 6609
17 0 12 5453
17 0 13 6397
17 0 14 7951
17 0 15 7942
17 0 16 5612
17 0 17 0
17 1 0 8203
17 1 1 0
17 1 2 6618
17 1 3 6525
17 1 4 7985
17 1 5 8811
17 1 6 5300
17 1 7 6985
17 1 8 5378
17 1 9 7198
17 1 10 8612
17 1 11 4949
17 1 12 5583
17 1 13 8845
17 1 14 6925
17 1 15 8941
17 1 16 6985
17 1 17 0
17 2 0 6591
17 2 1 7623
17 2 2 0
17 2 3 7641
17 2 4 5151
17 2 5 7931
17 2 6 5560
17 2 7 7952
17 2 8 4388
17 2 9 8153
17 2 10 4222
17 2 11 5324
17 2 12 4840
17 2 13 5470
17 2 14 7320
17 2 15 7803
17 2 16 4546
17 2 17 0
17 3 0 5386
17 3 1 3551
17 3 2 3288
17 3 3 0
17 3 4 4364
17 3 5 3143
17 3 6 3154
17 3 7 3342
17 3 8 5824
17 3 9 3013
17 3 10 5569
17 3 11 4458
17 3 12 6142
17 3 13 7670
17 3 14 4249
17 3 15 4761
17 3 16 6032
17 3 17 0
17 4 0 6099
17 4 1 6431
17 4 2 6733
17 4 3 5407
17 4 4 0
17 4 5 5670
17 4 6 7810
17 4 7 5657
17 4 8 6183
17 4 9 6877
17 4 10 5703
17 4 11 6189
17 4 12 4731
17 4 13 5733
17 4 14 6085
17 4 15 5413
17 4 16 4604
17 4 17 0
17 5 0 1692
17 5 1 2932
17 5 2 1378
17 5 3 4373
17 5 4 4022
17 5 5 0
17 5 6 4461
17 5 7 3921
17 5 8 353
17 5 9 3568
17 5 10 913
17 5 11 1183
17 5 12 1679
17 5 13 4569
17 5 14 3153
17 5 15 1725
17 5 16 705
17 5 17 0
17 6 0 4414
17 6 1 4065
17 6 2 7274
17 6 3 4224
17 6 4 5861
17 6 5 7868
17 6 6 0
17 6 7 5129
17 6 8 5105
17 6 9 6281
17 6 10 7121
17 6 11 4103
17 6 12 6718
17 6 13 6214
17 6 14 7602
17 6 15 7223
17 6 16 4731
17 6 17 0
17 7 0 7988
17 7 1 6910
17 7 2 4465
17 7 3 6354
17 7 4 8110
17 7 5 5401
17 7 6 6976
17 7 7 0
17 7 8 7553
17 7 9 6214
17 7 10 6551
17 7 11 5290
17 7 12 4886
17 7 13 6001
17 7 14 6297
17 7 15 8206
17 7 16 5352
17 7 17 0
17 8 0 2590
17 8 1 1491
17 8 2 627
17 8 3 807
17 8 4 4629
17 8 5 1120
17 8 6 5002
17 8 7 2434
17 8 8 0
17 8 9 1833
17 8 10 1160
17 8 11 3306
17 8 12 2478
17 8 13 1209
17 8 14 1561
17 8 15 3777
17 8 16 5279
17 8 17 0
17 9 0 4703
17 9 1 5689
17 9 2 5658
17 9 3 2904
17 9 4 2704
17 9 5 3516
17 9 6 2654
17 9 7 5864
17 9 8 2057
17 9 9 0
17 9 10 4493
17 9 11 4298
17 9 12 2627
17 9 13 2203
17 9 14 5641
17 9 15 5431
17 9 16 1209
17 9 17 0
17 10 0 9181
17 10 1 8076
17 10 2 8469
17 10 3 8580
17 10 4 9268
17 10 5 6912
17 10 6 5450
17 10 7 9384
17 10 8 7525
17 10 9 5879
17 10 10 0
17 10 11 9274
17 10 12 5523
17 10 13 9330
17 10 14 6178
17 10 15 4971
17 10 16 4447
17 10 17 0
17 11 0 2148
17 11 1 3819
17 11 2 3064
17 11 3 2626
17 11 4 3757
17 11 5 4922
17 11 6 2843
17 11 7 4181
17 11 8 2136
17 11 9 4707
17 11 10 6094
17 11 11 0
17 11 12 2775
17 11 13 4844
17 11 14 2970
17 11 15 4259
17 11 16 2492
17 11 17 0
17 12 0 9311
17 12 1 8962
17 12 2 7842
17 12 3 6753
17 12 4 7181
17 12 5 9471
17 12 6 6411
17 12 7 7786
17 12 8 7380
17 12 9 6562
17 12 10 7266
17 12 11 4843
17 12 12 0
17 12 13 6420
17 12 14 8932
17 12 15 5405
17 12 16 7488
17 12 17 0
17 13 0 4314
17 13 1 7908
17 13 2 6912
17 13 3 3333
17 13 4 7864
17 13 5 7319
17 13 6 7824
17 13 7 3637
17 13 8 6418
17 13 9 5272
17 13 10 4932
17 13 11 4584
17 13 12 6785
17 13 13 0
17 13 14 4888
17 13 15 7039
17 13 16 4647
17 13 17 0
17 14 0 3648
17 14 1 2540
17 14 2 6651
17 14 3 5173
17 14 4 3857
17 14 5 5059
17 14 6 6900
17 14 7 6445
17 14 8 5312
17 14 9 4356
17 14 10 2272
17 14 11 4955
17 14 12 6185
17 14 13 2935
17 14 14 0
17 14 15 2910
17 14 16 3796
17 14 17 0
17 15 0 8646
17 15 1 7434
17 15 2 8990
17 15 3 6014
17 15 4 5151
17 15 5 7544
17 15 6 4949
17 15 7 7969
17 15 8 7914
17 15 9 8329
17 15 10 6978
17 15 11 6957
17 15 12 7309
17 15 13 6780
17 15 14 8676
17 15 15 0
17 15 16 8683
17 15 17 0
17 16 0 4631
17 16 1 3690
17 16 2 6122
17 16 3 4366
17 16 4 4360
17 16 5 5210
17 16 6 3569
17 16 7 6587
17 16 8 8229
17 16 9 6197
17 16 10 5931
17 16 11 7881
17 16 12 4762
17 16 13 5286
17 16 14 4700
17 16 15 4369
17 16 16 0
17 16 17 0
17 17 0 0
17 17 1 0
17 17 2 0
17 17 3 0
17 17 4 0
17 17 5 0
17 17 6 0
17 17 7 0
17 17 8 0
17 17 9 0
17 17 10 0
17 17 11 0
17 17 12 0
17 17 13 0
17 17 14 0
17 17 15 0
17 17 16 0
17 17 17 0
