17
0 0 0 0
0 0 1 0
0 0 2 0
0 0 3 0
0 0 4 0
0 0 5 0
0 0 6 0
0 0 7 0
0 0 8 0
0 0 9 0
0 0 10 0
0 0 11 0
0 0 12 0
0 0 13 0
0 0 14 0
0 0 15 0
0 0 16 0
0 1 0 0
0 1 1 0
0 1 2 7183
0 1 3 6056
0 1 4 8030
0 1 5 7672
0 1 6 6914
0 1 7 8559
0 1 8 6901
0 1 9 5268
0 1 10 8022
0 1 11 8668
0 1 12 9694
0 1 13 5768
0 1 14 5751
0 1 15 9414
0 1 16 9307
0 2 0 0
0 2 1 4863
0 2 2 0
0 2 3 3040
0 2 4 1876
0 2 5 3709
0 2 6 1733
0 2 7 5777
0 2 8 4267
0 2 9 3485
0 2 10 6032
0 2 11 6178
0 2 12 1853
0 2 13 3164
0 2 14 1633
0 2 15 4791
0 2 16 1659
0 3 0 0
0 3 1 2870
0 3 2 4776
0 3 3 0
0 3 4 4100
0 3 5 3164
0 3 6 3746
0 3 7 2434
0 3 8 2283
0 3 9 2871
0 3 10 630
0 3 11 3268
0 3 12 3648
0 3 13 2040
0 3 14 2903
0 3 15 4532
0 3 16 4080
0 4 0 0
0 4 1 3118
0 4 2 3367
0 4 3 4938
0 4 4 0
0 4 5 6431
0 4 6 1812
0 4 7 4916
0 4 8 4200
0 4 9 2822
0 4 10 3314
0 4 11 2400
0 4 12 4539
0 4 13 1938
0 4 14 4011
0 4 15 5744
0 4 16 4087
0 5 0 0
0 5 1 1937
0 5 2 4264
0 5 3 1518
0 5 4 2010
0 5 5 0
0 5 6 2791
0 5 7 2156
0 5 8 3679
0 5 9 3023
0 5 10 3508
0 5 11 1078
0 5 12 3743
0 5 13 2465
0 5 14 2209
0 5 15 1013
0 5 16 1120
0 6 0 0
0 6 1 5743
0 6 2 7558
0 6 3 6909
0 6 4 6272
0 6 5 8713
0 6 6 0
0 6 7 7212
0 6 8 5989
0 6 9 8430
0 6 10 8601
0 6 11 6733
0 6 12 5689
0 6 13 5307
0 6 14 6665
0 6 15 5377
0 6 16 4590
0 7 0 0
0 7 1 5287
0 7 2 2851
0 7 3 2277
0 7 4 1821
0 7 5 4793
0 7 6 1611
0 7 7 0
0 7 8 2929
0 7 9 2266
0 7 10 5800
0 7 11 4221
0 7 12 2750
0 7 13 5242
0 7 14 3627
0 7 15 1874
0 7 16 4012
0 8 0 0
0 8 1 5294
0 8 2 3314
0 8 3 5844
0 8 4 5564
0 8 5 3594
0 8 6 6326
0 8 7 6265
0 8 8 0
0 8 9 3201
0 8 10 5615
0 8 11 6354
0 8 12 5980
0 8 13 3524
0 8 14 4488
0 8 15 4481
0 8 16 3785
0 9 0 0
0 9 1 2630
0 9 2 4670
0 9 3 2577
0 9 4 4131
0 9 5 4394
0 9 6 5277
0 9 7 2189
0 9 8 1566
0 9 9 0
0 9 10 4609
0 9 11 2015
0 9 12 5170
0 9 13 5427
0 9 14 3548
0 9 15 2495
0 9 16 5042
0 10 0 0
0 10 1 6198
0 10 2 4710
0 10 3 1584
0 10 4 1917
0 10 5 4594
0 10 6 2651
0 10 7 2936
0 10 8 1781
0 10 9 4071
0 10 10 0
0 10 11 4287
0 10 12 5914
0 10 13 2993
0 10 14 3023
0 10 15 1700
0 10 16 3203
0 11 0 0
0 11 1 4049
0 11 2 1664
0 11 3 2578
0 11 4 5436
0 11 5 2380
0 11 6 6366
0 11 7 3954
0 11 8 3531
0 11 9 6293
0 11 10 2009
0 11 11 0
0 11 12 3990
0 11 13 4108
0 11 14 3905
0 11 15 5895
0 11 16 2712
0 12 0 0
0 12 1 4860
0 12 2 5951
0 12 3 6016
0 12 4 3816
0 12 5 4897
0 12 6 3177
0 12 7 5461
0 12 8 4267
0 12 9 5760
0 12 10 4554
0 12 11 5076
0 12 12 0
0 12 13 5664
0 12 14 7514
0 12 15 3421
0 12 16 4985
0 13 0 0
0 13 1 8005
0 13 2 5339
0 13 3 4813
0 13 4 8758
0 13 5 7726
0 13 6 6105
0 13 7 4808
0 13 8 9058
0 13 9 5104
0 13 10 7574
0 13 11 8982
0 13 12 8648
0 13 13 0
0 13 14 8008
0 13 15 8159
0 13 16 7995
0 14 0 0
0 14 1 1880
0 14 2 4357
0 14 3 6374
0 14 4 2273
0 14 5 5161
0 14 6 6202
0 14 7 2021
0 14 8 6520
0 14 9 5093
0 14 10 2890
0 14 11 3804
0 14 12 6165
0 14 13 2985
0 14 14 0
0 14 15 4759
0 14 16 2490
0 15 0 0
0 15 1 7348
0 15 2 8262
0 15 3 6242
0 15 4 5749
0 15 5 6433
0 15 6 6723
0 15 7 9714
0 15 8 9405
0 15 9 7144
0 15 10 5334
0 15 11 8503
0 15 12 7844
0 15 13 8172
0 15 14 8320
0 15 15 0
0 15 16 8700
0 16 0 0
0 16 1 8052
0 16 2 6563
0 16 3 8077
0 16 4 6796
0 16 5 5107
0 16 6 8826
0 16 7 8808
0 16 8 6010
0 16 9 4760
0 16 10 4259
0 16 11 5968
0 16 12 7628
0 16 13 7804
0 16 14 5273
0 16 15 5371
0 16 16 0
1 0 0 0
1 0 1 0
1 0 2 5370
1 0 3 4393
1 0 4 5748
1 0 5 4147
1 0 6 8529
1 0 7 5002
1 0 8 6566
1 0 9 5296
1 0 10 5519
1 0 11 5602
1 0 12 6824
1 0 13 8507
1 0 14 5523
1 0 15 8755
1 0 16 7839
1 1 0 0
1 1 1 0
1 1 2 0
1 1 3 0
1 1 4 0
1 1 5 0
1 1 6 0
1 1 7 0
1 1 8 0
1 1 9 0
1 1 10 0
1 1 11 0
1 1 12 0
1 1 13 0
1 1 14 0
1 1 15 0
1 1 16 0
1 2 0 4863
1 2 1 0
1 2 2 0
1 2 3 3948
1 2 4 2784
1 2 5 4617
1 2 6 2641
1 2 7 6685
1 2 8 5175
1 2 9 4393
1 2 10 6940
1 2 11 7086
1 2 12 2761
1 2 13 4072
1 2 14 2541
1 2 15 5699
1 2 16 2567
1 3 0 2870
1 3 1 0
1 3 2 5534
1 3 3 0
1 3 4 4858
1 3 5 3922
1 3 6 4504
1 3 7 3192
1 3 8 3041
1 3 9 3629
1 3 10 1388
1 3 11 4026
1 3 12 4406
1 3 13 2798
1 3 14 3661
1 3 15 5290
1 3 16 4838
1 4 0 3118
1 4 1 0
1 4 2 4744
1 4 3 6315
1 4 4 0
1 4 5 7808
1 4 6 3189
1 4 7 6293
1 4 8 5577
1 4 9 4199
1 4 10 4691
1 4 11 3777
1 4 12 5916
1 4 13 3315
1 4 14 5388
1 4 15 7121
1 4 16 5464
1 5 0 1937
1 5 1 0
1 5 2 6884
1 5 3 4138
1 5 4 4630
1 5 5 0
1 5 6 5411
1 5 7 4776
1 5 8 6299
1 5 9 5643
1 5 10 6128
1 5 11 3698
1 5 12 6363
1 5 13 5085
1 5 14 4829
1 5 15 3633
1 5 16 3740
1 6 0 5743
1 6 1 0
1 6 2 5038
1 6 3 4389
1 6 4 3752
1 6 5 6193
1 6 6 0
1 6 7 4692
1 6 8 3469
1 6 9 5910
1 6 10 6081
1 6 11 4213
1 6 12 3169
1 6 13 2787
1 6 14 4145
1 6 15 2857
1 6 16 2070
1 7 0 5287
1 7 1 0
1 7 2 5503
1 7 3 4929
1 7 4 4473
1 7 5 7445
1 7 6 4263
1 7 7 0
1 7 8 5581
1 7 9 4918
1 7 10 8452
1 7 11 6873
1 7 12 5402
1 7 13 7894
1 7 14 6279
1 7 15 4526
1 7 16 6664
1 8 0 5294
1 8 1 0
1 8 2 2744
1 8 3 5274
1 8 4 4994
1 8 5 3024
1 8 6 5756
1 8 7 5695
1 8 8 0
1 8 9 2631
1 8 10 5045
1 8 11 5784
1 8 12 5410
1 8 13 2954
1 8 14 3918
1 8 15 3911
1 8 16 3215
1 9 0 2630
1 9 1 0
1 9 2 3737
1 9 3 1644
1 9 4 3198
1 9 5 3461
1 9 6 4344
1 9 7 1256
1 9 8 633
1 9 9 0
1 9 10 3676
1 9 11 1082
1 9 12 4237
1 9 13 4494
1 9 14 2615
1 9 15 1562
1 9 16 4109
1 10 0 6198
1 10 1 0
1 10 2 6308
1 10 3 3182
1 10 4 3515
1 10 5 6192
1 10 6 4249
1 10 7 4534
1 10 8 3379
1 10 9 5669
1 10 10 0
1 10 11 5885
1 10 12 7512
1 10 13 4591
1 10 14 4621
1 10 15 3298
1 10 16 4801
1 11 0 4049
1 11 1 0
1 11 2 3825
1 11 3 4739
1 11 4 7597
1 11 5 4541
1 11 6 8527
1 11 7 6115
1 11 8 5692
1 11 9 8454
1 11 10 4170
1 11 11 0
1 11 12 6151
1 11 13 6269
1 11 14 6066
1 11 15 8056
1 11 16 4873
1 12 0 4860
1 12 1 0
1 12 2 7916
1 12 3 7981
1 12 4 5781
1 12 5 6862
1 12 6 5142
1 12 7 7426
1 12 8 6232
1 12 9 7725
1 12 10 6519
1 12 11 7041
1 12 12 0
1 12 13 7629
1 12 14 9479
1 12 15 5386
1 12 16 6950
1 13 0 8005
1 13 1 0
1 13 2 1695
1 13 3 1169
1 13 4 5114
1 13 5 4082
1 13 6 2461
1 13 7 1164
1 13 8 5414
1 13 9 1460
1 13 10 3930
1 13 11 5338
1 13 12 5004
1 13 13 0
1 13 14 4364
1 13 15 4515
1 13 16 4351
1 14 0 1880
1 14 1 0
1 14 2 3680
1 14 3 5697
1 14 4 1596
1 14 5 4484
1 14 6 5525
1 14 7 1344
1 14 8 5843
1 14 9 4416
1 14 10 2213
1 14 11 3127
1 14 12 5488
1 14 13 2308
1 14 14 0
1 14 15 4082
1 14 16 1813
1 15 0 7348
1 15 1 0
1 15 2 8016
1 15 3 5996
1 15 4 5503
1 15 5 6187
1 15 6 6477
1 15 7 9468
1 15 8 9159
1 15 9 6898
1 15 10 5088
1 15 11 8257
1 15 12 7598
1 15 13 7926
1 15 14 8074
1 15 15 0
1 15 16 8454
1 16 0 8052
1 16 1 0
1 16 2 7126
1 16 3 8640
1 16 4 7359
1 16 5 5670
1 16 6 9389
1 16 7 9371
1 16 8 6573
1 16 9 5323
1 16 10 4822
1 16 11 6531
1 16 12 8191
1 16 13 8367
1 16 14 5836
1 16 15 5934
1 16 16 0
2 0 0 0
2 0 1 5370
2 0 2 0
2 0 3 1983
2 0 4 3338
2 0 5 1737
2 0 6 6119
2 0 7 2592
2 0 8 4156
2 0 9 2886
2 0 10 3109
2 0 11 3192
2 0 12 4414
2 0 13 6097
2 0 14 3113
2 0 15 6345
2 0 16 5429
2 1 0 7183
2 1 1 0
2 1 2 0
2 1 3 4644
2 1 4 6618
2 1 5 6260
2 1 6 5502
2 1 7 7147
2 1 8 5489
2 1 9 3856
2 1 10 6610
2 1 11 7256
2 1 12 8282
2 1 13 4356
2 1 14 4339
2 1 15 8002
2 1 16 7895
2 2 0 0
2 2 1 0
2 2 2 0
2 2 3 0
2 2 4 0
2 2 5 0
2 2 6 0
2 2 7 0
2 2 8 0
2 2 9 0
2 2 10 0
2 2 11 0
2 2 12 0
2 2 13 0
2 2 14 0
2 2 15 0
2 2 16 0
2 3 0 4776
2 3 1 5534
2 3 2 0
2 3 3 0
2 3 4 5299
2 3 5 4363
2 3 6 4945
2 3 7 3633
2 3 8 3482
2 3 9 4070
2 3 10 1829
2 3 11 4467
2 3 12 4847
2 3 13 3239
2 3 14 4102
2 3 15 5731
2 3 16 5279
2 4 0 3367
2 4 1 4744
2 4 2 0
2 4 3 3618
2 4 4 0
2 4 5 5111
2 4 6 492
2 4 7 3596
2 4 8 2880
2 4 9 1502
2 4 10 1994
2 4 11 1080
2 4 12 3219
2 4 13 618
2 4 14 2691
2 4 15 4424
2 4 16 2767
2 5 0 4264
2 5 1 6884
2 5 2 0
2 5 3 3632
2 5 4 4124
2 5 5 0
2 5 6 4905
2 5 7 4270
2 5 8 5793
2 5 9 5137
2 5 10 5622
2 5 11 3192
2 5 12 5857
2 5 13 4579
2 5 14 4323
2 5 15 3127
2 5 16 3234
2 6 0 7558
2 6 1 5038
2 6 2 0
2 6 3 2665
2 6 4 2028
2 6 5 4469
2 6 6 0
2 6 7 2968
2 6 8 1745
2 6 9 4186
2 6 10 4357
2 6 11 2489
2 6 12 1445
2 6 13 1063
2 6 14 2421
2 6 15 1133
2 6 16 346
2 7 0 2851
2 7 1 5503
2 7 2 0
2 7 3 5604
2 7 4 5148
2 7 5 8120
2 7 6 4938
2 7 7 0
2 7 8 6256
2 7 9 5593
2 7 10 9127
2 7 11 7548
2 7 12 6077
2 7 13 8569
2 7 14 6954
2 7 15 5201
2 7 16 7339
2 8 0 3314
2 8 1 2744
2 8 2 0
2 8 3 6097
2 8 4 5817
2 8 5 3847
2 8 6 6579
2 8 7 6518
2 8 8 0
2 8 9 3454
2 8 10 5868
2 8 11 6607
2 8 12 6233
2 8 13 3777
2 8 14 4741
2 8 15 4734
2 8 16 4038
2 9 0 4670
2 9 1 3737
2 9 2 0
2 9 3 3318
2 9 4 4872
2 9 5 5135
2 9 6 6018
2 9 7 2930
2 9 8 2307
2 9 9 0
2 9 10 5350
2 9 11 2756
2 9 12 5911
2 9 13 6168
2 9 14 4289
2 9 15 3236
2 9 16 5783
2 10 0 4710
2 10 1 6308
2 10 2 0
2 10 3 4649
2 10 4 4982
2 10 5 7659
2 10 6 5716
2 10 7 6001
2 10 8 4846
2 10 9 7136
2 10 10 0
2 10 11 7352
2 10 12 8979
2 10 13 6058
2 10 14 6088
2 10 15 4765
2 10 16 6268
2 11 0 1664
2 11 1 3825
2 11 2 0
2 11 3 5706
2 11 4 8564
2 11 5 5508
2 11 6 9494
2 11 7 7082
2 11 8 6659
2 11 9 9421
2 11 10 5137
2 11 11 0
2 11 12 7118
2 11 13 7236
2 11 14 7033
2 11 15 9023
2 11 16 5840
2 12 0 5951
2 12 1 7916
2 12 2 0
2 12 3 3597
2 12 4 1397
2 12 5 2478
2 12 6 758
2 12 7 3042
2 12 8 1848
2 12 9 3341
2 12 10 2135
2 12 11 2657
2 12 12 0
2 12 13 3245
2 12 14 5095
2 12 15 1002
2 12 16 2566
2 13 0 5339
2 13 1 1695
2 13 2 0
2 13 3 2022
2 13 4 5967
2 13 5 4935
2 13 6 3314
2 13 7 2017
2 13 8 6267
2 13 9 2313
2 13 10 4783
2 13 11 6191
2 13 12 5857
2 13 13 0
2 13 14 5217
2 13 15 5368
2 13 16 5204
2 14 0 4357
2 14 1 3680
2 14 2 0
2 14 3 5036
2 14 4 935
2 14 5 3823
2 14 6 4864
2 14 7 683
2 14 8 5182
2 14 9 3755
2 14 10 1552
2 14 11 2466
2 14 12 4827
2 14 13 1647
2 14 14 0
2 14 15 3421
2 14 16 1152
2 15 0 8262
2 15 1 8016
2 15 2 0
2 15 3 4830
2 15 4 4337
2 15 5 5021
2 15 6 5311
2 15 7 8302
2 15 8 7993
2 15 9 5732
2 15 10 3922
2 15 11 7091
2 15 12 6432
2 15 13 6760
2 15 14 6908
2 15 15 0
2 15 16 7288
2 16 0 6563
2 16 1 7126
2 16 2 0
2 16 3 4449
2 16 4 3168
2 16 5 1479
2 16 6 5198
2 16 7 5180
2 16 8 2382
2 16 9 1132
2 16 10 631
2 16 11 2340
2 16 12 4000
2 16 13 4176
2 16 14 1645
2 16 15 1743
2 16 16 0
3 0 0 0
3 0 1 4393
3 0 2 1983
3 0 3 0
3 0 4 3865
3 0 5 2264
3 0 6 6646
3 0 7 3119
3 0 8 4683
3 0 9 3413
3 0 10 3636
3 0 11 3719
3 0 12 4941
3 0 13 6624
3 0 14 3640
3 0 15 6872
3 0 16 5956
3 1 0 6056
3 1 1 0
3 1 2 4644
3 1 3 0
3 1 4 5602
3 1 5 5244
3 1 6 4486
3 1 7 6131
3 1 8 4473
3 1 9 2840
3 1 10 5594
3 1 11 6240
3 1 12 7266
3 1 13 3340
3 1 14 3323
3 1 15 6986
3 1 16 6879
3 2 0 3040
3 2 1 3948
3 2 2 0
3 2 3 0
3 2 4 4811
3 2 5 6644
3 2 6 4668
3 2 7 8712
3 2 8 7202
3 2 9 6420
3 2 10 8967
3 2 11 9113
3 2 12 4788
3 2 13 6099
3 2 14 4568
3 2 15 7726
3 2 16 4594
3 3 0 0
3 3 1 0
3 3 2 0
3 3 3 0
3 3 4 0
3 3 5 0
3 3 6 0
3 3 7 0
3 3 8 0
3 3 9 0
3 3 10 0
3 3 11 0
3 3 12 0
3 3 13 0
3 3 14 0
3 3 15 0
3 3 16 0
3 4 0 4938
3 4 1 6315
3 4 2 3618
3 4 3 0
3 4 4 0
3 4 5 8312
3 4 6 3693
3 4 7 6797
3 4 8 6081
3 4 9 4703
3 4 10 5195
3 4 11 4281
3 4 12 6420
3 4 13 3819
3 4 14 5892
3 4 15 7625
3 4 16 5968
3 5 0 1518
3 5 1 4138
3 5 2 3632
3 5 3 0
3 5 4 4556
3 5 5 0
3 5 6 5337
3 5 7 4702
3 5 8 6225
3 5 9 5569
3 5 10 6054
3 5 11 3624
3 5 12 6289
3 5 13 5011
3 5 14 4755
3 5 15 3559
3 5 16 3666
3 6 0 6909
3 6 1 4389
3 6 2 2665
3 6 3 0
3 6 4 5018
3 6 5 7459
3 6 6 0
3 6 7 5958
3 6 8 4735
3 6 9 7176
3 6 10 7347
3 6 11 5479
3 6 12 4435
3 6 13 4053
3 6 14 5411
3 6 15 4123
3 6 16 3336
3 7 0 2277
3 7 1 4929
3 7 2 5604
3 7 3 0
3 7 4 2782
3 7 5 5754
3 7 6 2572
3 7 7 0
3 7 8 3890
3 7 9 3227
3 7 10 6761
3 7 11 5182
3 7 12 3711
3 7 13 6203
3 7 14 4588
3 7 15 2835
3 7 16 4973
3 8 0 5844
3 8 1 5274
3 8 2 6097
3 8 3 0
3 8 4 4810
3 8 5 2840
3 8 6 5572
3 8 7 5511
3 8 8 0
3 8 9 2447
3 8 10 4861
3 8 11 5600
3 8 12 5226
3 8 13 2770
3 8 14 3734
3 8 15 3727
3 8 16 3031
3 9 0 2577
3 9 1 1644
3 9 2 3318
3 9 3 0
3 9 4 5235
3 9 5 5498
3 9 6 6381
3 9 7 3293
3 9 8 2670
3 9 9 0
3 9 10 5713
3 9 11 3119
3 9 12 6274
3 9 13 6531
3 9 14 4652
3 9 15 3599
3 9 16 6146
3 10 0 1584
3 10 1 3182
3 10 2 4649
3 10 3 0
3 10 4 557
3 10 5 3234
3 10 6 1291
3 10 7 1576
3 10 8 421
3 10 9 2711
3 10 10 0
3 10 11 2927
3 10 12 4554
3 10 13 1633
3 10 14 1663
3 10 15 340
3 10 16 1843
3 11 0 2578
3 11 1 4739
3 11 2 5706
3 11 3 0
3 11 4 6631
3 11 5 3575
3 11 6 7561
3 11 7 5149
3 11 8 4726
3 11 9 7488
3 11 10 3204
3 11 11 0
3 11 12 5185
3 11 13 5303
3 11 14 5100
3 11 15 7090
3 11 16 3907
3 12 0 6016
3 12 1 7981
3 12 2 3597
3 12 3 0
3 12 4 4169
3 12 5 5250
3 12 6 3530
3 12 7 5814
3 12 8 4620
3 12 9 6113
3 12 10 4907
3 12 11 5429
3 12 12 0
3 12 13 6017
3 12 14 7867
3 12 15 3774
3 12 16 5338
3 13 0 4813
3 13 1 1169
3 13 2 2022
3 13 3 0
3 13 4 5820
3 13 5 4788
3 13 6 3167
3 13 7 1870
3 13 8 6120
3 13 9 2166
3 13 10 4636
3 13 11 6044
3 13 12 5710
3 13 13 0
3 13 14 5070
3 13 15 5221
3 13 16 5057
3 14 0 6374
3 14 1 5697
3 14 2 5036
3 14 3 0
3 14 4 3182
3 14 5 6070
3 14 6 7111
3 14 7 2930
3 14 8 7429
3 14 9 6002
3 14 10 3799
3 14 11 4713
3 14 12 7074
3 14 13 3894
3 14 14 0
3 14 15 5668
3 14 16 3399
3 15 0 6242
3 15 1 5996
3 15 2 4830
3 15 3 0
3 15 4 5055
3 15 5 5739
3 15 6 6029
3 15 7 9020
3 15 8 8711
3 15 9 6450
3 15 10 4640
3 15 11 7809
3 15 12 7150
3 15 13 7478
3 15 14 7626
3 15 15 0
3 15 16 8006
3 16 0 8077
3 16 1 8640
3 16 2 4449
3 16 3 0
3 16 4 6566
3 16 5 4877
3 16 6 8596
3 16 7 8578
3 16 8 5780
3 16 9 4530
3 16 10 4029
3 16 11 5738
3 16 12 7398
3 16 13 7574
3 16 14 5043
3 16 15 5141
3 16 16 0
4 0 0 0
4 0 1 5748
4 0 2 3338
4 0 3 3865
4 0 4 0
4 0 5 1045
4 0 6 5427
4 0 7 1900
4 0 8 3464
4 0 9 2194
4 0 10 2417
4 0 11 2500
4 0 12 3722
4 0 13 5405
4 0 14 2421
4 0 15 5653
4 0 16 4737
4 1 0 8030
4 1 1 0
4 1 2 6618
4 1 3 5602
4 1 4 0
4 1 5 4137
4 1 6 3379
4 1 7 5024
4 1 8 3366
4 1 9 1733
4 1 10 4487
4 1 11 5133
4 1 12 6159
4 1 13 2233
4 1 14 2216
4 1 15 5879
4 1 16 5772
4 2 0 1876
4 2 1 2784
4 2 2 0
4 2 3 4811
4 2 4 0
4 2 5 3880
4 2 6 1904
4 2 7 5948
4 2 8 4438
4 2 9 3656
4 2 10 6203
4 2 11 6349
4 2 12 2024
4 2 13 3335
4 2 14 1804
4 2 15 4962
4 2 16 1830
4 3 0 4100
4 3 1 4858
4 3 2 5299
4 3 3 0
4 3 4 0
4 3 5 5883
4 3 6 6465
4 3 7 5153
4 3 8 5002
4 3 9 5590
4 3 10 3349
4 3 11 5987
4 3 12 6367
4 3 13 4759
4 3 14 5622
4 3 15 7251
4 3 16 6799
4 4 0 0
4 4 1 0
4 4 2 0
4 4 3 0
4 4 4 0
4 4 5 0
4 4 6 0
4 4 7 0
4 4 8 0
4 4 9 0
4 4 10 0
4 4 11 0
4 4 12 0
4 4 13 0
4 4 14 0
4 4 15 0
4 4 16 0
4 5 0 2010
4 5 1 4630
4 5 2 4124
4 5 3 4556
4 5 4 0
4 5 5 0
4 5 6 7249
4 5 7 6614
4 5 8 8137
4 5 9 7481
4 5 10 7966
4 5 11 5536
4 5 12 8201
4 5 13 6923
4 5 14 6667
4 5 15 5471
4 5 16 5578
4 6 0 6272
4 6 1 3752
4 6 2 2028
4 6 3 5018
4 6 4 0
4 6 5 4170
4 6 6 0
4 6 7 2669
4 6 8 1446
4 6 9 3887
4 6 10 4058
4 6 11 2190
4 6 12 1146
4 6 13 764
4 6 14 2122
4 6 15 834
4 6 16 47
4 7 0 1821
4 7 1 4473
4 7 2 5148
4 7 3 2782
4 7 4 0
4 7 5 6881
4 7 6 3699
4 7 7 0
4 7 8 5017
4 7 9 4354
4 7 10 7888
4 7 11 6309
4 7 12 4838
4 7 13 7330
4 7 14 5715
4 7 15 3962
4 7 16 6100
4 8 0 5564
4 8 1 4994
4 8 2 5817
4 8 3 4810
4 8 4 0
4 8 5 3402
4 8 6 6134
4 8 7 6073
4 8 8 0
4 8 9 3009
4 8 10 5423
4 8 11 6162
4 8 12 5788
4 8 13 3332
4 8 14 4296
4 8 15 4289
4 8 16 3593
4 9 0 4131
4 9 1 3198
4 9 2 4872
4 9 3 5235
4 9 4 0
4 9 5 4094
4 9 6 4977
4 9 7 1889
4 9 8 1266
4 9 9 0
4 9 10 4309
4 9 11 1715
4 9 12 4870
4 9 13 5127
4 9 14 3248
4 9 15 2195
4 9 16 4742
4 10 0 1917
4 10 1 3515
4 10 2 4982
4 10 3 557
4 10 4 0
4 10 5 4563
4 10 6 2620
4 10 7 2905
4 10 8 1750
4 10 9 4040
4 10 10 0
4 10 11 4256
4 10 12 5883
4 10 13 2962
4 10 14 2992
4 10 15 1669
4 10 16 3172
4 11 0 5436
4 11 1 7597
4 11 2 8564
4 11 3 6631
4 11 4 0
4 11 5 1352
4 11 6 5338
4 11 7 2926
4 11 8 2503
4 11 9 5265
4 11 10 981
4 11 11 0
4 11 12 2962
4 11 13 3080
4 11 14 2877
4 11 15 4867
4 11 16 1684
4 12 0 3816
4 12 1 5781
4 12 2 1397
4 12 3 4169
4 12 4 0
4 12 5 4786
4 12 6 3066
4 12 7 5350
4 12 8 4156
4 12 9 5649
4 12 10 4443
4 12 11 4965
4 12 12 0
4 12 13 5553
4 12 14 7403
4 12 15 3310
4 12 16 4874
4 13 0 8758
4 13 1 5114
4 13 2 5967
4 13 3 5820
4 13 4 0
4 13 5 3331
4 13 6 1710
4 13 7 413
4 13 8 4663
4 13 9 709
4 13 10 3179
4 13 11 4587
4 13 12 4253
4 13 13 0
4 13 14 3613
4 13 15 3764
4 13 16 3600
4 14 0 2273
4 14 1 1596
4 14 2 935
4 14 3 3182
4 14 4 0
4 14 5 5823
4 14 6 6864
4 14 7 2683
4 14 8 7182
4 14 9 5755
4 14 10 3552
4 14 11 4466
4 14 12 6827
4 14 13 3647
4 14 14 0
4 14 15 5421
4 14 16 3152
4 15 0 5749
4 15 1 5503
4 15 2 4337
4 15 3 5055
4 15 4 0
4 15 5 5596
4 15 6 5886
4 15 7 8877
4 15 8 8568
4 15 9 6307
4 15 10 4497
4 15 11 7666
4 15 12 7007
4 15 13 7335
4 15 14 7483
4 15 15 0
4 15 16 7863
4 16 0 6796
4 16 1 7359
4 16 2 3168
4 16 3 6566
4 16 4 0
4 16 5 3529
4 16 6 7248
4 16 7 7230
4 16 8 4432
4 16 9 3182
4 16 10 2681
4 16 11 4390
4 16 12 6050
4 16 13 6226
4 16 14 3695
4 16 15 3793
4 16 16 0
5 0 0 0
5 0 1 4147
5 0 2 1737
5 0 3 2264
5 0 4 1045
5 0 5 0
5 0 6 4843
5 0 7 1316
5 0 8 2880
5 0 9 1610
5 0 10 1833
5 0 11 1916
5 0 12 3138
5 0 13 4821
5 0 14 1837
5 0 15 5069
5 0 16 4153
5 1 0 7672
5 1 1 0
5 1 2 6260
5 1 3 5244
5 1 4 4137
5 1 5 0
5 1 6 3799
5 1 7 5444
5 1 8 3786
5 1 9 2153
5 1 10 4907
5 1 11 5553
5 1 12 6579
5 1 13 2653
5 1 14 2636
5 1 15 6299
5 1 16 6192
5 2 0 3709
5 2 1 4617
5 2 2 0
5 2 3 6644
5 2 4 3880
5 2 5 0
5 2 6 4402
5 2 7 8446
5 2 8 6936
5 2 9 6154
5 2 10 8701
5 2 11 8847
5 2 12 4522
5 2 13 5833
5 2 14 4302
5 2 15 7460
5 2 16 4328
5 3 0 3164
5 3 1 3922
5 3 2 4363
5 3 3 0
5 3 4 5883
5 3 5 0
5 3 6 4646
5 3 7 3334
5 3 8 3183
5 3 9 3771
5 3 10 1530
5 3 11 4168
5 3 12 4548
5 3 13 2940
5 3 14 3803
5 3 15 5432
5 3 16 4980
5 4 0 6431
5 4 1 7808
5 4 2 5111
5 4 3 8312
5 4 4 0
5 4 5 0
5 4 6 1849
5 4 7 4953
5 4 8 4237
5 4 9 2859
5 4 10 3351
5 4 11 2437
5 4 12 4576
5 4 13 1975
5 4 14 4048
5 4 15 5781
5 4 16 4124
5 5 0 0
5 5 1 0
5 5 2 0
5 5 3 0
5 5 4 0
5 5 5 0
5 5 6 0
5 5 7 0
5 5 8 0
5 5 9 0
5 5 10 0
5 5 11 0
5 5 12 0
5 5 13 0
5 5 14 0
5 5 15 0
5 5 16 0
5 6 0 8713
5 6 1 6193
5 6 2 4469
5 6 3 7459
5 6 4 4170
5 6 5 0
5 6 6 0
5 6 7 5249
5 6 8 4026
5 6 9 6467
5 6 10 6638
5 6 11 4770
5 6 12 3726
5 6 13 3344
5 6 14 4702
5 6 15 3414
5 6 16 2627
5 7 0 4793
5 7 1 7445
5 7 2 8120
5 7 3 5754
5 7 4 6881
5 7 5 0
5 7 6 2540
5 7 7 0
5 7 8 3858
5 7 9 3195
5 7 10 6729
5 7 11 5150
5 7 12 3679
5 7 13 6171
5 7 14 4556
5 7 15 2803
5 7 16 4941
5 8 0 3594
5 8 1 3024
5 8 2 3847
5 8 3 2840
5 8 4 3402
5 8 5 0
5 8 6 7214
5 8 7 7153
5 8 8 0
5 8 9 4089
5 8 10 6503
5 8 11 7242
5 8 12 6868
5 8 13 4412
5 8 14 5376
5 8 15 5369
5 8 16 4673
5 9 0 4394
5 9 1 3461
5 9 2 5135
5 9 3 5498
5 9 4 4094
5 9 5 0
5 9 6 6779
5 9 7 3691
5 9 8 3068
5 9 9 0
5 9 10 6111
5 9 11 3517
5 9 12 6672
5 9 13 6929
5 9 14 5050
5 9 15 3997
5 9 16 6544
5 10 0 4594
5 10 1 6192
5 10 2 7659
5 10 3 3234
5 10 4 4563
5 10 5 0
5 10 6 4415
5 10 7 4700
5 10 8 3545
5 10 9 5835
5 10 10 0
5 10 11 6051
5 10 12 7678
5 10 13 4757
5 10 14 4787
5 10 15 3464
5 10 16 4967
5 11 0 2380
5 11 1 4541
5 11 2 5508
5 11 3 3575
5 11 4 1352
5 11 5 0
5 11 6 5617
5 11 7 3205
5 11 8 2782
5 11 9 5544
5 11 10 1260
5 11 11 0
5 11 12 3241
5 11 13 3359
5 11 14 3156
5 11 15 5146
5 11 16 1963
5 12 0 4897
5 12 1 6862
5 12 2 2478
5 12 3 5250
5 12 4 4786
5 12 5 0
5 12 6 3871
5 12 7 6155
5 12 8 4961
5 12 9 6454
5 12 10 5248
5 12 11 5770
5 12 12 0
5 12 13 6358
5 12 14 8208
5 12 15 4115
5 12 16 5679
5 13 0 7726
5 13 1 4082
5 13 2 4935
5 13 3 4788
5 13 4 3331
5 13 5 0
5 13 6 3838
5 13 7 2541
5 13 8 6791
5 13 9 2837
5 13 10 5307
5 13 11 6715
5 13 12 6381
5 13 13 0
5 13 14 5741
5 13 15 5892
5 13 16 5728
5 14 0 5161
5 14 1 4484
5 14 2 3823
5 14 3 6070
5 14 4 5823
5 14 5 0
5 14 6 6663
5 14 7 2482
5 14 8 6981
5 14 9 5554
5 14 10 3351
5 14 11 4265
5 14 12 6626
5 14 13 3446
5 14 14 0
5 14 15 5220
5 14 16 2951
5 15 0 6433
5 15 1 6187
5 15 2 5021
5 15 3 5739
5 15 4 5596
5 15 5 0
5 15 6 2756
5 15 7 5747
5 15 8 5438
5 15 9 3177
5 15 10 1367
5 15 11 4536
5 15 12 3877
5 15 13 4205
5 15 14 4353
5 15 15 0
5 15 16 4733
5 16 0 5107
5 16 1 5670
5 16 2 1479
5 16 3 4877
5 16 4 3529
5 16 5 0
5 16 6 5882
5 16 7 5864
5 16 8 3066
5 16 9 1816
5 16 10 1315
5 16 11 3024
5 16 12 4684
5 16 13 4860
5 16 14 2329
5 16 15 2427
5 16 16 0
6 0 0 0
6 0 1 8529
6 0 2 6119
6 0 3 6646
6 0 4 5427
6 0 5 4843
6 0 6 0
6 0 7 1125
6 0 8 2689
6 0 9 1419
6 0 10 1642
6 0 11 1725
6 0 12 2947
6 0 13 4630
6 0 14 1646
6 0 15 4878
6 0 16 3962
6 1 0 6914
6 1 1 0
6 1 2 5502
6 1 3 4486
6 1 4 3379
6 1 5 3799
6 1 6 0
6 1 7 4868
6 1 8 3210
6 1 9 1577
6 1 10 4331
6 1 11 4977
6 1 12 6003
6 1 13 2077
6 1 14 2060
6 1 15 5723
6 1 16 5616
6 2 0 1733
6 2 1 2641
6 2 2 0
6 2 3 4668
6 2 4 1904
6 2 5 4402
6 2 6 0
6 2 7 7358
6 2 8 5848
6 2 9 5066
6 2 10 7613
6 2 11 7759
6 2 12 3434
6 2 13 4745
6 2 14 3214
6 2 15 6372
6 2 16 3240
6 3 0 3746
6 3 1 4504
6 3 2 4945
6 3 3 0
6 3 4 6465
6 3 5 4646
6 3 6 0
6 3 7 4343
6 3 8 4192
6 3 9 4780
6 3 10 2539
6 3 11 5177
6 3 12 5557
6 3 13 3949
6 3 14 4812
6 3 15 6441
6 3 16 5989
6 4 0 1812
6 4 1 3189
6 4 2 492
6 4 3 3693
6 4 4 0
6 4 5 1849
6 4 6 0
6 4 7 4833
6 4 8 4117
6 4 9 2739
6 4 10 3231
6 4 11 2317
6 4 12 4456
6 4 13 1855
6 4 14 3928
6 4 15 5661
6 4 16 4004
6 5 0 2791
6 5 1 5411
6 5 2 4905
6 5 3 5337
6 5 4 7249
6 5 5 0
6 5 6 0
6 5 7 6115
6 5 8 7638
6 5 9 6982
6 5 10 7467
6 5 11 5037
6 5 12 7702
6 5 13 6424
6 5 14 6168
6 5 15 4972
6 5 16 5079
6 6 0 0
6 6 1 0
6 6 2 0
6 6 3 0
6 6 4 0
6 6 5 0
6 6 6 0
6 6 7 0
6 6 8 0
6 6 9 0
6 6 10 0
6 6 11 0
6 6 12 0
6 6 13 0
6 6 14 0
6 6 15 0
6 6 16 0
6 7 0 1611
6 7 1 4263
6 7 2 4938
6 7 3 2572
6 7 4 3699
6 7 5 2540
6 7 6 0
6 7 7 0
6 7 8 4532
6 7 9 3869
6 7 10 7403
6 7 11 5824
6 7 12 4353
6 7 13 6845
6 7 14 5230
6 7 15 3477
6 7 16 5615
6 8 0 6326
6 8 1 5756
6 8 2 6579
6 8 3 5572
6 8 4 6134
6 8 5 7214
6 8 6 0
6 8 7 5081
6 8 8 0
6 8 9 2017
6 8 10 4431
6 8 11 5170
6 8 12 4796
6 8 13 2340
6 8 14 3304
6 8 15 3297
6 8 16 2601
6 9 0 5277
6 9 1 4344
6 9 2 6018
6 9 3 6381
6 9 4 4977
6 9 5 6779
6 9 6 0
6 9 7 4716
6 9 8 4093
6 9 9 0
6 9 10 7136
6 9 11 4542
6 9 12 7697
6 9 13 7954
6 9 14 6075
6 9 15 5022
6 9 16 7569
6 10 0 2651
6 10 1 4249
6 10 2 5716
6 10 3 1291
6 10 4 2620
6 10 5 4415
6 10 6 0
6 10 7 5411
6 10 8 4256
6 10 9 6546
6 10 10 0
6 10 11 6762
6 10 12 8389
6 10 13 5468
6 10 14 5498
6 10 15 4175
6 10 16 5678
6 11 0 6366
6 11 1 8527
6 11 2 9494
6 11 3 7561
6 11 4 5338
6 11 5 5617
6 11 6 0
6 11 7 4478
6 11 8 4055
6 11 9 6817
6 11 10 2533
6 11 11 0
6 11 12 4514
6 11 13 4632
6 11 14 4429
6 11 15 6419
6 11 16 3236
6 12 0 3177
6 12 1 5142
6 12 2 758
6 12 3 3530
6 12 4 3066
6 12 5 3871
6 12 6 0
6 12 7 3719
6 12 8 2525
6 12 9 4018
6 12 10 2812
6 12 11 3334
6 12 12 0
6 12 13 3922
6 12 14 5772
6 12 15 1679
6 12 16 3243
6 13 0 6105
6 13 1 2461
6 13 2 3314
6 13 3 3167
6 13 4 1710
6 13 5 3838
6 13 6 0
6 13 7 1001
6 13 8 5251
6 13 9 1297
6 13 10 3767
6 13 11 5175
6 13 12 4841
6 13 13 0
6 13 14 4201
6 13 15 4352
6 13 16 4188
6 14 0 6202
6 14 1 5525
6 14 2 4864
6 14 3 7111
6 14 4 6864
6 14 5 6663
6 14 6 0
6 14 7 2556
6 14 8 7055
6 14 9 5628
6 14 10 3425
6 14 11 4339
6 14 12 6700
6 14 13 3520
6 14 14 0
6 14 15 5294
6 14 16 3025
6 15 0 6723
6 15 1 6477
6 15 2 5311
6 15 3 6029
6 15 4 5886
6 15 5 2756
6 15 6 0
6 15 7 5729
6 15 8 5420
6 15 9 3159
6 15 10 1349
6 15 11 4518
6 15 12 3859
6 15 13 4187
6 15 14 4335
6 15 15 0
6 15 16 4715
6 16 0 8826
6 16 1 9389
6 16 2 5198
6 16 3 8596
6 16 4 7248
6 16 5 5882
6 16 6 0
6 16 7 4952
6 16 8 2154
6 16 9 904
6 16 10 403
6 16 11 2112
6 16 12 3772
6 16 13 3948
6 16 14 1417
6 16 15 1515
6 16 16 0
7 0 0 0
7 0 1 5002
7 0 2 2592
7 0 3 3119
7 0 4 1900
7 0 5 1316
7 0 6 1125
7 0 7 0
7 0 8 5616
7 0 9 4346
7 0 10 4569
7 0 11 4652
7 0 12 5874
7 0 13 7557
7 0 14 4573
7 0 15 7805
7 0 16 6889
7 1 0 8559
7 1 1 0
7 1 2 7147
7 1 3 6131
7 1 4 5024
7 1 5 5444
7 1 6 4868
7 1 7 0
7 1 8 6281
7 1 9 4648
7 1 10 7402
7 1 11 8048
7 1 12 9074
7 1 13 5148
7 1 14 5131
7 1 15 8794
7 1 16 8687
7 2 0 5777
7 2 1 6685
7 2 2 0
7 2 3 8712
7 2 4 5948
7 2 5 8446
7 2 6 7358
7 2 7 0
7 2 8 4668
7 2 9 3886
7 2 10 6433
7 2 11 6579
7 2 12 2254
7 2 13 3565
7 2 14 2034
7 2 15 5192
7 2 16 2060
7 3 0 2434
7 3 1 3192
7 3 2 3633
7 3 3 0
7 3 4 5153
7 3 5 3334
7 3 6 4343
7 3 7 0
7 3 8 3087
7 3 9 3675
7 3 10 1434
7 3 11 4072
7 3 12 4452
7 3 13 2844
7 3 14 3707
7 3 15 5336
7 3 16 4884
7 4 0 4916
7 4 1 6293
7 4 2 3596
7 4 3 6797
7 4 4 0
7 4 5 4953
7 4 6 4833
7 4 7 0
7 4 8 3193
7 4 9 1815
7 4 10 2307
7 4 11 1393
7 4 12 3532
7 4 13 931
7 4 14 3004
7 4 15 4737
7 4 16 3080
7 5 0 2156
7 5 1 4776
7 5 2 4270
7 5 3 4702
7 5 4 6614
7 5 5 0
7 5 6 6115
7 5 7 0
7 5 8 7245
7 5 9 6589
7 5 10 7074
7 5 11 4644
7 5 12 7309
7 5 13 6031
7 5 14 5775
7 5 15 4579
7 5 16 4686
7 6 0 7212
7 6 1 4692
7 6 2 2968
7 6 3 5958
7 6 4 2669
7 6 5 5249
7 6 6 0
7 6 7 0
7 6 8 1991
7 6 9 4432
7 6 10 4603
7 6 11 2735
7 6 12 1691
7 6 13 1309
7 6 14 2667
7 6 15 1379
7 6 16 592
7 7 0 0
7 7 1 0
7 7 2 0
7 7 3 0
7 7 4 0
7 7 5 0
7 7 6 0
7 7 7 0
7 7 8 0
7 7 9 0
7 7 10 0
7 7 11 0
7 7 12 0
7 7 13 0
7 7 14 0
7 7 15 0
7 7 16 0
7 8 0 6265
7 8 1 5695
7 8 2 6518
7 8 3 5511
7 8 4 6073
7 8 5 7153
7 8 6 5081
7 8 7 0
7 8 8 0
7 8 9 2484
7 8 10 4898
7 8 11 5637
7 8 12 5263
7 8 13 2807
7 8 14 3771
7 8 15 3764
7 8 16 3068
7 9 0 2189
7 9 1 1256
7 9 2 2930
7 9 3 3293
7 9 4 1889
7 9 5 3691
7 9 6 4716
7 9 7 0
7 9 8 1456
7 9 9 0
7 9 10 4499
7 9 11 1905
7 9 12 5060
7 9 13 5317
7 9 14 3438
7 9 15 2385
7 9 16 4932
7 10 0 2936
7 10 1 4534
7 10 2 6001
7 10 3 1576
7 10 4 2905
7 10 5 4700
7 10 6 5411
7 10 7 0
7 10 8 4982
7 10 9 7272
7 10 10 0
7 10 11 7488
7 10 12 9115
7 10 13 6194
7 10 14 6224
7 10 15 4901
7 10 16 6404
7 11 0 3954
7 11 1 6115
7 11 2 7082
7 11 3 5149
7 11 4 2926
7 11 5 3205
7 11 6 4478
7 11 7 0
7 11 8 5070
7 11 9 7832
7 11 10 3548
7 11 11 0
7 11 12 5529
7 11 13 5647
7 11 14 5444
7 11 15 7434
7 11 16 4251
7 12 0 5461
7 12 1 7426
7 12 2 3042
7 12 3 5814
7 12 4 5350
7 12 5 6155
7 12 6 3719
7 12 7 0
7 12 8 3113
7 12 9 4606
7 12 10 3400
7 12 11 3922
7 12 12 0
7 12 13 4510
7 12 14 6360
7 12 15 2267
7 12 16 3831
7 13 0 4808
7 13 1 1164
7 13 2 2017
7 13 3 1870
7 13 4 413
7 13 5 2541
7 13 6 1001
7 13 7 0
7 13 8 8713
7 13 9 4759
7 13 10 7229
7 13 11 8637
7 13 12 8303
7 13 13 0
7 13 14 7663
7 13 15 7814
7 13 16 7650
7 14 0 2021
7 14 1 1344
7 14 2 683
7 14 3 2930
7 14 4 2683
7 14 5 2482
7 14 6 2556
7 14 7 0
7 14 8 7544
7 14 9 6117
7 14 10 3914
7 14 11 4828
7 14 12 7189
7 14 13 4009
7 14 14 0
7 14 15 5783
7 14 16 3514
7 15 0 9714
7 15 1 9468
7 15 2 8302
7 15 3 9020
7 15 4 8877
7 15 5 5747
7 15 6 5729
7 15 7 0
7 15 8 5444
7 15 9 3183
7 15 10 1373
7 15 11 4542
7 15 12 3883
7 15 13 4211
7 15 14 4359
7 15 15 0
7 15 16 4739
7 16 0 8808
7 16 1 9371
7 16 2 5180
7 16 3 8578
7 16 4 7230
7 16 5 5864
7 16 6 4952
7 16 7 0
7 16 8 5103
7 16 9 3853
7 16 10 3352
7 16 11 5061
7 16 12 6721
7 16 13 6897
7 16 14 4366
7 16 15 4464
7 16 16 0
8 0 0 0
8 0 1 6566
8 0 2 4156
8 0 3 4683
8 0 4 3464
8 0 5 2880
8 0 6 2689
8 0 7 5616
8 0 8 0
8 0 9 1520
8 0 10 1743
8 0 11 1826
8 0 12 3048
8 0 13 4731
8 0 14 1747
8 0 15 4979
8 0 16 4063
8 1 0 6901
8 1 1 0
8 1 2 5489
8 1 3 4473
8 1 4 3366
8 1 5 3786
8 1 6 3210
8 1 7 6281
8 1 8 0
8 1 9 3091
8 1 10 5845
8 1 11 6491
8 1 12 7517
8 1 13 3591
8 1 14 3574
8 1 15 7237
8 1 16 7130
8 2 0 4267
8 2 1 5175
8 2 2 0
8 2 3 7202
8 2 4 4438
8 2 5 6936
8 2 6 5848
8 2 7 4668
8 2 8 0
8 2 9 2785
8 2 10 5332
8 2 11 5478
8 2 12 1153
8 2 13 2464
8 2 14 933
8 2 15 4091
8 2 16 959
8 3 0 2283
8 3 1 3041
8 3 2 3482
8 3 3 0
8 3 4 5002
8 3 5 3183
8 3 6 4192
8 3 7 3087
8 3 8 0
8 3 9 5678
8 3 10 3437
8 3 11 6075
8 3 12 6455
8 3 13 4847
8 3 14 5710
8 3 15 7339
8 3 16 6887
8 4 0 4200
8 4 1 5577
8 4 2 2880
8 4 3 6081
8 4 4 0
8 4 5 4237
8 4 6 4117
8 4 7 3193
8 4 8 0
8 4 9 3994
8 4 10 4486
8 4 11 3572
8 4 12 5711
8 4 13 3110
8 4 14 5183
8 4 15 6916
8 4 16 5259
8 5 0 3679
8 5 1 6299
8 5 2 5793
8 5 3 6225
8 5 4 8137
8 5 5 0
8 5 6 7638
8 5 7 7245
8 5 8 0
8 5 9 3826
8 5 10 4311
8 5 11 1881
8 5 12 4546
8 5 13 3268
8 5 14 3012
8 5 15 1816
8 5 16 1923
8 6 0 5989
8 6 1 3469
8 6 2 1745
8 6 3 4735
8 6 4 1446
8 6 5 4026
8 6 6 0
8 6 7 1991
8 6 8 0
8 6 9 7583
8 6 10 7754
8 6 11 5886
8 6 12 4842
8 6 13 4460
8 6 14 5818
8 6 15 4530
8 6 16 3743
8 7 0 2929
8 7 1 5581
8 7 2 6256
8 7 3 3890
8 7 4 5017
8 7 5 3858
8 7 6 4532
8 7 7 0
8 7 8 0
8 7 9 4885
8 7 10 8419
8 7 11 6840
8 7 12 5369
8 7 13 7861
8 7 14 6246
8 7 15 4493
8 7 16 6631
8 8 0 0
8 8 1 0
8 8 2 0
8 8 3 0
8 8 4 0
8 8 5 0
8 8 6 0
8 8 7 0
8 8 8 0
8 8 9 0
8 8 10 0
8 8 11 0
8 8 12 0
8 8 13 0
8 8 14 0
8 8 15 0
8 8 16 0
8 9 0 1566
8 9 1 633
8 9 2 2307
8 9 3 2670
8 9 4 1266
8 9 5 3068
8 9 6 4093
8 9 7 1456
8 9 8 0
8 9 9 0
8 9 10 3870
8 9 11 1276
8 9 12 4431
8 9 13 4688
8 9 14 2809
8 9 15 1756
8 9 16 4303
8 10 0 1781
8 10 1 3379
8 10 2 4846
8 10 3 421
8 10 4 1750
8 10 5 3545
8 10 6 4256
8 10 7 4982
8 10 8 0
8 10 9 5523
8 10 10 0
8 10 11 5739
8 10 12 7366
8 10 13 4445
8 10 14 4475
8 10 15 3152
8 10 16 4655
8 11 0 3531
8 11 1 5692
8 11 2 6659
8 11 3 4726
8 11 4 2503
8 11 5 2782
8 11 6 4055
8 11 7 5070
8 11 8 0
8 11 9 8401
8 11 10 4117
8 11 11 0
8 11 12 6098
8 11 13 6216
8 11 14 6013
8 11 15 8003
8 11 16 4820
8 12 0 4267
8 12 1 6232
8 12 2 1848
8 12 3 4620
8 12 4 4156
8 12 5 4961
8 12 6 2525
8 12 7 3113
8 12 8 0
8 12 9 6272
8 12 10 5066
8 12 11 5588
8 12 12 0
8 12 13 6176
8 12 14 8026
8 12 15 3933
8 12 16 5497
8 13 0 9058
8 13 1 5414
8 13 2 6267
8 13 3 6120
8 13 4 4663
8 13 5 6791
8 13 6 5251
8 13 7 8713
8 13 8 0
8 13 9 1477
8 13 10 3947
8 13 11 5355
8 13 12 5021
8 13 13 0
8 13 14 4381
8 13 15 4532
8 13 16 4368
8 14 0 6520
8 14 1 5843
8 14 2 5182
8 14 3 7429
8 14 4 7182
8 14 5 6981
8 14 6 7055
8 14 7 7544
8 14 8 0
8 14 9 5414
8 14 10 3211
8 14 11 4125
8 14 12 6486
8 14 13 3306
8 14 14 0
8 14 15 5080
8 14 16 2811
8 15 0 9405
8 15 1 9159
8 15 2 7993
8 15 3 8711
8 15 4 8568
8 15 5 5438
8 15 6 5420
8 15 7 5444
8 15 8 0
8 15 9 4226
8 15 10 2416
8 15 11 5585
8 15 12 4926
8 15 13 5254
8 15 14 5402
8 15 15 0
8 15 16 5782
8 16 0 6010
8 16 1 6573
8 16 2 2382
8 16 3 5780
8 16 4 4432
8 16 5 3066
8 16 6 2154
8 16 7 5103
8 16 8 0
8 16 9 2062
8 16 10 1561
8 16 11 3270
8 16 12 4930
8 16 13 5106
8 16 14 2575
8 16 15 2673
8 16 16 0
9 0 0 0
9 0 1 5296
9 0 2 2886
9 0 3 3413
9 0 4 2194
9 0 5 1610
9 0 6 1419
9 0 7 4346
9 0 8 1520
9 0 9 0
9 0 10 6047
9 0 11 6130
9 0 12 7352
9 0 13 9035
9 0 14 6051
9 0 15 9283
9 0 16 8367
9 1 0 5268
9 1 1 0
9 1 2 3856
9 1 3 2840
9 1 4 1733
9 1 5 2153
9 1 6 1577
9 1 7 4648
9 1 8 3091
9 1 9 0
9 1 10 4451
9 1 11 5097
9 1 12 6123
9 1 13 2197
9 1 14 2180
9 1 15 5843
9 1 16 5736
9 2 0 3485
9 2 1 4393
9 2 2 0
9 2 3 6420
9 2 4 3656
9 2 5 6154
9 2 6 5066
9 2 7 3886
9 2 8 2785
9 2 9 0
9 2 10 7958
9 2 11 8104
9 2 12 3779
9 2 13 5090
9 2 14 3559
9 2 15 6717
9 2 16 3585
9 3 0 2871
9 3 1 3629
9 3 2 4070
9 3 3 0
9 3 4 5590
9 3 5 3771
9 3 6 4780
9 3 7 3675
9 3 8 5678
9 3 9 0
9 3 10 1440
9 3 11 4078
9 3 12 4458
9 3 13 2850
9 3 14 3713
9 3 15 5342
9 3 16 4890
9 4 0 2822
9 4 1 4199
9 4 2 1502
9 4 3 4703
9 4 4 0
9 4 5 2859
9 4 6 2739
9 4 7 1815
9 4 8 3994
9 4 9 0
9 4 10 4323
9 4 11 3409
9 4 12 5548
9 4 13 2947
9 4 14 5020
9 4 15 6753
9 4 16 5096
9 5 0 3023
9 5 1 5643
9 5 2 5137
9 5 3 5569
9 5 4 7481
9 5 5 0
9 5 6 6982
9 5 7 6589
9 5 8 3826
9 5 9 0
9 5 10 6381
9 5 11 3951
9 5 12 6616
9 5 13 5338
9 5 14 5082
9 5 15 3886
9 5 16 3993
9 6 0 8430
9 6 1 5910
9 6 2 4186
9 6 3 7176
9 6 4 3887
9 6 5 6467
9 6 6 0
9 6 7 4432
9 6 8 7583
9 6 9 0
9 6 10 7975
9 6 11 6107
9 6 12 5063
9 6 13 4681
9 6 14 6039
9 6 15 4751
9 6 16 3964
9 7 0 2266
9 7 1 4918
9 7 2 5593
9 7 3 3227
9 7 4 4354
9 7 5 3195
9 7 6 3869
9 7 7 0
9 7 8 4885
9 7 9 0
9 7 10 5613
9 7 11 4034
9 7 12 2563
9 7 13 5055
9 7 14 3440
9 7 15 1687
9 7 16 3825
9 8 0 3201
9 8 1 2631
9 8 2 3454
9 8 3 2447
9 8 4 3009
9 8 5 4089
9 8 6 2017
9 8 7 2484
9 8 8 0
9 8 9 0
9 8 10 3241
9 8 11 3980
9 8 12 3606
9 8 13 1150
9 8 14 2114
9 8 15 2107
9 8 16 1411
9 9 0 0
9 9 1 0
9 9 2 0
9 9 3 0
9 9 4 0
9 9 5 0
9 9 6 0
9 9 7 0
9 9 8 0
9 9 9 0
9 9 10 0
9 9 11 0
9 9 12 0
9 9 13 0
9 9 14 0
9 9 15 0
9 9 16 0
9 10 0 4071
9 10 1 5669
9 10 2 7136
9 10 3 2711
9 10 4 4040
9 10 5 5835
9 10 6 6546
9 10 7 7272
9 10 8 5523
9 10 9 0
9 10 10 0
9 10 11 6003
9 10 12 7630
9 10 13 4709
9 10 14 4739
9 10 15 3416
9 10 16 4919
9 11 0 6293
9 11 1 8454
9 11 2 9421
9 11 3 7488
9 11 4 5265
9 11 5 5544
9 11 6 6817
9 11 7 7832
9 11 8 8401
9 11 9 0
9 11 10 1048
9 11 11 0
9 11 12 3029
9 11 13 3147
9 11 14 2944
9 11 15 4934
9 11 16 1751
9 12 0 5760
9 12 1 7725
9 12 2 3341
9 12 3 6113
9 12 4 5649
9 12 5 6454
9 12 6 4018
9 12 7 4606
9 12 8 6272
9 12 9 0
9 12 10 5526
9 12 11 6048
9 12 12 0
9 12 13 6636
9 12 14 8486
9 12 15 4393
9 12 16 5957
9 13 0 5104
9 13 1 1460
9 13 2 2313
9 13 3 2166
9 13 4 709
9 13 5 2837
9 13 6 1297
9 13 7 4759
9 13 8 1477
9 13 9 0
9 13 10 7120
9 13 11 8528
9 13 12 8194
9 13 13 0
9 13 14 7554
9 13 15 7705
9 13 16 7541
9 14 0 5093
9 14 1 4416
9 14 2 3755
9 14 3 6002
9 14 4 5755
9 14 5 5554
9 14 6 5628
9 14 7 6117
9 14 8 5414
9 14 9 0
9 14 10 3541
9 14 11 4455
9 14 12 6816
9 14 13 3636
9 14 14 0
9 14 15 5410
9 14 16 3141
9 15 0 7144
9 15 1 6898
9 15 2 5732
9 15 3 6450
9 15 4 6307
9 15 5 3177
9 15 6 3159
9 15 7 3183
9 15 8 4226
9 15 9 0
9 15 10 1700
9 15 11 4869
9 15 12 4210
9 15 13 4538
9 15 14 4686
9 15 15 0
9 15 16 5066
9 16 0 4760
9 16 1 5323
9 16 2 1132
9 16 3 4530
9 16 4 3182
9 16 5 1816
9 16 6 904
9 16 7 3853
9 16 8 2062
9 16 9 0
9 16 10 4088
9 16 11 5797
9 16 12 7457
9 16 13 7633
9 16 14 5102
9 16 15 5200
9 16 16 0
10 0 0 0
10 0 1 5519
10 0 2 3109
10 0 3 3636
10 0 4 2417
10 0 5 1833
10 0 6 1642
10 0 7 4569
10 0 8 1743
10 0 9 6047
10 0 10 0
10 0 11 4404
10 0 12 5626
10 0 13 7309
10 0 14 4325
10 0 15 7557
10 0 16 6641
10 1 0 8022
10 1 1 0
10 1 2 6610
10 1 3 5594
10 1 4 4487
10 1 5 4907
10 1 6 4331
10 1 7 7402
10 1 8 5845
10 1 9 4451
10 1 10 0
10 1 11 8442
10 1 12 9468
10 1 13 5542
10 1 14 5525
10 1 15 9188
10 1 16 9081
10 2 0 6032
10 2 1 6940
10 2 2 0
10 2 3 8967
10 2 4 6203
10 2 5 8701
10 2 6 7613
10 2 7 6433
10 2 8 5332
10 2 9 7958
10 2 10 0
10 2 11 7921
10 2 12 3596
10 2 13 4907
10 2 14 3376
10 2 15 6534
10 2 16 3402
10 3 0 630
10 3 1 1388
10 3 2 1829
10 3 3 0
10 3 4 3349
10 3 5 1530
10 3 6 2539
10 3 7 1434
10 3 8 3437
10 3 9 1440
10 3 10 0
10 3 11 2862
10 3 12 3242
10 3 13 1634
10 3 14 2497
10 3 15 4126
10 3 16 3674
10 4 0 3314
10 4 1 4691
10 4 2 1994
10 4 3 5195
10 4 4 0
10 4 5 3351
10 4 6 3231
10 4 7 2307
10 4 8 4486
10 4 9 4323
10 4 10 0
10 4 11 972
10 4 12 3111
10 4 13 510
10 4 14 2583
10 4 15 4316
10 4 16 2659
10 5 0 3508
10 5 1 6128
10 5 2 5622
10 5 3 6054
10 5 4 7966
10 5 5 0
10 5 6 7467
10 5 7 7074
10 5 8 4311
10 5 9 6381
10 5 10 0
10 5 11 3928
10 5 12 6593
10 5 13 5315
10 5 14 5059
10 5 15 3863
10 5 16 3970
10 6 0 8601
10 6 1 6081
10 6 2 4357
10 6 3 7347
10 6 4 4058
10 6 5 6638
10 6 6 0
10 6 7 4603
10 6 8 7754
10 6 9 7975
10 6 10 0
10 6 11 3258
10 6 12 2214
10 6 13 1832
10 6 14 3190
10 6 15 1902
10 6 16 1115
10 7 0 5800
10 7 1 8452
10 7 2 9127
10 7 3 6761
10 7 4 7888
10 7 5 6729
10 7 6 7403
10 7 7 0
10 7 8 8419
10 7 9 5613
10 7 10 0
10 7 11 4558
10 7 12 3087
10 7 13 5579
10 7 14 3964
10 7 15 2211
10 7 16 4349
10 8 0 5615
10 8 1 5045
10 8 2 5868
10 8 3 4861
10 8 4 5423
10 8 5 6503
10 8 6 4431
10 8 7 4898
10 8 8 0
10 8 9 3241
10 8 10 0
10 8 11 3972
10 8 12 3598
10 8 13 1142
10 8 14 2106
10 8 15 2099
10 8 16 1403
10 9 0 4609
10 9 1 3676
10 9 2 5350
10 9 3 5713
10 9 4 4309
10 9 5 6111
10 9 6 7136
10 9 7 4499
10 9 8 3870
10 9 9 0
10 9 10 0
10 9 11 3193
10 9 12 6348
10 9 13 6605
10 9 14 4726
10 9 15 3673
10 9 16 6220
10 10 0 0
10 10 1 0
10 10 2 0
10 10 3 0
10 10 4 0
10 10 5 0
10 10 6 0
10 10 7 0
10 10 8 0
10 10 9 0
10 10 10 0
10 10 11 0
10 10 12 0
10 10 13 0
10 10 14 0
10 10 15 0
10 10 16 0
10 11 0 2009
10 11 1 4170
10 11 2 5137
10 11 3 3204
10 11 4 981
10 11 5 1260
10 11 6 2533
10 11 7 3548
10 11 8 4117
10 11 9 1048
10 11 10 0
10 11 11 0
10 11 12 5078
10 11 13 5196
10 11 14 4993
10 11 15 6983
10 11 16 3800
10 12 0 4554
10 12 1 6519
10 12 2 2135
10 12 3 4907
10 12 4 4443
10 12 5 5248
10 12 6 2812
10 12 7 3400
10 12 8 5066
10 12 9 5526
10 12 10 0
10 12 11 6569
10 12 12 0
10 12 13 7157
10 12 14 9007
10 12 15 4914
10 12 16 6478
10 13 0 7574
10 13 1 3930
10 13 2 4783
10 13 3 4636
10 13 4 3179
10 13 5 5307
10 13 6 3767
10 13 7 7229
10 13 8 3947
10 13 9 7120
10 13 10 0
10 13 11 5871
10 13 12 5537
10 13 13 0
10 13 14 4897
10 13 15 5048
10 13 16 4884
10 14 0 2890
10 14 1 2213
10 14 2 1552
10 14 3 3799
10 14 4 3552
10 14 5 3351
10 14 6 3425
10 14 7 3914
10 14 8 3211
10 14 9 3541
10 14 10 0
10 14 11 3707
10 14 12 6068
10 14 13 2888
10 14 14 0
10 14 15 4662
10 14 16 2393
10 15 0 5334
10 15 1 5088
10 15 2 3922
10 15 3 4640
10 15 4 4497
10 15 5 1367
10 15 6 1349
10 15 7 1373
10 15 8 2416
10 15 9 1700
10 15 10 0
10 15 11 3851
10 15 12 3192
10 15 13 3520
10 15 14 3668
10 15 15 0
10 15 16 4048
10 16 0 4259
10 16 1 4822
10 16 2 631
10 16 3 4029
10 16 4 2681
10 16 5 1315
10 16 6 403
10 16 7 3352
10 16 8 1561
10 16 9 4088
10 16 10 0
10 16 11 3735
10 16 12 5395
10 16 13 5571
10 16 14 3040
10 16 15 3138
10 16 16 0
11 0 0 0
11 0 1 5602
11 0 2 3192
11 0 3 3719
11 0 4 2500
11 0 5 1916
11 0 6 1725
11 0 7 4652
11 0 8 1826
11 0 9 6130
11 0 10 4404
11 0 11 0
11 0 12 4738
11 0 13 6421
11 0 14 3437
11 0 15 6669
11 0 16 5753
11 1 0 8668
11 1 1 0
11 1 2 7256
11 1 3 6240
11 1 4 5133
11 1 5 5553
11 1 6 4977
11 1 7 8048
11 1 8 6491
11 1 9 5097
11 1 10 8442
11 1 11 0
11 1 12 7236
11 1 13 3310
11 1 14 3293
11 1 15 6956
11 1 16 6849
11 2 0 6178
11 2 1 7086
11 2 2 0
11 2 3 9113
11 2 4 6349
11 2 5 8847
11 2 6 7759
11 2 7 6579
11 2 8 5478
11 2 9 8104
11 2 10 7921
11 2 11 0
11 2 12 467
11 2 13 1778
11 2 14 247
11 2 15 3405
11 2 16 273
11 3 0 3268
11 3 1 4026
11 3 2 4467
11 3 3 0
11 3 4 5987
11 3 5 4168
11 3 6 5177
11 3 7 4072
11 3 8 6075
11 3 9 4078
11 3 10 2862
11 3 11 0
11 3 12 4153
11 3 13 2545
11 3 14 3408
11 3 15 5037
11 3 16 4585
11 4 0 2400
11 4 1 3777
11 4 2 1080
11 4 3 4281
11 4 4 0
11 4 5 2437
11 4 6 2317
11 4 7 1393
11 4 8 3572
11 4 9 3409
11 4 10 972
11 4 11 0
11 4 12 6547
11 4 13 3946
11 4 14 6019
11 4 15 7752
11 4 16 6095
11 5 0 1078
11 5 1 3698
11 5 2 3192
11 5 3 3624
11 5 4 5536
11 5 5 0
11 5 6 5037
11 5 7 4644
11 5 8 1881
11 5 9 3951
11 5 10 3928
11 5 11 0
11 5 12 4296
11 5 13 3018
11 5 14 2762
11 5 15 1566
11 5 16 1673
11 6 0 6733
11 6 1 4213
11 6 2 2489
11 6 3 5479
11 6 4 2190
11 6 5 4770
11 6 6 0
11 6 7 2735
11 6 8 5886
11 6 9 6107
11 6 10 3258
11 6 11 0
11 6 12 5846
11 6 13 5464
11 6 14 6822
11 6 15 5534
11 6 16 4747
11 7 0 4221
11 7 1 6873
11 7 2 7548
11 7 3 5182
11 7 4 6309
11 7 5 5150
11 7 6 5824
11 7 7 0
11 7 8 6840
11 7 9 4034
11 7 10 4558
11 7 11 0
11 7 12 4022
11 7 13 6514
11 7 14 4899
11 7 15 3146
11 7 16 5284
11 8 0 6354
11 8 1 5784
11 8 2 6607
11 8 3 5600
11 8 4 6162
11 8 5 7242
11 8 6 5170
11 8 7 5637
11 8 8 0
11 8 9 3980
11 8 10 3972
11 8 11 0
11 8 12 5265
11 8 13 2809
11 8 14 3773
11 8 15 3766
11 8 16 3070
11 9 0 2015
11 9 1 1082
11 9 2 2756
11 9 3 3119
11 9 4 1715
11 9 5 3517
11 9 6 4542
11 9 7 1905
11 9 8 1276
11 9 9 0
11 9 10 3193
11 9 11 0
11 9 12 8487
11 9 13 8744
11 9 14 6865
11 9 15 5812
11 9 16 8359
11 10 0 4287
11 10 1 5885
11 10 2 7352
11 10 3 2927
11 10 4 4256
11 10 5 6051
11 10 6 6762
11 10 7 7488
11 10 8 5739
11 10 9 6003
11 10 10 0
11 10 11 0
11 10 12 4724
11 10 13 1803
11 10 14 1833
11 10 15 510
11 10 16 2013
11 11 0 0
11 11 1 0
11 11 2 0
11 11 3 0
11 11 4 0
11 11 5 0
11 11 6 0
11 11 7 0
11 11 8 0
11 11 9 0
11 11 10 0
11 11 11 0
11 11 12 0
11 11 13 0
11 11 14 0
11 11 15 0
11 11 16 0
11 12 0 5076
11 12 1 7041
11 12 2 2657
11 12 3 5429
11 12 4 4965
11 12 5 5770
11 12 6 3334
11 12 7 3922
11 12 8 5588
11 12 9 6048
11 12 10 6569
11 12 11 0
11 12 12 0
11 12 13 5150
11 12 14 7000
11 12 15 2907
11 12 16 4471
11 13 0 8982
11 13 1 5338
11 13 2 6191
11 13 3 6044
11 13 4 4587
11 13 5 6715
11 13 6 5175
11 13 7 8637
11 13 8 5355
11 13 9 8528
11 13 10 5871
11 13 11 0
11 13 12 6569
11 13 13 0
11 13 14 5929
11 13 15 6080
11 13 16 5916
11 14 0 3804
11 14 1 3127
11 14 2 2466
11 14 3 4713
11 14 4 4466
11 14 5 4265
11 14 6 4339
11 14 7 4828
11 14 8 4125
11 14 9 4455
11 14 10 3707
11 14 11 0
11 14 12 6867
11 14 13 3687
11 14 14 0
11 14 15 5461
11 14 16 3192
11 15 0 8503
11 15 1 8257
11 15 2 7091
11 15 3 7809
11 15 4 7666
11 15 5 4536
11 15 6 4518
11 15 7 4542
11 15 8 5585
11 15 9 4869
11 15 10 3851
11 15 11 0
11 15 12 7304
11 15 13 7632
11 15 14 7780
11 15 15 0
11 15 16 8160
11 16 0 5968
11 16 1 6531
11 16 2 2340
11 16 3 5738
11 16 4 4390
11 16 5 3024
11 16 6 2112
11 16 7 5061
11 16 8 3270
11 16 9 5797
11 16 10 3735
11 16 11 0
11 16 12 4821
11 16 13 4997
11 16 14 2466
11 16 15 2564
11 16 16 0
12 0 0 0
12 0 1 6824
12 0 2 4414
12 0 3 4941
12 0 4 3722
12 0 5 3138
12 0 6 2947
12 0 7 5874
12 0 8 3048
12 0 9 7352
12 0 10 5626
12 0 11 4738
12 0 12 0
12 0 13 6412
12 0 14 3428
12 0 15 6660
12 0 16 5744
12 1 0 9694
12 1 1 0
12 1 2 8282
12 1 3 7266
12 1 4 6159
12 1 5 6579
12 1 6 6003
12 1 7 9074
12 1 8 7517
12 1 9 6123
12 1 10 9468
12 1 11 7236
12 1 12 0
12 1 13 2899
12 1 14 2882
12 1 15 6545
12 1 16 6438
12 2 0 1853
12 2 1 2761
12 2 2 0
12 2 3 4788
12 2 4 2024
12 2 5 4522
12 2 6 3434
12 2 7 2254
12 2 8 1153
12 2 9 3779
12 2 10 3596
12 2 11 467
12 2 12 0
12 2 13 4843
12 2 14 3312
12 2 15 6470
12 2 16 3338
12 3 0 3648
12 3 1 4406
12 3 2 4847
12 3 3 0
12 3 4 6367
12 3 5 4548
12 3 6 5557
12 3 7 4452
12 3 8 6455
12 3 9 4458
12 3 10 3242
12 3 11 4153
12 3 12 0
12 3 13 4761
12 3 14 5624
12 3 15 7253
12 3 16 6801
12 4 0 4539
12 4 1 5916
12 4 2 3219
12 4 3 6420
12 4 4 0
12 4 5 4576
12 4 6 4456
12 4 7 3532
12 4 8 5711
12 4 9 5548
12 4 10 3111
12 4 11 6547
12 4 12 0
12 4 13 1104
12 4 14 3177
12 4 15 4910
12 4 16 3253
12 5 0 3743
12 5 1 6363
12 5 2 5857
12 5 3 6289
12 5 4 8201
12 5 5 0
12 5 6 7702
12 5 7 7309
12 5 8 4546
12 5 9 6616
12 5 10 6593
12 5 11 4296
12 5 12 0
12 5 13 4313
12 5 14 4057
12 5 15 2861
12 5 16 2968
12 6 0 5689
12 6 1 3169
12 6 2 1445
12 6 3 4435
12 6 4 1146
12 6 5 3726
12 6 6 0
12 6 7 1691
12 6 8 4842
12 6 9 5063
12 6 10 2214
12 6 11 5846
12 6 12 0
12 6 13 1053
12 6 14 2411
12 6 15 1123
12 6 16 336
12 7 0 2750
12 7 1 5402
12 7 2 6077
12 7 3 3711
12 7 4 4838
12 7 5 3679
12 7 6 4353
12 7 7 0
12 7 8 5369
12 7 9 2563
12 7 10 3087
12 7 11 4022
12 7 12 0
12 7 13 6799
12 7 14 5184
12 7 15 3431
12 7 16 5569
12 8 0 5980
12 8 1 5410
12 8 2 6233
12 8 3 5226
12 8 4 5788
12 8 5 6868
12 8 6 4796
12 8 7 5263
12 8 8 0
12 8 9 3606
12 8 10 3598
12 8 11 5265
12 8 12 0
12 8 13 2323
12 8 14 3287
12 8 15 3280
12 8 16 2584
12 9 0 5170
12 9 1 4237
12 9 2 5911
12 9 3 6274
12 9 4 4870
12 9 5 6672
12 9 6 7697
12 9 7 5060
12 9 8 4431
12 9 9 0
12 9 10 6348
12 9 11 8487
12 9 12 0
12 9 13 6989
12 9 14 5110
12 9 15 4057
12 9 16 6604
12 10 0 5914
12 10 1 7512
12 10 2 8979
12 10 3 4554
12 10 4 5883
12 10 5 7678
12 10 6 8389
12 10 7 9115
12 10 8 7366
12 10 9 7630
12 10 10 0
12 10 11 4724
12 10 12 0
12 10 13 3126
12 10 14 3156
12 10 15 1833
12 10 16 3336
12 11 0 3990
12 11 1 6151
12 11 2 7118
12 11 3 5185
12 11 4 2962
12 11 5 3241
12 11 6 4514
12 11 7 5529
12 11 8 6098
12 11 9 3029
12 11 10 5078
12 11 11 0
12 11 12 0
12 11 13 4680
12 11 14 4477
12 11 15 6467
12 11 16 3284
12 12 0 0
12 12 1 0
12 12 2 0
12 12 3 0
12 12 4 0
12 12 5 0
12 12 6 0
12 12 7 0
12 12 8 0
12 12 9 0
12 12 10 0
12 12 11 0
12 12 12 0
12 12 13 0
12 12 14 0
12 12 15 0
12 12 16 0
12 13 0 8648
12 13 1 5004
12 13 2 5857
12 13 3 5710
12 13 4 4253
12 13 5 6381
12 13 6 4841
12 13 7 8303
12 13 8 5021
12 13 9 8194
12 13 10 5537
12 13 11 6569
12 13 12 0
12 13 13 0
12 13 14 6263
12 13 15 6414
12 13 16 6250
12 14 0 6165
12 14 1 5488
12 14 2 4827
12 14 3 7074
12 14 4 6827
12 14 5 6626
12 14 6 6700
12 14 7 7189
12 14 8 6486
12 14 9 6816
12 14 10 6068
12 14 11 6867
12 14 12 0
12 14 13 6074
12 14 14 0
12 14 15 7848
12 14 16 5579
12 15 0 7844
12 15 1 7598
12 15 2 6432
12 15 3 7150
12 15 4 7007
12 15 5 3877
12 15 6 3859
12 15 7 3883
12 15 8 4926
12 15 9 4210
12 15 10 3192
12 15 11 7304
12 15 12 0
12 15 13 3936
12 15 14 4084
12 15 15 0
12 15 16 4464
12 16 0 7628
12 16 1 8191
12 16 2 4000
12 16 3 7398
12 16 4 6050
12 16 5 4684
12 16 6 3772
12 16 7 6721
12 16 8 4930
12 16 9 7457
12 16 10 5395
12 16 11 4821
12 16 12 0
12 16 13 6048
12 16 14 3517
12 16 15 3615
12 16 16 0
13 0 0 0
13 0 1 8507
13 0 2 6097
13 0 3 6624
13 0 4 5405
13 0 5 4821
13 0 6 4630
13 0 7 7557
13 0 8 4731
13 0 9 9035
13 0 10 7309
13 0 11 6421
13 0 12 6412
13 0 13 0
13 0 14 3706
13 0 15 6938
13 0 16 6022
13 1 0 5768
13 1 1 0
13 1 2 4356
13 1 3 3340
13 1 4 2233
13 1 5 2653
13 1 6 2077
13 1 7 5148
13 1 8 3591
13 1 9 2197
13 1 10 5542
13 1 11 3310
13 1 12 2899
13 1 13 0
13 1 14 4344
13 1 15 8007
13 1 16 7900
13 2 0 3164
13 2 1 4072
13 2 2 0
13 2 3 6099
13 2 4 3335
13 2 5 5833
13 2 6 4745
13 2 7 3565
13 2 8 2464
13 2 9 5090
13 2 10 4907
13 2 11 1778
13 2 12 4843
13 2 13 0
13 2 14 1017
13 2 15 4175
13 2 16 1043
13 3 0 2040
13 3 1 2798
13 3 2 3239
13 3 3 0
13 3 4 4759
13 3 5 2940
13 3 6 3949
13 3 7 2844
13 3 8 4847
13 3 9 2850
13 3 10 1634
13 3 11 2545
13 3 12 4761
13 3 13 0
13 3 14 2738
13 3 15 4367
13 3 16 3915
13 4 0 1938
13 4 1 3315
13 4 2 618
13 4 3 3819
13 4 4 0
13 4 5 1975
13 4 6 1855
13 4 7 931
13 4 8 3110
13 4 9 2947
13 4 10 510
13 4 11 3946
13 4 12 1104
13 4 13 0
13 4 14 6436
13 4 15 8169
13 4 16 6512
13 5 0 2465
13 5 1 5085
13 5 2 4579
13 5 3 5011
13 5 4 6923
13 5 5 0
13 5 6 6424
13 5 7 6031
13 5 8 3268
13 5 9 5338
13 5 10 5315
13 5 11 3018
13 5 12 4313
13 5 13 0
13 5 14 5203
13 5 15 4007
13 5 16 4114
13 6 0 5307
13 6 1 2787
13 6 2 1063
13 6 3 4053
13 6 4 764
13 6 5 3344
13 6 6 0
13 6 7 1309
13 6 8 4460
13 6 9 4681
13 6 10 1832
13 6 11 5464
13 6 12 1053
13 6 13 0
13 6 14 3656
13 6 15 2368
13 6 16 1581
13 7 0 5242
13 7 1 7894
13 7 2 8569
13 7 3 6203
13 7 4 7330
13 7 5 6171
13 7 6 6845
13 7 7 0
13 7 8 7861
13 7 9 5055
13 7 10 5579
13 7 11 6514
13 7 12 6799
13 7 13 0
13 7 14 2848
13 7 15 1095
13 7 16 3233
13 8 0 3524
13 8 1 2954
13 8 2 3777
13 8 3 2770
13 8 4 3332
13 8 5 4412
13 8 6 2340
13 8 7 2807
13 8 8 0
13 8 9 1150
13 8 10 1142
13 8 11 2809
13 8 12 2323
13 8 13 0
13 8 14 6395
13 8 15 6388
13 8 16 5692
13 9 0 5427
13 9 1 4494
13 9 2 6168
13 9 3 6531
13 9 4 5127
13 9 5 6929
13 9 6 7954
13 9 7 5317
13 9 8 4688
13 9 9 0
13 9 10 6605
13 9 11 8744
13 9 12 6989
13 9 13 0
13 9 14 2771
13 9 15 1718
13 9 16 4265
13 10 0 2993
13 10 1 4591
13 10 2 6058
13 10 3 1633
13 10 4 2962
13 10 5 4757
13 10 6 5468
13 10 7 6194
13 10 8 4445
13 10 9 4709
13 10 10 0
13 10 11 1803
13 10 12 3126
13 10 13 0
13 10 14 4493
13 10 15 3170
13 10 16 4673
13 11 0 4108
13 11 1 6269
13 11 2 7236
13 11 3 5303
13 11 4 3080
13 11 5 3359
13 11 6 4632
13 11 7 5647
13 11 8 6216
13 11 9 3147
13 11 10 5196
13 11 11 0
13 11 12 4680
13 11 13 0
13 11 14 6700
13 11 15 8690
13 11 16 5507
13 12 0 5664
13 12 1 7629
13 12 2 3245
13 12 3 6017
13 12 4 5553
13 12 5 6358
13 12 6 3922
13 12 7 4510
13 12 8 6176
13 12 9 6636
13 12 10 7157
13 12 11 5150
13 12 12 0
13 12 13 0
13 12 14 8753
13 12 15 4660
13 12 16 6224
13 13 0 0
13 13 1 0
13 13 2 0
13 13 3 0
13 13 4 0
13 13 5 0
13 13 6 0
13 13 7 0
13 13 8 0
13 13 9 0
13 13 10 0
13 13 11 0
13 13 12 0
13 13 13 0
13 13 14 0
13 13 15 0
13 13 16 0
13 14 0 2985
13 14 1 2308
13 14 2 1647
13 14 3 3894
13 14 4 3647
13 14 5 3446
13 14 6 3520
13 14 7 4009
13 14 8 3306
13 14 9 3636
13 14 10 2888
13 14 11 3687
13 14 12 6074
13 14 13 0
13 14 14 0
13 14 15 6659
13 14 16 4390
13 15 0 8172
13 15 1 7926
13 15 2 6760
13 15 3 7478
13 15 4 7335
13 15 5 4205
13 15 6 4187
13 15 7 4211
13 15 8 5254
13 15 9 4538
13 15 10 3520
13 15 11 7632
13 15 12 3936
13 15 13 0
13 15 14 7139
13 15 15 0
13 15 16 7519
13 16 0 7804
13 16 1 8367
13 16 2 4176
13 16 3 7574
13 16 4 6226
13 16 5 4860
13 16 6 3948
13 16 7 6897
13 16 8 5106
13 16 9 7633
13 16 10 5571
13 16 11 4997
13 16 12 6048
13 16 13 0
13 16 14 4844
13 16 15 4942
13 16 16 0
14 0 0 0
14 0 1 5523
14 0 2 3113
14 0 3 3640
14 0 4 2421
14 0 5 1837
14 0 6 1646
14 0 7 4573
14 0 8 1747
14 0 9 6051
14 0 10 4325
14 0 11 3437
14 0 12 3428
14 0 13 3706
14 0 14 0
14 0 15 9683
14 0 16 8767
14 1 0 5751
14 1 1 0
14 1 2 4339
14 1 3 3323
14 1 4 2216
14 1 5 2636
14 1 6 2060
14 1 7 5131
14 1 8 3574
14 1 9 2180
14 1 10 5525
14 1 11 3293
14 1 12 2882
14 1 13 4344
14 1 14 0
14 1 15 4866
14 1 16 4759
14 2 0 1633
14 2 1 2541
14 2 2 0
14 2 3 4568
14 2 4 1804
14 2 5 4302
14 2 6 3214
14 2 7 2034
14 2 8 933
14 2 9 3559
14 2 10 3376
14 2 11 247
14 2 12 3312
14 2 13 1017
14 2 14 0
14 2 15 6177
14 2 16 3045
14 3 0 2903
14 3 1 3661
14 3 2 4102
14 3 3 0
14 3 4 5622
14 3 5 3803
14 3 6 4812
14 3 7 3707
14 3 8 5710
14 3 9 3713
14 3 10 2497
14 3 11 3408
14 3 12 5624
14 3 13 2738
14 3 14 0
14 3 15 8912
14 3 16 8460
14 4 0 4011
14 4 1 5388
14 4 2 2691
14 4 3 5892
14 4 4 0
14 4 5 4048
14 4 6 3928
14 4 7 3004
14 4 8 5183
14 4 9 5020
14 4 10 2583
14 4 11 6019
14 4 12 3177
14 4 13 6436
14 4 14 0
14 4 15 4668
14 4 16 3011
14 5 0 2209
14 5 1 4829
14 5 2 4323
14 5 3 4755
14 5 4 6667
14 5 5 0
14 5 6 6168
14 5 7 5775
14 5 8 3012
14 5 9 5082
14 5 10 5059
14 5 11 2762
14 5 12 4057
14 5 13 5203
14 5 14 0
14 5 15 4426
14 5 16 4533
14 6 0 6665
14 6 1 4145
14 6 2 2421
14 6 3 5411
14 6 4 2122
14 6 5 4702
14 6 6 0
14 6 7 2667
14 6 8 5818
14 6 9 6039
14 6 10 3190
14 6 11 6822
14 6 12 2411
14 6 13 3656
14 6 14 0
14 6 15 5449
14 6 16 4662
14 7 0 3627
14 7 1 6279
14 7 2 6954
14 7 3 4588
14 7 4 5715
14 7 5 4556
14 7 6 5230
14 7 7 0
14 7 8 6246
14 7 9 3440
14 7 10 3964
14 7 11 4899
14 7 12 5184
14 7 13 2848
14 7 14 0
14 7 15 1292
14 7 16 3430
14 8 0 4488
14 8 1 3918
14 8 2 4741
14 8 3 3734
14 8 4 4296
14 8 5 5376
14 8 6 3304
14 8 7 3771
14 8 8 0
14 8 9 2114
14 8 10 2106
14 8 11 3773
14 8 12 3287
14 8 13 6395
14 8 14 0
14 8 15 6834
14 8 16 6138
14 9 0 3548
14 9 1 2615
14 9 2 4289
14 9 3 4652
14 9 4 3248
14 9 5 5050
14 9 6 6075
14 9 7 3438
14 9 8 2809
14 9 9 0
14 9 10 4726
14 9 11 6865
14 9 12 5110
14 9 13 2771
14 9 14 0
14 9 15 4691
14 9 16 7238
14 10 0 3023
14 10 1 4621
14 10 2 6088
14 10 3 1663
14 10 4 2992
14 10 5 4787
14 10 6 5498
14 10 7 6224
14 10 8 4475
14 10 9 4739
14 10 10 0
14 10 11 1833
14 10 12 3156
14 10 13 4493
14 10 14 0
14 10 15 1470
14 10 16 2973
14 11 0 3905
14 11 1 6066
14 11 2 7033
14 11 3 5100
14 11 4 2877
14 11 5 3156
14 11 6 4429
14 11 7 5444
14 11 8 6013
14 11 9 2944
14 11 10 4993
14 11 11 0
14 11 12 4477
14 11 13 6700
14 11 14 0
14 11 15 6496
14 11 16 3313
14 12 0 7514
14 12 1 9479
14 12 2 5095
14 12 3 7867
14 12 4 7403
14 12 5 8208
14 12 6 5772
14 12 7 6360
14 12 8 8026
14 12 9 8486
14 12 10 9007
14 12 11 7000
14 12 12 0
14 12 13 8753
14 12 14 0
14 12 15 5161
14 12 16 6725
14 13 0 8008
14 13 1 4364
14 13 2 5217
14 13 3 5070
14 13 4 3613
14 13 5 5741
14 13 6 4201
14 13 7 7663
14 13 8 4381
14 13 9 7554
14 13 10 4897
14 13 11 5929
14 13 12 6263
14 13 13 0
14 13 14 0
14 13 15 5036
14 13 16 4872
14 14 0 0
14 14 1 0
14 14 2 0
14 14 3 0
14 14 4 0
14 14 5 0
14 14 6 0
14 14 7 0
14 14 8 0
14 14 9 0
14 14 10 0
14 14 11 0
14 14 12 0
14 14 13 0
14 14 14 0
14 14 15 0
14 14 16 0
14 15 0 8320
14 15 1 8074
14 15 2 6908
14 15 3 7626
14 15 4 7483
14 15 5 4353
14 15 6 4335
14 15 7 4359
14 15 8 5402
14 15 9 4686
14 15 10 3668
14 15 11 7780
14 15 12 4084
14 15 13 7139
14 15 14 0
14 15 15 0
14 15 16 7103
14 16 0 5273
14 16 1 5836
14 16 2 1645
14 16 3 5043
14 16 4 3695
14 16 5 2329
14 16 6 1417
14 16 7 4366
14 16 8 2575
14 16 9 5102
14 16 10 3040
14 16 11 2466
14 16 12 3517
14 16 13 4844
14 16 14 0
14 16 15 2421
14 16 16 0
15 0 0 0
15 0 1 8755
15 0 2 6345
15 0 3 6872
15 0 4 5653
15 0 5 5069
15 0 6 4878
15 0 7 7805
15 0 8 4979
15 0 9 9283
15 0 10 7557
15 0 11 6669
15 0 12 6660
15 0 13 6938
15 0 14 9683
15 0 15 0
15 0 16 6293
15 1 0 9414
15 1 1 0
15 1 2 8002
15 1 3 6986
15 1 4 5879
15 1 5 6299
15 1 6 5723
15 1 7 8794
15 1 8 7237
15 1 9 5843
15 1 10 9188
15 1 11 6956
15 1 12 6545
15 1 13 8007
15 1 14 4866
15 1 15 0
15 1 16 6995
15 2 0 4791
15 2 1 5699
15 2 2 0
15 2 3 7726
15 2 4 4962
15 2 5 7460
15 2 6 6372
15 2 7 5192
15 2 8 4091
15 2 9 6717
15 2 10 6534
15 2 11 3405
15 2 12 6470
15 2 13 4175
15 2 14 6177
15 2 15 0
15 2 16 3718
15 3 0 4532
15 3 1 5290
15 3 2 5731
15 3 3 0
15 3 4 7251
15 3 5 5432
15 3 6 6441
15 3 7 5336
15 3 8 7339
15 3 9 5342
15 3 10 4126
15 3 11 5037
15 3 12 7253
15 3 13 4367
15 3 14 8912
15 3 15 0
15 3 16 5096
15 4 0 5744
15 4 1 7121
15 4 2 4424
15 4 3 7625
15 4 4 0
15 4 5 5781
15 4 6 5661
15 4 7 4737
15 4 8 6916
15 4 9 6753
15 4 10 4316
15 4 11 7752
15 4 12 4910
15 4 13 8169
15 4 14 4668
15 4 15 0
15 4 16 3255
15 5 0 1013
15 5 1 3633
15 5 2 3127
15 5 3 3559
15 5 4 5471
15 5 5 0
15 5 6 4972
15 5 7 4579
15 5 8 1816
15 5 9 3886
15 5 10 3863
15 5 11 1566
15 5 12 2861
15 5 13 4007
15 5 14 4426
15 5 15 0
15 5 16 2573
15 6 0 5377
15 6 1 2857
15 6 2 1133
15 6 3 4123
15 6 4 834
15 6 5 3414
15 6 6 0
15 6 7 1379
15 6 8 4530
15 6 9 4751
15 6 10 1902
15 6 11 5534
15 6 12 1123
15 6 13 2368
15 6 14 5449
15 6 15 0
15 6 16 1951
15 7 0 1874
15 7 1 4526
15 7 2 5201
15 7 3 2835
15 7 4 3962
15 7 5 2803
15 7 6 3477
15 7 7 0
15 7 8 4493
15 7 9 1687
15 7 10 2211
15 7 11 3146
15 7 12 3431
15 7 13 1095
15 7 14 1292
15 7 15 0
15 7 16 7891
15 8 0 4481
15 8 1 3911
15 8 2 4734
15 8 3 3727
15 8 4 4289
15 8 5 5369
15 8 6 3297
15 8 7 3764
15 8 8 0
15 8 9 2107
15 8 10 2099
15 8 11 3766
15 8 12 3280
15 8 13 6388
15 8 14 6834
15 8 15 0
15 8 16 5791
15 9 0 2495
15 9 1 1562
15 9 2 3236
15 9 3 3599
15 9 4 2195
15 9 5 3997
15 9 6 5022
15 9 7 2385
15 9 8 1756
15 9 9 0
15 9 10 3673
15 9 11 5812
15 9 12 4057
15 9 13 1718
15 9 14 4691
15 9 15 0
15 9 16 6057
15 10 0 1700
15 10 1 3298
15 10 2 4765
15 10 3 340
15 10 4 1669
15 10 5 3464
15 10 6 4175
15 10 7 4901
15 10 8 3152
15 10 9 3416
15 10 10 0
15 10 11 510
15 10 12 1833
15 10 13 3170
15 10 14 1470
15 10 15 0
15 10 16 2185
15 11 0 5895
15 11 1 8056
15 11 2 9023
15 11 3 7090
15 11 4 4867
15 11 5 5146
15 11 6 6419
15 11 7 7434
15 11 8 8003
15 11 9 4934
15 11 10 6983
15 11 11 0
15 11 12 6467
15 11 13 8690
15 11 14 6496
15 11 15 0
15 11 16 4780
15 12 0 3421
15 12 1 5386
15 12 2 1002
15 12 3 3774
15 12 4 3310
15 12 5 4115
15 12 6 1679
15 12 7 2267
15 12 8 3933
15 12 9 4393
15 12 10 4914
15 12 11 2907
15 12 12 0
15 12 13 4660
15 12 14 5161
15 12 15 0
15 12 16 5172
15 13 0 8159
15 13 1 4515
15 13 2 5368
15 13 3 5221
15 13 4 3764
15 13 5 5892
15 13 6 4352
15 13 7 7814
15 13 8 4532
15 13 9 7705
15 13 10 5048
15 13 11 6080
15 13 12 6414
15 13 13 0
15 13 14 5036
15 13 15 0
15 13 16 6827
15 14 0 4759
15 14 1 4082
15 14 2 3421
15 14 3 5668
15 14 4 5421
15 14 5 5220
15 14 6 5294
15 14 7 5783
15 14 8 5080
15 14 9 5410
15 14 10 4662
15 14 11 5461
15 14 12 7848
15 14 13 6659
15 14 14 0
15 14 15 0
15 14 16 4454
15 15 0 0
15 15 1 0
15 15 2 0
15 15 3 0
15 15 4 0
15 15 5 0
15 15 6 0
15 15 7 0
15 15 8 0
15 15 9 0
15 15 10 0
15 15 11 0
15 15 12 0
15 15 13 0
15 15 14 0
15 15 15 0
15 15 16 0
15 16 0 5371
15 16 1 5934
15 16 2 1743
15 16 3 5141
15 16 4 3793
15 16 5 2427
15 16 6 1515
15 16 7 4464
15 16 8 2673
15 16 9 5200
15 16 10 3138
15 16 11 2564
15 16 12 3615
15 16 13 4942
15 16 14 2421
15 16 15 0
15 16 16 0
16 0 0 0
16 0 1 7839
16 0 2 5429
16 0 3 5956
16 0 4 4737
16 0 5 4153
16 0 6 3962
16 0 7 6889
16 0 8 4063
16 0 9 8367
16 0 10 6641
16 0 11 5753
16 0 12 5744
16 0 13 6022
16 0 14 8767
16 0 15 6293
16 0 16 0
16 1 0 9307
16 1 1 0
16 1 2 7895
16 1 3 6879
16 1 4 5772
16 1 5 6192
16 1 6 5616
16 1 7 8687
16 1 8 7130
16 1 9 5736
16 1 10 9081
16 1 11 6849
16 1 12 6438
16 1 13 7900
16 1 14 4759
16 1 15 6995
16 1 16 0
16 2 0 1659
16 2 1 2567
16 2 2 0
16 2 3 4594
16 2 4 1830
16 2 5 4328
16 2 6 3240
16 2 7 2060
16 2 8 959
16 2 9 3585
16 2 10 3402
16 2 11 273
16 2 12 3338
16 2 13 1043
16 2 14 3045
16 2 15 3718
16 2 16 0
16 3 0 4080
16 3 1 4838
16 3 2 5279
16 3 3 0
16 3 4 6799
16 3 5 4980
16 3 6 5989
16 3 7 4884
16 3 8 6887
16 3 9 4890
16 3 10 3674
16 3 11 4585
16 3 12 6801
16 3 13 3915
16 3 14 8460
16 3 15 5096
16 3 16 0
16 4 0 4087
16 4 1 5464
16 4 2 2767
16 4 3 5968
16 4 4 0
16 4 5 4124
16 4 6 4004
16 4 7 3080
16 4 8 5259
16 4 9 5096
16 4 10 2659
16 4 11 6095
16 4 12 3253
16 4 13 6512
16 4 14 3011
16 4 15 3255
16 4 16 0
16 5 0 1120
16 5 1 3740
16 5 2 3234
16 5 3 3666
16 5 4 5578
16 5 5 0
16 5 6 5079
16 5 7 4686
16 5 8 1923
16 5 9 3993
16 5 10 3970
16 5 11 1673
16 5 12 2968
16 5 13 4114
16 5 14 4533
16 5 15 2573
16 5 16 0
16 6 0 4590
16 6 1 2070
16 6 2 346
16 6 3 3336
16 6 4 47
16 6 5 2627
16 6 6 0
16 6 7 592
16 6 8 3743
16 6 9 3964
16 6 10 1115
16 6 11 4747
16 6 12 336
16 6 13 1581
16 6 14 4662
16 6 15 1951
16 6 16 0
16 7 0 4012
16 7 1 6664
16 7 2 7339
16 7 3 4973
16 7 4 6100
16 7 5 4941
16 7 6 5615
16 7 7 0
16 7 8 6631
16 7 9 3825
16 7 10 4349
16 7 11 5284
16 7 12 5569
16 7 13 3233
16 7 14 3430
16 7 15 7891
16 7 16 0
16 8 0 3785
16 8 1 3215
16 8 2 4038
16 8 3 3031
16 8 4 3593
16 8 5 4673
16 8 6 2601
16 8 7 3068
16 8 8 0
16 8 9 1411
16 8 10 1403
16 8 11 3070
16 8 12 2584
16 8 13 5692
16 8 14 6138
16 8 15 5791
16 8 16 0
16 9 0 5042
16 9 1 4109
16 9 2 5783
16 9 3 6146
16 9 4 4742
16 9 5 6544
16 9 6 7569
16 9 7 4932
16 9 8 4303
16 9 9 0
16 9 10 6220
16 9 11 8359
16 9 12 6604
16 9 13 4265
16 9 14 7238
16 9 15 6057
16 9 16 0
16 10 0 3203
16 10 1 4801
16 10 2 6268
16 10 3 1843
16 10 4 3172
16 10 5 4967
16 10 6 5678
16 10 7 6404
16 10 8 4655
16 10 9 4919
16 10 10 0
16 10 11 2013
16 10 12 3336
16 10 13 4673
16 10 14 2973
16 10 15 2185
16 10 16 0
16 11 0 2712
16 11 1 4873
16 11 2 5840
16 11 3 3907
16 11 4 1684
16 11 5 1963
16 11 6 3236
16 11 7 4251
16 11 8 4820
16 11 9 1751
16 11 10 3800
16 11 11 0
16 11 12 3284
16 11 13 5507
16 11 14 3313
16 11 15 4780
16 11 16 0
16 12 0 4985
16 12 1 6950
16 12 2 2566
16 12 3 5338
16 12 4 4874
16 12 5 5679
16 12 6 3243
16 12 7 3831
16 12 8 5497
16 12 9 5957
16 12 10 6478
16 12 11 4471
16 12 12 0
16 12 13 6224
16 12 14 6725
16 12 15 5172
16 12 16 0
16 13 0 7995
16 13 1 4351
16 13 2 5204
16 13 3 5057
16 13 4 3600
16 13 5 5728
16 13 6 4188
16 13 7 7650
16 13 8 4368
16 13 9 7541
16 13 10 4884
16 13 11 5916
16 13 12 6250
16 13 13 0
16 13 14 4872
16 13 15 6827
16 13 16 0
16 14 0 2490
16 14 1 1813
16 14 2 1152
16 14 3 3399
16 14 4 3152
16 14 5 2951
16 14 6 3025
16 14 7 3514
16 14 8 2811
16 14 9 3141
16 14 10 2393
16 14 11 3192
16 14 12 5579
16 14 13 4390
16 14 14 0
16 14 15 4454
16 14 16 0
16 15 0 8700
16 15 1 8454
16 15 2 7288
16 15 3 8006
16 15 4 7863
16 15 5 4733
16 15 6 4715
16 15 7 4739
16 15 8 5782
16 15 9 5066
16 15 10 4048
16 15 11 8160
16 15 12 4464
16 15 13 7519
16 15 14 7103
16 15 15 0
16 15 16 0
16 16 0 0
16 16 1 0
16 16 2 0
16 16 3 0
16 16 4 0
16 16 5 0
16 16 6 0
16 16 7 0
16 16 8 0
16 16 9 0
16 16 10 0
16 16 11 0
16 16 12 0
16 16 13 0
16 16 14 0
16 16 15 0
16 16 16 0
