17
0 0 0 0
0 0 1 0
0 0 2 0
0 0 3 0
0 0 4 0
0 0 5 0
0 0 6 0
0 0 7 0
0 0 8 0
0 0 9 0
0 0 10 0
0 0 11 0
0 0 12 0
0 0 13 0
0 0 14 0
0 0 15 0
0 0 16 0
0 1 0 0
0 1 1 0
0 1 2 3585
0 1 3 5477
0 1 4 3610
0 1 5 6413
0 1 6 5998
0 1 7 6273
0 1 8 6844
0 1 9 3697
0 1 10 4764
0 1 11 6361
0 1 12 6573
0 1 13 3376
0 1 14 4813
0 1 15 4848
0 1 16 6219
0 2 0 0
0 2 1 3933
0 2 2 0
0 2 3 6141
0 2 4 5424
0 2 5 3556
0 2 6 2820
0 2 7 5939
0 2 8 7222
0 2 9 2891
0 2 10 3213
0 2 11 4147
0 2 12 7034
0 2 13 2906
0 2 14 2712
0 2 15 5416
0 2 16 4893
0 3 0 0
0 3 1 4743
0 3 2 6381
0 3 3 0
0 3 4 3271
0 3 5 6490
0 3 6 3016
0 3 7 4950
0 3 8 4902
0 3 9 5658
0 3 10 4830
0 3 11 6398
0 3 12 5409
0 3 13 5598
0 3 14 4025
0 3 15 5570
0 3 16 2672
0 4 0 0
0 4 1 5763
0 4 2 3959
0 4 3 4949
0 4 4 0
0 4 5 6650
0 4 6 6635
0 4 7 4603
0 4 8 3642
0 4 9 2696
0 4 10 6527
0 4 11 4568
0 4 12 2946
0 4 13 6967
0 4 14 7127
0 4 15 6360
0 4 16 7091
0 5 0 0
0 5 1 6328
0 5 2 8842
0 5 3 4736
0 5 4 7289
0 5 5 0
0 5 6 5611
0 5 7 5159
0 5 8 6409
0 5 9 4986
0 5 10 8943
0 5 11 4266
0 5 12 6229
0 5 13 8226
0 5 14 4346
0 5 15 4946
0 5 16 6395
0 6 0 0
0 6 1 5604
0 6 2 6804
0 6 3 7737
0 6 4 8809
0 6 5 5187
0 6 6 0
0 6 7 7051
0 6 8 8342
0 6 9 9319
0 6 10 5812
0 6 11 6471
0 6 12 5553
0 6 13 8611
0 6 14 4533
0 6 15 6879
0 6 16 8132
0 7 0 0
0 7 1 2908
0 7 2 2712
0 7 3 1860
0 7 4 2698
0 7 5 5524
0 7 6 2807
0 7 7 0
0 7 8 4541
0 7 9 2071
0 7 10 4926
0 7 11 2646
0 7 12 2551
0 7 13 5819
0 7 14 1552
0 7 15 1979
0 7 16 4343
0 8 0 0
0 8 1 4164
0 8 2 2591
0 8 3 3161
0 8 4 2455
0 8 5 4620
0 8 6 6322
0 8 7 3416
0 8 8 0
0 8 9 4484
0 8 10 2890
0 8 11 3054
0 8 12 4048
0 8 13 5161
0 8 14 2647
0 8 15 6363
0 8 16 1456
0 9 0 0
0 9 1 8011
0 9 2 6383
0 9 3 5003
0 9 4 8885
0 9 5 6864
0 9 6 7126
0 9 7 7363
0 9 8 6842
0 9 9 0
0 9 10 4493
0 9 11 4744
0 9 12 8628
0 9 13 7718
0 9 14 5108
0 9 15 8013
0 9 16 5945
0 10 0 0
0 10 1 8949
0 10 2 4763
0 10 3 5696
0 10 4 7971
0 10 5 5960
0 10 6 7586
0 10 7 8580
0 10 8 8307
0 10 9 8512
0 10 10 0
0 10 11 6725
0 10 12 8584
0 10 13 6041
0 10 14 8970
0 10 15 7193
0 10 16 9338
0 11 0 0
0 11 1 7823
0 11 2 5599
0 11 3 6580
0 11 4 8493
0 11 5 5617
0 11 6 6635
0 11 7 5752
0 11 8 5973
0 11 9 4505
0 11 10 5315
0 11 11 0
0 11 12 7046
0 11 13 8235
0 11 14 5425
0 11 15 8195
0 11 16 9115
0 12 0 0
0 12 1 6951
0 12 2 4023
0 12 3 7652
0 12 4 3222
0 12 5 3764
0 12 6 4136
0 12 7 8077
0 12 8 3509
0 12 9 3434
0 12 10 7768
0 12 11 4875
0 12 12 0
0 12 13 4929
0 12 14 7314
0 12 15 3232
0 12 16 5303
0 13 0 0
0 13 1 7260
0 13 2 8922
0 13 3 5559
0 13 4 6560
0 13 5 6502
0 13 6 8121
0 13 7 5259
0 13 8 7060
0 13 9 9039
0 13 10 8949
0 13 11 8059
0 13 12 6079
0 13 13 0
0 13 14 9243
0 13 15 6763
0 13 16 6033
0 14 0 0
0 14 1 4265
0 14 2 1218
0 14 3 3831
0 14 4 3697
0 14 5 3292
0 14 6 2349
0 14 7 3341
0 14 8 5642
0 14 9 3146
0 14 10 5218
0 14 11 2689
0 14 12 3805
0 14 13 1682
0 14 14 0
0 14 15 4764
0 14 16 4086
0 15 0 0
0 15 1 3941
0 15 2 4280
0 15 3 4039
0 15 4 1715
0 15 5 3160
0 15 6 4977
0 15 7 1043
0 15 8 5382
0 15 9 3791
0 15 10 5684
0 15 11 2308
0 15 12 3617
0 15 13 2112
0 15 14 894
0 15 15 0
0 15 16 2665
0 16 0 0
0 16 1 6361
0 16 2 5230
0 16 3 3809
0 16 4 2268
0 16 5 1653
0 16 6 5642
0 16 7 3769
0 16 8 3384
0 16 9 2388
0 16 10 5724
0 16 11 4951
0 16 12 6036
0 16 13 1498
0 16 14 1808
0 16 15 1546
0 16 16 0
1 0 0 0
1 0 1 0
1 0 2 6718
1 0 3 6360
1 0 4 6778
1 0 5 8320
1 0 6 8450
1 0 7 5373
1 0 8 5494
1 0 9 8097
1 0 10 8464
1 0 11 8497
1 0 12 7222
1 0 13 8835
1 0 14 5134
1 0 15 4966
1 0 16 5483
1 1 0 0
1 1 1 0
1 1 2 0
1 1 3 0
1 1 4 0
1 1 5 0
1 1 6 0
1 1 7 0
1 1 8 0
1 1 9 0
1 1 10 0
1 1 11 0
1 1 12 0
1 1 13 0
1 1 14 0
1 1 15 0
1 1 16 0
1 2 0 3933
1 2 1 0
1 2 2 0
1 2 3 5140
1 2 4 4423
1 2 5 2555
1 2 6 1819
1 2 7 4938
1 2 8 6221
1 2 9 1890
1 2 10 2212
1 2 11 3146
1 2 12 6033
1 2 13 1905
1 2 14 1711
1 2 15 4415
1 2 16 3892
1 3 0 4743
1 3 1 0
1 3 2 7630
1 3 3 0
1 3 4 4520
1 3 5 7739
1 3 6 4265
1 3 7 6199
1 3 8 6151
1 3 9 6907
1 3 10 6079
1 3 11 7647
1 3 12 6658
1 3 13 6847
1 3 14 5274
1 3 15 6819
1 3 16 3921
1 4 0 5763
1 4 1 0
1 4 2 2923
1 4 3 3913
1 4 4 0
1 4 5 5614
1 4 6 5599
1 4 7 3567
1 4 8 2606
1 4 9 1660
1 4 10 5491
1 4 11 3532
1 4 12 1910
1 4 13 5931
1 4 14 6091
1 4 15 5324
1 4 16 6055
1 5 0 6328
1 5 1 0
1 5 2 9067
1 5 3 4961
1 5 4 7514
1 5 5 0
1 5 6 5836
1 5 7 5384
1 5 8 6634
1 5 9 5211
1 5 10 9168
1 5 11 4491
1 5 12 6454
1 5 13 8451
1 5 14 4571
1 5 15 5171
1 5 16 6620
1 6 0 5604
1 6 1 0
1 6 2 6484
1 6 3 7417
1 6 4 8489
1 6 5 4867
1 6 6 0
1 6 7 6731
1 6 8 8022
1 6 9 8999
1 6 10 5492
1 6 11 6151
1 6 12 5233
1 6 13 8291
1 6 14 4213
1 6 15 6559
1 6 16 7812
1 7 0 2908
1 7 1 0
1 7 2 5744
1 7 3 4892
1 7 4 5730
1 7 5 8556
1 7 6 5839
1 7 7 0
1 7 8 7573
1 7 9 5103
1 7 10 7958
1 7 11 5678
1 7 12 5583
1 7 13 8851
1 7 14 4584
1 7 15 5011
1 7 16 7375
1 8 0 4164
1 8 1 0
1 8 2 6073
1 8 3 6643
1 8 4 5937
1 8 5 8102
1 8 6 9804
1 8 7 6898
1 8 8 0
1 8 9 7966
1 8 10 6372
1 8 11 6536
1 8 12 7530
1 8 13 8643
1 8 14 6129
1 8 15 9845
1 8 16 4938
1 9 0 8011
1 9 1 0
1 9 2 4115
1 9 3 2735
1 9 4 6617
1 9 5 4596
1 9 6 4858
1 9 7 5095
1 9 8 4574
1 9 9 0
1 9 10 2225
1 9 11 2476
1 9 12 6360
1 9 13 5450
1 9 14 2840
1 9 15 5745
1 9 16 3677
1 10 0 8949
1 10 1 0
1 10 2 3195
1 10 3 4128
1 10 4 6403
1 10 5 4392
1 10 6 6018
1 10 7 7012
1 10 8 6739
1 10 9 6944
1 10 10 0
1 10 11 5157
1 10 12 7016
1 10 13 4473
1 10 14 7402
1 10 15 5625
1 10 16 7770
1 11 0 7823
1 11 1 0
1 11 2 5595
1 11 3 6576
1 11 4 8489
1 11 5 5613
1 11 6 6631
1 11 7 5748
1 11 8 5969
1 11 9 4501
1 11 10 5311
1 11 11 0
1 11 12 7042
1 11 13 8231
1 11 14 5421
1 11 15 8191
1 11 16 9111
1 12 0 6951
1 12 1 0
1 12 2 5506
1 12 3 9135
1 12 4 4705
1 12 5 5247
1 12 6 5619
1 12 7 9560
1 12 8 4992
1 12 9 4917
1 12 10 9251
1 12 11 6358
1 12 12 0
1 12 13 6412
1 12 14 8797
1 12 15 4715
1 12 16 6786
1 13 0 7260
1 13 1 0
1 13 2 5595
1 13 3 2232
1 13 4 3233
1 13 5 3175
1 13 6 4794
1 13 7 1932
1 13 8 3733
1 13 9 5712
1 13 10 5622
1 13 11 4732
1 13 12 2752
1 13 13 0
1 13 14 5916
1 13 15 3436
1 13 16 2706
1 14 0 4265
1 14 1 0
1 14 2 3029
1 14 3 5642
1 14 4 5508
1 14 5 5103
1 14 6 4160
1 14 7 5152
1 14 8 7453
1 14 9 4957
1 14 10 7029
1 14 11 4500
1 14 12 5616
1 14 13 3493
1 14 14 0
1 14 15 6575
1 14 16 5897
1 15 0 3941
1 15 1 0
1 15 2 6294
1 15 3 6053
1 15 4 3729
1 15 5 5174
1 15 6 6991
1 15 7 3057
1 15 8 7396
1 15 9 5805
1 15 10 7698
1 15 11 4322
1 15 12 5631
1 15 13 4126
1 15 14 2908
1 15 15 0
1 15 16 4679
1 16 0 6361
1 16 1 0
1 16 2 8098
1 16 3 6677
1 16 4 5136
1 16 5 4521
1 16 6 8510
1 16 7 6637
1 16 8 6252
1 16 9 5256
1 16 10 8592
1 16 11 7819
1 16 12 8904
1 16 13 4366
1 16 14 4676
1 16 15 4414
1 16 16 0
2 0 0 0
2 0 1 6718
2 0 2 0
2 0 3 6424
2 0 4 6842
2 0 5 8384
2 0 6 8514
2 0 7 5437
2 0 8 5558
2 0 9 8161
2 0 10 8528
2 0 11 8561
2 0 12 7286
2 0 13 8899
2 0 14 5198
2 0 15 5030
2 0 16 5547
2 1 0 3585
2 1 1 0
2 1 2 0
2 1 3 4824
2 1 4 2957
2 1 5 5760
2 1 6 5345
2 1 7 5620
2 1 8 6191
2 1 9 3044
2 1 10 4111
2 1 11 5708
2 1 12 5920
2 1 13 2723
2 1 14 4160
2 1 15 4195
2 1 16 5566
2 2 0 0
2 2 1 0
2 2 2 0
2 2 3 0
2 2 4 0
2 2 5 0
2 2 6 0
2 2 7 0
2 2 8 0
2 2 9 0
2 2 10 0
2 2 11 0
2 2 12 0
2 2 13 0
2 2 14 0
2 2 15 0
2 2 16 0
2 3 0 6381
2 3 1 7630
2 3 2 0
2 3 3 0
2 3 4 4564
2 3 5 7783
2 3 6 4309
2 3 7 6243
2 3 8 6195
2 3 9 6951
2 3 10 6123
2 3 11 7691
2 3 12 6702
2 3 13 6891
2 3 14 5318
2 3 15 6863
2 3 16 3965
2 4 0 3959
2 4 1 2923
2 4 2 0
2 4 3 5107
2 4 4 0
2 4 5 6808
2 4 6 6793
2 4 7 4761
2 4 8 3800
2 4 9 2854
2 4 10 6685
2 4 11 4726
2 4 12 3104
2 4 13 7125
2 4 14 7285
2 4 15 6518
2 4 16 7249
2 5 0 8842
2 5 1 9067
2 5 2 0
2 5 3 1484
2 5 4 4037
2 5 5 0
2 5 6 2359
2 5 7 1907
2 5 8 3157
2 5 9 1734
2 5 10 5691
2 5 11 1014
2 5 12 2977
2 5 13 4974
2 5 14 1094
2 5 15 1694
2 5 16 3143
2 6 0 6804
2 6 1 6484
2 6 2 0
2 6 3 3619
2 6 4 4691
2 6 5 1069
2 6 6 0
2 6 7 2933
2 6 8 4224
2 6 9 5201
2 6 10 1694
2 6 11 2353
2 6 12 1435
2 6 13 4493
2 6 14 415
2 6 15 2761
2 6 16 4014
2 7 0 2712
2 7 1 5744
2 7 2 0
2 7 3 3938
2 7 4 4776
2 7 5 7602
2 7 6 4885
2 7 7 0
2 7 8 6619
2 7 9 4149
2 7 10 7004
2 7 11 4724
2 7 12 4629
2 7 13 7897
2 7 14 3630
2 7 15 4057
2 7 16 6421
2 8 0 2591
2 8 1 6073
2 8 2 0
2 8 3 6401
2 8 4 5695
2 8 5 7860
2 8 6 9562
2 8 7 6656
2 8 8 0
2 8 9 7724
2 8 10 6130
2 8 11 6294
2 8 12 7288
2 8 13 8401
2 8 14 5887
2 8 15 9603
2 8 16 4696
2 9 0 6383
2 9 1 4115
2 9 2 0
2 9 3 1309
2 9 4 5191
2 9 5 3170
2 9 6 3432
2 9 7 3669
2 9 8 3148
2 9 9 0
2 9 10 799
2 9 11 1050
2 9 12 4934
2 9 13 4024
2 9 14 1414
2 9 15 4319
2 9 16 2251
2 10 0 4763
2 10 1 3195
2 10 2 0
2 10 3 1957
2 10 4 4232
2 10 5 2221
2 10 6 3847
2 10 7 4841
2 10 8 4568
2 10 9 4773
2 10 10 0
2 10 11 2986
2 10 12 4845
2 10 13 2302
2 10 14 5231
2 10 15 3454
2 10 16 5599
2 11 0 5599
2 11 1 5595
2 11 2 0
2 11 3 3742
2 11 4 5655
2 11 5 2779
2 11 6 3797
2 11 7 2914
2 11 8 3135
2 11 9 1667
2 11 10 2477
2 11 11 0
2 11 12 4208
2 11 13 5397
2 11 14 2587
2 11 15 5357
2 11 16 6277
2 12 0 4023
2 12 1 5506
2 12 2 0
2 12 3 8976
2 12 4 4546
2 12 5 5088
2 12 6 5460
2 12 7 9401
2 12 8 4833
2 12 9 4758
2 12 10 9092
2 12 11 6199
2 12 12 0
2 12 13 6253
2 12 14 8638
2 12 15 4556
2 12 16 6627
2 13 0 8922
2 13 1 5595
2 13 2 0
2 13 3 1142
2 13 4 2143
2 13 5 2085
2 13 6 3704
2 13 7 842
2 13 8 2643
2 13 9 4622
2 13 10 4532
2 13 11 3642
2 13 12 1662
2 13 13 0
2 13 14 4826
2 13 15 2346
2 13 16 1616
2 14 0 1218
2 14 1 3029
2 14 2 0
2 14 3 2921
2 14 4 2787
2 14 5 2382
2 14 6 1439
2 14 7 2431
2 14 8 4732
2 14 9 2236
2 14 10 4308
2 14 11 1779
2 14 12 2895
2 14 13 772
2 14 14 0
2 14 15 3854
2 14 16 3176
2 15 0 4280
2 15 1 6294
2 15 2 0
2 15 3 6001
2 15 4 3677
2 15 5 5122
2 15 6 6939
2 15 7 3005
2 15 8 7344
2 15 9 5753
2 15 10 7646
2 15 11 4270
2 15 12 5579
2 15 13 4074
2 15 14 2856
2 15 15 0
2 15 16 4627
2 16 0 5230
2 16 1 8098
2 16 2 0
2 16 3 4731
2 16 4 3190
2 16 5 2575
2 16 6 6564
2 16 7 4691
2 16 8 4306
2 16 9 3310
2 16 10 6646
2 16 11 5873
2 16 12 6958
2 16 13 2420
2 16 14 2730
2 16 15 2468
2 16 16 0
3 0 0 0
3 0 1 6360
3 0 2 6424
3 0 3 0
3 0 4 6683
3 0 5 8225
3 0 6 8355
3 0 7 5278
3 0 8 5399
3 0 9 8002
3 0 10 8369
3 0 11 8402
3 0 12 7127
3 0 13 8740
3 0 14 5039
3 0 15 4871
3 0 16 5388
3 1 0 5477
3 1 1 0
3 1 2 4824
3 1 3 0
3 1 4 4125
3 1 5 6928
3 1 6 6513
3 1 7 6788
3 1 8 7359
3 1 9 4212
3 1 10 5279
3 1 11 6876
3 1 12 7088
3 1 13 3891
3 1 14 5328
3 1 15 5363
3 1 16 6734
3 2 0 6141
3 2 1 5140
3 2 2 0
3 2 3 0
3 2 4 6957
3 2 5 5089
3 2 6 4353
3 2 7 7472
3 2 8 8755
3 2 9 4424
3 2 10 4746
3 2 11 5680
3 2 12 8567
3 2 13 4439
3 2 14 4245
3 2 15 6949
3 2 16 6426
3 3 0 0
3 3 1 0
3 3 2 0
3 3 3 0
3 3 4 0
3 3 5 0
3 3 6 0
3 3 7 0
3 3 8 0
3 3 9 0
3 3 10 0
3 3 11 0
3 3 12 0
3 3 13 0
3 3 14 0
3 3 15 0
3 3 16 0
3 4 0 4949
3 4 1 3913
3 4 2 5107
3 4 3 0
3 4 4 0
3 4 5 5013
3 4 6 4998
3 4 7 2966
3 4 8 2005
3 4 9 1059
3 4 10 4890
3 4 11 2931
3 4 12 1309
3 4 13 5330
3 4 14 5490
3 4 15 4723
3 4 16 5454
3 5 0 4736
3 5 1 4961
3 5 2 1484
3 5 3 0
3 5 4 7329
3 5 5 0
3 5 6 5651
3 5 7 5199
3 5 8 6449
3 5 9 5026
3 5 10 8983
3 5 11 4306
3 5 12 6269
3 5 13 8266
3 5 14 4386
3 5 15 4986
3 5 16 6435
3 6 0 7737
3 6 1 7417
3 6 2 3619
3 6 3 0
3 6 4 5245
3 6 5 1623
3 6 6 0
3 6 7 3487
3 6 8 4778
3 6 9 5755
3 6 10 2248
3 6 11 2907
3 6 12 1989
3 6 13 5047
3 6 14 969
3 6 15 3315
3 6 16 4568
3 7 0 1860
3 7 1 4892
3 7 2 3938
3 7 3 0
3 7 4 4145
3 7 5 6971
3 7 6 4254
3 7 7 0
3 7 8 5988
3 7 9 3518
3 7 10 6373
3 7 11 4093
3 7 12 3998
3 7 13 7266
3 7 14 2999
3 7 15 3426
3 7 16 5790
3 8 0 3161
3 8 1 6643
3 8 2 6401
3 8 3 0
3 8 4 3733
3 8 5 5898
3 8 6 7600
3 8 7 4694
3 8 8 0
3 8 9 5762
3 8 10 4168
3 8 11 4332
3 8 12 5326
3 8 13 6439
3 8 14 3925
3 8 15 7641
3 8 16 2734
3 9 0 5003
3 9 1 2735
3 9 2 1309
3 9 3 0
3 9 4 8316
3 9 5 6295
3 9 6 6557
3 9 7 6794
3 9 8 6273
3 9 9 0
3 9 10 3924
3 9 11 4175
3 9 12 8059
3 9 13 7149
3 9 14 4539
3 9 15 7444
3 9 16 5376
3 10 0 5696
3 10 1 4128
3 10 2 1957
3 10 3 0
3 10 4 6207
3 10 5 4196
3 10 6 5822
3 10 7 6816
3 10 8 6543
3 10 9 6748
3 10 10 0
3 10 11 4961
3 10 12 6820
3 10 13 4277
3 10 14 7206
3 10 15 5429
3 10 16 7574
3 11 0 6580
3 11 1 6576
3 11 2 3742
3 11 3 0
3 11 4 8264
3 11 5 5388
3 11 6 6406
3 11 7 5523
3 11 8 5744
3 11 9 4276
3 11 10 5086
3 11 11 0
3 11 12 6817
3 11 13 8006
3 11 14 5196
3 11 15 7966
3 11 16 8886
3 12 0 7652
3 12 1 9135
3 12 2 8976
3 12 3 0
3 12 4 3279
3 12 5 3821
3 12 6 4193
3 12 7 8134
3 12 8 3566
3 12 9 3491
3 12 10 7825
3 12 11 4932
3 12 12 0
3 12 13 4986
3 12 14 7371
3 12 15 3289
3 12 16 5360
3 13 0 5559
3 13 1 2232
3 13 2 1142
3 13 3 0
3 13 4 5193
3 13 5 5135
3 13 6 6754
3 13 7 3892
3 13 8 5693
3 13 9 7672
3 13 10 7582
3 13 11 6692
3 13 12 4712
3 13 13 0
3 13 14 7876
3 13 15 5396
3 13 16 4666
3 14 0 3831
3 14 1 5642
3 14 2 2921
3 14 3 0
3 14 4 4458
3 14 5 4053
3 14 6 3110
3 14 7 4102
3 14 8 6403
3 14 9 3907
3 14 10 5979
3 14 11 3450
3 14 12 4566
3 14 13 2443
3 14 14 0
3 14 15 5525
3 14 16 4847
3 15 0 4039
3 15 1 6053
3 15 2 6001
3 15 3 0
3 15 4 4189
3 15 5 5634
3 15 6 7451
3 15 7 3517
3 15 8 7856
3 15 9 6265
3 15 10 8158
3 15 11 4782
3 15 12 6091
3 15 13 4586
3 15 14 3368
3 15 15 0
3 15 16 5139
3 16 0 3809
3 16 1 6677
3 16 2 4731
3 16 3 0
3 16 4 1327
3 16 5 712
3 16 6 4701
3 16 7 2828
3 16 8 2443
3 16 9 1447
3 16 10 4783
3 16 11 4010
3 16 12 5095
3 16 13 557
3 16 14 867
3 16 15 605
3 16 16 0
4 0 0 0
4 0 1 6778
4 0 2 6842
4 0 3 6683
4 0 4 0
4 0 5 7632
4 0 6 7762
4 0 7 4685
4 0 8 4806
4 0 9 7409
4 0 10 7776
4 0 11 7809
4 0 12 6534
4 0 13 8147
4 0 14 4446
4 0 15 4278
4 0 16 4795
4 1 0 3610
4 1 1 0
4 1 2 2957
4 1 3 4125
4 1 4 0
4 1 5 7530
4 1 6 7115
4 1 7 7390
4 1 8 7961
4 1 9 4814
4 1 10 5881
4 1 11 7478
4 1 12 7690
4 1 13 4493
4 1 14 5930
4 1 15 5965
4 1 16 7336
4 2 0 5424
4 2 1 4423
4 2 2 0
4 2 3 6957
4 2 4 0
4 2 5 2249
4 2 6 1513
4 2 7 4632
4 2 8 5915
4 2 9 1584
4 2 10 1906
4 2 11 2840
4 2 12 5727
4 2 13 1599
4 2 14 1405
4 2 15 4109
4 2 16 3586
4 3 0 3271
4 3 1 4520
4 3 2 4564
4 3 3 0
4 3 4 0
4 3 5 6531
4 3 6 3057
4 3 7 4991
4 3 8 4943
4 3 9 5699
4 3 10 4871
4 3 11 6439
4 3 12 5450
4 3 13 5639
4 3 14 4066
4 3 15 5611
4 3 16 2713
4 4 0 0
4 4 1 0
4 4 2 0
4 4 3 0
4 4 4 0
4 4 5 0
4 4 6 0
4 4 7 0
4 4 8 0
4 4 9 0
4 4 10 0
4 4 11 0
4 4 12 0
4 4 13 0
4 4 14 0
4 4 15 0
4 4 16 0
4 5 0 7289
4 5 1 7514
4 5 2 4037
4 5 3 7329
4 5 4 0
4 5 5 0
4 5 6 5393
4 5 7 4941
4 5 8 6191
4 5 9 4768
4 5 10 8725
4 5 11 4048
4 5 12 6011
4 5 13 8008
4 5 14 4128
4 5 15 4728
4 5 16 6177
4 6 0 8809
4 6 1 8489
4 6 2 4691
4 6 3 5245
4 6 4 0
4 6 5 4824
4 6 6 0
4 6 7 6688
4 6 8 7979
4 6 9 8956
4 6 10 5449
4 6 11 6108
4 6 12 5190
4 6 13 8248
4 6 14 4170
4 6 15 6516
4 6 16 7769
4 7 0 2698
4 7 1 5730
4 7 2 4776
4 7 3 4145
4 7 4 0
4 7 5 6206
4 7 6 3489
4 7 7 0
4 7 8 5223
4 7 9 2753
4 7 10 5608
4 7 11 3328
4 7 12 3233
4 7 13 6501
4 7 14 2234
4 7 15 2661
4 7 16 5025
4 8 0 2455
4 8 1 5937
4 8 2 5695
4 8 3 3733
4 8 4 0
4 8 5 4220
4 8 6 5922
4 8 7 3016
4 8 8 0
4 8 9 4084
4 8 10 2490
4 8 11 2654
4 8 12 3648
4 8 13 4761
4 8 14 2247
4 8 15 5963
4 8 16 1056
4 9 0 8885
4 9 1 6617
4 9 2 5191
4 9 3 8316
4 9 4 0
4 9 5 2915
4 9 6 3177
4 9 7 3414
4 9 8 2893
4 9 9 0
4 9 10 544
4 9 11 795
4 9 12 4679
4 9 13 3769
4 9 14 1159
4 9 15 4064
4 9 16 1996
4 10 0 7971
4 10 1 6403
4 10 2 4232
4 10 3 6207
4 10 4 0
4 10 5 5475
4 10 6 7101
4 10 7 8095
4 10 8 7822
4 10 9 8027
4 10 10 0
4 10 11 6240
4 10 12 8099
4 10 13 5556
4 10 14 8485
4 10 15 6708
4 10 16 8853
4 11 0 8493
4 11 1 8489
4 11 2 5655
4 11 3 8264
4 11 4 0
4 11 5 3140
4 11 6 4158
4 11 7 3275
4 11 8 3496
4 11 9 2028
4 11 10 2838
4 11 11 0
4 11 12 4569
4 11 13 5758
4 11 14 2948
4 11 15 5718
4 11 16 6638
4 12 0 3222
4 12 1 4705
4 12 2 4546
4 12 3 3279
4 12 4 0
4 12 5 940
4 12 6 1312
4 12 7 5253
4 12 8 685
4 12 9 610
4 12 10 4944
4 12 11 2051
4 12 12 0
4 12 13 2105
4 12 14 4490
4 12 15 408
4 12 16 2479
4 13 0 6560
4 13 1 3233
4 13 2 2143
4 13 3 5193
4 13 4 0
4 13 5 6086
4 13 6 7705
4 13 7 4843
4 13 8 6644
4 13 9 8623
4 13 10 8533
4 13 11 7643
4 13 12 5663
4 13 13 0
4 13 14 8827
4 13 15 6347
4 13 16 5617
4 14 0 3697
4 14 1 5508
4 14 2 2787
4 14 3 4458
4 14 4 0
4 14 5 6737
4 14 6 5794
4 14 7 6786
4 14 8 9087
4 14 9 6591
4 14 10 8663
4 14 11 6134
4 14 12 7250
4 14 13 5127
4 14 14 0
4 14 15 8209
4 14 16 7531
4 15 0 1715
4 15 1 3729
4 15 2 3677
4 15 3 4189
4 15 4 0
4 15 5 6006
4 15 6 7823
4 15 7 3889
4 15 8 8228
4 15 9 6637
4 15 10 8530
4 15 11 5154
4 15 12 6463
4 15 13 4958
4 15 14 3740
4 15 15 0
4 15 16 5511
4 16 0 2268
4 16 1 5136
4 16 2 3190
4 16 3 1327
4 16 4 0
4 16 5 4713
4 16 6 8702
4 16 7 6829
4 16 8 6444
4 16 9 5448
4 16 10 8784
4 16 11 8011
4 16 12 9096
4 16 13 4558
4 16 14 4868
4 16 15 4606
4 16 16 0
5 0 0 0
5 0 1 8320
5 0 2 8384
5 0 3 8225
5 0 4 7632
5 0 5 0
5 0 6 8759
5 0 7 5682
5 0 8 5803
5 0 9 8406
5 0 10 8773
5 0 11 8806
5 0 12 7531
5 0 13 9144
5 0 14 5443
5 0 15 5275
5 0 16 5792
5 1 0 6413
5 1 1 0
5 1 2 5760
5 1 3 6928
5 1 4 7530
5 1 5 0
5 1 6 6138
5 1 7 6413
5 1 8 6984
5 1 9 3837
5 1 10 4904
5 1 11 6501
5 1 12 6713
5 1 13 3516
5 1 14 4953
5 1 15 4988
5 1 16 6359
5 2 0 3556
5 2 1 2555
5 2 2 0
5 2 3 5089
5 2 4 2249
5 2 5 0
5 2 6 4854
5 2 7 7973
5 2 8 9256
5 2 9 4925
5 2 10 5247
5 2 11 6181
5 2 12 9068
5 2 13 4940
5 2 14 4746
5 2 15 7450
5 2 16 6927
5 3 0 6490
5 3 1 7739
5 3 2 7783
5 3 3 0
5 3 4 6531
5 3 5 0
5 3 6 1302
5 3 7 3236
5 3 8 3188
5 3 9 3944
5 3 10 3116
5 3 11 4684
5 3 12 3695
5 3 13 3884
5 3 14 2311
5 3 15 3856
5 3 16 958
5 4 0 6650
5 4 1 5614
5 4 2 6808
5 4 3 5013
5 4 4 0
5 4 5 0
5 4 6 7056
5 4 7 5024
5 4 8 4063
5 4 9 3117
5 4 10 6948
5 4 11 4989
5 4 12 3367
5 4 13 7388
5 4 14 7548
5 4 15 6781
5 4 16 7512
5 5 0 0
5 5 1 0
5 5 2 0
5 5 3 0
5 5 4 0
5 5 5 0
5 5 6 0
5 5 7 0
5 5 8 0
5 5 9 0
5 5 10 0
5 5 11 0
5 5 12 0
5 5 13 0
5 5 14 0
5 5 15 0
5 5 16 0
5 6 0 5187
5 6 1 4867
5 6 2 1069
5 6 3 1623
5 6 4 4824
5 6 5 0
5 6 6 0
5 6 7 4122
5 6 8 5413
5 6 9 6390
5 6 10 2883
5 6 11 3542
5 6 12 2624
5 6 13 5682
5 6 14 1604
5 6 15 3950
5 6 16 5203
5 7 0 5524
5 7 1 8556
5 7 2 7602
5 7 3 6971
5 7 4 6206
5 7 5 0
5 7 6 2503
5 7 7 0
5 7 8 4237
5 7 9 1767
5 7 10 4622
5 7 11 2342
5 7 12 2247
5 7 13 5515
5 7 14 1248
5 7 15 1675
5 7 16 4039
5 8 0 4620
5 8 1 8102
5 8 2 7860
5 8 3 5898
5 8 4 4220
5 8 5 0
5 8 6 7147
5 8 7 4241
5 8 8 0
5 8 9 5309
5 8 10 3715
5 8 11 3879
5 8 12 4873
5 8 13 5986
5 8 14 3472
5 8 15 7188
5 8 16 2281
5 9 0 6864
5 9 1 4596
5 9 2 3170
5 9 3 6295
5 9 4 2915
5 9 5 0
5 9 6 3925
5 9 7 4162
5 9 8 3641
5 9 9 0
5 9 10 1292
5 9 11 1543
5 9 12 5427
5 9 13 4517
5 9 14 1907
5 9 15 4812
5 9 16 2744
5 10 0 5960
5 10 1 4392
5 10 2 2221
5 10 3 4196
5 10 4 5475
5 10 5 0
5 10 6 7975
5 10 7 8969
5 10 8 8696
5 10 9 8901
5 10 10 0
5 10 11 7114
5 10 12 8973
5 10 13 6430
5 10 14 9359
5 10 15 7582
5 10 16 9727
5 11 0 5617
5 11 1 5613
5 11 2 2779
5 11 3 5388
5 11 4 3140
5 11 5 0
5 11 6 2314
5 11 7 1431
5 11 8 1652
5 11 9 184
5 11 10 994
5 11 11 0
5 11 12 2725
5 11 13 3914
5 11 14 1104
5 11 15 3874
5 11 16 4794
5 12 0 3764
5 12 1 5247
5 12 2 5088
5 12 3 3821
5 12 4 940
5 12 5 0
5 12 6 3053
5 12 7 6994
5 12 8 2426
5 12 9 2351
5 12 10 6685
5 12 11 3792
5 12 12 0
5 12 13 3846
5 12 14 6231
5 12 15 2149
5 12 16 4220
5 13 0 6502
5 13 1 3175
5 13 2 2085
5 13 3 5135
5 13 4 6086
5 13 5 0
5 13 6 7422
5 13 7 4560
5 13 8 6361
5 13 9 8340
5 13 10 8250
5 13 11 7360
5 13 12 5380
5 13 13 0
5 13 14 8544
5 13 15 6064
5 13 16 5334
5 14 0 3292
5 14 1 5103
5 14 2 2382
5 14 3 4053
5 14 4 6737
5 14 5 0
5 14 6 1471
5 14 7 2463
5 14 8 4764
5 14 9 2268
5 14 10 4340
5 14 11 1811
5 14 12 2927
5 14 13 804
5 14 14 0
5 14 15 3886
5 14 16 3208
5 15 0 3160
5 15 1 5174
5 15 2 5122
5 15 3 5634
5 15 4 6006
5 15 5 0
5 15 6 4867
5 15 7 933
5 15 8 5272
5 15 9 3681
5 15 10 5574
5 15 11 2198
5 15 12 3507
5 15 13 2002
5 15 14 784
5 15 15 0
5 15 16 2555
5 16 0 1653
5 16 1 4521
5 16 2 2575
5 16 3 712
5 16 4 4713
5 16 5 0
5 16 6 6464
5 16 7 4591
5 16 8 4206
5 16 9 3210
5 16 10 6546
5 16 11 5773
5 16 12 6858
5 16 13 2320
5 16 14 2630
5 16 15 2368
5 16 16 0
6 0 0 0
6 0 1 8450
6 0 2 8514
6 0 3 8355
6 0 4 7762
6 0 5 8759
6 0 6 0
6 0 7 5994
6 0 8 6115
6 0 9 8718
6 0 10 9085
6 0 11 9118
6 0 12 7843
6 0 13 9456
6 0 14 5755
6 0 15 5587
6 0 16 6104
6 1 0 5998
6 1 1 0
6 1 2 5345
6 1 3 6513
6 1 4 7115
6 1 5 6138
6 1 6 0
6 1 7 5559
6 1 8 6130
6 1 9 2983
6 1 10 4050
6 1 11 5647
6 1 12 5859
6 1 13 2662
6 1 14 4099
6 1 15 4134
6 1 16 5505
6 2 0 2820
6 2 1 1819
6 2 2 0
6 2 3 4353
6 2 4 1513
6 2 5 4854
6 2 6 0
6 2 7 5805
6 2 8 7088
6 2 9 2757
6 2 10 3079
6 2 11 4013
6 2 12 6900
6 2 13 2772
6 2 14 2578
6 2 15 5282
6 2 16 4759
6 3 0 3016
6 3 1 4265
6 3 2 4309
6 3 3 0
6 3 4 3057
6 3 5 1302
6 3 6 0
6 3 7 6107
6 3 8 6059
6 3 9 6815
6 3 10 5987
6 3 11 7555
6 3 12 6566
6 3 13 6755
6 3 14 5182
6 3 15 6727
6 3 16 3829
6 4 0 6635
6 4 1 5599
6 4 2 6793
6 4 3 4998
6 4 4 0
6 4 5 7056
6 4 6 0
6 4 7 6414
6 4 8 5453
6 4 9 4507
6 4 10 8338
6 4 11 6379
6 4 12 4757
6 4 13 8778
6 4 14 8938
6 4 15 8171
6 4 16 8902
6 5 0 5611
6 5 1 5836
6 5 2 2359
6 5 3 5651
6 5 4 5393
6 5 5 0
6 5 6 0
6 5 7 1806
6 5 8 3056
6 5 9 1633
6 5 10 5590
6 5 11 913
6 5 12 2876
6 5 13 4873
6 5 14 993
6 5 15 1593
6 5 16 3042
6 6 0 0
6 6 1 0
6 6 2 0
6 6 3 0
6 6 4 0
6 6 5 0
6 6 6 0
6 6 7 0
6 6 8 0
6 6 9 0
6 6 10 0
6 6 11 0
6 6 12 0
6 6 13 0
6 6 14 0
6 6 15 0
6 6 16 0
6 7 0 2807
6 7 1 5839
6 7 2 4885
6 7 3 4254
6 7 4 3489
6 7 5 2503
6 7 6 0
6 7 7 0
6 7 8 5999
6 7 9 3529
6 7 10 6384
6 7 11 4104
6 7 12 4009
6 7 13 7277
6 7 14 3010
6 7 15 3437
6 7 16 5801
6 8 0 6322
6 8 1 9804
6 8 2 9562
6 8 3 7600
6 8 4 5922
6 8 5 7147
6 8 6 0
6 8 7 6044
6 8 8 0
6 8 9 7112
6 8 10 5518
6 8 11 5682
6 8 12 6676
6 8 13 7789
6 8 14 5275
6 8 15 8991
6 8 16 4084
6 9 0 7126
6 9 1 4858
6 9 2 3432
6 9 3 6557
6 9 4 3177
6 9 5 3925
6 9 6 0
6 9 7 8365
6 9 8 7844
6 9 9 0
6 9 10 5495
6 9 11 5746
6 9 12 9630
6 9 13 8720
6 9 14 6110
6 9 15 9015
6 9 16 6947
6 10 0 7586
6 10 1 6018
6 10 2 3847
6 10 3 5822
6 10 4 7101
6 10 5 7975
6 10 6 0
6 10 7 5708
6 10 8 5435
6 10 9 5640
6 10 10 0
6 10 11 3853
6 10 12 5712
6 10 13 3169
6 10 14 6098
6 10 15 4321
6 10 16 6466
6 11 0 6635
6 11 1 6631
6 11 2 3797
6 11 3 6406
6 11 4 4158
6 11 5 2314
6 11 6 0
6 11 7 3506
6 11 8 3727
6 11 9 2259
6 11 10 3069
6 11 11 0
6 11 12 4800
6 11 13 5989
6 11 14 3179
6 11 15 5949
6 11 16 6869
6 12 0 4136
6 12 1 5619
6 12 2 5460
6 12 3 4193
6 12 4 1312
6 12 5 3053
6 12 6 0
6 12 7 6188
6 12 8 1620
6 12 9 1545
6 12 10 5879
6 12 11 2986
6 12 12 0
6 12 13 3040
6 12 14 5425
6 12 15 1343
6 12 16 3414
6 13 0 8121
6 13 1 4794
6 13 2 3704
6 13 3 6754
6 13 4 7705
6 13 5 7422
6 13 6 0
6 13 7 4815
6 13 8 6616
6 13 9 8595
6 13 10 8505
6 13 11 7615
6 13 12 5635
6 13 13 0
6 13 14 8799
6 13 15 6319
6 13 16 5589
6 14 0 2349
6 14 1 4160
6 14 2 1439
6 14 3 3110
6 14 4 5794
6 14 5 1471
6 14 6 0
6 14 7 2520
6 14 8 4821
6 14 9 2325
6 14 10 4397
6 14 11 1868
6 14 12 2984
6 14 13 861
6 14 14 0
6 14 15 3943
6 14 16 3265
6 15 0 4977
6 15 1 6991
6 15 2 6939
6 15 3 7451
6 15 4 7823
6 15 5 4867
6 15 6 0
6 15 7 2736
6 15 8 7075
6 15 9 5484
6 15 10 7377
6 15 11 4001
6 15 12 5310
6 15 13 3805
6 15 14 2587
6 15 15 0
6 15 16 4358
6 16 0 5642
6 16 1 8510
6 16 2 6564
6 16 3 4701
6 16 4 8702
6 16 5 6464
6 16 6 0
6 16 7 6198
6 16 8 5813
6 16 9 4817
6 16 10 8153
6 16 11 7380
6 16 12 8465
6 16 13 3927
6 16 14 4237
6 16 15 3975
6 16 16 0
7 0 0 0
7 0 1 5373
7 0 2 5437
7 0 3 5278
7 0 4 4685
7 0 5 5682
7 0 6 5994
7 0 7 0
7 0 8 1796
7 0 9 4399
7 0 10 4766
7 0 11 4799
7 0 12 3524
7 0 13 5137
7 0 14 1436
7 0 15 1268
7 0 16 1785
7 1 0 6273
7 1 1 0
7 1 2 5620
7 1 3 6788
7 1 4 7390
7 1 5 6413
7 1 6 5559
7 1 7 0
7 1 8 6511
7 1 9 3364
7 1 10 4431
7 1 11 6028
7 1 12 6240
7 1 13 3043
7 1 14 4480
7 1 15 4515
7 1 16 5886
7 2 0 5939
7 2 1 4938
7 2 2 0
7 2 3 7472
7 2 4 4632
7 2 5 7973
7 2 6 5805
7 2 7 0
7 2 8 6073
7 2 9 1742
7 2 10 2064
7 2 11 2998
7 2 12 5885
7 2 13 1757
7 2 14 1563
7 2 15 4267
7 2 16 3744
7 3 0 4950
7 3 1 6199
7 3 2 6243
7 3 3 0
7 3 4 4991
7 3 5 3236
7 3 6 6107
7 3 7 0
7 3 8 3259
7 3 9 4015
7 3 10 3187
7 3 11 4755
7 3 12 3766
7 3 13 3955
7 3 14 2382
7 3 15 3927
7 3 16 1029
7 4 0 4603
7 4 1 3567
7 4 2 4761
7 4 3 2966
7 4 4 0
7 4 5 5024
7 4 6 6414
7 4 7 0
7 4 8 2419
7 4 9 1473
7 4 10 5304
7 4 11 3345
7 4 12 1723
7 4 13 5744
7 4 14 5904
7 4 15 5137
7 4 16 5868
7 5 0 5159
7 5 1 5384
7 5 2 1907
7 5 3 5199
7 5 4 4941
7 5 5 0
7 5 6 1806
7 5 7 0
7 5 8 6470
7 5 9 5047
7 5 10 9004
7 5 11 4327
7 5 12 6290
7 5 13 8287
7 5 14 4407
7 5 15 5007
7 5 16 6456
7 6 0 7051
7 6 1 6731
7 6 2 2933
7 6 3 3487
7 6 4 6688
7 6 5 4122
7 6 6 0
7 6 7 0
7 6 8 5556
7 6 9 6533
7 6 10 3026
7 6 11 3685
7 6 12 2767
7 6 13 5825
7 6 14 1747
7 6 15 4093
7 6 16 5346
7 7 0 0
7 7 1 0
7 7 2 0
7 7 3 0
7 7 4 0
7 7 5 0
7 7 6 0
7 7 7 0
7 7 8 0
7 7 9 0
7 7 10 0
7 7 11 0
7 7 12 0
7 7 13 0
7 7 14 0
7 7 15 0
7 7 16 0
7 8 0 3416
7 8 1 6898
7 8 2 6656
7 8 3 4694
7 8 4 3016
7 8 5 4241
7 8 6 6044
7 8 7 0
7 8 8 0
7 8 9 6388
7 8 10 4794
7 8 11 4958
7 8 12 5952
7 8 13 7065
7 8 14 4551
7 8 15 8267
7 8 16 3360
7 9 0 7363
7 9 1 5095
7 9 2 3669
7 9 3 6794
7 9 4 3414
7 9 5 4162
7 9 6 8365
7 9 7 0
7 9 8 3673
7 9 9 0
7 9 10 1324
7 9 11 1575
7 9 12 5459
7 9 13 4549
7 9 14 1939
7 9 15 4844
7 9 16 2776
7 10 0 8580
7 10 1 7012
7 10 2 4841
7 10 3 6816
7 10 4 8095
7 10 5 8969
7 10 6 5708
7 10 7 0
7 10 8 7626
7 10 9 7831
7 10 10 0
7 10 11 6044
7 10 12 7903
7 10 13 5360
7 10 14 8289
7 10 15 6512
7 10 16 8657
7 11 0 5752
7 11 1 5748
7 11 2 2914
7 11 3 5523
7 11 4 3275
7 11 5 1431
7 11 6 3506
7 11 7 0
7 11 8 2979
7 11 9 1511
7 11 10 2321
7 11 11 0
7 11 12 4052
7 11 13 5241
7 11 14 2431
7 11 15 5201
7 11 16 6121
7 12 0 8077
7 12 1 9560
7 12 2 9401
7 12 3 8134
7 12 4 5253
7 12 5 6994
7 12 6 6188
7 12 7 0
7 12 8 1695
7 12 9 1620
7 12 10 5954
7 12 11 3061
7 12 12 0
7 12 13 3115
7 12 14 5500
7 12 15 1418
7 12 16 3489
7 13 0 5259
7 13 1 1932
7 13 2 842
7 13 3 3892
7 13 4 4843
7 13 5 4560
7 13 6 4815
7 13 7 0
7 13 8 6901
7 13 9 8880
7 13 10 8790
7 13 11 7900
7 13 12 5920
7 13 13 0
7 13 14 9084
7 13 15 6604
7 13 16 5874
7 14 0 3341
7 14 1 5152
7 14 2 2431
7 14 3 4102
7 14 4 6786
7 14 5 2463
7 14 6 2520
7 14 7 0
7 14 8 4917
7 14 9 2421
7 14 10 4493
7 14 11 1964
7 14 12 3080
7 14 13 957
7 14 14 0
7 14 15 4039
7 14 16 3361
7 15 0 1043
7 15 1 3057
7 15 2 3005
7 15 3 3517
7 15 4 3889
7 15 5 933
7 15 6 2736
7 15 7 0
7 15 8 5252
7 15 9 3661
7 15 10 5554
7 15 11 2178
7 15 12 3487
7 15 13 1982
7 15 14 764
7 15 15 0
7 15 16 2535
7 16 0 3769
7 16 1 6637
7 16 2 4691
7 16 3 2828
7 16 4 6829
7 16 5 4591
7 16 6 6198
7 16 7 0
7 16 8 5101
7 16 9 4105
7 16 10 7441
7 16 11 6668
7 16 12 7753
7 16 13 3215
7 16 14 3525
7 16 15 3263
7 16 16 0
8 0 0 0
8 0 1 5494
8 0 2 5558
8 0 3 5399
8 0 4 4806
8 0 5 5803
8 0 6 6115
8 0 7 1796
8 0 8 0
8 0 9 5026
8 0 10 5393
8 0 11 5426
8 0 12 4151
8 0 13 5764
8 0 14 2063
8 0 15 1895
8 0 16 2412
8 1 0 6844
8 1 1 0
8 1 2 6191
8 1 3 7359
8 1 4 7961
8 1 5 6984
8 1 6 6130
8 1 7 6511
8 1 8 0
8 1 9 4499
8 1 10 5566
8 1 11 7163
8 1 12 7375
8 1 13 4178
8 1 14 5615
8 1 15 5650
8 1 16 7021
8 2 0 7222
8 2 1 6221
8 2 2 0
8 2 3 8755
8 2 4 5915
8 2 5 9256
8 2 6 7088
8 2 7 6073
8 2 8 0
8 2 9 1500
8 2 10 1822
8 2 11 2756
8 2 12 5643
8 2 13 1515
8 2 14 1321
8 2 15 4025
8 2 16 3502
8 3 0 4902
8 3 1 6151
8 3 2 6195
8 3 3 0
8 3 4 4943
8 3 5 3188
8 3 6 6059
8 3 7 3259
8 3 8 0
8 3 9 5195
8 3 10 4367
8 3 11 5935
8 3 12 4946
8 3 13 5135
8 3 14 3562
8 3 15 5107
8 3 16 2209
8 4 0 3642
8 4 1 2606
8 4 2 3800
8 4 3 2005
8 4 4 0
8 4 5 4063
8 4 6 5453
8 4 7 2419
8 4 8 0
8 4 9 1109
8 4 10 4940
8 4 11 2981
8 4 12 1359
8 4 13 5380
8 4 14 5540
8 4 15 4773
8 4 16 5504
8 5 0 6409
8 5 1 6634
8 5 2 3157
8 5 3 6449
8 5 4 6191
8 5 5 0
8 5 6 3056
8 5 7 6470
8 5 8 0
8 5 9 4022
8 5 10 7979
8 5 11 3302
8 5 12 5265
8 5 13 7262
8 5 14 3382
8 5 15 3982
8 5 16 5431
8 6 0 8342
8 6 1 8022
8 6 2 4224
8 6 3 4778
8 6 4 7979
8 6 5 5413
8 6 6 0
8 6 7 5556
8 6 8 0
8 6 9 9927
8 6 10 6420
8 6 11 7079
8 6 12 6161
8 6 13 9219
8 6 14 5141
8 6 15 7487
8 6 16 8740
8 7 0 4541
8 7 1 7573
8 7 2 6619
8 7 3 5988
8 7 4 5223
8 7 5 4237
8 7 6 5999
8 7 7 0
8 7 8 0
8 7 9 2850
8 7 10 5705
8 7 11 3425
8 7 12 3330
8 7 13 6598
8 7 14 2331
8 7 15 2758
8 7 16 5122
8 8 0 0
8 8 1 0
8 8 2 0
8 8 3 0
8 8 4 0
8 8 5 0
8 8 6 0
8 8 7 0
8 8 8 0
8 8 9 0
8 8 10 0
8 8 11 0
8 8 12 0
8 8 13 0
8 8 14 0
8 8 15 0
8 8 16 0
8 9 0 6842
8 9 1 4574
8 9 2 3148
8 9 3 6273
8 9 4 2893
8 9 5 3641
8 9 6 7844
8 9 7 3673
8 9 8 0
8 9 9 0
8 9 10 3616
8 9 11 3867
8 9 12 7751
8 9 13 6841
8 9 14 4231
8 9 15 7136
8 9 16 5068
8 10 0 8307
8 10 1 6739
8 10 2 4568
8 10 3 6543
8 10 4 7822
8 10 5 8696
8 10 6 5435
8 10 7 7626
8 10 8 0
8 10 9 5674
8 10 10 0
8 10 11 3887
8 10 12 5746
8 10 13 3203
8 10 14 6132
8 10 15 4355
8 10 16 6500
8 11 0 5973
8 11 1 5969
8 11 2 3135
8 11 3 5744
8 11 4 3496
8 11 5 1652
8 11 6 3727
8 11 7 2979
8 11 8 0
8 11 9 1798
8 11 10 2608
8 11 11 0
8 11 12 4339
8 11 13 5528
8 11 14 2718
8 11 15 5488
8 11 16 6408
8 12 0 3509
8 12 1 4992
8 12 2 4833
8 12 3 3566
8 12 4 685
8 12 5 2426
8 12 6 1620
8 12 7 1695
8 12 8 0
8 12 9 2996
8 12 10 7330
8 12 11 4437
8 12 12 0
8 12 13 4491
8 12 14 6876
8 12 15 2794
8 12 16 4865
8 13 0 7060
8 13 1 3733
8 13 2 2643
8 13 3 5693
8 13 4 6644
8 13 5 6361
8 13 6 6616
8 13 7 6901
8 13 8 0
8 13 9 8101
8 13 10 8011
8 13 11 7121
8 13 12 5141
8 13 13 0
8 13 14 8305
8 13 15 5825
8 13 16 5095
8 14 0 5642
8 14 1 7453
8 14 2 4732
8 14 3 6403
8 14 4 9087
8 14 5 4764
8 14 6 4821
8 14 7 4917
8 14 8 0
8 14 9 3395
8 14 10 5467
8 14 11 2938
8 14 12 4054
8 14 13 1931
8 14 14 0
8 14 15 5013
8 14 16 4335
8 15 0 5382
8 15 1 7396
8 15 2 7344
8 15 3 7856
8 15 4 8228
8 15 5 5272
8 15 6 7075
8 15 7 5252
8 15 8 0
8 15 9 7924
8 15 10 9817
8 15 11 6441
8 15 12 7750
8 15 13 6245
8 15 14 5027
8 15 15 0
8 15 16 6798
8 16 0 3384
8 16 1 6252
8 16 2 4306
8 16 3 2443
8 16 4 6444
8 16 5 4206
8 16 6 5813
8 16 7 5101
8 16 8 0
8 16 9 1097
8 16 10 4433
8 16 11 3660
8 16 12 4745
8 16 13 207
8 16 14 517
8 16 15 255
8 16 16 0
9 0 0 0
9 0 1 8097
9 0 2 8161
9 0 3 8002
9 0 4 7409
9 0 5 8406
9 0 6 8718
9 0 7 4399
9 0 8 5026
9 0 9 0
9 0 10 4930
9 0 11 4963
9 0 12 3688
9 0 13 5301
9 0 14 1600
9 0 15 1432
9 0 16 1949
9 1 0 3697
9 1 1 0
9 1 2 3044
9 1 3 4212
9 1 4 4814
9 1 5 3837
9 1 6 2983
9 1 7 3364
9 1 8 4499
9 1 9 0
9 1 10 6810
9 1 11 8407
9 1 12 8619
9 1 13 5422
9 1 14 6859
9 1 15 6894
9 1 16 8265
9 2 0 2891
9 2 1 1890
9 2 2 0
9 2 3 4424
9 2 4 1584
9 2 5 4925
9 2 6 2757
9 2 7 1742
9 2 8 1500
9 2 9 0
9 2 10 3011
9 2 11 3945
9 2 12 6832
9 2 13 2704
9 2 14 2510
9 2 15 5214
9 2 16 4691
9 3 0 5658
9 3 1 6907
9 3 2 6951
9 3 3 0
9 3 4 5699
9 3 5 3944
9 3 6 6815
9 3 7 4015
9 3 8 5195
9 3 9 0
9 3 10 3606
9 3 11 5174
9 3 12 4185
9 3 13 4374
9 3 14 2801
9 3 15 4346
9 3 16 1448
9 4 0 2696
9 4 1 1660
9 4 2 2854
9 4 3 1059
9 4 4 0
9 4 5 3117
9 4 6 4507
9 4 7 1473
9 4 8 1109
9 4 9 0
9 4 10 8767
9 4 11 6808
9 4 12 5186
9 4 13 9207
9 4 14 9367
9 4 15 8600
9 4 16 9331
9 5 0 4986
9 5 1 5211
9 5 2 1734
9 5 3 5026
9 5 4 4768
9 5 5 0
9 5 6 1633
9 5 7 5047
9 5 8 4022
9 5 9 0
9 5 10 7620
9 5 11 2943
9 5 12 4906
9 5 13 6903
9 5 14 3023
9 5 15 3623
9 5 16 5072
9 6 0 9319
9 6 1 8999
9 6 2 5201
9 6 3 5755
9 6 4 8956
9 6 5 6390
9 6 6 0
9 6 7 6533
9 6 8 9927
9 6 9 0
9 6 10 4621
9 6 11 5280
9 6 12 4362
9 6 13 7420
9 6 14 3342
9 6 15 5688
9 6 16 6941
9 7 0 2071
9 7 1 5103
9 7 2 4149
9 7 3 3518
9 7 4 2753
9 7 5 1767
9 7 6 3529
9 7 7 0
9 7 8 2850
9 7 9 0
9 7 10 7049
9 7 11 4769
9 7 12 4674
9 7 13 7942
9 7 14 3675
9 7 15 4102
9 7 16 6466
9 8 0 4484
9 8 1 7966
9 8 2 7724
9 8 3 5762
9 8 4 4084
9 8 5 5309
9 8 6 7112
9 8 7 6388
9 8 8 0
9 8 9 0
9 8 10 4371
9 8 11 4535
9 8 12 5529
9 8 13 6642
9 8 14 4128
9 8 15 7844
9 8 16 2937
9 9 0 0
9 9 1 0
9 9 2 0
9 9 3 0
9 9 4 0
9 9 5 0
9 9 6 0
9 9 7 0
9 9 8 0
9 9 9 0
9 9 10 0
9 9 11 0
9 9 12 0
9 9 13 0
9 9 14 0
9 9 15 0
9 9 16 0
9 10 0 8512
9 10 1 6944
9 10 2 4773
9 10 3 6748
9 10 4 8027
9 10 5 8901
9 10 6 5640
9 10 7 7831
9 10 8 5674
9 10 9 0
9 10 10 0
9 10 11 2887
9 10 12 4746
9 10 13 2203
9 10 14 5132
9 10 15 3355
9 10 16 5500
9 11 0 4505
9 11 1 4501
9 11 2 1667
9 11 3 4276
9 11 4 2028
9 11 5 184
9 11 6 2259
9 11 7 1511
9 11 8 1798
9 11 9 0
9 11 10 1695
9 11 11 0
9 11 12 3426
9 11 13 4615
9 11 14 1805
9 11 15 4575
9 11 16 5495
9 12 0 3434
9 12 1 4917
9 12 2 4758
9 12 3 3491
9 12 4 610
9 12 5 2351
9 12 6 1545
9 12 7 1620
9 12 8 2996
9 12 9 0
9 12 10 9307
9 12 11 6414
9 12 12 0
9 12 13 6468
9 12 14 8853
9 12 15 4771
9 12 16 6842
9 13 0 9039
9 13 1 5712
9 13 2 4622
9 13 3 7672
9 13 4 8623
9 13 5 8340
9 13 6 8595
9 13 7 8880
9 13 8 8101
9 13 9 0
9 13 10 7965
9 13 11 7075
9 13 12 5095
9 13 13 0
9 13 14 8259
9 13 15 5779
9 13 16 5049
9 14 0 3146
9 14 1 4957
9 14 2 2236
9 14 3 3907
9 14 4 6591
9 14 5 2268
9 14 6 2325
9 14 7 2421
9 14 8 3395
9 14 9 0
9 14 10 5325
9 14 11 2796
9 14 12 3912
9 14 13 1789
9 14 14 0
9 14 15 4871
9 14 16 4193
9 15 0 3791
9 15 1 5805
9 15 2 5753
9 15 3 6265
9 15 4 6637
9 15 5 3681
9 15 6 5484
9 15 7 3661
9 15 8 7924
9 15 9 0
9 15 10 8864
9 15 11 5488
9 15 12 6797
9 15 13 5292
9 15 14 4074
9 15 15 0
9 15 16 5845
9 16 0 2388
9 16 1 5256
9 16 2 3310
9 16 3 1447
9 16 4 5448
9 16 5 3210
9 16 6 4817
9 16 7 4105
9 16 8 1097
9 16 9 0
9 16 10 6319
9 16 11 5546
9 16 12 6631
9 16 13 2093
9 16 14 2403
9 16 15 2141
9 16 16 0
10 0 0 0
10 0 1 8464
10 0 2 8528
10 0 3 8369
10 0 4 7776
10 0 5 8773
10 0 6 9085
10 0 7 4766
10 0 8 5393
10 0 9 4930
10 0 10 0
10 0 11 8268
10 0 12 6993
10 0 13 8606
10 0 14 4905
10 0 15 4737
10 0 16 5254
10 1 0 4764
10 1 1 0
10 1 2 4111
10 1 3 5279
10 1 4 5881
10 1 5 4904
10 1 6 4050
10 1 7 4431
10 1 8 5566
10 1 9 6810
10 1 10 0
10 1 11 8978
10 1 12 9190
10 1 13 5993
10 1 14 7430
10 1 15 7465
10 1 16 8836
10 2 0 3213
10 2 1 2212
10 2 2 0
10 2 3 4746
10 2 4 1906
10 2 5 5247
10 2 6 3079
10 2 7 2064
10 2 8 1822
10 2 9 3011
10 2 10 0
10 2 11 1958
10 2 12 4845
10 2 13 717
10 2 14 523
10 2 15 3227
10 2 16 2704
10 3 0 4830
10 3 1 6079
10 3 2 6123
10 3 3 0
10 3 4 4871
10 3 5 3116
10 3 6 5987
10 3 7 3187
10 3 8 4367
10 3 9 3606
10 3 10 0
10 3 11 5500
10 3 12 4511
10 3 13 4700
10 3 14 3127
10 3 15 4672
10 3 16 1774
10 4 0 6527
10 4 1 5491
10 4 2 6685
10 4 3 4890
10 4 4 0
10 4 5 6948
10 4 6 8338
10 4 7 5304
10 4 8 4940
10 4 9 8767
10 4 10 0
10 4 11 5527
10 4 12 3905
10 4 13 7926
10 4 14 8086
10 4 15 7319
10 4 16 8050
10 5 0 8943
10 5 1 9168
10 5 2 5691
10 5 3 8983
10 5 4 8725
10 5 5 0
10 5 6 5590
10 5 7 9004
10 5 8 7979
10 5 9 7620
10 5 10 0
10 5 11 1672
10 5 12 3635
10 5 13 5632
10 5 14 1752
10 5 15 2352
10 5 16 3801
10 6 0 5812
10 6 1 5492
10 6 2 1694
10 6 3 2248
10 6 4 5449
10 6 5 2883
10 6 6 0
10 6 7 3026
10 6 8 6420
10 6 9 4621
10 6 10 0
10 6 11 5373
10 6 12 4455
10 6 13 7513
10 6 14 3435
10 6 15 5781
10 6 16 7034
10 7 0 4926
10 7 1 7958
10 7 2 7004
10 7 3 6373
10 7 4 5608
10 7 5 4622
10 7 6 6384
10 7 7 0
10 7 8 5705
10 7 9 7049
10 7 10 0
10 7 11 5619
10 7 12 5524
10 7 13 8792
10 7 14 4525
10 7 15 4952
10 7 16 7316
10 8 0 2890
10 8 1 6372
10 8 2 6130
10 8 3 4168
10 8 4 2490
10 8 5 3715
10 8 6 5518
10 8 7 4794
10 8 8 0
10 8 9 4371
10 8 10 0
10 8 11 5633
10 8 12 6627
10 8 13 7740
10 8 14 5226
10 8 15 8942
10 8 16 4035
10 9 0 4493
10 9 1 2225
10 9 2 799
10 9 3 3924
10 9 4 544
10 9 5 1292
10 9 6 5495
10 9 7 1324
10 9 8 3616
10 9 9 0
10 9 10 0
10 9 11 4925
10 9 12 8809
10 9 13 7899
10 9 14 5289
10 9 15 8194
10 9 16 6126
10 10 0 0
10 10 1 0
10 10 2 0
10 10 3 0
10 10 4 0
10 10 5 0
10 10 6 0
10 10 7 0
10 10 8 0
10 10 9 0
10 10 10 0
10 10 11 0
10 10 12 0
10 10 13 0
10 10 14 0
10 10 15 0
10 10 16 0
10 11 0 5315
10 11 1 5311
10 11 2 2477
10 11 3 5086
10 11 4 2838
10 11 5 994
10 11 6 3069
10 11 7 2321
10 11 8 2608
10 11 9 1695
10 11 10 0
10 11 11 0
10 11 12 5040
10 11 13 6229
10 11 14 3419
10 11 15 6189
10 11 16 7109
10 12 0 7768
10 12 1 9251
10 12 2 9092
10 12 3 7825
10 12 4 4944
10 12 5 6685
10 12 6 5879
10 12 7 5954
10 12 8 7330
10 12 9 9307
10 12 10 0
10 12 11 6003
10 12 12 0
10 12 13 6057
10 12 14 8442
10 12 15 4360
10 12 16 6431
10 13 0 8949
10 13 1 5622
10 13 2 4532
10 13 3 7582
10 13 4 8533
10 13 5 8250
10 13 6 8505
10 13 7 8790
10 13 8 8011
10 13 9 7965
10 13 10 0
10 13 11 5031
10 13 12 3051
10 13 13 0
10 13 14 6215
10 13 15 3735
10 13 16 3005
10 14 0 5218
10 14 1 7029
10 14 2 4308
10 14 3 5979
10 14 4 8663
10 14 5 4340
10 14 6 4397
10 14 7 4493
10 14 8 5467
10 14 9 5325
10 14 10 0
10 14 11 6291
10 14 12 7407
10 14 13 5284
10 14 14 0
10 14 15 8366
10 14 16 7688
10 15 0 5684
10 15 1 7698
10 15 2 7646
10 15 3 8158
10 15 4 8530
10 15 5 5574
10 15 6 7377
10 15 7 5554
10 15 8 9817
10 15 9 8864
10 15 10 0
10 15 11 4301
10 15 12 5610
10 15 13 4105
10 15 14 2887
10 15 15 0
10 15 16 4658
10 16 0 5724
10 16 1 8592
10 16 2 6646
10 16 3 4783
10 16 4 8784
10 16 5 6546
10 16 6 8153
10 16 7 7441
10 16 8 4433
10 16 9 6319
10 16 10 0
10 16 11 8572
10 16 12 9657
10 16 13 5119
10 16 14 5429
10 16 15 5167
10 16 16 0
11 0 0 0
11 0 1 8497
11 0 2 8561
11 0 3 8402
11 0 4 7809
11 0 5 8806
11 0 6 9118
11 0 7 4799
11 0 8 5426
11 0 9 4963
11 0 10 8268
11 0 11 0
11 0 12 7876
11 0 13 9489
11 0 14 5788
11 0 15 5620
11 0 16 6137
11 1 0 6361
11 1 1 0
11 1 2 5708
11 1 3 6876
11 1 4 7478
11 1 5 6501
11 1 6 5647
11 1 7 6028
11 1 8 7163
11 1 9 8407
11 1 10 8978
11 1 11 0
11 1 12 8031
11 1 13 4834
11 1 14 6271
11 1 15 6306
11 1 16 7677
11 2 0 4147
11 2 1 3146
11 2 2 0
11 2 3 5680
11 2 4 2840
11 2 5 6181
11 2 6 4013
11 2 7 2998
11 2 8 2756
11 2 9 3945
11 2 10 1958
11 2 11 0
11 2 12 5648
11 2 13 1520
11 2 14 1326
11 2 15 4030
11 2 16 3507
11 3 0 6398
11 3 1 7647
11 3 2 7691
11 3 3 0
11 3 4 6439
11 3 5 4684
11 3 6 7555
11 3 7 4755
11 3 8 5935
11 3 9 5174
11 3 10 5500
11 3 11 0
11 3 12 5362
11 3 13 5551
11 3 14 3978
11 3 15 5523
11 3 16 2625
11 4 0 4568
11 4 1 3532
11 4 2 4726
11 4 3 2931
11 4 4 0
11 4 5 4989
11 4 6 6379
11 4 7 3345
11 4 8 2981
11 4 9 6808
11 4 10 5527
11 4 11 0
11 4 12 4394
11 4 13 8415
11 4 14 8575
11 4 15 7808
11 4 16 8539
11 5 0 4266
11 5 1 4491
11 5 2 1014
11 5 3 4306
11 5 4 4048
11 5 5 0
11 5 6 913
11 5 7 4327
11 5 8 3302
11 5 9 2943
11 5 10 1672
11 5 11 0
11 5 12 3259
11 5 13 5256
11 5 14 1376
11 5 15 1976
11 5 16 3425
11 6 0 6471
11 6 1 6151
11 6 2 2353
11 6 3 2907
11 6 4 6108
11 6 5 3542
11 6 6 0
11 6 7 3685
11 6 8 7079
11 6 9 5280
11 6 10 5373
11 6 11 0
11 6 12 3471
11 6 13 6529
11 6 14 2451
11 6 15 4797
11 6 16 6050
11 7 0 2646
11 7 1 5678
11 7 2 4724
11 7 3 4093
11 7 4 3328
11 7 5 2342
11 7 6 4104
11 7 7 0
11 7 8 3425
11 7 9 4769
11 7 10 5619
11 7 11 0
11 7 12 2663
11 7 13 5931
11 7 14 1664
11 7 15 2091
11 7 16 4455
11 8 0 3054
11 8 1 6536
11 8 2 6294
11 8 3 4332
11 8 4 2654
11 8 5 3879
11 8 6 5682
11 8 7 4958
11 8 8 0
11 8 9 4535
11 8 10 5633
11 8 11 0
11 8 12 4260
11 8 13 5373
11 8 14 2859
11 8 15 6575
11 8 16 1668
11 9 0 4744
11 9 1 2476
11 9 2 1050
11 9 3 4175
11 9 4 795
11 9 5 1543
11 9 6 5746
11 9 7 1575
11 9 8 3867
11 9 9 0
11 9 10 4925
11 9 11 0
11 9 12 4769
11 9 13 3859
11 9 14 1249
11 9 15 4154
11 9 16 2086
11 10 0 6725
11 10 1 5157
11 10 2 2986
11 10 3 4961
11 10 4 6240
11 10 5 7114
11 10 6 3853
11 10 7 6044
11 10 8 3887
11 10 9 2887
11 10 10 0
11 10 11 0
11 10 12 5168
11 10 13 2625
11 10 14 5554
11 10 15 3777
11 10 16 5922
11 11 0 0
11 11 1 0
11 11 2 0
11 11 3 0
11 11 4 0
11 11 5 0
11 11 6 0
11 11 7 0
11 11 8 0
11 11 9 0
11 11 10 0
11 11 11 0
11 11 12 0
11 11 13 0
11 11 14 0
11 11 15 0
11 11 16 0
11 12 0 4875
11 12 1 6358
11 12 2 6199
11 12 3 4932
11 12 4 2051
11 12 5 3792
11 12 6 2986
11 12 7 3061
11 12 8 4437
11 12 9 6414
11 12 10 6003
11 12 11 0
11 12 12 0
11 12 13 4486
11 12 14 6871
11 12 15 2789
11 12 16 4860
11 13 0 8059
11 13 1 4732
11 13 2 3642
11 13 3 6692
11 13 4 7643
11 13 5 7360
11 13 6 7615
11 13 7 7900
11 13 8 7121
11 13 9 7075
11 13 10 5031
11 13 11 0
11 13 12 5212
11 13 13 0
11 13 14 8376
11 13 15 5896
11 13 16 5166
11 14 0 2689
11 14 1 4500
11 14 2 1779
11 14 3 3450
11 14 4 6134
11 14 5 1811
11 14 6 1868
11 14 7 1964
11 14 8 2938
11 14 9 2796
11 14 10 6291
11 14 11 0
11 14 12 3829
11 14 13 1706
11 14 14 0
11 14 15 4788
11 14 16 4110
11 15 0 2308
11 15 1 4322
11 15 2 4270
11 15 3 4782
11 15 4 5154
11 15 5 2198
11 15 6 4001
11 15 7 2178
11 15 8 6441
11 15 9 5488
11 15 10 4301
11 15 11 0
11 15 12 6579
11 15 13 5074
11 15 14 3856
11 15 15 0
11 15 16 5627
11 16 0 4951
11 16 1 7819
11 16 2 5873
11 16 3 4010
11 16 4 8011
11 16 5 5773
11 16 6 7380
11 16 7 6668
11 16 8 3660
11 16 9 5546
11 16 10 8572
11 16 11 0
11 16 12 9401
11 16 13 4863
11 16 14 5173
11 16 15 4911
11 16 16 0
12 0 0 0
12 0 1 7222
12 0 2 7286
12 0 3 7127
12 0 4 6534
12 0 5 7531
12 0 6 7843
12 0 7 3524
12 0 8 4151
12 0 9 3688
12 0 10 6993
12 0 11 7876
12 0 12 0
12 0 13 8343
12 0 14 4642
12 0 15 4474
12 0 16 4991
12 1 0 6573
12 1 1 0
12 1 2 5920
12 1 3 7088
12 1 4 7690
12 1 5 6713
12 1 6 5859
12 1 7 6240
12 1 8 7375
12 1 9 8619
12 1 10 9190
12 1 11 8031
12 1 12 0
12 1 13 5237
12 1 14 6674
12 1 15 6709
12 1 16 8080
12 2 0 7034
12 2 1 6033
12 2 2 0
12 2 3 8567
12 2 4 5727
12 2 5 9068
12 2 6 6900
12 2 7 5885
12 2 8 5643
12 2 9 6832
12 2 10 4845
12 2 11 5648
12 2 12 0
12 2 13 1219
12 2 14 1025
12 2 15 3729
12 2 16 3206
12 3 0 5409
12 3 1 6658
12 3 2 6702
12 3 3 0
12 3 4 5450
12 3 5 3695
12 3 6 6566
12 3 7 3766
12 3 8 4946
12 3 9 4185
12 3 10 4511
12 3 11 5362
12 3 12 0
12 3 13 7898
12 3 14 6325
12 3 15 7870
12 3 16 4972
12 4 0 2946
12 4 1 1910
12 4 2 3104
12 4 3 1309
12 4 4 0
12 4 5 3367
12 4 6 4757
12 4 7 1723
12 4 8 1359
12 4 9 5186
12 4 10 3905
12 4 11 4394
12 4 12 0
12 4 13 4419
12 4 14 4579
12 4 15 3812
12 4 16 4543
12 5 0 6229
12 5 1 6454
12 5 2 2977
12 5 3 6269
12 5 4 6011
12 5 5 0
12 5 6 2876
12 5 7 6290
12 5 8 5265
12 5 9 4906
12 5 10 3635
12 5 11 3259
12 5 12 0
12 5 13 4678
12 5 14 798
12 5 15 1398
12 5 16 2847
12 6 0 5553
12 6 1 5233
12 6 2 1435
12 6 3 1989
12 6 4 5190
12 6 5 2624
12 6 6 0
12 6 7 2767
12 6 8 6161
12 6 9 4362
12 6 10 4455
12 6 11 3471
12 6 12 0
12 6 13 5305
12 6 14 1227
12 6 15 3573
12 6 16 4826
12 7 0 2551
12 7 1 5583
12 7 2 4629
12 7 3 3998
12 7 4 3233
12 7 5 2247
12 7 6 4009
12 7 7 0
12 7 8 3330
12 7 9 4674
12 7 10 5524
12 7 11 2663
12 7 12 0
12 7 13 9531
12 7 14 5264
12 7 15 5691
12 7 16 8055
12 8 0 4048
12 8 1 7530
12 8 2 7288
12 8 3 5326
12 8 4 3648
12 8 5 4873
12 8 6 6676
12 8 7 5952
12 8 8 0
12 8 9 5529
12 8 10 6627
12 8 11 4260
12 8 12 0
12 8 13 4184
12 8 14 1670
12 8 15 5386
12 8 16 479
12 9 0 8628
12 9 1 6360
12 9 2 4934
12 9 3 8059
12 9 4 4679
12 9 5 5427
12 9 6 9630
12 9 7 5459
12 9 8 7751
12 9 9 0
12 9 10 8809
12 9 11 4769
12 9 12 0
12 9 13 4063
12 9 14 1453
12 9 15 4358
12 9 16 2290
12 10 0 8584
12 10 1 7016
12 10 2 4845
12 10 3 6820
12 10 4 8099
12 10 5 8973
12 10 6 5712
12 10 7 7903
12 10 8 5746
12 10 9 4746
12 10 10 0
12 10 11 5168
12 10 12 0
12 10 13 6353
12 10 14 9282
12 10 15 7505
12 10 16 9650
12 11 0 7046
12 11 1 7042
12 11 2 4208
12 11 3 6817
12 11 4 4569
12 11 5 2725
12 11 6 4800
12 11 7 4052
12 11 8 4339
12 11 9 3426
12 11 10 5040
12 11 11 0
12 11 12 0
12 11 13 5621
12 11 14 2811
12 11 15 5581
12 11 16 6501
12 12 0 0
12 12 1 0
12 12 2 0
12 12 3 0
12 12 4 0
12 12 5 0
12 12 6 0
12 12 7 0
12 12 8 0
12 12 9 0
12 12 10 0
12 12 11 0
12 12 12 0
12 12 13 0
12 12 14 0
12 12 15 0
12 12 16 0
12 13 0 6079
12 13 1 2752
12 13 2 1662
12 13 3 4712
12 13 4 5663
12 13 5 5380
12 13 6 5635
12 13 7 5920
12 13 8 5141
12 13 9 5095
12 13 10 3051
12 13 11 5212
12 13 12 0
12 13 13 0
12 13 14 6345
12 13 15 3865
12 13 16 3135
12 14 0 3805
12 14 1 5616
12 14 2 2895
12 14 3 4566
12 14 4 7250
12 14 5 2927
12 14 6 2984
12 14 7 3080
12 14 8 4054
12 14 9 3912
12 14 10 7407
12 14 11 3829
12 14 12 0
12 14 13 4870
12 14 14 0
12 14 15 7952
12 14 16 7274
12 15 0 3617
12 15 1 5631
12 15 2 5579
12 15 3 6091
12 15 4 6463
12 15 5 3507
12 15 6 5310
12 15 7 3487
12 15 8 7750
12 15 9 6797
12 15 10 5610
12 15 11 6579
12 15 12 0
12 15 13 1386
12 15 14 168
12 15 15 0
12 15 16 1939
12 16 0 6036
12 16 1 8904
12 16 2 6958
12 16 3 5095
12 16 4 9096
12 16 5 6858
12 16 6 8465
12 16 7 7753
12 16 8 4745
12 16 9 6631
12 16 10 9657
12 16 11 9401
12 16 12 0
12 16 13 2326
12 16 14 2636
12 16 15 2374
12 16 16 0
13 0 0 0
13 0 1 8835
13 0 2 8899
13 0 3 8740
13 0 4 8147
13 0 5 9144
13 0 6 9456
13 0 7 5137
13 0 8 5764
13 0 9 5301
13 0 10 8606
13 0 11 9489
13 0 12 8343
13 0 13 0
13 0 14 2038
13 0 15 1870
13 0 16 2387
13 1 0 3376
13 1 1 0
13 1 2 2723
13 1 3 3891
13 1 4 4493
13 1 5 3516
13 1 6 2662
13 1 7 3043
13 1 8 4178
13 1 9 5422
13 1 10 5993
13 1 11 4834
13 1 12 5237
13 1 13 0
13 1 14 5370
13 1 15 5405
13 1 16 6776
13 2 0 2906
13 2 1 1905
13 2 2 0
13 2 3 4439
13 2 4 1599
13 2 5 4940
13 2 6 2772
13 2 7 1757
13 2 8 1515
13 2 9 2704
13 2 10 717
13 2 11 1520
13 2 12 1219
13 2 13 0
13 2 14 4311
13 2 15 7015
13 2 16 6492
13 3 0 5598
13 3 1 6847
13 3 2 6891
13 3 3 0
13 3 4 5639
13 3 5 3884
13 3 6 6755
13 3 7 3955
13 3 8 5135
13 3 9 4374
13 3 10 4700
13 3 11 5551
13 3 12 7898
13 3 13 0
13 3 14 2619
13 3 15 4164
13 3 16 1266
13 4 0 6967
13 4 1 5931
13 4 2 7125
13 4 3 5330
13 4 4 0
13 4 5 7388
13 4 6 8778
13 4 7 5744
13 4 8 5380
13 4 9 9207
13 4 10 7926
13 4 11 8415
13 4 12 4419
13 4 13 0
13 4 14 6304
13 4 15 5537
13 4 16 6268
13 5 0 8226
13 5 1 8451
13 5 2 4974
13 5 3 8266
13 5 4 8008
13 5 5 0
13 5 6 4873
13 5 7 8287
13 5 8 7262
13 5 9 6903
13 5 10 5632
13 5 11 5256
13 5 12 4678
13 5 13 0
13 5 14 1923
13 5 15 2523
13 5 16 3972
13 6 0 8611
13 6 1 8291
13 6 2 4493
13 6 3 5047
13 6 4 8248
13 6 5 5682
13 6 6 0
13 6 7 5825
13 6 8 9219
13 6 9 7420
13 6 10 7513
13 6 11 6529
13 6 12 5305
13 6 13 0
13 6 14 3599
13 6 15 5945
13 6 16 7198
13 7 0 5819
13 7 1 8851
13 7 2 7897
13 7 3 7266
13 7 4 6501
13 7 5 5515
13 7 6 7277
13 7 7 0
13 7 8 6598
13 7 9 7942
13 7 10 8792
13 7 11 5931
13 7 12 9531
13 7 13 0
13 7 14 833
13 7 15 1260
13 7 16 3624
13 8 0 5161
13 8 1 8643
13 8 2 8401
13 8 3 6439
13 8 4 4761
13 8 5 5986
13 8 6 7789
13 8 7 7065
13 8 8 0
13 8 9 6642
13 8 10 7740
13 8 11 5373
13 8 12 4184
13 8 13 0
13 8 14 3608
13 8 15 7324
13 8 16 2417
13 9 0 7718
13 9 1 5450
13 9 2 4024
13 9 3 7149
13 9 4 3769
13 9 5 4517
13 9 6 8720
13 9 7 4549
13 9 8 6841
13 9 9 0
13 9 10 7899
13 9 11 3859
13 9 12 4063
13 9 13 0
13 9 14 5445
13 9 15 8350
13 9 16 6282
13 10 0 6041
13 10 1 4473
13 10 2 2302
13 10 3 4277
13 10 4 5556
13 10 5 6430
13 10 6 3169
13 10 7 5360
13 10 8 3203
13 10 9 2203
13 10 10 0
13 10 11 2625
13 10 12 6353
13 10 13 0
13 10 14 8850
13 10 15 7073
13 10 16 9218
13 11 0 8235
13 11 1 8231
13 11 2 5397
13 11 3 8006
13 11 4 5758
13 11 5 3914
13 11 6 5989
13 11 7 5241
13 11 8 5528
13 11 9 4615
13 11 10 6229
13 11 11 0
13 11 12 5621
13 11 13 0
13 11 14 4382
13 11 15 7152
13 11 16 8072
13 12 0 4929
13 12 1 6412
13 12 2 6253
13 12 3 4986
13 12 4 2105
13 12 5 3846
13 12 6 3040
13 12 7 3115
13 12 8 4491
13 12 9 6468
13 12 10 6057
13 12 11 4486
13 12 12 0
13 12 13 0
13 12 14 5566
13 12 15 1484
13 12 16 3555
13 13 0 0
13 13 1 0
13 13 2 0
13 13 3 0
13 13 4 0
13 13 5 0
13 13 6 0
13 13 7 0
13 13 8 0
13 13 9 0
13 13 10 0
13 13 11 0
13 13 12 0
13 13 13 0
13 13 14 0
13 13 15 0
13 13 16 0
13 14 0 1682
13 14 1 3493
13 14 2 772
13 14 3 2443
13 14 4 5127
13 14 5 804
13 14 6 861
13 14 7 957
13 14 8 1931
13 14 9 1789
13 14 10 5284
13 14 11 1706
13 14 12 4870
13 14 13 0
13 14 14 0
13 14 15 8268
13 14 16 7590
13 15 0 2112
13 15 1 4126
13 15 2 4074
13 15 3 4586
13 15 4 4958
13 15 5 2002
13 15 6 3805
13 15 7 1982
13 15 8 6245
13 15 9 5292
13 15 10 4105
13 15 11 5074
13 15 12 1386
13 15 13 0
13 15 14 2086
13 15 15 0
13 15 16 3857
13 16 0 1498
13 16 1 4366
13 16 2 2420
13 16 3 557
13 16 4 4558
13 16 5 2320
13 16 6 3927
13 16 7 3215
13 16 8 207
13 16 9 2093
13 16 10 5119
13 16 11 4863
13 16 12 2326
13 16 13 0
13 16 14 1753
13 16 15 1491
13 16 16 0
14 0 0 0
14 0 1 5134
14 0 2 5198
14 0 3 5039
14 0 4 4446
14 0 5 5443
14 0 6 5755
14 0 7 1436
14 0 8 2063
14 0 9 1600
14 0 10 4905
14 0 11 5788
14 0 12 4642
14 0 13 2038
14 0 14 0
14 0 15 1385
14 0 16 1902
14 1 0 4813
14 1 1 0
14 1 2 4160
14 1 3 5328
14 1 4 5930
14 1 5 4953
14 1 6 4099
14 1 7 4480
14 1 8 5615
14 1 9 6859
14 1 10 7430
14 1 11 6271
14 1 12 6674
14 1 13 5370
14 1 14 0
14 1 15 6111
14 1 16 7482
14 2 0 2712
14 2 1 1711
14 2 2 0
14 2 3 4245
14 2 4 1405
14 2 5 4746
14 2 6 2578
14 2 7 1563
14 2 8 1321
14 2 9 2510
14 2 10 523
14 2 11 1326
14 2 12 1025
14 2 13 4311
14 2 14 0
14 2 15 3012
14 2 16 2489
14 3 0 4025
14 3 1 5274
14 3 2 5318
14 3 3 0
14 3 4 4066
14 3 5 2311
14 3 6 5182
14 3 7 2382
14 3 8 3562
14 3 9 2801
14 3 10 3127
14 3 11 3978
14 3 12 6325
14 3 13 2619
14 3 14 0
14 3 15 6137
14 3 16 3239
14 4 0 7127
14 4 1 6091
14 4 2 7285
14 4 3 5490
14 4 4 0
14 4 5 7548
14 4 6 8938
14 4 7 5904
14 4 8 5540
14 4 9 9367
14 4 10 8086
14 4 11 8575
14 4 12 4579
14 4 13 6304
14 4 14 0
14 4 15 6375
14 4 16 7106
14 5 0 4346
14 5 1 4571
14 5 2 1094
14 5 3 4386
14 5 4 4128
14 5 5 0
14 5 6 993
14 5 7 4407
14 5 8 3382
14 5 9 3023
14 5 10 1752
14 5 11 1376
14 5 12 798
14 5 13 1923
14 5 14 0
14 5 15 3014
14 5 16 4463
14 6 0 4533
14 6 1 4213
14 6 2 415
14 6 3 969
14 6 4 4170
14 6 5 1604
14 6 6 0
14 6 7 1747
14 6 8 5141
14 6 9 3342
14 6 10 3435
14 6 11 2451
14 6 12 1227
14 6 13 3599
14 6 14 0
14 6 15 3874
14 6 16 5127
14 7 0 1552
14 7 1 4584
14 7 2 3630
14 7 3 2999
14 7 4 2234
14 7 5 1248
14 7 6 3010
14 7 7 0
14 7 8 2331
14 7 9 3675
14 7 10 4525
14 7 11 1664
14 7 12 5264
14 7 13 833
14 7 14 0
14 7 15 3043
14 7 16 5407
14 8 0 2647
14 8 1 6129
14 8 2 5887
14 8 3 3925
14 8 4 2247
14 8 5 3472
14 8 6 5275
14 8 7 4551
14 8 8 0
14 8 9 4128
14 8 10 5226
14 8 11 2859
14 8 12 1670
14 8 13 3608
14 8 14 0
14 8 15 9607
14 8 16 4700
14 9 0 5108
14 9 1 2840
14 9 2 1414
14 9 3 4539
14 9 4 1159
14 9 5 1907
14 9 6 6110
14 9 7 1939
14 9 8 4231
14 9 9 0
14 9 10 5289
14 9 11 1249
14 9 12 1453
14 9 13 5445
14 9 14 0
14 9 15 6158
14 9 16 4090
14 10 0 8970
14 10 1 7402
14 10 2 5231
14 10 3 7206
14 10 4 8485
14 10 5 9359
14 10 6 6098
14 10 7 8289
14 10 8 6132
14 10 9 5132
14 10 10 0
14 10 11 5554
14 10 12 9282
14 10 13 8850
14 10 14 0
14 10 15 7043
14 10 16 9188
14 11 0 5425
14 11 1 5421
14 11 2 2587
14 11 3 5196
14 11 4 2948
14 11 5 1104
14 11 6 3179
14 11 7 2431
14 11 8 2718
14 11 9 1805
14 11 10 3419
14 11 11 0
14 11 12 2811
14 11 13 4382
14 11 14 0
14 11 15 5483
14 11 16 6403
14 12 0 7314
14 12 1 8797
14 12 2 8638
14 12 3 7371
14 12 4 4490
14 12 5 6231
14 12 6 5425
14 12 7 5500
14 12 8 6876
14 12 9 8853
14 12 10 8442
14 12 11 6871
14 12 12 0
14 12 13 5566
14 12 14 0
14 12 15 2911
14 12 16 4982
14 13 0 9243
14 13 1 5916
14 13 2 4826
14 13 3 7876
14 13 4 8827
14 13 5 8544
14 13 6 8799
14 13 7 9084
14 13 8 8305
14 13 9 8259
14 13 10 6215
14 13 11 8376
14 13 12 6345
14 13 13 0
14 13 14 0
14 13 15 2706
14 13 16 1976
14 14 0 0
14 14 1 0
14 14 2 0
14 14 3 0
14 14 4 0
14 14 5 0
14 14 6 0
14 14 7 0
14 14 8 0
14 14 9 0
14 14 10 0
14 14 11 0
14 14 12 0
14 14 13 0
14 14 14 0
14 14 15 0
14 14 16 0
14 15 0 894
14 15 1 2908
14 15 2 2856
14 15 3 3368
14 15 4 3740
14 15 5 784
14 15 6 2587
14 15 7 764
14 15 8 5027
14 15 9 4074
14 15 10 2887
14 15 11 3856
14 15 12 168
14 15 13 2086
14 15 14 0
14 15 15 0
14 15 16 5559
14 16 0 1808
14 16 1 4676
14 16 2 2730
14 16 3 867
14 16 4 4868
14 16 5 2630
14 16 6 4237
14 16 7 3525
14 16 8 517
14 16 9 2403
14 16 10 5429
14 16 11 5173
14 16 12 2636
14 16 13 1753
14 16 14 0
14 16 15 3245
14 16 16 0
15 0 0 0
15 0 1 4966
15 0 2 5030
15 0 3 4871
15 0 4 4278
15 0 5 5275
15 0 6 5587
15 0 7 1268
15 0 8 1895
15 0 9 1432
15 0 10 4737
15 0 11 5620
15 0 12 4474
15 0 13 1870
15 0 14 1385
15 0 15 0
15 0 16 1847
15 1 0 4848
15 1 1 0
15 1 2 4195
15 1 3 5363
15 1 4 5965
15 1 5 4988
15 1 6 4134
15 1 7 4515
15 1 8 5650
15 1 9 6894
15 1 10 7465
15 1 11 6306
15 1 12 6709
15 1 13 5405
15 1 14 6111
15 1 15 0
15 1 16 7326
15 2 0 5416
15 2 1 4415
15 2 2 0
15 2 3 6949
15 2 4 4109
15 2 5 7450
15 2 6 5282
15 2 7 4267
15 2 8 4025
15 2 9 5214
15 2 10 3227
15 2 11 4030
15 2 12 3729
15 2 13 7015
15 2 14 3012
15 2 15 0
15 2 16 5719
15 3 0 5570
15 3 1 6819
15 3 2 6863
15 3 3 0
15 3 4 5611
15 3 5 3856
15 3 6 6727
15 3 7 3927
15 3 8 5107
15 3 9 4346
15 3 10 4672
15 3 11 5523
15 3 12 7870
15 3 13 4164
15 3 14 6137
15 3 15 0
15 3 16 3615
15 4 0 6360
15 4 1 5324
15 4 2 6518
15 4 3 4723
15 4 4 0
15 4 5 6781
15 4 6 8171
15 4 7 5137
15 4 8 4773
15 4 9 8600
15 4 10 7319
15 4 11 7808
15 4 12 3812
15 4 13 5537
15 4 14 6375
15 4 15 0
15 4 16 5292
15 5 0 4946
15 5 1 5171
15 5 2 1694
15 5 3 4986
15 5 4 4728
15 5 5 0
15 5 6 1593
15 5 7 5007
15 5 8 3982
15 5 9 3623
15 5 10 2352
15 5 11 1976
15 5 12 1398
15 5 13 2523
15 5 14 3014
15 5 15 0
15 5 16 4499
15 6 0 6879
15 6 1 6559
15 6 2 2761
15 6 3 3315
15 6 4 6516
15 6 5 3950
15 6 6 0
15 6 7 4093
15 6 8 7487
15 6 9 5688
15 6 10 5781
15 6 11 4797
15 6 12 3573
15 6 13 5945
15 6 14 3874
15 6 15 0
15 6 16 7923
15 7 0 1979
15 7 1 5011
15 7 2 4057
15 7 3 3426
15 7 4 2661
15 7 5 1675
15 7 6 3437
15 7 7 0
15 7 8 2758
15 7 9 4102
15 7 10 4952
15 7 11 2091
15 7 12 5691
15 7 13 1260
15 7 14 3043
15 7 15 0
15 7 16 3277
15 8 0 6363
15 8 1 9845
15 8 2 9603
15 8 3 7641
15 8 4 5963
15 8 5 7188
15 8 6 8991
15 8 7 8267
15 8 8 0
15 8 9 7844
15 8 10 8942
15 8 11 6575
15 8 12 5386
15 8 13 7324
15 8 14 9607
15 8 15 0
15 8 16 4608
15 9 0 8013
15 9 1 5745
15 9 2 4319
15 9 3 7444
15 9 4 4064
15 9 5 4812
15 9 6 9015
15 9 7 4844
15 9 8 7136
15 9 9 0
15 9 10 8194
15 9 11 4154
15 9 12 4358
15 9 13 8350
15 9 14 6158
15 9 15 0
15 9 16 4903
15 10 0 7193
15 10 1 5625
15 10 2 3454
15 10 3 5429
15 10 4 6708
15 10 5 7582
15 10 6 4321
15 10 7 6512
15 10 8 4355
15 10 9 3355
15 10 10 0
15 10 11 3777
15 10 12 7505
15 10 13 7073
15 10 14 7043
15 10 15 0
15 10 16 9822
15 11 0 8195
15 11 1 8191
15 11 2 5357
15 11 3 7966
15 11 4 5718
15 11 5 3874
15 11 6 5949
15 11 7 5201
15 11 8 5488
15 11 9 4575
15 11 10 6189
15 11 11 0
15 11 12 5581
15 11 13 7152
15 11 14 5483
15 11 15 0
15 11 16 6190
15 12 0 3232
15 12 1 4715
15 12 2 4556
15 12 3 3289
15 12 4 408
15 12 5 2149
15 12 6 1343
15 12 7 1418
15 12 8 2794
15 12 9 4771
15 12 10 4360
15 12 11 2789
15 12 12 0
15 12 13 1484
15 12 14 2911
15 12 15 0
15 12 16 4962
15 13 0 6763
15 13 1 3436
15 13 2 2346
15 13 3 5396
15 13 4 6347
15 13 5 6064
15 13 6 6319
15 13 7 6604
15 13 8 5825
15 13 9 5779
15 13 10 3735
15 13 11 5896
15 13 12 3865
15 13 13 0
15 13 14 2706
15 13 15 0
15 13 16 2574
15 14 0 4764
15 14 1 6575
15 14 2 3854
15 14 3 5525
15 14 4 8209
15 14 5 3886
15 14 6 3943
15 14 7 4039
15 14 8 5013
15 14 9 4871
15 14 10 8366
15 14 11 4788
15 14 12 7952
15 14 13 8268
15 14 14 0
15 14 15 0
15 14 16 3110
15 15 0 0
15 15 1 0
15 15 2 0
15 15 3 0
15 15 4 0
15 15 5 0
15 15 6 0
15 15 7 0
15 15 8 0
15 15 9 0
15 15 10 0
15 15 11 0
15 15 12 0
15 15 13 0
15 15 14 0
15 15 15 0
15 15 16 0
15 16 0 1546
15 16 1 4414
15 16 2 2468
15 16 3 605
15 16 4 4606
15 16 5 2368
15 16 6 3975
15 16 7 3263
15 16 8 255
15 16 9 2141
15 16 10 5167
15 16 11 4911
15 16 12 2374
15 16 13 1491
15 16 14 3245
15 16 15 0
15 16 16 0
16 0 0 0
16 0 1 5483
16 0 2 5547
16 0 3 5388
16 0 4 4795
16 0 5 5792
16 0 6 6104
16 0 7 1785
16 0 8 2412
16 0 9 1949
16 0 10 5254
16 0 11 6137
16 0 12 4991
16 0 13 2387
16 0 14 1902
16 0 15 1847
16 0 16 0
16 1 0 6219
16 1 1 0
16 1 2 5566
16 1 3 6734
16 1 4 7336
16 1 5 6359
16 1 6 5505
16 1 7 5886
16 1 8 7021
16 1 9 8265
16 1 10 8836
16 1 11 7677
16 1 12 8080
16 1 13 6776
16 1 14 7482
16 1 15 7326
16 1 16 0
16 2 0 4893
16 2 1 3892
16 2 2 0
16 2 3 6426
16 2 4 3586
16 2 5 6927
16 2 6 4759
16 2 7 3744
16 2 8 3502
16 2 9 4691
16 2 10 2704
16 2 11 3507
16 2 12 3206
16 2 13 6492
16 2 14 2489
16 2 15 5719
16 2 16 0
16 3 0 2672
16 3 1 3921
16 3 2 3965
16 3 3 0
16 3 4 2713
16 3 5 958
16 3 6 3829
16 3 7 1029
16 3 8 2209
16 3 9 1448
16 3 10 1774
16 3 11 2625
16 3 12 4972
16 3 13 1266
16 3 14 3239
16 3 15 3615
16 3 16 0
16 4 0 7091
16 4 1 6055
16 4 2 7249
16 4 3 5454
16 4 4 0
16 4 5 7512
16 4 6 8902
16 4 7 5868
16 4 8 5504
16 4 9 9331
16 4 10 8050
16 4 11 8539
16 4 12 4543
16 4 13 6268
16 4 14 7106
16 4 15 5292
16 4 16 0
16 5 0 6395
16 5 1 6620
16 5 2 3143
16 5 3 6435
16 5 4 6177
16 5 5 0
16 5 6 3042
16 5 7 6456
16 5 8 5431
16 5 9 5072
16 5 10 3801
16 5 11 3425
16 5 12 2847
16 5 13 3972
16 5 14 4463
16 5 15 4499
16 5 16 0
16 6 0 8132
16 6 1 7812
16 6 2 4014
16 6 3 4568
16 6 4 7769
16 6 5 5203
16 6 6 0
16 6 7 5346
16 6 8 8740
16 6 9 6941
16 6 10 7034
16 6 11 6050
16 6 12 4826
16 6 13 7198
16 6 14 5127
16 6 15 7923
16 6 16 0
16 7 0 4343
16 7 1 7375
16 7 2 6421
16 7 3 5790
16 7 4 5025
16 7 5 4039
16 7 6 5801
16 7 7 0
16 7 8 5122
16 7 9 6466
16 7 10 7316
16 7 11 4455
16 7 12 8055
16 7 13 3624
16 7 14 5407
16 7 15 3277
16 7 16 0
16 8 0 1456
16 8 1 4938
16 8 2 4696
16 8 3 2734
16 8 4 1056
16 8 5 2281
16 8 6 4084
16 8 7 3360
16 8 8 0
16 8 9 2937
16 8 10 4035
16 8 11 1668
16 8 12 479
16 8 13 2417
16 8 14 4700
16 8 15 4608
16 8 16 0
16 9 0 5945
16 9 1 3677
16 9 2 2251
16 9 3 5376
16 9 4 1996
16 9 5 2744
16 9 6 6947
16 9 7 2776
16 9 8 5068
16 9 9 0
16 9 10 6126
16 9 11 2086
16 9 12 2290
16 9 13 6282
16 9 14 4090
16 9 15 4903
16 9 16 0
16 10 0 9338
16 10 1 7770
16 10 2 5599
16 10 3 7574
16 10 4 8853
16 10 5 9727
16 10 6 6466
16 10 7 8657
16 10 8 6500
16 10 9 5500
16 10 10 0
16 10 11 5922
16 10 12 9650
16 10 13 9218
16 10 14 9188
16 10 15 9822
16 10 16 0
16 11 0 9115
16 11 1 9111
16 11 2 6277
16 11 3 8886
16 11 4 6638
16 11 5 4794
16 11 6 6869
16 11 7 6121
16 11 8 6408
16 11 9 5495
16 11 10 7109
16 11 11 0
16 11 12 6501
16 11 13 8072
16 11 14 6403
16 11 15 6190
16 11 16 0
16 12 0 5303
16 12 1 6786
16 12 2 6627
16 12 3 5360
16 12 4 2479
16 12 5 4220
16 12 6 3414
16 12 7 3489
16 12 8 4865
16 12 9 6842
16 12 10 6431
16 12 11 4860
16 12 12 0
16 12 13 3555
16 12 14 4982
16 12 15 4962
16 12 16 0
16 13 0 6033
16 13 1 2706
16 13 2 1616
16 13 3 4666
16 13 4 5617
16 13 5 5334
16 13 6 5589
16 13 7 5874
16 13 8 5095
16 13 9 5049
16 13 10 3005
16 13 11 5166
16 13 12 3135
16 13 13 0
16 13 14 1976
16 13 15 2574
16 13 16 0
16 14 0 4086
16 14 1 5897
16 14 2 3176
16 14 3 4847
16 14 4 7531
16 14 5 3208
16 14 6 3265
16 14 7 3361
16 14 8 4335
16 14 9 4193
16 14 10 7688
16 14 11 4110
16 14 12 7274
16 14 13 7590
16 14 14 0
16 14 15 3110
16 14 16 0
16 15 0 2665
16 15 1 4679
16 15 2 4627
16 15 3 5139
16 15 4 5511
16 15 5 2555
16 15 6 4358
16 15 7 2535
16 15 8 6798
16 15 9 5845
16 15 10 4658
16 15 11 5627
16 15 12 1939
16 15 13 3857
16 15 14 5559
16 15 15 0
16 15 16 0
16 16 0 0
16 16 1 0
16 16 2 0
16 16 3 0
16 16 4 0
16 16 5 0
16 16 6 0
16 16 7 0
16 16 8 0
16 16 9 0
16 16 10 0
16 16 11 0
16 16 12 0
16 16 13 0
16 16 14 0
16 16 15 0
16 16 16 0
