15
0 0 0 0
0 0 1 0
0 0 2 0
0 0 3 0
0 0 4 0
0 0 5 0
0 0 6 0
0 0 7 0
0 0 8 0
0 0 9 0
0 0 10 0
0 0 11 0
0 0 12 0
0 0 13 0
0 0 14 0
0 1 0 0
0 1 1 0
0 1 2 1520
0 1 3 1266
0 1 4 1087
0 1 5 1574
0 1 6 1920
0 1 7 5748
0 1 8 2825
0 1 9 909
0 1 10 4697
0 1 11 1866
0 1 12 3226
0 1 13 5189
0 1 14 4241
0 2 0 0
0 2 1 7054
0 2 2 0
0 2 3 3896
0 2 4 5547
0 2 5 6209
0 2 6 5341
0 2 7 5564
0 2 8 7510
0 2 9 6962
0 2 10 5039
0 2 11 3886
0 2 12 5305
0 2 13 3235
0 2 14 4365
0 3 0 0
0 3 1 5471
0 3 2 4536
0 3 3 0
0 3 4 7135
0 3 5 7209
0 3 6 3177
0 3 7 6147
0 3 8 5992
0 3 9 3649
0 3 10 4615
0 3 11 3073
0 3 12 3516
0 3 13 5201
0 3 14 6858
0 4 0 0
0 4 1 7148
0 4 2 9705
0 4 3 7459
0 4 4 0
0 4 5 8525
0 4 6 5787
0 4 7 6807
0 4 8 5169
0 4 9 5521
0 4 10 6341
0 4 11 5875
0 4 12 6499
0 4 13 8564
0 4 14 8000
0 5 0 0
0 5 1 2281
0 5 2 3750
0 5 3 5076
0 5 4 3501
0 5 5 0
0 5 6 1515
0 5 7 4641
0 5 8 1817
0 5 9 5117
0 5 10 923
0 5 11 4589
0 5 12 3857
0 5 13 3655
0 5 14 4295
0 6 0 0
0 6 1 5865
0 6 2 3777
0 6 3 7105
0 6 4 5445
0 6 5 4544
0 6 6 0
0 6 7 4518
0 6 8 2364
0 6 9 5782
0 6 10 3328
0 6 11 3554
0 6 12 2547
0 6 13 3893
0 6 14 6533
0 7 0 0
0 7 1 4555
0 7 2 1387
0 7 3 5062
0 7 4 791
0 7 5 1311
0 7 6 4051
0 7 7 0
0 7 8 3791
0 7 9 1874
0 7 10 693
0 7 11 3235
0 7 12 4218
0 7 13 4997
0 7 14 1959
0 8 0 0
0 8 1 2486
0 8 2 970
0 8 3 1830
0 8 4 2010
0 8 5 3662
0 8 6 3673
0 8 7 5613
0 8 8 0
0 8 9 2060
0 8 10 1253
0 8 11 2124
0 8 12 2721
0 8 13 5346
0 8 14 3203
0 9 0 0
0 9 1 4084
0 9 2 5971
0 9 3 4583
0 9 4 4044
0 9 5 2738
0 9 6 1909
0 9 7 4987
0 9 8 3717
0 9 9 0
0 9 10 5634
0 9 11 1832
0 9 12 4455
0 9 13 2746
0 9 14 4156
0 10 0 0
0 10 1 5092
0 10 2 4801
0 10 3 694
0 10 4 2305
0 10 5 3160
0 10 6 4645
0 10 7 1450
0 10 8 1564
0 10 9 2703
0 10 10 0
0 10 11 3269
0 10 12 3570
0 10 13 1047
0 10 14 5165
0 11 0 0
0 11 1 4754
0 11 2 8274
0 11 3 6257
0 11 4 6213
0 11 5 5076
0 11 6 3461
0 11 7 3441
0 11 8 3986
0 11 9 4042
0 11 10 5104
0 11 11 0
0 11 12 6495
0 11 13 3560
0 11 14 6488
0 12 0 0
0 12 1 5399
0 12 2 6784
0 12 3 5890
0 12 4 8422
0 12 5 7243
0 12 6 4136
0 12 7 8752
0 12 8 5122
0 12 9 4765
0 12 10 7627
0 12 11 6679
0 12 12 0
0 12 13 5354
0 12 14 8622
0 13 0 0
0 13 1 3754
0 13 2 4350
0 13 3 6376
0 13 4 4361
0 13 5 6877
0 13 6 3677
0 13 7 6434
0 13 8 5475
0 13 9 7871
0 13 10 4963
0 13 11 4809
0 13 12 5768
0 13 13 0
0 13 14 7494
0 14 0 0
0 14 1 1097
0 14 2 2932
0 14 3 2975
0 14 4 2786
0 14 5 4450
0 14 6 1154
0 14 7 2115
0 14 8 2131
0 14 9 1928
0 14 10 1908
0 14 11 3803
0 14 12 4648
0 14 13 3824
0 14 14 0
1 0 0 0
1 0 1 0
1 0 2 7351
1 0 3 6545
1 0 4 9146
1 0 5 4467
1 0 6 6491
1 0 7 4698
1 0 8 5200
1 0 9 5459
1 0 10 4940
1 0 11 7651
1 0 12 8152
1 0 13 7409
1 0 14 4547
1 1 0 0
1 1 1 0
1 1 2 0
1 1 3 0
1 1 4 0
1 1 5 0
1 1 6 0
1 1 7 0
1 1 8 0
1 1 9 0
1 1 10 0
1 1 11 0
1 1 12 0
1 1 13 0
1 1 14 0
1 2 0 7054
1 2 1 0
1 2 2 0
1 2 3 1489
1 2 4 3140
1 2 5 3802
1 2 6 2934
1 2 7 3157
1 2 8 5103
1 2 9 4555
1 2 10 2632
1 2 11 1479
1 2 12 2898
1 2 13 828
1 2 14 1958
1 3 0 5471
1 3 1 0
1 3 2 2681
1 3 3 0
1 3 4 5280
1 3 5 5354
1 3 6 1322
1 3 7 4292
1 3 8 4137
1 3 9 1794
1 3 10 2760
1 3 11 1218
1 3 12 1661
1 3 13 3346
1 3 14 5003
1 4 0 7148
1 4 1 0
1 4 2 5070
1 4 3 2824
1 4 4 0
1 4 5 3890
1 4 6 1152
1 4 7 2172
1 4 8 534
1 4 9 886
1 4 10 1706
1 4 11 1240
1 4 12 1864
1 4 13 3929
1 4 14 3365
1 5 0 2281
1 5 1 0
1 5 2 4281
1 5 3 5607
1 5 4 4032
1 5 5 0
1 5 6 2046
1 5 7 5172
1 5 8 2348
1 5 9 5648
1 5 10 1454
1 5 11 5120
1 5 12 4388
1 5 13 4186
1 5 14 4826
1 6 0 5865
1 6 1 0
1 6 2 2630
1 6 3 5958
1 6 4 4298
1 6 5 3397
1 6 6 0
1 6 7 3371
1 6 8 1217
1 6 9 4635
1 6 10 2181
1 6 11 2407
1 6 12 1400
1 6 13 2746
1 6 14 5386
1 7 0 4555
1 7 1 0
1 7 2 5861
1 7 3 9536
1 7 4 5265
1 7 5 5785
1 7 6 8525
1 7 7 0
1 7 8 8265
1 7 9 6348
1 7 10 5167
1 7 11 7709
1 7 12 8692
1 7 13 9471
1 7 14 6433
1 8 0 2486
1 8 1 0
1 8 2 2019
1 8 3 2879
1 8 4 3059
1 8 5 4711
1 8 6 4722
1 8 7 6662
1 8 8 0
1 8 9 3109
1 8 10 2302
1 8 11 3173
1 8 12 3770
1 8 13 6395
1 8 14 4252
1 9 0 4084
1 9 1 0
1 9 2 4845
1 9 3 3457
1 9 4 2918
1 9 5 1612
1 9 6 783
1 9 7 3861
1 9 8 2591
1 9 9 0
1 9 10 4508
1 9 11 706
1 9 12 3329
1 9 13 1620
1 9 14 3030
1 10 0 5092
1 10 1 0
1 10 2 7982
1 10 3 3875
1 10 4 5486
1 10 5 6341
1 10 6 7826
1 10 7 4631
1 10 8 4745
1 10 9 5884
1 10 10 0
1 10 11 6450
1 10 12 6751
1 10 13 4228
1 10 14 8346
1 11 0 4754
1 11 1 0
1 11 2 5913
1 11 3 3896
1 11 4 3852
1 11 5 2715
1 11 6 1100
1 11 7 1080
1 11 8 1625
1 11 9 1681
1 11 10 2743
1 11 11 0
1 11 12 4134
1 11 13 1199
1 11 14 4127
1 12 0 5399
1 12 1 0
1 12 2 5282
1 12 3 4388
1 12 4 6920
1 12 5 5741
1 12 6 2634
1 12 7 7250
1 12 8 3620
1 12 9 3263
1 12 10 6125
1 12 11 5177
1 12 12 0
1 12 13 3852
1 12 14 7120
1 13 0 3754
1 13 1 0
1 13 2 5554
1 13 3 7580
1 13 4 5565
1 13 5 8081
1 13 6 4881
1 13 7 7638
1 13 8 6679
1 13 9 9075
1 13 10 6167
1 13 11 6013
1 13 12 6972
1 13 13 0
1 13 14 8698
1 14 0 1097
1 14 1 0
1 14 2 6050
1 14 3 6093
1 14 4 5904
1 14 5 7568
1 14 6 4272
1 14 7 5233
1 14 8 5249
1 14 9 5046
1 14 10 5026
1 14 11 6921
1 14 12 7766
1 14 13 6942
1 14 14 0
2 0 0 0
2 0 1 7351
2 0 2 0
2 0 3 2548
2 0 4 5149
2 0 5 470
2 0 6 2494
2 0 7 701
2 0 8 1203
2 0 9 1462
2 0 10 943
2 0 11 3654
2 0 12 4155
2 0 13 3412
2 0 14 550
2 1 0 1520
2 1 1 0
2 1 2 0
2 1 3 4393
2 1 4 4214
2 1 5 4701
2 1 6 5047
2 1 7 8875
2 1 8 5952
2 1 9 4036
2 1 10 7824
2 1 11 4993
2 1 12 6353
2 1 13 8316
2 1 14 7368
2 2 0 0
2 2 1 0
2 2 2 0
2 2 3 0
2 2 4 0
2 2 5 0
2 2 6 0
2 2 7 0
2 2 8 0
2 2 9 0
2 2 10 0
2 2 11 0
2 2 12 0
2 2 13 0
2 2 14 0
2 3 0 4536
2 3 1 2681
2 3 2 0
2 3 3 0
2 3 4 5663
2 3 5 5737
2 3 6 1705
2 3 7 4675
2 3 8 4520
2 3 9 2177
2 3 10 3143
2 3 11 1601
2 3 12 2044
2 3 13 3729
2 3 14 5386
2 4 0 9705
2 4 1 5070
2 4 2 0
2 4 3 5037
2 4 4 0
2 4 5 6103
2 4 6 3365
2 4 7 4385
2 4 8 2747
2 4 9 3099
2 4 10 3919
2 4 11 3453
2 4 12 4077
2 4 13 6142
2 4 14 5578
2 5 0 3750
2 5 1 4281
2 5 2 0
2 5 3 7995
2 5 4 6420
2 5 5 0
2 5 6 4434
2 5 7 7560
2 5 8 4736
2 5 9 8036
2 5 10 3842
2 5 11 7508
2 5 12 6776
2 5 13 6574
2 5 14 7214
2 6 0 3777
2 6 1 2630
2 6 2 0
2 6 3 7132
2 6 4 5472
2 6 5 4571
2 6 6 0
2 6 7 4545
2 6 8 2391
2 6 9 5809
2 6 10 3355
2 6 11 3581
2 6 12 2574
2 6 13 3920
2 6 14 6560
2 7 0 1387
2 7 1 5861
2 7 2 0
2 7 3 7105
2 7 4 2834
2 7 5 3354
2 7 6 6094
2 7 7 0
2 7 8 5834
2 7 9 3917
2 7 10 2736
2 7 11 5278
2 7 12 6261
2 7 13 7040
2 7 14 4002
2 8 0 970
2 8 1 2019
2 8 2 0
2 8 3 5317
2 8 4 5497
2 8 5 7149
2 8 6 7160
2 8 7 9100
2 8 8 0
2 8 9 5547
2 8 10 4740
2 8 11 5611
2 8 12 6208
2 8 13 8833
2 8 14 6690
2 9 0 5971
2 9 1 4845
2 9 2 0
2 9 3 7263
2 9 4 6724
2 9 5 5418
2 9 6 4589
2 9 7 7667
2 9 8 6397
2 9 9 0
2 9 10 8314
2 9 11 4512
2 9 12 7135
2 9 13 5426
2 9 14 6836
2 10 0 4801
2 10 1 7982
2 10 2 0
2 10 3 1970
2 10 4 3581
2 10 5 4436
2 10 6 5921
2 10 7 2726
2 10 8 2840
2 10 9 3979
2 10 10 0
2 10 11 4545
2 10 12 4846
2 10 13 2323
2 10 14 6441
2 11 0 8274
2 11 1 5913
2 11 2 0
2 11 3 3669
2 11 4 3625
2 11 5 2488
2 11 6 873
2 11 7 853
2 11 8 1398
2 11 9 1454
2 11 10 2516
2 11 11 0
2 11 12 3907
2 11 13 972
2 11 14 3900
2 12 0 6784
2 12 1 5282
2 12 2 0
2 12 3 4220
2 12 4 6752
2 12 5 5573
2 12 6 2466
2 12 7 7082
2 12 8 3452
2 12 9 3095
2 12 10 5957
2 12 11 5009
2 12 12 0
2 12 13 3684
2 12 14 6952
2 13 0 4350
2 13 1 5554
2 13 2 0
2 13 3 3379
2 13 4 1364
2 13 5 3880
2 13 6 680
2 13 7 3437
2 13 8 2478
2 13 9 4874
2 13 10 1966
2 13 11 1812
2 13 12 2771
2 13 13 0
2 13 14 4497
2 14 0 2932
2 14 1 6050
2 14 2 0
2 14 3 3970
2 14 4 3781
2 14 5 5445
2 14 6 2149
2 14 7 3110
2 14 8 3126
2 14 9 2923
2 14 10 2903
2 14 11 4798
2 14 12 5643
2 14 13 4819
2 14 14 0
3 0 0 0
3 0 1 6545
3 0 2 2548
3 0 3 0
3 0 4 9252
3 0 5 4573
3 0 6 6597
3 0 7 4804
3 0 8 5306
3 0 9 5565
3 0 10 5046
3 0 11 7757
3 0 12 8258
3 0 13 7515
3 0 14 4653
3 1 0 1266
3 1 1 0
3 1 2 4393
3 1 3 0
3 1 4 3437
3 1 5 3924
3 1 6 4270
3 1 7 8098
3 1 8 5175
3 1 9 3259
3 1 10 7047
3 1 11 4216
3 1 12 5576
3 1 13 7539
3 1 14 6591
3 2 0 3896
3 2 1 1489
3 2 2 0
3 2 3 0
3 2 4 4715
3 2 5 5377
3 2 6 4509
3 2 7 4732
3 2 8 6678
3 2 9 6130
3 2 10 4207
3 2 11 3054
3 2 12 4473
3 2 13 2403
3 2 14 3533
3 3 0 0
3 3 1 0
3 3 2 0
3 3 3 0
3 3 4 0
3 3 5 0
3 3 6 0
3 3 7 0
3 3 8 0
3 3 9 0
3 3 10 0
3 3 11 0
3 3 12 0
3 3 13 0
3 3 14 0
3 4 0 7459
3 4 1 2824
3 4 2 5037
3 4 3 0
3 4 4 0
3 4 5 8497
3 4 6 5759
3 4 7 6779
3 4 8 5141
3 4 9 5493
3 4 10 6313
3 4 11 5847
3 4 12 6471
3 4 13 8536
3 4 14 7972
3 5 0 5076
3 5 1 5607
3 5 2 7995
3 5 3 0
3 5 4 8226
3 5 5 0
3 5 6 6240
3 5 7 9366
3 5 8 6542
3 5 9 9842
3 5 10 5648
3 5 11 9314
3 5 12 8582
3 5 13 8380
3 5 14 9020
3 6 0 7105
3 6 1 5958
3 6 2 7132
3 6 3 0
3 6 4 4114
3 6 5 3213
3 6 6 0
3 6 7 3187
3 6 8 1033
3 6 9 4451
3 6 10 1997
3 6 11 2223
3 6 12 1216
3 6 13 2562
3 6 14 5202
3 7 0 5062
3 7 1 9536
3 7 2 7105
3 7 3 0
3 7 4 4223
3 7 5 4743
3 7 6 7483
3 7 7 0
3 7 8 7223
3 7 9 5306
3 7 10 4125
3 7 11 6667
3 7 12 7650
3 7 13 8429
3 7 14 5391
3 8 0 1830
3 8 1 2879
3 8 2 5317
3 8 3 0
3 8 4 4785
3 8 5 6437
3 8 6 6448
3 8 7 8388
3 8 8 0
3 8 9 4835
3 8 10 4028
3 8 11 4899
3 8 12 5496
3 8 13 8121
3 8 14 5978
3 9 0 4583
3 9 1 3457
3 9 2 7263
3 9 3 0
3 9 4 4217
3 9 5 2911
3 9 6 2082
3 9 7 5160
3 9 8 3890
3 9 9 0
3 9 10 5807
3 9 11 2005
3 9 12 4628
3 9 13 2919
3 9 14 4329
3 10 0 694
3 10 1 3875
3 10 2 1970
3 10 3 0
3 10 4 3963
3 10 5 4818
3 10 6 6303
3 10 7 3108
3 10 8 3222
3 10 9 4361
3 10 10 0
3 10 11 4927
3 10 12 5228
3 10 13 2705
3 10 14 6823
3 11 0 6257
3 11 1 3896
3 11 2 3669
3 11 3 0
3 11 4 3618
3 11 5 2481
3 11 6 866
3 11 7 846
3 11 8 1391
3 11 9 1447
3 11 10 2509
3 11 11 0
3 11 12 3900
3 11 13 965
3 11 14 3893
3 12 0 5890
3 12 1 4388
3 12 2 4220
3 12 3 0
3 12 4 5769
3 12 5 4590
3 12 6 1483
3 12 7 6099
3 12 8 2469
3 12 9 2112
3 12 10 4974
3 12 11 4026
3 12 12 0
3 12 13 2701
3 12 14 5969
3 13 0 6376
3 13 1 7580
3 13 2 3379
3 13 3 0
3 13 4 4136
3 13 5 6652
3 13 6 3452
3 13 7 6209
3 13 8 5250
3 13 9 7646
3 13 10 4738
3 13 11 4584
3 13 12 5543
3 13 13 0
3 13 14 7269
3 14 0 2975
3 14 1 6093
3 14 2 3970
3 14 3 0
3 14 4 7080
3 14 5 8744
3 14 6 5448
3 14 7 6409
3 14 8 6425
3 14 9 6222
3 14 10 6202
3 14 11 8097
3 14 12 8942
3 14 13 8118
3 14 14 0
4 0 0 0
4 0 1 9146
4 0 2 5149
4 0 3 9252
4 0 4 0
4 0 5 2719
4 0 6 4743
4 0 7 2950
4 0 8 3452
4 0 9 3711
4 0 10 3192
4 0 11 5903
4 0 12 6404
4 0 13 5661
4 0 14 2799
4 1 0 1087
4 1 1 0
4 1 2 4214
4 1 3 3437
4 1 4 0
4 1 5 3000
4 1 6 3346
4 1 7 7174
4 1 8 4251
4 1 9 2335
4 1 10 6123
4 1 11 3292
4 1 12 4652
4 1 13 6615
4 1 14 5667
4 2 0 5547
4 2 1 3140
4 2 2 0
4 2 3 4715
4 2 4 0
4 2 5 7945
4 2 6 7077
4 2 7 7300
4 2 8 9246
4 2 9 8698
4 2 10 6775
4 2 11 5622
4 2 12 7041
4 2 13 4971
4 2 14 6101
4 3 0 7135
4 3 1 5280
4 3 2 5663
4 3 3 0
4 3 4 0
4 3 5 7505
4 3 6 3473
4 3 7 6443
4 3 8 6288
4 3 9 3945
4 3 10 4911
4 3 11 3369
4 3 12 3812
4 3 13 5497
4 3 14 7154
4 4 0 0
4 4 1 0
4 4 2 0
4 4 3 0
4 4 4 0
4 4 5 0
4 4 6 0
4 4 7 0
4 4 8 0
4 4 9 0
4 4 10 0
4 4 11 0
4 4 12 0
4 4 13 0
4 4 14 0
4 5 0 3501
4 5 1 4032
4 5 2 6420
4 5 3 8226
4 5 4 0
4 5 5 0
4 5 6 4955
4 5 7 8081
4 5 8 5257
4 5 9 8557
4 5 10 4363
4 5 11 8029
4 5 12 7297
4 5 13 7095
4 5 14 7735
4 6 0 5445
4 6 1 4298
4 6 2 5472
4 6 3 4114
4 6 4 0
4 6 5 3222
4 6 6 0
4 6 7 3196
4 6 8 1042
4 6 9 4460
4 6 10 2006
4 6 11 2232
4 6 12 1225
4 6 13 2571
4 6 14 5211
4 7 0 791
4 7 1 5265
4 7 2 2834
4 7 3 4223
4 7 4 0
4 7 5 2802
4 7 6 5542
4 7 7 0
4 7 8 5282
4 7 9 3365
4 7 10 2184
4 7 11 4726
4 7 12 5709
4 7 13 6488
4 7 14 3450
4 8 0 2010
4 8 1 3059
4 8 2 5497
4 8 3 4785
4 8 4 0
4 8 5 3013
4 8 6 3024
4 8 7 4964
4 8 8 0
4 8 9 1411
4 8 10 604
4 8 11 1475
4 8 12 2072
4 8 13 4697
4 8 14 2554
4 9 0 4044
4 9 1 2918
4 9 2 6724
4 9 3 4217
4 9 4 0
4 9 5 2182
4 9 6 1353
4 9 7 4431
4 9 8 3161
4 9 9 0
4 9 10 5078
4 9 11 1276
4 9 12 3899
4 9 13 2190
4 9 14 3600
4 10 0 2305
4 10 1 5486
4 10 2 3581
4 10 3 3963
4 10 4 0
4 10 5 3943
4 10 6 5428
4 10 7 2233
4 10 8 2347
4 10 9 3486
4 10 10 0
4 10 11 4052
4 10 12 4353
4 10 13 1830
4 10 14 5948
4 11 0 6213
4 11 1 3852
4 11 2 3625
4 11 3 3618
4 11 4 0
4 11 5 2682
4 11 6 1067
4 11 7 1047
4 11 8 1592
4 11 9 1648
4 11 10 2710
4 11 11 0
4 11 12 4101
4 11 13 1166
4 11 14 4094
4 12 0 8422
4 12 1 6920
4 12 2 6752
4 12 3 5769
4 12 4 0
4 12 5 4972
4 12 6 1865
4 12 7 6481
4 12 8 2851
4 12 9 2494
4 12 10 5356
4 12 11 4408
4 12 12 0
4 12 13 3083
4 12 14 6351
4 13 0 4361
4 13 1 5565
4 13 2 1364
4 13 3 4136
4 13 4 0
4 13 5 7414
4 13 6 4214
4 13 7 6971
4 13 8 6012
4 13 9 8408
4 13 10 5500
4 13 11 5346
4 13 12 6305
4 13 13 0
4 13 14 8031
4 14 0 2786
4 14 1 5904
4 14 2 3781
4 14 3 7080
4 14 4 0
4 14 5 7285
4 14 6 3989
4 14 7 4950
4 14 8 4966
4 14 9 4763
4 14 10 4743
4 14 11 6638
4 14 12 7483
4 14 13 6659
4 14 14 0
5 0 0 0
5 0 1 4467
5 0 2 470
5 0 3 4573
5 0 4 2719
5 0 5 0
5 0 6 4945
5 0 7 3152
5 0 8 3654
5 0 9 3913
5 0 10 3394
5 0 11 6105
5 0 12 6606
5 0 13 5863
5 0 14 3001
5 1 0 1574
5 1 1 0
5 1 2 4701
5 1 3 3924
5 1 4 3000
5 1 5 0
5 1 6 3158
5 1 7 6986
5 1 8 4063
5 1 9 2147
5 1 10 5935
5 1 11 3104
5 1 12 4464
5 1 13 6427
5 1 14 5479
5 2 0 6209
5 2 1 3802
5 2 2 0
5 2 3 5377
5 2 4 7945
5 2 5 0
5 2 6 5801
5 2 7 6024
5 2 8 7970
5 2 9 7422
5 2 10 5499
5 2 11 4346
5 2 12 5765
5 2 13 3695
5 2 14 4825
5 3 0 7209
5 3 1 5354
5 3 2 5737
5 3 3 0
5 3 4 7505
5 3 5 0
5 3 6 5769
5 3 7 8739
5 3 8 8584
5 3 9 6241
5 3 10 7207
5 3 11 5665
5 3 12 6108
5 3 13 7793
5 3 14 9450
5 4 0 8525
5 4 1 3890
5 4 2 6103
5 4 3 8497
5 4 4 0
5 4 5 0
5 4 6 4203
5 4 7 5223
5 4 8 3585
5 4 9 3937
5 4 10 4757
5 4 11 4291
5 4 12 4915
5 4 13 6980
5 4 14 6416
5 5 0 0
5 5 1 0
5 5 2 0
5 5 3 0
5 5 4 0
5 5 5 0
5 5 6 0
5 5 7 0
5 5 8 0
5 5 9 0
5 5 10 0
5 5 11 0
5 5 12 0
5 5 13 0
5 5 14 0
5 6 0 4544
5 6 1 3397
5 6 2 4571
5 6 3 3213
5 6 4 3222
5 6 5 0
5 6 6 0
5 6 7 3603
5 6 8 1449
5 6 9 4867
5 6 10 2413
5 6 11 2639
5 6 12 1632
5 6 13 2978
5 6 14 5618
5 7 0 1311
5 7 1 5785
5 7 2 3354
5 7 3 4743
5 7 4 2802
5 7 5 0
5 7 6 8055
5 7 7 0
5 7 8 7795
5 7 9 5878
5 7 10 4697
5 7 11 7239
5 7 12 8222
5 7 13 9001
5 7 14 5963
5 8 0 3662
5 8 1 4711
5 8 2 7149
5 8 3 6437
5 8 4 3013
5 8 5 0
5 8 6 4351
5 8 7 6291
5 8 8 0
5 8 9 2738
5 8 10 1931
5 8 11 2802
5 8 12 3399
5 8 13 6024
5 8 14 3881
5 9 0 2738
5 9 1 1612
5 9 2 5418
5 9 3 2911
5 9 4 2182
5 9 5 0
5 9 6 5628
5 9 7 8706
5 9 8 7436
5 9 9 0
5 9 10 9353
5 9 11 5551
5 9 12 8174
5 9 13 6465
5 9 14 7875
5 10 0 3160
5 10 1 6341
5 10 2 4436
5 10 3 4818
5 10 4 3943
5 10 5 0
5 10 6 4689
5 10 7 1494
5 10 8 1608
5 10 9 2747
5 10 10 0
5 10 11 3313
5 10 12 3614
5 10 13 1091
5 10 14 5209
5 11 0 5076
5 11 1 2715
5 11 2 2488
5 11 3 2481
5 11 4 2682
5 11 5 0
5 11 6 4460
5 11 7 4440
5 11 8 4985
5 11 9 5041
5 11 10 6103
5 11 11 0
5 11 12 7494
5 11 13 4559
5 11 14 7487
5 12 0 7243
5 12 1 5741
5 12 2 5573
5 12 3 4590
5 12 4 4972
5 12 5 0
5 12 6 3902
5 12 7 8518
5 12 8 4888
5 12 9 4531
5 12 10 7393
5 12 11 6445
5 12 12 0
5 12 13 5120
5 12 14 8388
5 13 0 6877
5 13 1 8081
5 13 2 3880
5 13 3 6652
5 13 4 7414
5 13 5 0
5 13 6 3984
5 13 7 6741
5 13 8 5782
5 13 9 8178
5 13 10 5270
5 13 11 5116
5 13 12 6075
5 13 13 0
5 13 14 7801
5 14 0 4450
5 14 1 7568
5 14 2 5445
5 14 3 8744
5 14 4 7285
5 14 5 0
5 14 6 4963
5 14 7 5924
5 14 8 5940
5 14 9 5737
5 14 10 5717
5 14 11 7612
5 14 12 8457
5 14 13 7633
5 14 14 0
6 0 0 0
6 0 1 6491
6 0 2 2494
6 0 3 6597
6 0 4 4743
6 0 5 4945
6 0 6 0
6 0 7 868
6 0 8 1370
6 0 9 1629
6 0 10 1110
6 0 11 3821
6 0 12 4322
6 0 13 3579
6 0 14 717
6 1 0 1920
6 1 1 0
6 1 2 5047
6 1 3 4270
6 1 4 3346
6 1 5 3158
6 1 6 0
6 1 7 8546
6 1 8 5623
6 1 9 3707
6 1 10 7495
6 1 11 4664
6 1 12 6024
6 1 13 7987
6 1 14 7039
6 2 0 5341
6 2 1 2934
6 2 2 0
6 2 3 4509
6 2 4 7077
6 2 5 5801
6 2 6 0
6 2 7 4027
6 2 8 5973
6 2 9 5425
6 2 10 3502
6 2 11 2349
6 2 12 3768
6 2 13 1698
6 2 14 2828
6 3 0 3177
6 3 1 1322
6 3 2 1705
6 3 3 0
6 3 4 3473
6 3 5 5769
6 3 6 0
6 3 7 8744
6 3 8 8589
6 3 9 6246
6 3 10 7212
6 3 11 5670
6 3 12 6113
6 3 13 7798
6 3 14 9455
6 4 0 5787
6 4 1 1152
6 4 2 3365
6 4 3 5759
6 4 4 0
6 4 5 4203
6 4 6 0
6 4 7 5143
6 4 8 3505
6 4 9 3857
6 4 10 4677
6 4 11 4211
6 4 12 4835
6 4 13 6900
6 4 14 6336
6 5 0 1515
6 5 1 2046
6 5 2 4434
6 5 3 6240
6 5 4 4955
6 5 5 0
6 5 6 0
6 5 7 6755
6 5 8 3931
6 5 9 7231
6 5 10 3037
6 5 11 6703
6 5 12 5971
6 5 13 5769
6 5 14 6409
6 6 0 0
6 6 1 0
6 6 2 0
6 6 3 0
6 6 4 0
6 6 5 0
6 6 6 0
6 6 7 0
6 6 8 0
6 6 9 0
6 6 10 0
6 6 11 0
6 6 12 0
6 6 13 0
6 6 14 0
6 7 0 4051
6 7 1 8525
6 7 2 6094
6 7 3 7483
6 7 4 5542
6 7 5 8055
6 7 6 0
6 7 7 0
6 7 8 5648
6 7 9 3731
6 7 10 2550
6 7 11 5092
6 7 12 6075
6 7 13 6854
6 7 14 3816
6 8 0 3673
6 8 1 4722
6 8 2 7160
6 8 3 6448
6 8 4 3024
6 8 5 4351
6 8 6 0
6 8 7 4814
6 8 8 0
6 8 9 1261
6 8 10 454
6 8 11 1325
6 8 12 1922
6 8 13 4547
6 8 14 2404
6 9 0 1909
6 9 1 783
6 9 2 4589
6 9 3 2082
6 9 4 1353
6 9 5 5628
6 9 6 0
6 9 7 7347
6 9 8 6077
6 9 9 0
6 9 10 7994
6 9 11 4192
6 9 12 6815
6 9 13 5106
6 9 14 6516
6 10 0 4645
6 10 1 7826
6 10 2 5921
6 10 3 6303
6 10 4 5428
6 10 5 4689
6 10 6 0
6 10 7 1875
6 10 8 1989
6 10 9 3128
6 10 10 0
6 10 11 3694
6 10 12 3995
6 10 13 1472
6 10 14 5590
6 11 0 3461
6 11 1 1100
6 11 2 873
6 11 3 866
6 11 4 1067
6 11 5 4460
6 11 6 0
6 11 7 1381
6 11 8 1926
6 11 9 1982
6 11 10 3044
6 11 11 0
6 11 12 4435
6 11 13 1500
6 11 14 4428
6 12 0 4136
6 12 1 2634
6 12 2 2466
6 12 3 1483
6 12 4 1865
6 12 5 3902
6 12 6 0
6 12 7 5184
6 12 8 1554
6 12 9 1197
6 12 10 4059
6 12 11 3111
6 12 12 0
6 12 13 1786
6 12 14 5054
6 13 0 3677
6 13 1 4881
6 13 2 680
6 13 3 3452
6 13 4 4214
6 13 5 3984
6 13 6 0
6 13 7 4955
6 13 8 3996
6 13 9 6392
6 13 10 3484
6 13 11 3330
6 13 12 4289
6 13 13 0
6 13 14 6015
6 14 0 1154
6 14 1 4272
6 14 2 2149
6 14 3 5448
6 14 4 3989
6 14 5 4963
6 14 6 0
6 14 7 6138
6 14 8 6154
6 14 9 5951
6 14 10 5931
6 14 11 7826
6 14 12 8671
6 14 13 7847
6 14 14 0
7 0 0 0
7 0 1 4698
7 0 2 701
7 0 3 4804
7 0 4 2950
7 0 5 3152
7 0 6 868
7 0 7 0
7 0 8 4534
7 0 9 4793
7 0 10 4274
7 0 11 6985
7 0 12 7486
7 0 13 6743
7 0 14 3881
7 1 0 5748
7 1 1 0
7 1 2 8875
7 1 3 8098
7 1 4 7174
7 1 5 6986
7 1 6 8546
7 1 7 0
7 1 8 6106
7 1 9 4190
7 1 10 7978
7 1 11 5147
7 1 12 6507
7 1 13 8470
7 1 14 7522
7 2 0 5564
7 2 1 3157
7 2 2 0
7 2 3 4732
7 2 4 7300
7 2 5 6024
7 2 6 4027
7 2 7 0
7 2 8 5376
7 2 9 4828
7 2 10 2905
7 2 11 1752
7 2 12 3171
7 2 13 1101
7 2 14 2231
7 3 0 6147
7 3 1 4292
7 3 2 4675
7 3 3 0
7 3 4 6443
7 3 5 8739
7 3 6 8744
7 3 7 0
7 3 8 8339
7 3 9 5996
7 3 10 6962
7 3 11 5420
7 3 12 5863
7 3 13 7548
7 3 14 9205
7 4 0 6807
7 4 1 2172
7 4 2 4385
7 4 3 6779
7 4 4 0
7 4 5 5223
7 4 6 5143
7 4 7 0
7 4 8 644
7 4 9 996
7 4 10 1816
7 4 11 1350
7 4 12 1974
7 4 13 4039
7 4 14 3475
7 5 0 4641
7 5 1 5172
7 5 2 7560
7 5 3 9366
7 5 4 8081
7 5 5 0
7 5 6 6755
7 5 7 0
7 5 8 2491
7 5 9 5791
7 5 10 1597
7 5 11 5263
7 5 12 4531
7 5 13 4329
7 5 14 4969
7 6 0 4518
7 6 1 3371
7 6 2 4545
7 6 3 3187
7 6 4 3196
7 6 5 3603
7 6 6 0
7 6 7 0
7 6 8 3754
7 6 9 7172
7 6 10 4718
7 6 11 4944
7 6 12 3937
7 6 13 5283
7 6 14 7923
7 7 0 0
7 7 1 0
7 7 2 0
7 7 3 0
7 7 4 0
7 7 5 0
7 7 6 0
7 7 7 0
7 7 8 0
7 7 9 0
7 7 10 0
7 7 11 0
7 7 12 0
7 7 13 0
7 7 14 0
7 8 0 5613
7 8 1 6662
7 8 2 9100
7 8 3 8388
7 8 4 4964
7 8 5 6291
7 8 6 4814
7 8 7 0
7 8 8 0
7 8 9 4481
7 8 10 3674
7 8 11 4545
7 8 12 5142
7 8 13 7767
7 8 14 5624
7 9 0 4987
7 9 1 3861
7 9 2 7667
7 9 3 5160
7 9 4 4431
7 9 5 8706
7 9 6 7347
7 9 7 0
7 9 8 3962
7 9 9 0
7 9 10 5879
7 9 11 2077
7 9 12 4700
7 9 13 2991
7 9 14 4401
7 10 0 1450
7 10 1 4631
7 10 2 2726
7 10 3 3108
7 10 4 2233
7 10 5 1494
7 10 6 1875
7 10 7 0
7 10 8 1147
7 10 9 2286
7 10 10 0
7 10 11 2852
7 10 12 3153
7 10 13 630
7 10 14 4748
7 11 0 3441
7 11 1 1080
7 11 2 853
7 11 3 846
7 11 4 1047
7 11 5 4440
7 11 6 1381
7 11 7 0
7 11 8 3400
7 11 9 3456
7 11 10 4518
7 11 11 0
7 11 12 5909
7 11 13 2974
7 11 14 5902
7 12 0 8752
7 12 1 7250
7 12 2 7082
7 12 3 6099
7 12 4 6481
7 12 5 8518
7 12 6 5184
7 12 7 0
7 12 8 5018
7 12 9 4661
7 12 10 7523
7 12 11 6575
7 12 12 0
7 12 13 5250
7 12 14 8518
7 13 0 6434
7 13 1 7638
7 13 2 3437
7 13 3 6209
7 13 4 6971
7 13 5 6741
7 13 6 4955
7 13 7 0
7 13 8 6893
7 13 9 9289
7 13 10 6381
7 13 11 6227
7 13 12 7186
7 13 13 0
7 13 14 8912
7 14 0 2115
7 14 1 5233
7 14 2 3110
7 14 3 6409
7 14 4 4950
7 14 5 5924
7 14 6 6138
7 14 7 0
7 14 8 3373
7 14 9 3170
7 14 10 3150
7 14 11 5045
7 14 12 5890
7 14 13 5066
7 14 14 0
8 0 0 0
8 0 1 5200
8 0 2 1203
8 0 3 5306
8 0 4 3452
8 0 5 3654
8 0 6 1370
8 0 7 4534
8 0 8 0
8 0 9 5626
8 0 10 5107
8 0 11 7818
8 0 12 8319
8 0 13 7576
8 0 14 4714
8 1 0 2825
8 1 1 0
8 1 2 5952
8 1 3 5175
8 1 4 4251
8 1 5 4063
8 1 6 5623
8 1 7 6106
8 1 8 0
8 1 9 1619
8 1 10 5407
8 1 11 2576
8 1 12 3936
8 1 13 5899
8 1 14 4951
8 2 0 7510
8 2 1 5103
8 2 2 0
8 2 3 6678
8 2 4 9246
8 2 5 7970
8 2 6 5973
8 2 7 5376
8 2 8 0
8 2 9 3909
8 2 10 1986
8 2 11 833
8 2 12 2252
8 2 13 182
8 2 14 1312
8 3 0 5992
8 3 1 4137
8 3 2 4520
8 3 3 0
8 3 4 6288
8 3 5 8584
8 3 6 8589
8 3 7 8339
8 3 8 0
8 3 9 2262
8 3 10 3228
8 3 11 1686
8 3 12 2129
8 3 13 3814
8 3 14 5471
8 4 0 5169
8 4 1 534
8 4 2 2747
8 4 3 5141
8 4 4 0
8 4 5 3585
8 4 6 3505
8 4 7 644
8 4 8 0
8 4 9 1713
8 4 10 2533
8 4 11 2067
8 4 12 2691
8 4 13 4756
8 4 14 4192
8 5 0 1817
8 5 1 2348
8 5 2 4736
8 5 3 6542
8 5 4 5257
8 5 5 0
8 5 6 3931
8 5 7 2491
8 5 8 0
8 5 9 7640
8 5 10 3446
8 5 11 7112
8 5 12 6380
8 5 13 6178
8 5 14 6818
8 6 0 2364
8 6 1 1217
8 6 2 2391
8 6 3 1033
8 6 4 1042
8 6 5 1449
8 6 6 0
8 6 7 3754
8 6 8 0
8 6 9 6292
8 6 10 3838
8 6 11 4064
8 6 12 3057
8 6 13 4403
8 6 14 7043
8 7 0 3791
8 7 1 8265
8 7 2 5834
8 7 3 7223
8 7 4 5282
8 7 5 7795
8 7 6 5648
8 7 7 0
8 7 8 0
8 7 9 6117
8 7 10 4936
8 7 11 7478
8 7 12 8461
8 7 13 9240
8 7 14 6202
8 8 0 0
8 8 1 0
8 8 2 0
8 8 3 0
8 8 4 0
8 8 5 0
8 8 6 0
8 8 7 0
8 8 8 0
8 8 9 0
8 8 10 0
8 8 11 0
8 8 12 0
8 8 13 0
8 8 14 0
8 9 0 3717
8 9 1 2591
8 9 2 6397
8 9 3 3890
8 9 4 3161
8 9 5 7436
8 9 6 6077
8 9 7 3962
8 9 8 0
8 9 9 0
8 9 10 5563
8 9 11 1761
8 9 12 4384
8 9 13 2675
8 9 14 4085
8 10 0 1564
8 10 1 4745
8 10 2 2840
8 10 3 3222
8 10 4 2347
8 10 5 1608
8 10 6 1989
8 10 7 1147
8 10 8 0
8 10 9 2344
8 10 10 0
8 10 11 2910
8 10 12 3211
8 10 13 688
8 10 14 4806
8 11 0 3986
8 11 1 1625
8 11 2 1398
8 11 3 1391
8 11 4 1592
8 11 5 4985
8 11 6 1926
8 11 7 3400
8 11 8 0
8 11 9 1843
8 11 10 2905
8 11 11 0
8 11 12 4296
8 11 13 1361
8 11 14 4289
8 12 0 5122
8 12 1 3620
8 12 2 3452
8 12 3 2469
8 12 4 2851
8 12 5 4888
8 12 6 1554
8 12 7 5018
8 12 8 0
8 12 9 2662
8 12 10 5524
8 12 11 4576
8 12 12 0
8 12 13 3251
8 12 14 6519
8 13 0 5475
8 13 1 6679
8 13 2 2478
8 13 3 5250
8 13 4 6012
8 13 5 5782
8 13 6 3996
8 13 7 6893
8 13 8 0
8 13 9 9136
8 13 10 6228
8 13 11 6074
8 13 12 7033
8 13 13 0
8 13 14 8759
8 14 0 2131
8 14 1 5249
8 14 2 3126
8 14 3 6425
8 14 4 4966
8 14 5 5940
8 14 6 6154
8 14 7 3373
8 14 8 0
8 14 9 3912
8 14 10 3892
8 14 11 5787
8 14 12 6632
8 14 13 5808
8 14 14 0
9 0 0 0
9 0 1 5459
9 0 2 1462
9 0 3 5565
9 0 4 3711
9 0 5 3913
9 0 6 1629
9 0 7 4793
9 0 8 5626
9 0 9 0
9 0 10 5663
9 0 11 8374
9 0 12 8875
9 0 13 8132
9 0 14 5270
9 1 0 909
9 1 1 0
9 1 2 4036
9 1 3 3259
9 1 4 2335
9 1 5 2147
9 1 6 3707
9 1 7 4190
9 1 8 1619
9 1 9 0
9 1 10 6746
9 1 11 3915
9 1 12 5275
9 1 13 7238
9 1 14 6290
9 2 0 6962
9 2 1 4555
9 2 2 0
9 2 3 6130
9 2 4 8698
9 2 5 7422
9 2 6 5425
9 2 7 4828
9 2 8 3909
9 2 9 0
9 2 10 6728
9 2 11 5575
9 2 12 6994
9 2 13 4924
9 2 14 6054
9 3 0 3649
9 3 1 1794
9 3 2 2177
9 3 3 0
9 3 4 3945
9 3 5 6241
9 3 6 6246
9 3 7 5996
9 3 8 2262
9 3 9 0
9 3 10 5722
9 3 11 4180
9 3 12 4623
9 3 13 6308
9 3 14 7965
9 4 0 5521
9 4 1 886
9 4 2 3099
9 4 3 5493
9 4 4 0
9 4 5 3937
9 4 6 3857
9 4 7 996
9 4 8 1713
9 4 9 0
9 4 10 4308
9 4 11 3842
9 4 12 4466
9 4 13 6531
9 4 14 5967
9 5 0 5117
9 5 1 5648
9 5 2 8036
9 5 3 9842
9 5 4 8557
9 5 5 0
9 5 6 7231
9 5 7 5791
9 5 8 7640
9 5 9 0
9 5 10 2263
9 5 11 5929
9 5 12 5197
9 5 13 4995
9 5 14 5635
9 6 0 5782
9 6 1 4635
9 6 2 5809
9 6 3 4451
9 6 4 4460
9 6 5 4867
9 6 6 0
9 6 7 7172
9 6 8 6292
9 6 9 0
9 6 10 1815
9 6 11 2041
9 6 12 1034
9 6 13 2380
9 6 14 5020
9 7 0 1874
9 7 1 6348
9 7 2 3917
9 7 3 5306
9 7 4 3365
9 7 5 5878
9 7 6 3731
9 7 7 0
9 7 8 6117
9 7 9 0
9 7 10 4051
9 7 11 6593
9 7 12 7576
9 7 13 8355
9 7 14 5317
9 8 0 2060
9 8 1 3109
9 8 2 5547
9 8 3 4835
9 8 4 1411
9 8 5 2738
9 8 6 1261
9 8 7 4481
9 8 8 0
9 8 9 0
9 8 10 2839
9 8 11 3710
9 8 12 4307
9 8 13 6932
9 8 14 4789
9 9 0 0
9 9 1 0
9 9 2 0
9 9 3 0
9 9 4 0
9 9 5 0
9 9 6 0
9 9 7 0
9 9 8 0
9 9 9 0
9 9 10 0
9 9 11 0
9 9 12 0
9 9 13 0
9 9 14 0
9 10 0 2703
9 10 1 5884
9 10 2 3979
9 10 3 4361
9 10 4 3486
9 10 5 2747
9 10 6 3128
9 10 7 2286
9 10 8 2344
9 10 9 0
9 10 10 0
9 10 11 7032
9 10 12 7333
9 10 13 4810
9 10 14 8928
9 11 0 4042
9 11 1 1681
9 11 2 1454
9 11 3 1447
9 11 4 1648
9 11 5 5041
9 11 6 1982
9 11 7 3456
9 11 8 1843
9 11 9 0
9 11 10 2354
9 11 11 0
9 11 12 3745
9 11 13 810
9 11 14 3738
9 12 0 4765
9 12 1 3263
9 12 2 3095
9 12 3 2112
9 12 4 2494
9 12 5 4531
9 12 6 1197
9 12 7 4661
9 12 8 2662
9 12 9 0
9 12 10 6999
9 12 11 6051
9 12 12 0
9 12 13 4726
9 12 14 7994
9 13 0 7871
9 13 1 9075
9 13 2 4874
9 13 3 7646
9 13 4 8408
9 13 5 8178
9 13 6 6392
9 13 7 9289
9 13 8 9136
9 13 9 0
9 13 10 3369
9 13 11 3215
9 13 12 4174
9 13 13 0
9 13 14 5900
9 14 0 1928
9 14 1 5046
9 14 2 2923
9 14 3 6222
9 14 4 4763
9 14 5 5737
9 14 6 5951
9 14 7 3170
9 14 8 3912
9 14 9 0
9 14 10 4586
9 14 11 6481
9 14 12 7326
9 14 13 6502
9 14 14 0
10 0 0 0
10 0 1 4940
10 0 2 943
10 0 3 5046
10 0 4 3192
10 0 5 3394
10 0 6 1110
10 0 7 4274
10 0 8 5107
10 0 9 5663
10 0 10 0
10 0 11 3561
10 0 12 4062
10 0 13 3319
10 0 14 457
10 1 0 4697
10 1 1 0
10 1 2 7824
10 1 3 7047
10 1 4 6123
10 1 5 5935
10 1 6 7495
10 1 7 7978
10 1 8 5407
10 1 9 6746
10 1 10 0
10 1 11 5442
10 1 12 6802
10 1 13 8765
10 1 14 7817
10 2 0 5039
10 2 1 2632
10 2 2 0
10 2 3 4207
10 2 4 6775
10 2 5 5499
10 2 6 3502
10 2 7 2905
10 2 8 1986
10 2 9 6728
10 2 10 0
10 2 11 4924
10 2 12 6343
10 2 13 4273
10 2 14 5403
10 3 0 4615
10 3 1 2760
10 3 2 3143
10 3 3 0
10 3 4 4911
10 3 5 7207
10 3 6 7212
10 3 7 6962
10 3 8 3228
10 3 9 5722
10 3 10 0
10 3 11 810
10 3 12 1253
10 3 13 2938
10 3 14 4595
10 4 0 6341
10 4 1 1706
10 4 2 3919
10 4 3 6313
10 4 4 0
10 4 5 4757
10 4 6 4677
10 4 7 1816
10 4 8 2533
10 4 9 4308
10 4 10 0
10 4 11 2622
10 4 12 3246
10 4 13 5311
10 4 14 4747
10 5 0 923
10 5 1 1454
10 5 2 3842
10 5 3 5648
10 5 4 4363
10 5 5 0
10 5 6 3037
10 5 7 1597
10 5 8 3446
10 5 9 2263
10 5 10 0
10 5 11 6870
10 5 12 6138
10 5 13 5936
10 5 14 6576
10 6 0 3328
10 6 1 2181
10 6 2 3355
10 6 3 1997
10 6 4 2006
10 6 5 2413
10 6 6 0
10 6 7 4718
10 6 8 3838
10 6 9 1815
10 6 10 0
10 6 11 5296
10 6 12 4289
10 6 13 5635
10 6 14 8275
10 7 0 693
10 7 1 5167
10 7 2 2736
10 7 3 4125
10 7 4 2184
10 7 5 4697
10 7 6 2550
10 7 7 0
10 7 8 4936
10 7 9 4051
10 7 10 0
10 7 11 3575
10 7 12 4558
10 7 13 5337
10 7 14 2299
10 8 0 1253
10 8 1 2302
10 8 2 4740
10 8 3 4028
10 8 4 604
10 8 5 1931
10 8 6 454
10 8 7 3674
10 8 8 0
10 8 9 2839
10 8 10 0
10 8 11 2076
10 8 12 2673
10 8 13 5298
10 8 14 3155
10 9 0 5634
10 9 1 4508
10 9 2 8314
10 9 3 5807
10 9 4 5078
10 9 5 9353
10 9 6 7994
10 9 7 5879
10 9 8 5563
10 9 9 0
10 9 10 0
10 9 11 2664
10 9 12 5287
10 9 13 3578
10 9 14 4988
10 10 0 0
10 10 1 0
10 10 2 0
10 10 3 0
10 10 4 0
10 10 5 0
10 10 6 0
10 10 7 0
10 10 8 0
10 10 9 0
10 10 10 0
10 10 11 0
10 10 12 0
10 10 13 0
10 10 14 0
10 11 0 5104
10 11 1 2743
10 11 2 2516
10 11 3 2509
10 11 4 2710
10 11 5 6103
10 11 6 3044
10 11 7 4518
10 11 8 2905
10 11 9 2354
10 11 10 0
10 11 11 0
10 11 12 5701
10 11 13 2766
10 11 14 5694
10 12 0 7627
10 12 1 6125
10 12 2 5957
10 12 3 4974
10 12 4 5356
10 12 5 7393
10 12 6 4059
10 12 7 7523
10 12 8 5524
10 12 9 6999
10 12 10 0
10 12 11 5685
10 12 12 0
10 12 13 4360
10 12 14 7628
10 13 0 4963
10 13 1 6167
10 13 2 1966
10 13 3 4738
10 13 4 5500
10 13 5 5270
10 13 6 3484
10 13 7 6381
10 13 8 6228
10 13 9 3369
10 13 10 0
10 13 11 2035
10 13 12 2994
10 13 13 0
10 13 14 4720
10 14 0 1908
10 14 1 5026
10 14 2 2903
10 14 3 6202
10 14 4 4743
10 14 5 5717
10 14 6 5931
10 14 7 3150
10 14 8 3892
10 14 9 4586
10 14 10 0
10 14 11 8009
10 14 12 8854
10 14 13 8030
10 14 14 0
11 0 0 0
11 0 1 7651
11 0 2 3654
11 0 3 7757
11 0 4 5903
11 0 5 6105
11 0 6 3821
11 0 7 6985
11 0 8 7818
11 0 9 8374
11 0 10 3561
11 0 11 0
11 0 12 5242
11 0 13 4499
11 0 14 1637
11 1 0 1866
11 1 1 0
11 1 2 4993
11 1 3 4216
11 1 4 3292
11 1 5 3104
11 1 6 4664
11 1 7 5147
11 1 8 2576
11 1 9 3915
11 1 10 5442
11 1 11 0
11 1 12 3753
11 1 13 5716
11 1 14 4768
11 2 0 3886
11 2 1 1479
11 2 2 0
11 2 3 3054
11 2 4 5622
11 2 5 4346
11 2 6 2349
11 2 7 1752
11 2 8 833
11 2 9 5575
11 2 10 4924
11 2 11 0
11 2 12 7105
11 2 13 5035
11 2 14 6165
11 3 0 3073
11 3 1 1218
11 3 2 1601
11 3 3 0
11 3 4 3369
11 3 5 5665
11 3 6 5670
11 3 7 5420
11 3 8 1686
11 3 9 4180
11 3 10 810
11 3 11 0
11 3 12 4105
11 3 13 5790
11 3 14 7447
11 4 0 5875
11 4 1 1240
11 4 2 3453
11 4 3 5847
11 4 4 0
11 4 5 4291
11 4 6 4211
11 4 7 1350
11 4 8 2067
11 4 9 3842
11 4 10 2622
11 4 11 0
11 4 12 4443
11 4 13 6508
11 4 14 5944
11 5 0 4589
11 5 1 5120
11 5 2 7508
11 5 3 9314
11 5 4 8029
11 5 5 0
11 5 6 6703
11 5 7 5263
11 5 8 7112
11 5 9 5929
11 5 10 6870
11 5 11 0
11 5 12 5343
11 5 13 5141
11 5 14 5781
11 6 0 3554
11 6 1 2407
11 6 2 3581
11 6 3 2223
11 6 4 2232
11 6 5 2639
11 6 6 0
11 6 7 4944
11 6 8 4064
11 6 9 2041
11 6 10 5296
11 6 11 0
11 6 12 394
11 6 13 1740
11 6 14 4380
11 7 0 3235
11 7 1 7709
11 7 2 5278
11 7 3 6667
11 7 4 4726
11 7 5 7239
11 7 6 5092
11 7 7 0
11 7 8 7478
11 7 9 6593
11 7 10 3575
11 7 11 0
11 7 12 3838
11 7 13 4617
11 7 14 1579
11 8 0 2124
11 8 1 3173
11 8 2 5611
11 8 3 4899
11 8 4 1475
11 8 5 2802
11 8 6 1325
11 8 7 4545
11 8 8 0
11 8 9 3710
11 8 10 2076
11 8 11 0
11 8 12 2384
11 8 13 5009
11 8 14 2866
11 9 0 1832
11 9 1 706
11 9 2 4512
11 9 3 2005
11 9 4 1276
11 9 5 5551
11 9 6 4192
11 9 7 2077
11 9 8 1761
11 9 9 0
11 9 10 2664
11 9 11 0
11 9 12 3915
11 9 13 2206
11 9 14 3616
11 10 0 3269
11 10 1 6450
11 10 2 4545
11 10 3 4927
11 10 4 4052
11 10 5 3313
11 10 6 3694
11 10 7 2852
11 10 8 2910
11 10 9 7032
11 10 10 0
11 10 11 0
11 10 12 4611
11 10 13 2088
11 10 14 6206
11 11 0 0
11 11 1 0
11 11 2 0
11 11 3 0
11 11 4 0
11 11 5 0
11 11 6 0
11 11 7 0
11 11 8 0
11 11 9 0
11 11 10 0
11 11 11 0
11 11 12 0
11 11 13 0
11 11 14 0
11 12 0 6679
11 12 1 5177
11 12 2 5009
11 12 3 4026
11 12 4 4408
11 12 5 6445
11 12 6 3111
11 12 7 6575
11 12 8 4576
11 12 9 6051
11 12 10 5685
11 12 11 0
11 12 12 0
11 12 13 4574
11 12 14 7842
11 13 0 4809
11 13 1 6013
11 13 2 1812
11 13 3 4584
11 13 4 5346
11 13 5 5116
11 13 6 3330
11 13 7 6227
11 13 8 6074
11 13 9 3215
11 13 10 2035
11 13 11 0
11 13 12 2796
11 13 13 0
11 13 14 4522
11 14 0 3803
11 14 1 6921
11 14 2 4798
11 14 3 8097
11 14 4 6638
11 14 5 7612
11 14 6 7826
11 14 7 5045
11 14 8 5787
11 14 9 6481
11 14 10 8009
11 14 11 0
11 14 12 7466
11 14 13 6642
11 14 14 0
12 0 0 0
12 0 1 8152
12 0 2 4155
12 0 3 8258
12 0 4 6404
12 0 5 6606
12 0 6 4322
12 0 7 7486
12 0 8 8319
12 0 9 8875
12 0 10 4062
12 0 11 5242
12 0 12 0
12 0 13 5031
12 0 14 2169
12 1 0 3226
12 1 1 0
12 1 2 6353
12 1 3 5576
12 1 4 4652
12 1 5 4464
12 1 6 6024
12 1 7 6507
12 1 8 3936
12 1 9 5275
12 1 10 6802
12 1 11 3753
12 1 12 0
12 1 13 5860
12 1 14 4912
12 2 0 5305
12 2 1 2898
12 2 2 0
12 2 3 4473
12 2 4 7041
12 2 5 5765
12 2 6 3768
12 2 7 3171
12 2 8 2252
12 2 9 6994
12 2 10 6343
12 2 11 7105
12 2 12 0
12 2 13 3044
12 2 14 4174
12 3 0 3516
12 3 1 1661
12 3 2 2044
12 3 3 0
12 3 4 3812
12 3 5 6108
12 3 6 6113
12 3 7 5863
12 3 8 2129
12 3 9 4623
12 3 10 1253
12 3 11 4105
12 3 12 0
12 3 13 4922
12 3 14 6579
12 4 0 6499
12 4 1 1864
12 4 2 4077
12 4 3 6471
12 4 4 0
12 4 5 4915
12 4 6 4835
12 4 7 1974
12 4 8 2691
12 4 9 4466
12 4 10 3246
12 4 11 4443
12 4 12 0
12 4 13 8216
12 4 14 7652
12 5 0 3857
12 5 1 4388
12 5 2 6776
12 5 3 8582
12 5 4 7297
12 5 5 0
12 5 6 5971
12 5 7 4531
12 5 8 6380
12 5 9 5197
12 5 10 6138
12 5 11 5343
12 5 12 0
12 5 13 6807
12 5 14 7447
12 6 0 2547
12 6 1 1400
12 6 2 2574
12 6 3 1216
12 6 4 1225
12 6 5 1632
12 6 6 0
12 6 7 3937
12 6 8 3057
12 6 9 1034
12 6 10 4289
12 6 11 394
12 6 12 0
12 6 13 1914
12 6 14 4554
12 7 0 4218
12 7 1 8692
12 7 2 6261
12 7 3 7650
12 7 4 5709
12 7 5 8222
12 7 6 6075
12 7 7 0
12 7 8 8461
12 7 9 7576
12 7 10 4558
12 7 11 3838
12 7 12 0
12 7 13 9427
12 7 14 6389
12 8 0 2721
12 8 1 3770
12 8 2 6208
12 8 3 5496
12 8 4 2072
12 8 5 3399
12 8 6 1922
12 8 7 5142
12 8 8 0
12 8 9 4307
12 8 10 2673
12 8 11 2384
12 8 12 0
12 8 13 5644
12 8 14 3501
12 9 0 4455
12 9 1 3329
12 9 2 7135
12 9 3 4628
12 9 4 3899
12 9 5 8174
12 9 6 6815
12 9 7 4700
12 9 8 4384
12 9 9 0
12 9 10 5287
12 9 11 3915
12 9 12 0
12 9 13 2428
12 9 14 3838
12 10 0 3570
12 10 1 6751
12 10 2 4846
12 10 3 5228
12 10 4 4353
12 10 5 3614
12 10 6 3995
12 10 7 3153
12 10 8 3211
12 10 9 7333
12 10 10 0
12 10 11 4611
12 10 12 0
12 10 13 4110
12 10 14 8228
12 11 0 6495
12 11 1 4134
12 11 2 3907
12 11 3 3900
12 11 4 4101
12 11 5 7494
12 11 6 4435
12 11 7 5909
12 11 8 4296
12 11 9 3745
12 11 10 5701
12 11 11 0
12 11 12 0
12 11 13 2964
12 11 14 5892
12 12 0 0
12 12 1 0
12 12 2 0
12 12 3 0
12 12 4 0
12 12 5 0
12 12 6 0
12 12 7 0
12 12 8 0
12 12 9 0
12 12 10 0
12 12 11 0
12 12 12 0
12 12 13 0
12 12 14 0
12 13 0 5768
12 13 1 6972
12 13 2 2771
12 13 3 5543
12 13 4 6305
12 13 5 6075
12 13 6 4289
12 13 7 7186
12 13 8 7033
12 13 9 4174
12 13 10 2994
12 13 11 2796
12 13 12 0
12 13 13 0
12 13 14 5815
12 14 0 4648
12 14 1 7766
12 14 2 5643
12 14 3 8942
12 14 4 7483
12 14 5 8457
12 14 6 8671
12 14 7 5890
12 14 8 6632
12 14 9 7326
12 14 10 8854
12 14 11 7466
12 14 12 0
12 14 13 8275
12 14 14 0
13 0 0 0
13 0 1 7409
13 0 2 3412
13 0 3 7515
13 0 4 5661
13 0 5 5863
13 0 6 3579
13 0 7 6743
13 0 8 7576
13 0 9 8132
13 0 10 3319
13 0 11 4499
13 0 12 5031
13 0 13 0
13 0 14 4366
13 1 0 5189
13 1 1 0
13 1 2 8316
13 1 3 7539
13 1 4 6615
13 1 5 6427
13 1 6 7987
13 1 7 8470
13 1 8 5899
13 1 9 7238
13 1 10 8765
13 1 11 5716
13 1 12 5860
13 1 13 0
13 1 14 4010
13 2 0 3235
13 2 1 828
13 2 2 0
13 2 3 2403
13 2 4 4971
13 2 5 3695
13 2 6 1698
13 2 7 1101
13 2 8 182
13 2 9 4924
13 2 10 4273
13 2 11 5035
13 2 12 3044
13 2 13 0
13 2 14 2483
13 3 0 5201
13 3 1 3346
13 3 2 3729
13 3 3 0
13 3 4 5497
13 3 5 7793
13 3 6 7798
13 3 7 7548
13 3 8 3814
13 3 9 6308
13 3 10 2938
13 3 11 5790
13 3 12 4922
13 3 13 0
13 3 14 7808
13 4 0 8564
13 4 1 3929
13 4 2 6142
13 4 3 8536
13 4 4 0
13 4 5 6980
13 4 6 6900
13 4 7 4039
13 4 8 4756
13 4 9 6531
13 4 10 5311
13 4 11 6508
13 4 12 8216
13 4 13 0
13 4 14 4334
13 5 0 3655
13 5 1 4186
13 5 2 6574
13 5 3 8380
13 5 4 7095
13 5 5 0
13 5 6 5769
13 5 7 4329
13 5 8 6178
13 5 9 4995
13 5 10 5936
13 5 11 5141
13 5 12 6807
13 5 13 0
13 5 14 7824
13 6 0 3893
13 6 1 2746
13 6 2 3920
13 6 3 2562
13 6 4 2571
13 6 5 2978
13 6 6 0
13 6 7 5283
13 6 8 4403
13 6 9 2380
13 6 10 5635
13 6 11 1740
13 6 12 1914
13 6 13 0
13 6 14 4838
13 7 0 4997
13 7 1 9471
13 7 2 7040
13 7 3 8429
13 7 4 6488
13 7 5 9001
13 7 6 6854
13 7 7 0
13 7 8 9240
13 7 9 8355
13 7 10 5337
13 7 11 4617
13 7 12 9427
13 7 13 0
13 7 14 4814
13 8 0 5346
13 8 1 6395
13 8 2 8833
13 8 3 8121
13 8 4 4697
13 8 5 6024
13 8 6 4547
13 8 7 7767
13 8 8 0
13 8 9 6932
13 8 10 5298
13 8 11 5009
13 8 12 5644
13 8 13 0
13 8 14 4597
13 9 0 2746
13 9 1 1620
13 9 2 5426
13 9 3 2919
13 9 4 2190
13 9 5 6465
13 9 6 5106
13 9 7 2991
13 9 8 2675
13 9 9 0
13 9 10 3578
13 9 11 2206
13 9 12 2428
13 9 13 0
13 9 14 7687
13 10 0 1047
13 10 1 4228
13 10 2 2323
13 10 3 2705
13 10 4 1830
13 10 5 1091
13 10 6 1472
13 10 7 630
13 10 8 688
13 10 9 4810
13 10 10 0
13 10 11 2088
13 10 12 4110
13 10 13 0
13 10 14 6307
13 11 0 3560
13 11 1 1199
13 11 2 972
13 11 3 965
13 11 4 1166
13 11 5 4559
13 11 6 1500
13 11 7 2974
13 11 8 1361
13 11 9 810
13 11 10 2766
13 11 11 0
13 11 12 2964
13 11 13 0
13 11 14 4765
13 12 0 5354
13 12 1 3852
13 12 2 3684
13 12 3 2701
13 12 4 3083
13 12 5 5120
13 12 6 1786
13 12 7 5250
13 12 8 3251
13 12 9 4726
13 12 10 4360
13 12 11 4574
13 12 12 0
13 12 13 0
13 12 14 7357
13 13 0 0
13 13 1 0
13 13 2 0
13 13 3 0
13 13 4 0
13 13 5 0
13 13 6 0
13 13 7 0
13 13 8 0
13 13 9 0
13 13 10 0
13 13 11 0
13 13 12 0
13 13 13 0
13 13 14 0
13 14 0 3824
13 14 1 6942
13 14 2 4819
13 14 3 8118
13 14 4 6659
13 14 5 7633
13 14 6 7847
13 14 7 5066
13 14 8 5808
13 14 9 6502
13 14 10 8030
13 14 11 6642
13 14 12 8275
13 14 13 0
13 14 14 0
14 0 0 0
14 0 1 4547
14 0 2 550
14 0 3 4653
14 0 4 2799
14 0 5 3001
14 0 6 717
14 0 7 3881
14 0 8 4714
14 0 9 5270
14 0 10 457
14 0 11 1637
14 0 12 2169
14 0 13 4366
14 0 14 0
14 1 0 4241
14 1 1 0
14 1 2 7368
14 1 3 6591
14 1 4 5667
14 1 5 5479
14 1 6 7039
14 1 7 7522
14 1 8 4951
14 1 9 6290
14 1 10 7817
14 1 11 4768
14 1 12 4912
14 1 13 4010
14 1 14 0
14 2 0 4365
14 2 1 1958
14 2 2 0
14 2 3 3533
14 2 4 6101
14 2 5 4825
14 2 6 2828
14 2 7 2231
14 2 8 1312
14 2 9 6054
14 2 10 5403
14 2 11 6165
14 2 12 4174
14 2 13 2483
14 2 14 0
14 3 0 6858
14 3 1 5003
14 3 2 5386
14 3 3 0
14 3 4 7154
14 3 5 9450
14 3 6 9455
14 3 7 9205
14 3 8 5471
14 3 9 7965
14 3 10 4595
14 3 11 7447
14 3 12 6579
14 3 13 7808
14 3 14 0
14 4 0 8000
14 4 1 3365
14 4 2 5578
14 4 3 7972
14 4 4 0
14 4 5 6416
14 4 6 6336
14 4 7 3475
14 4 8 4192
14 4 9 5967
14 4 10 4747
14 4 11 5944
14 4 12 7652
14 4 13 4334
14 4 14 0
14 5 0 4295
14 5 1 4826
14 5 2 7214
14 5 3 9020
14 5 4 7735
14 5 5 0
14 5 6 6409
14 5 7 4969
14 5 8 6818
14 5 9 5635
14 5 10 6576
14 5 11 5781
14 5 12 7447
14 5 13 7824
14 5 14 0
14 6 0 6533
14 6 1 5386
14 6 2 6560
14 6 3 5202
14 6 4 5211
14 6 5 5618
14 6 6 0
14 6 7 7923
14 6 8 7043
14 6 9 5020
14 6 10 8275
14 6 11 4380
14 6 12 4554
14 6 13 4838
14 6 14 0
14 7 0 1959
14 7 1 6433
14 7 2 4002
14 7 3 5391
14 7 4 3450
14 7 5 5963
14 7 6 3816
14 7 7 0
14 7 8 6202
14 7 9 5317
14 7 10 2299
14 7 11 1579
14 7 12 6389
14 7 13 4814
14 7 14 0
14 8 0 3203
14 8 1 4252
14 8 2 6690
14 8 3 5978
14 8 4 2554
14 8 5 3881
14 8 6 2404
14 8 7 5624
14 8 8 0
14 8 9 4789
14 8 10 3155
14 8 11 2866
14 8 12 3501
14 8 13 4597
14 8 14 0
14 9 0 4156
14 9 1 3030
14 9 2 6836
14 9 3 4329
14 9 4 3600
14 9 5 7875
14 9 6 6516
14 9 7 4401
14 9 8 4085
14 9 9 0
14 9 10 4988
14 9 11 3616
14 9 12 3838
14 9 13 7687
14 9 14 0
14 10 0 5165
14 10 1 8346
14 10 2 6441
14 10 3 6823
14 10 4 5948
14 10 5 5209
14 10 6 5590
14 10 7 4748
14 10 8 4806
14 10 9 8928
14 10 10 0
14 10 11 6206
14 10 12 8228
14 10 13 6307
14 10 14 0
14 11 0 6488
14 11 1 4127
14 11 2 3900
14 11 3 3893
14 11 4 4094
14 11 5 7487
14 11 6 4428
14 11 7 5902
14 11 8 4289
14 11 9 3738
14 11 10 5694
14 11 11 0
14 11 12 5892
14 11 13 4765
14 11 14 0
14 12 0 8622
14 12 1 7120
14 12 2 6952
14 12 3 5969
14 12 4 6351
14 12 5 8388
14 12 6 5054
14 12 7 8518
14 12 8 6519
14 12 9 7994
14 12 10 7628
14 12 11 7842
14 12 12 0
14 12 13 7357
14 12 14 0
14 13 0 7494
14 13 1 8698
14 13 2 4497
14 13 3 7269
14 13 4 8031
14 13 5 7801
14 13 6 6015
14 13 7 8912
14 13 8 8759
14 13 9 5900
14 13 10 4720
14 13 11 4522
14 13 12 5815
14 13 13 0
14 13 14 0
14 14 0 0
14 14 1 0
14 14 2 0
14 14 3 0
14 14 4 0
14 14 5 0
14 14 6 0
14 14 7 0
14 14 8 0
14 14 9 0
14 14 10 0
14 14 11 0
14 14 12 0
14 14 13 0
14 14 14 0
