19
0 0 0 0
0 0 1 0
0 0 2 0
0 0 3 0
0 0 4 0
0 0 5 0
0 0 6 0
0 0 7 0
0 0 8 0
0 0 9 0
0 0 10 0
0 0 11 0
0 0 12 0
0 0 13 0
0 0 14 0
0 0 15 0
0 0 16 0
0 0 17 0
0 0 18 0
0 1 0 0
0 1 1 0
0 1 2 7550
0 1 3 6396
0 1 4 2689
0 1 5 4473
0 1 6 4236
0 1 7 4590
0 1 8 4334
0 1 9 7472
0 1 10 6939
0 1 11 3793
0 1 12 5461
0 1 13 5306
0 1 14 2792
0 1 15 6843
0 1 16 4387
0 1 17 5888
0 1 18 7472
0 2 0 0
0 2 1 8437
0 2 2 0
0 2 3 5292
0 2 4 8748
0 2 5 6940
0 2 6 4598
0 2 7 8471
0 2 8 7866
0 2 9 5121
0 2 10 4604
0 2 11 5809
0 2 12 4334
0 2 13 8638
0 2 14 5559
0 2 15 4327
0 2 16 9073
0 2 17 4972
0 2 18 4254
0 3 0 0
0 3 1 4807
0 3 2 1041
0 3 3 0
0 3 4 5535
0 3 5 3929
0 3 6 1424
0 3 7 5179
0 3 8 2644
0 3 9 5037
0 3 10 3923
0 3 11 5860
0 3 12 4255
0 3 13 4710
0 3 14 1041
0 3 15 5526
0 3 16 2594
0 3 17 4545
0 3 18 4274
0 4 0 0
0 4 1 4476
0 4 2 6127
0 4 3 5791
0 4 4 0
0 4 5 7796
0 4 6 4513
0 4 7 8286
0 4 8 4531
0 4 9 7865
0 4 10 4940
0 4 11 7074
0 4 12 5894
0 4 13 4710
0 4 14 8767
0 4 15 5715
0 4 16 6774
0 4 17 4701
0 4 18 8108
0 5 0 0
0 5 1 6650
0 5 2 6523
0 5 3 6198
0 5 4 2385
0 5 5 0
0 5 6 4592
0 5 7 7007
0 5 8 3578
0 5 9 3211
0 5 10 6934
0 5 11 3789
0 5 12 3280
0 5 13 4654
0 5 14 3841
0 5 15 4449
0 5 16 3876
0 5 17 2627
0 5 18 4139
0 6 0 0
0 6 1 2121
0 6 2 4094
0 6 3 2355
0 6 4 940
0 6 5 3455
0 6 6 0
0 6 7 2713
0 6 8 5055
0 6 9 4051
0 6 10 4532
0 6 11 4941
0 6 12 517
0 6 13 3417
0 6 14 1316
0 6 15 2003
0 6 16 1630
0 6 17 1635
0 6 18 4295
0 7 0 0
0 7 1 6897
0 7 2 3808
0 7 3 8462
0 7 4 5619
0 7 5 3657
0 7 6 4819
0 7 7 0
0 7 8 5617
0 7 9 7127
0 7 10 6239
0 7 11 6380
0 7 12 5335
0 7 13 7249
0 7 14 8246
0 7 15 5902
0 7 16 7191
0 7 17 7871
0 7 18 4687
0 8 0 0
0 8 1 5460
0 8 2 5499
0 8 3 3144
0 8 4 6151
0 8 5 4000
0 8 6 5692
0 8 7 3170
0 8 8 0
0 8 9 4108
0 8 10 2867
0 8 11 2593
0 8 12 2595
0 8 13 5470
0 8 14 4353
0 8 15 7406
0 8 16 6956
0 8 17 5464
0 8 18 4454
0 9 0 0
0 9 1 3731
0 9 2 6683
0 9 3 4221
0 9 4 4753
0 9 5 4095
0 9 6 2194
0 9 7 6549
0 9 8 5689
0 9 9 0
0 9 10 3475
0 9 11 5513
0 9 12 5504
0 9 13 3479
0 9 14 2763
0 9 15 5272
0 9 16 4210
0 9 17 6756
0 9 18 6896
0 10 0 0
0 10 1 7586
0 10 2 6606
0 10 3 6539
0 10 4 7250
0 10 5 3769
0 10 6 5156
0 10 7 4589
0 10 8 4059
0 10 9 4854
0 10 10 0
0 10 11 5869
0 10 12 4739
0 10 13 5485
0 10 14 3154
0 10 15 6314
0 10 16 5944
0 10 17 6974
0 10 18 4301
0 11 0 0
0 11 1 8377
0 11 2 5765
0 11 3 8310
0 11 4 8410
0 11 5 6298
0 11 6 5485
0 11 7 5535
0 11 8 3895
0 11 9 4366
0 11 10 7612
0 11 11 0
0 11 12 7994
0 11 13 6851
0 11 14 7342
0 11 15 4820
0 11 16 7706
0 11 17 4236
0 11 18 8266
0 12 0 0
0 12 1 7405
0 12 2 5409
0 12 3 5925
0 12 4 8335
0 12 5 4721
0 12 6 8087
0 12 7 7764
0 12 8 6371
0 12 9 4866
0 12 10 7915
0 12 11 7521
0 12 12 0
0 12 13 7232
0 12 14 5549
0 12 15 4846
0 12 16 5164
0 12 17 8565
0 12 18 6424
0 13 0 0
0 13 1 4437
0 13 2 4081
0 13 3 4627
0 13 4 4717
0 13 5 5913
0 13 6 5820
0 13 7 1496
0 13 8 3179
0 13 9 2331
0 13 10 1519
0 13 11 1775
0 13 12 4571
0 13 13 0
0 13 14 1811
0 13 15 5639
0 13 16 4970
0 13 17 3222
0 13 18 3351
0 14 0 0
0 14 1 8087
0 14 2 8826
0 14 3 9007
0 14 4 5368
0 14 5 6062
0 14 6 8480
0 14 7 8740
0 14 8 6352
0 14 9 7573
0 14 10 6899
0 14 11 9323
0 14 12 7826
0 14 13 8074
0 14 14 0
0 14 15 5410
0 14 16 4841
0 14 17 8378
0 14 18 6897
0 15 0 0
0 15 1 6740
0 15 2 2695
0 15 3 4964
0 15 4 5491
0 15 5 6915
0 15 6 4014
0 15 7 6467
0 15 8 6392
0 15 9 7636
0 15 10 3732
0 15 11 6723
0 15 12 7039
0 15 13 3732
0 15 14 7126
0 15 15 0
0 15 16 6320
0 15 17 5117
0 15 18 3610
0 16 0 0
0 16 1 8619
0 16 2 7555
0 16 3 6006
0 16 4 7144
0 16 5 8075
0 16 6 8750
0 16 7 7216
0 16 8 7076
0 16 9 4506
0 16 10 5497
0 16 11 4063
0 16 12 5355
0 16 13 5236
0 16 14 5326
0 16 15 5336
0 16 16 0
0 16 17 6433
0 16 18 6650
0 17 0 0
0 17 1 7606
0 17 2 8472
0 17 3 7986
0 17 4 5437
0 17 5 7187
0 17 6 5026
0 17 7 9214
0 17 8 6777
0 17 9 7521
0 17 10 6457
0 17 11 8884
0 17 12 7142
0 17 13 5364
0 17 14 8281
0 17 15 6232
0 17 16 8206
0 17 17 0
0 17 18 6341
0 18 0 0
0 18 1 4622
0 18 2 5394
0 18 3 6003
0 18 4 3406
0 18 5 2062
0 18 6 6418
0 18 7 4303
0 18 8 4969
0 18 9 6237
0 18 10 4871
0 18 11 5490
0 18 12 6306
0 18 13 5579
0 18 14 2817
0 18 15 4763
0 18 16 1928
0 18 17 5922
0 18 18 0
1 0 0 0
1 0 1 0
1 0 2 9113
1 0 3 5768
1 0 4 9025
1 0 5 7071
1 0 6 4966
1 0 7 8504
1 0 8 7336
1 0 9 6889
1 0 10 7990
1 0 11 8327
1 0 12 9187
1 0 13 5871
1 0 14 9457
1 0 15 7542
1 0 16 8800
1 0 17 9895
1 0 18 6566
1 1 0 0
1 1 1 0
1 1 2 0
1 1 3 0
1 1 4 0
1 1 5 0
1 1 6 0
1 1 7 0
1 1 8 0
1 1 9 0
1 1 10 0
1 1 11 0
1 1 12 0
1 1 13 0
1 1 14 0
1 1 15 0
1 1 16 0
1 1 17 0
1 1 18 0
1 2 0 8437
1 2 1 0
1 2 2 0
1 2 3 5939
1 2 4 9395
1 2 5 7587
1 2 6 5245
1 2 7 9118
1 2 8 8513
1 2 9 5768
1 2 10 5251
1 2 11 6456
1 2 12 4981
1 2 13 9285
1 2 14 6206
1 2 15 4974
1 2 16 9720
1 2 17 5619
1 2 18 4901
1 3 0 4807
1 3 1 0
1 3 2 3879
1 3 3 0
1 3 4 8373
1 3 5 6767
1 3 6 4262
1 3 7 8017
1 3 8 5482
1 3 9 7875
1 3 10 6761
1 3 11 8698
1 3 12 7093
1 3 13 7548
1 3 14 3879
1 3 15 8364
1 3 16 5432
1 3 17 7383
1 3 18 7112
1 4 0 4476
1 4 1 0
1 4 2 2001
1 4 3 1665
1 4 4 0
1 4 5 3670
1 4 6 387
1 4 7 4160
1 4 8 405
1 4 9 3739
1 4 10 814
1 4 11 2948
1 4 12 1768
1 4 13 584
1 4 14 4641
1 4 15 1589
1 4 16 2648
1 4 17 575
1 4 18 3982
1 5 0 6650
1 5 1 0
1 5 2 6135
1 5 3 5810
1 5 4 1997
1 5 5 0
1 5 6 4204
1 5 7 6619
1 5 8 3190
1 5 9 2823
1 5 10 6546
1 5 11 3401
1 5 12 2892
1 5 13 4266
1 5 14 3453
1 5 15 4061
1 5 16 3488
1 5 17 2239
1 5 18 3751
1 6 0 2121
1 6 1 0
1 6 2 5574
1 6 3 3835
1 6 4 2420
1 6 5 4935
1 6 6 0
1 6 7 4193
1 6 8 6535
1 6 9 5531
1 6 10 6012
1 6 11 6421
1 6 12 1997
1 6 13 4897
1 6 14 2796
1 6 15 3483
1 6 16 3110
1 6 17 3115
1 6 18 5775
1 7 0 6897
1 7 1 0
1 7 2 2104
1 7 3 6758
1 7 4 3915
1 7 5 1953
1 7 6 3115
1 7 7 0
1 7 8 3913
1 7 9 5423
1 7 10 4535
1 7 11 4676
1 7 12 3631
1 7 13 5545
1 7 14 6542
1 7 15 4198
1 7 16 5487
1 7 17 6167
1 7 18 2983
1 8 0 5460
1 8 1 0
1 8 2 4707
1 8 3 2352
1 8 4 5359
1 8 5 3208
1 8 6 4900
1 8 7 2378
1 8 8 0
1 8 9 3316
1 8 10 2075
1 8 11 1801
1 8 12 1803
1 8 13 4678
1 8 14 3561
1 8 15 6614
1 8 16 6164
1 8 17 4672
1 8 18 3662
1 9 0 3731
1 9 1 0
1 9 2 9476
1 9 3 7014
1 9 4 7546
1 9 5 6888
1 9 6 4987
1 9 7 9342
1 9 8 8482
1 9 9 0
1 9 10 6268
1 9 11 8306
1 9 12 8297
1 9 13 6272
1 9 14 5556
1 9 15 8065
1 9 16 7003
1 9 17 9549
1 9 18 9689
1 10 0 7586
1 10 1 0
1 10 2 7765
1 10 3 7698
1 10 4 8409
1 10 5 4928
1 10 6 6315
1 10 7 5748
1 10 8 5218
1 10 9 6013
1 10 10 0
1 10 11 7028
1 10 12 5898
1 10 13 6644
1 10 14 4313
1 10 15 7473
1 10 16 7103
1 10 17 8133
1 10 18 5460
1 11 0 8377
1 11 1 0
1 11 2 3441
1 11 3 5986
1 11 4 6086
1 11 5 3974
1 11 6 3161
1 11 7 3211
1 11 8 1571
1 11 9 2042
1 11 10 5288
1 11 11 0
1 11 12 5670
1 11 13 4527
1 11 14 5018
1 11 15 2496
1 11 16 5382
1 11 17 1912
1 11 18 5942
1 12 0 7405
1 12 1 0
1 12 2 3893
1 12 3 4409
1 12 4 6819
1 12 5 3205
1 12 6 6571
1 12 7 6248
1 12 8 4855
1 12 9 3350
1 12 10 6399
1 12 11 6005
1 12 12 0
1 12 13 5716
1 12 14 4033
1 12 15 3330
1 12 16 3648
1 12 17 7049
1 12 18 4908
1 13 0 4437
1 13 1 0
1 13 2 5726
1 13 3 6272
1 13 4 6362
1 13 5 7558
1 13 6 7465
1 13 7 3141
1 13 8 4824
1 13 9 3976
1 13 10 3164
1 13 11 3420
1 13 12 6216
1 13 13 0
1 13 14 3456
1 13 15 7284
1 13 16 6615
1 13 17 4867
1 13 18 4996
1 14 0 8087
1 14 1 0
1 14 2 4371
1 14 3 4552
1 14 4 913
1 14 5 1607
1 14 6 4025
1 14 7 4285
1 14 8 1897
1 14 9 3118
1 14 10 2444
1 14 11 4868
1 14 12 3371
1 14 13 3619
1 14 14 0
1 14 15 955
1 14 16 386
1 14 17 3923
1 14 18 2442
1 15 0 6740
1 15 1 0
1 15 2 4206
1 15 3 6475
1 15 4 7002
1 15 5 8426
1 15 6 5525
1 15 7 7978
1 15 8 7903
1 15 9 9147
1 15 10 5243
1 15 11 8234
1 15 12 8550
1 15 13 5243
1 15 14 8637
1 15 15 0
1 15 16 7831
1 15 17 6628
1 15 18 5121
1 16 0 8619
1 16 1 0
1 16 2 5352
1 16 3 3803
1 16 4 4941
1 16 5 5872
1 16 6 6547
1 16 7 5013
1 16 8 4873
1 16 9 2303
1 16 10 3294
1 16 11 1860
1 16 12 3152
1 16 13 3033
1 16 14 3123
1 16 15 3133
1 16 16 0
1 16 17 4230
1 16 18 4447
1 17 0 7606
1 17 1 0
1 17 2 6675
1 17 3 6189
1 17 4 3640
1 17 5 5390
1 17 6 3229
1 17 7 7417
1 17 8 4980
1 17 9 5724
1 17 10 4660
1 17 11 7087
1 17 12 5345
1 17 13 3567
1 17 14 6484
1 17 15 4435
1 17 16 6409
1 17 17 0
1 17 18 4544
1 18 0 4622
1 18 1 0
1 18 2 8510
1 18 3 9119
1 18 4 6522
1 18 5 5178
1 18 6 9534
1 18 7 7419
1 18 8 8085
1 18 9 9353
1 18 10 7987
1 18 11 8606
1 18 12 9422
1 18 13 8695
1 18 14 5933
1 18 15 7879
1 18 16 5044
1 18 17 9038
1 18 18 0
2 0 0 0
2 0 1 9113
2 0 2 0
2 0 3 5063
2 0 4 8320
2 0 5 6366
2 0 6 4261
2 0 7 7799
2 0 8 6631
2 0 9 6184
2 0 10 7285
2 0 11 7622
2 0 12 8482
2 0 13 5166
2 0 14 8752
2 0 15 6837
2 0 16 8095
2 0 17 9190
2 0 18 5861
2 1 0 7550
2 1 1 0
2 1 2 0
2 1 3 7930
2 1 4 4223
2 1 5 6007
2 1 6 5770
2 1 7 6124
2 1 8 5868
2 1 9 9006
2 1 10 8473
2 1 11 5327
2 1 12 6995
2 1 13 6840
2 1 14 4326
2 1 15 8377
2 1 16 5921
2 1 17 7422
2 1 18 9006
2 2 0 0
2 2 1 0
2 2 2 0
2 2 3 0
2 2 4 0
2 2 5 0
2 2 6 0
2 2 7 0
2 2 8 0
2 2 9 0
2 2 10 0
2 2 11 0
2 2 12 0
2 2 13 0
2 2 14 0
2 2 15 0
2 2 16 0
2 2 17 0
2 2 18 0
2 3 0 1041
2 3 1 3879
2 3 2 0
2 3 3 0
2 3 4 5738
2 3 5 4132
2 3 6 1627
2 3 7 5382
2 3 8 2847
2 3 9 5240
2 3 10 4126
2 3 11 6063
2 3 12 4458
2 3 13 4913
2 3 14 1244
2 3 15 5729
2 3 16 2797
2 3 17 4748
2 3 18 4477
2 4 0 6127
2 4 1 2001
2 4 2 0
2 4 3 6193
2 4 4 0
2 4 5 8198
2 4 6 4915
2 4 7 8688
2 4 8 4933
2 4 9 8267
2 4 10 5342
2 4 11 7476
2 4 12 6296
2 4 13 5112
2 4 14 9169
2 4 15 6117
2 4 16 7176
2 4 17 5103
2 4 18 8510
2 5 0 6523
2 5 1 6135
2 5 2 0
2 5 3 6746
2 5 4 2933
2 5 5 0
2 5 6 5140
2 5 7 7555
2 5 8 4126
2 5 9 3759
2 5 10 7482
2 5 11 4337
2 5 12 3828
2 5 13 5202
2 5 14 4389
2 5 15 4997
2 5 16 4424
2 5 17 3175
2 5 18 4687
2 6 0 4094
2 6 1 5574
2 6 2 0
2 6 3 2666
2 6 4 1251
2 6 5 3766
2 6 6 0
2 6 7 3024
2 6 8 5366
2 6 9 4362
2 6 10 4843
2 6 11 5252
2 6 12 828
2 6 13 3728
2 6 14 1627
2 6 15 2314
2 6 16 1941
2 6 17 1946
2 6 18 4606
2 7 0 3808
2 7 1 2104
2 7 2 0
2 7 3 9108
2 7 4 6265
2 7 5 4303
2 7 6 5465
2 7 7 0
2 7 8 6263
2 7 9 7773
2 7 10 6885
2 7 11 7026
2 7 12 5981
2 7 13 7895
2 7 14 8892
2 7 15 6548
2 7 16 7837
2 7 17 8517
2 7 18 5333
2 8 0 5499
2 8 1 4707
2 8 2 0
2 8 3 4353
2 8 4 7360
2 8 5 5209
2 8 6 6901
2 8 7 4379
2 8 8 0
2 8 9 5317
2 8 10 4076
2 8 11 3802
2 8 12 3804
2 8 13 6679
2 8 14 5562
2 8 15 8615
2 8 16 8165
2 8 17 6673
2 8 18 5663
2 9 0 6683
2 9 1 9476
2 9 2 0
2 9 3 3132
2 9 4 3664
2 9 5 3006
2 9 6 1105
2 9 7 5460
2 9 8 4600
2 9 9 0
2 9 10 2386
2 9 11 4424
2 9 12 4415
2 9 13 2390
2 9 14 1674
2 9 15 4183
2 9 16 3121
2 9 17 5667
2 9 18 5807
2 10 0 6606
2 10 1 7765
2 10 2 0
2 10 3 3832
2 10 4 4543
2 10 5 1062
2 10 6 2449
2 10 7 1882
2 10 8 1352
2 10 9 2147
2 10 10 0
2 10 11 3162
2 10 12 2032
2 10 13 2778
2 10 14 447
2 10 15 3607
2 10 16 3237
2 10 17 4267
2 10 18 1594
2 11 0 5765
2 11 1 3441
2 11 2 0
2 11 3 6471
2 11 4 6571
2 11 5 4459
2 11 6 3646
2 11 7 3696
2 11 8 2056
2 11 9 2527
2 11 10 5773
2 11 11 0
2 11 12 6155
2 11 13 5012
2 11 14 5503
2 11 15 2981
2 11 16 5867
2 11 17 2397
2 11 18 6427
2 12 0 5409
2 12 1 3893
2 12 2 0
2 12 3 1751
2 12 4 4161
2 12 5 547
2 12 6 3913
2 12 7 3590
2 12 8 2197
2 12 9 692
2 12 10 3741
2 12 11 3347
2 12 12 0
2 12 13 3058
2 12 14 1375
2 12 15 672
2 12 16 990
2 12 17 4391
2 12 18 2250
2 13 0 4081
2 13 1 5726
2 13 2 0
2 13 3 8073
2 13 4 8163
2 13 5 9359
2 13 6 9266
2 13 7 4942
2 13 8 6625
2 13 9 5777
2 13 10 4965
2 13 11 5221
2 13 12 8017
2 13 13 0
2 13 14 5257
2 13 15 9085
2 13 16 8416
2 13 17 6668
2 13 18 6797
2 14 0 8826
2 14 1 4371
2 14 2 0
2 14 3 5788
2 14 4 2149
2 14 5 2843
2 14 6 5261
2 14 7 5521
2 14 8 3133
2 14 9 4354
2 14 10 3680
2 14 11 6104
2 14 12 4607
2 14 13 4855
2 14 14 0
2 14 15 2191
2 14 16 1622
2 14 17 5159
2 14 18 3678
2 15 0 2695
2 15 1 4206
2 15 2 0
2 15 3 2428
2 15 4 2955
2 15 5 4379
2 15 6 1478
2 15 7 3931
2 15 8 3856
2 15 9 5100
2 15 10 1196
2 15 11 4187
2 15 12 4503
2 15 13 1196
2 15 14 4590
2 15 15 0
2 15 16 3784
2 15 17 2581
2 15 18 1074
2 16 0 7555
2 16 1 5352
2 16 2 0
2 16 3 6958
2 16 4 8096
2 16 5 9027
2 16 6 9702
2 16 7 8168
2 16 8 8028
2 16 9 5458
2 16 10 6449
2 16 11 5015
2 16 12 6307
2 16 13 6188
2 16 14 6278
2 16 15 6288
2 16 16 0
2 16 17 7385
2 16 18 7602
2 17 0 8472
2 17 1 6675
2 17 2 0
2 17 3 3742
2 17 4 1193
2 17 5 2943
2 17 6 782
2 17 7 4970
2 17 8 2533
2 17 9 3277
2 17 10 2213
2 17 11 4640
2 17 12 2898
2 17 13 1120
2 17 14 4037
2 17 15 1988
2 17 16 3962
2 17 17 0
2 17 18 2097
2 18 0 5394
2 18 1 8510
2 18 2 0
2 18 3 4370
2 18 4 1773
2 18 5 429
2 18 6 4785
2 18 7 2670
2 18 8 3336
2 18 9 4604
2 18 10 3238
2 18 11 3857
2 18 12 4673
2 18 13 3946
2 18 14 1184
2 18 15 3130
2 18 16 295
2 18 17 4289
2 18 18 0
3 0 0 0
3 0 1 5768
3 0 2 5063
3 0 3 0
3 0 4 8756
3 0 5 6802
3 0 6 4697
3 0 7 8235
3 0 8 7067
3 0 9 6620
3 0 10 7721
3 0 11 8058
3 0 12 8918
3 0 13 5602
3 0 14 9188
3 0 15 7273
3 0 16 8531
3 0 17 9626
3 0 18 6297
3 1 0 6396
3 1 1 0
3 1 2 7930
3 1 3 0
3 1 4 3938
3 1 5 5722
3 1 6 5485
3 1 7 5839
3 1 8 5583
3 1 9 8721
3 1 10 8188
3 1 11 5042
3 1 12 6710
3 1 13 6555
3 1 14 4041
3 1 15 8092
3 1 16 5636
3 1 17 7137
3 1 18 8721
3 2 0 5292
3 2 1 5939
3 2 2 0
3 2 3 0
3 2 4 4700
3 2 5 2892
3 2 6 550
3 2 7 4423
3 2 8 3818
3 2 9 1073
3 2 10 556
3 2 11 1761
3 2 12 286
3 2 13 4590
3 2 14 1511
3 2 15 279
3 2 16 5025
3 2 17 924
3 2 18 206
3 3 0 0
3 3 1 0
3 3 2 0
3 3 3 0
3 3 4 0
3 3 5 0
3 3 6 0
3 3 7 0
3 3 8 0
3 3 9 0
3 3 10 0
3 3 11 0
3 3 12 0
3 3 13 0
3 3 14 0
3 3 15 0
3 3 16 0
3 3 17 0
3 3 18 0
3 4 0 5791
3 4 1 1665
3 4 2 6193
3 4 3 0
3 4 4 0
3 4 5 8330
3 4 6 5047
3 4 7 8820
3 4 8 5065
3 4 9 8399
3 4 10 5474
3 4 11 7608
3 4 12 6428
3 4 13 5244
3 4 14 9301
3 4 15 6249
3 4 16 7308
3 4 17 5235
3 4 18 8642
3 5 0 6198
3 5 1 5810
3 5 2 6746
3 5 3 0
3 5 4 3267
3 5 5 0
3 5 6 5474
3 5 7 7889
3 5 8 4460
3 5 9 4093
3 5 10 7816
3 5 11 4671
3 5 12 4162
3 5 13 5536
3 5 14 4723
3 5 15 5331
3 5 16 4758
3 5 17 3509
3 5 18 5021
3 6 0 2355
3 6 1 3835
3 6 2 2666
3 6 3 0
3 6 4 1422
3 6 5 3937
3 6 6 0
3 6 7 3195
3 6 8 5537
3 6 9 4533
3 6 10 5014
3 6 11 5423
3 6 12 999
3 6 13 3899
3 6 14 1798
3 6 15 2485
3 6 16 2112
3 6 17 2117
3 6 18 4777
3 7 0 8462
3 7 1 6758
3 7 2 9108
3 7 3 0
3 7 4 6318
3 7 5 4356
3 7 6 5518
3 7 7 0
3 7 8 6316
3 7 9 7826
3 7 10 6938
3 7 11 7079
3 7 12 6034
3 7 13 7948
3 7 14 8945
3 7 15 6601
3 7 16 7890
3 7 17 8570
3 7 18 5386
3 8 0 3144
3 8 1 2352
3 8 2 4353
3 8 3 0
3 8 4 5483
3 8 5 3332
3 8 6 5024
3 8 7 2502
3 8 8 0
3 8 9 3440
3 8 10 2199
3 8 11 1925
3 8 12 1927
3 8 13 4802
3 8 14 3685
3 8 15 6738
3 8 16 6288
3 8 17 4796
3 8 18 3786
3 9 0 4221
3 9 1 7014
3 9 2 3132
3 9 3 0
3 9 4 6925
3 9 5 6267
3 9 6 4366
3 9 7 8721
3 9 8 7861
3 9 9 0
3 9 10 5647
3 9 11 7685
3 9 12 7676
3 9 13 5651
3 9 14 4935
3 9 15 7444
3 9 16 6382
3 9 17 8928
3 9 18 9068
3 10 0 6539
3 10 1 7698
3 10 2 3832
3 10 3 0
3 10 4 7207
3 10 5 3726
3 10 6 5113
3 10 7 4546
3 10 8 4016
3 10 9 4811
3 10 10 0
3 10 11 5826
3 10 12 4696
3 10 13 5442
3 10 14 3111
3 10 15 6271
3 10 16 5901
3 10 17 6931
3 10 18 4258
3 11 0 8310
3 11 1 5986
3 11 2 6471
3 11 3 0
3 11 4 9967
3 11 5 7855
3 11 6 7042
3 11 7 7092
3 11 8 5452
3 11 9 5923
3 11 10 9169
3 11 11 0
3 11 12 9551
3 11 13 8408
3 11 14 8899
3 11 15 6377
3 11 16 9263
3 11 17 5793
3 11 18 9823
3 12 0 5925
3 12 1 4409
3 12 2 1751
3 12 3 0
3 12 4 7427
3 12 5 3813
3 12 6 7179
3 12 7 6856
3 12 8 5463
3 12 9 3958
3 12 10 7007
3 12 11 6613
3 12 12 0
3 12 13 6324
3 12 14 4641
3 12 15 3938
3 12 16 4256
3 12 17 7657
3 12 18 5516
3 13 0 4627
3 13 1 6272
3 13 2 8073
3 13 3 0
3 13 4 7580
3 13 5 8776
3 13 6 8683
3 13 7 4359
3 13 8 6042
3 13 9 5194
3 13 10 4382
3 13 11 4638
3 13 12 7434
3 13 13 0
3 13 14 4674
3 13 15 8502
3 13 16 7833
3 13 17 6085
3 13 18 6214
3 14 0 9007
3 14 1 4552
3 14 2 5788
3 14 3 0
3 14 4 976
3 14 5 1670
3 14 6 4088
3 14 7 4348
3 14 8 1960
3 14 9 3181
3 14 10 2507
3 14 11 4931
3 14 12 3434
3 14 13 3682
3 14 14 0
3 14 15 1018
3 14 16 449
3 14 17 3986
3 14 18 2505
3 15 0 4964
3 15 1 6475
3 15 2 2428
3 15 3 0
3 15 4 7499
3 15 5 8923
3 15 6 6022
3 15 7 8475
3 15 8 8400
3 15 9 9644
3 15 10 5740
3 15 11 8731
3 15 12 9047
3 15 13 5740
3 15 14 9134
3 15 15 0
3 15 16 8328
3 15 17 7125
3 15 18 5618
3 16 0 6006
3 16 1 3803
3 16 2 6958
3 16 3 0
3 16 4 4962
3 16 5 5893
3 16 6 6568
3 16 7 5034
3 16 8 4894
3 16 9 2324
3 16 10 3315
3 16 11 1881
3 16 12 3173
3 16 13 3054
3 16 14 3144
3 16 15 3154
3 16 16 0
3 16 17 4251
3 16 18 4468
3 17 0 7986
3 17 1 6189
3 17 2 3742
3 17 3 0
3 17 4 4111
3 17 5 5861
3 17 6 3700
3 17 7 7888
3 17 8 5451
3 17 9 6195
3 17 10 5131
3 17 11 7558
3 17 12 5816
3 17 13 4038
3 17 14 6955
3 17 15 4906
3 17 16 6880
3 17 17 0
3 17 18 5015
3 18 0 6003
3 18 1 9119
3 18 2 4370
3 18 3 0
3 18 4 5138
3 18 5 3794
3 18 6 8150
3 18 7 6035
3 18 8 6701
3 18 9 7969
3 18 10 6603
3 18 11 7222
3 18 12 8038
3 18 13 7311
3 18 14 4549
3 18 15 6495
3 18 16 3660
3 18 17 7654
3 18 18 0
4 0 0 0
4 0 1 9025
4 0 2 8320
4 0 3 8756
4 0 4 0
4 0 5 6463
4 0 6 4358
4 0 7 7896
4 0 8 6728
4 0 9 6281
4 0 10 7382
4 0 11 7719
4 0 12 8579
4 0 13 5263
4 0 14 8849
4 0 15 6934
4 0 16 8192
4 0 17 9287
4 0 18 5958
4 1 0 2689
4 1 1 0
4 1 2 4223
4 1 3 3938
4 1 4 0
4 1 5 2134
4 1 6 1897
4 1 7 2251
4 1 8 1995
4 1 9 5133
4 1 10 4600
4 1 11 1454
4 1 12 3122
4 1 13 2967
4 1 14 453
4 1 15 4504
4 1 16 2048
4 1 17 3549
4 1 18 5133
4 2 0 8748
4 2 1 9395
4 2 2 0
4 2 3 4700
4 2 4 0
4 2 5 4721
4 2 6 2379
4 2 7 6252
4 2 8 5647
4 2 9 2902
4 2 10 2385
4 2 11 3590
4 2 12 2115
4 2 13 6419
4 2 14 3340
4 2 15 2108
4 2 16 6854
4 2 17 2753
4 2 18 2035
4 3 0 5535
4 3 1 8373
4 3 2 5738
4 3 3 0
4 3 4 0
4 3 5 4719
4 3 6 2214
4 3 7 5969
4 3 8 3434
4 3 9 5827
4 3 10 4713
4 3 11 6650
4 3 12 5045
4 3 13 5500
4 3 14 1831
4 3 15 6316
4 3 16 3384
4 3 17 5335
4 3 18 5064
4 4 0 0
4 4 1 0
4 4 2 0
4 4 3 0
4 4 4 0
4 4 5 0
4 4 6 0
4 4 7 0
4 4 8 0
4 4 9 0
4 4 10 0
4 4 11 0
4 4 12 0
4 4 13 0
4 4 14 0
4 4 15 0
4 4 16 0
4 4 17 0
4 4 18 0
4 5 0 2385
4 5 1 1997
4 5 2 2933
4 5 3 3267
4 5 4 0
4 5 5 0
4 5 6 6084
4 5 7 8499
4 5 8 5070
4 5 9 4703
4 5 10 8426
4 5 11 5281
4 5 12 4772
4 5 13 6146
4 5 14 5333
4 5 15 5941
4 5 16 5368
4 5 17 4119
4 5 18 5631
4 6 0 940
4 6 1 2420
4 6 2 1251
4 6 3 1422
4 6 4 0
4 6 5 3769
4 6 6 0
4 6 7 3027
4 6 8 5369
4 6 9 4365
4 6 10 4846
4 6 11 5255
4 6 12 831
4 6 13 3731
4 6 14 1630
4 6 15 2317
4 6 16 1944
4 6 17 1949
4 6 18 4609
4 7 0 5619
4 7 1 3915
4 7 2 6265
4 7 3 6318
4 7 4 0
4 7 5 4206
4 7 6 5368
4 7 7 0
4 7 8 6166
4 7 9 7676
4 7 10 6788
4 7 11 6929
4 7 12 5884
4 7 13 7798
4 7 14 8795
4 7 15 6451
4 7 16 7740
4 7 17 8420
4 7 18 5236
4 8 0 6151
4 8 1 5359
4 8 2 7360
4 8 3 5483
4 8 4 0
4 8 5 1962
4 8 6 3654
4 8 7 1132
4 8 8 0
4 8 9 2070
4 8 10 829
4 8 11 555
4 8 12 557
4 8 13 3432
4 8 14 2315
4 8 15 5368
4 8 16 4918
4 8 17 3426
4 8 18 2416
4 9 0 4753
4 9 1 7546
4 9 2 3664
4 9 3 6925
4 9 4 0
4 9 5 5838
4 9 6 3937
4 9 7 8292
4 9 8 7432
4 9 9 0
4 9 10 5218
4 9 11 7256
4 9 12 7247
4 9 13 5222
4 9 14 4506
4 9 15 7015
4 9 16 5953
4 9 17 8499
4 9 18 8639
4 10 0 7250
4 10 1 8409
4 10 2 4543
4 10 3 7207
4 10 4 0
4 10 5 1486
4 10 6 2873
4 10 7 2306
4 10 8 1776
4 10 9 2571
4 10 10 0
4 10 11 3586
4 10 12 2456
4 10 13 3202
4 10 14 871
4 10 15 4031
4 10 16 3661
4 10 17 4691
4 10 18 2018
4 11 0 8410
4 11 1 6086
4 11 2 6571
4 11 3 9967
4 11 4 0
4 11 5 5812
4 11 6 4999
4 11 7 5049
4 11 8 3409
4 11 9 3880
4 11 10 7126
4 11 11 0
4 11 12 7508
4 11 13 6365
4 11 14 6856
4 11 15 4334
4 11 16 7220
4 11 17 3750
4 11 18 7780
4 12 0 8335
4 12 1 6819
4 12 2 4161
4 12 3 7427
4 12 4 0
4 12 5 2195
4 12 6 5561
4 12 7 5238
4 12 8 3845
4 12 9 2340
4 12 10 5389
4 12 11 4995
4 12 12 0
4 12 13 4706
4 12 14 3023
4 12 15 2320
4 12 16 2638
4 12 17 6039
4 12 18 3898
4 13 0 4717
4 13 1 6362
4 13 2 8163
4 13 3 7580
4 13 4 0
4 13 5 5519
4 13 6 5426
4 13 7 1102
4 13 8 2785
4 13 9 1937
4 13 10 1125
4 13 11 1381
4 13 12 4177
4 13 13 0
4 13 14 1417
4 13 15 5245
4 13 16 4576
4 13 17 2828
4 13 18 2957
4 14 0 5368
4 14 1 913
4 14 2 2149
4 14 3 976
4 14 4 0
4 14 5 6139
4 14 6 8557
4 14 7 8817
4 14 8 6429
4 14 9 7650
4 14 10 6976
4 14 11 9400
4 14 12 7903
4 14 13 8151
4 14 14 0
4 14 15 5487
4 14 16 4918
4 14 17 8455
4 14 18 6974
4 15 0 5491
4 15 1 7002
4 15 2 2955
4 15 3 7499
4 15 4 0
4 15 5 5855
4 15 6 2954
4 15 7 5407
4 15 8 5332
4 15 9 6576
4 15 10 2672
4 15 11 5663
4 15 12 5979
4 15 13 2672
4 15 14 6066
4 15 15 0
4 15 16 5260
4 15 17 4057
4 15 18 2550
4 16 0 7144
4 16 1 4941
4 16 2 8096
4 16 3 4962
4 16 4 0
4 16 5 6816
4 16 6 7491
4 16 7 5957
4 16 8 5817
4 16 9 3247
4 16 10 4238
4 16 11 2804
4 16 12 4096
4 16 13 3977
4 16 14 4067
4 16 15 4077
4 16 16 0
4 16 17 5174
4 16 18 5391
4 17 0 5437
4 17 1 3640
4 17 2 1193
4 17 3 4111
4 17 4 0
4 17 5 2760
4 17 6 599
4 17 7 4787
4 17 8 2350
4 17 9 3094
4 17 10 2030
4 17 11 4457
4 17 12 2715
4 17 13 937
4 17 14 3854
4 17 15 1805
4 17 16 3779
4 17 17 0
4 17 18 1914
4 18 0 3406
4 18 1 6522
4 18 2 1773
4 18 3 5138
4 18 4 0
4 18 5 4371
4 18 6 8727
4 18 7 6612
4 18 8 7278
4 18 9 8546
4 18 10 7180
4 18 11 7799
4 18 12 8615
4 18 13 7888
4 18 14 5126
4 18 15 7072
4 18 16 4237
4 18 17 8231
4 18 18 0
5 0 0 0
5 0 1 7071
5 0 2 6366
5 0 3 6802
5 0 4 6463
5 0 5 0
5 0 6 1220
5 0 7 4758
5 0 8 3590
5 0 9 3143
5 0 10 4244
5 0 11 4581
5 0 12 5441
5 0 13 2125
5 0 14 5711
5 0 15 3796
5 0 16 5054
5 0 17 6149
5 0 18 2820
5 1 0 4473
5 1 1 0
5 1 2 6007
5 1 3 5722
5 1 4 2134
5 1 5 0
5 1 6 6025
5 1 7 6379
5 1 8 6123
5 1 9 9261
5 1 10 8728
5 1 11 5582
5 1 12 7250
5 1 13 7095
5 1 14 4581
5 1 15 8632
5 1 16 6176
5 1 17 7677
5 1 18 9261
5 2 0 6940
5 2 1 7587
5 2 2 0
5 2 3 2892
5 2 4 4721
5 2 5 0
5 2 6 4729
5 2 7 8602
5 2 8 7997
5 2 9 5252
5 2 10 4735
5 2 11 5940
5 2 12 4465
5 2 13 8769
5 2 14 5690
5 2 15 4458
5 2 16 9204
5 2 17 5103
5 2 18 4385
5 3 0 3929
5 3 1 6767
5 3 2 4132
5 3 3 0
5 3 4 4719
5 3 5 0
5 3 6 4575
5 3 7 8330
5 3 8 5795
5 3 9 8188
5 3 10 7074
5 3 11 9011
5 3 12 7406
5 3 13 7861
5 3 14 4192
5 3 15 8677
5 3 16 5745
5 3 17 7696
5 3 18 7425
5 4 0 7796
5 4 1 3670
5 4 2 8198
5 4 3 8330
5 4 4 0
5 4 5 0
5 4 6 594
5 4 7 4367
5 4 8 612
5 4 9 3946
5 4 10 1021
5 4 11 3155
5 4 12 1975
5 4 13 791
5 4 14 4848
5 4 15 1796
5 4 16 2855
5 4 17 782
5 4 18 4189
5 5 0 0
5 5 1 0
5 5 2 0
5 5 3 0
5 5 4 0
5 5 5 0
5 5 6 0
5 5 7 0
5 5 8 0
5 5 9 0
5 5 10 0
5 5 11 0
5 5 12 0
5 5 13 0
5 5 14 0
5 5 15 0
5 5 16 0
5 5 17 0
5 5 18 0
5 6 0 3455
5 6 1 4935
5 6 2 3766
5 6 3 3937
5 6 4 3769
5 6 5 0
5 6 6 0
5 6 7 5060
5 6 8 7402
5 6 9 6398
5 6 10 6879
5 6 11 7288
5 6 12 2864
5 6 13 5764
5 6 14 3663
5 6 15 4350
5 6 16 3977
5 6 17 3982
5 6 18 6642
5 7 0 3657
5 7 1 1953
5 7 2 4303
5 7 3 4356
5 7 4 4206
5 7 5 0
5 7 6 6043
5 7 7 0
5 7 8 6841
5 7 9 8351
5 7 10 7463
5 7 11 7604
5 7 12 6559
5 7 13 8473
5 7 14 9470
5 7 15 7126
5 7 16 8415
5 7 17 9095
5 7 18 5911
5 8 0 4000
5 8 1 3208
5 8 2 5209
5 8 3 3332
5 8 4 1962
5 8 5 0
5 8 6 4655
5 8 7 2133
5 8 8 0
5 8 9 3071
5 8 10 1830
5 8 11 1556
5 8 12 1558
5 8 13 4433
5 8 14 3316
5 8 15 6369
5 8 16 5919
5 8 17 4427
5 8 18 3417
5 9 0 4095
5 9 1 6888
5 9 2 3006
5 9 3 6267
5 9 4 5838
5 9 5 0
5 9 6 1237
5 9 7 5592
5 9 8 4732
5 9 9 0
5 9 10 2518
5 9 11 4556
5 9 12 4547
5 9 13 2522
5 9 14 1806
5 9 15 4315
5 9 16 3253
5 9 17 5799
5 9 18 5939
5 10 0 3769
5 10 1 4928
5 10 2 1062
5 10 3 3726
5 10 4 1486
5 10 5 0
5 10 6 6821
5 10 7 6254
5 10 8 5724
5 10 9 6519
5 10 10 0
5 10 11 7534
5 10 12 6404
5 10 13 7150
5 10 14 4819
5 10 15 7979
5 10 16 7609
5 10 17 8639
5 10 18 5966
5 11 0 6298
5 11 1 3974
5 11 2 4459
5 11 3 7855
5 11 4 5812
5 11 5 0
5 11 6 3668
5 11 7 3718
5 11 8 2078
5 11 9 2549
5 11 10 5795
5 11 11 0
5 11 12 6177
5 11 13 5034
5 11 14 5525
5 11 15 3003
5 11 16 5889
5 11 17 2419
5 11 18 6449
5 12 0 4721
5 12 1 3205
5 12 2 547
5 12 3 3813
5 12 4 2195
5 12 5 0
5 12 6 4901
5 12 7 4578
5 12 8 3185
5 12 9 1680
5 12 10 4729
5 12 11 4335
5 12 12 0
5 12 13 4046
5 12 14 2363
5 12 15 1660
5 12 16 1978
5 12 17 5379
5 12 18 3238
5 13 0 5913
5 13 1 7558
5 13 2 9359
5 13 3 8776
5 13 4 5519
5 13 5 0
5 13 6 7324
5 13 7 3000
5 13 8 4683
5 13 9 3835
5 13 10 3023
5 13 11 3279
5 13 12 6075
5 13 13 0
5 13 14 3315
5 13 15 7143
5 13 16 6474
5 13 17 4726
5 13 18 4855
5 14 0 6062
5 14 1 1607
5 14 2 2843
5 14 3 1670
5 14 4 6139
5 14 5 0
5 14 6 5585
5 14 7 5845
5 14 8 3457
5 14 9 4678
5 14 10 4004
5 14 11 6428
5 14 12 4931
5 14 13 5179
5 14 14 0
5 14 15 2515
5 14 16 1946
5 14 17 5483
5 14 18 4002
5 15 0 6915
5 15 1 8426
5 15 2 4379
5 15 3 8923
5 15 4 5855
5 15 5 0
5 15 6 3642
5 15 7 6095
5 15 8 6020
5 15 9 7264
5 15 10 3360
5 15 11 6351
5 15 12 6667
5 15 13 3360
5 15 14 6754
5 15 15 0
5 15 16 5948
5 15 17 4745
5 15 18 3238
5 16 0 8075
5 16 1 5872
5 16 2 9027
5 16 3 5893
5 16 4 6816
5 16 5 0
5 16 6 6547
5 16 7 5013
5 16 8 4873
5 16 9 2303
5 16 10 3294
5 16 11 1860
5 16 12 3152
5 16 13 3033
5 16 14 3123
5 16 15 3133
5 16 16 0
5 16 17 4230
5 16 18 4447
5 17 0 7187
5 17 1 5390
5 17 2 2943
5 17 3 5861
5 17 4 2760
5 17 5 0
5 17 6 479
5 17 7 4667
5 17 8 2230
5 17 9 2974
5 17 10 1910
5 17 11 4337
5 17 12 2595
5 17 13 817
5 17 14 3734
5 17 15 1685
5 17 16 3659
5 17 17 0
5 17 18 1794
5 18 0 2062
5 18 1 5178
5 18 2 429
5 18 3 3794
5 18 4 4371
5 18 5 0
5 18 6 6712
5 18 7 4597
5 18 8 5263
5 18 9 6531
5 18 10 5165
5 18 11 5784
5 18 12 6600
5 18 13 5873
5 18 14 3111
5 18 15 5057
5 18 16 2222
5 18 17 6216
5 18 18 0
6 0 0 0
6 0 1 4966
6 0 2 4261
6 0 3 4697
6 0 4 4358
6 0 5 1220
6 0 6 0
6 0 7 5682
6 0 8 4514
6 0 9 4067
6 0 10 5168
6 0 11 5505
6 0 12 6365
6 0 13 3049
6 0 14 6635
6 0 15 4720
6 0 16 5978
6 0 17 7073
6 0 18 3744
6 1 0 4236
6 1 1 0
6 1 2 5770
6 1 3 5485
6 1 4 1897
6 1 5 6025
6 1 6 0
6 1 7 3955
6 1 8 3699
6 1 9 6837
6 1 10 6304
6 1 11 3158
6 1 12 4826
6 1 13 4671
6 1 14 2157
6 1 15 6208
6 1 16 3752
6 1 17 5253
6 1 18 6837
6 2 0 4598
6 2 1 5245
6 2 2 0
6 2 3 550
6 2 4 2379
6 2 5 4729
6 2 6 0
6 2 7 8278
6 2 8 7673
6 2 9 4928
6 2 10 4411
6 2 11 5616
6 2 12 4141
6 2 13 8445
6 2 14 5366
6 2 15 4134
6 2 16 8880
6 2 17 4779
6 2 18 4061
6 3 0 1424
6 3 1 4262
6 3 2 1627
6 3 3 0
6 3 4 2214
6 3 5 4575
6 3 6 0
6 3 7 6592
6 3 8 4057
6 3 9 6450
6 3 10 5336
6 3 11 7273
6 3 12 5668
6 3 13 6123
6 3 14 2454
6 3 15 6939
6 3 16 4007
6 3 17 5958
6 3 18 5687
6 4 0 4513
6 4 1 387
6 4 2 4915
6 4 3 5047
6 4 4 0
6 4 5 594
6 4 6 0
6 4 7 5027
6 4 8 1272
6 4 9 4606
6 4 10 1681
6 4 11 3815
6 4 12 2635
6 4 13 1451
6 4 14 5508
6 4 15 2456
6 4 16 3515
6 4 17 1442
6 4 18 4849
6 5 0 4592
6 5 1 4204
6 5 2 5140
6 5 3 5474
6 5 4 6084
6 5 5 0
6 5 6 0
6 5 7 8217
6 5 8 4788
6 5 9 4421
6 5 10 8144
6 5 11 4999
6 5 12 4490
6 5 13 5864
6 5 14 5051
6 5 15 5659
6 5 16 5086
6 5 17 3837
6 5 18 5349
6 6 0 0
6 6 1 0
6 6 2 0
6 6 3 0
6 6 4 0
6 6 5 0
6 6 6 0
6 6 7 0
6 6 8 0
6 6 9 0
6 6 10 0
6 6 11 0
6 6 12 0
6 6 13 0
6 6 14 0
6 6 15 0
6 6 16 0
6 6 17 0
6 6 18 0
6 7 0 4819
6 7 1 3115
6 7 2 5465
6 7 3 5518
6 7 4 5368
6 7 5 6043
6 7 6 0
6 7 7 0
6 7 8 4652
6 7 9 6162
6 7 10 5274
6 7 11 5415
6 7 12 4370
6 7 13 6284
6 7 14 7281
6 7 15 4937
6 7 16 6226
6 7 17 6906
6 7 18 3722
6 8 0 5692
6 8 1 4900
6 8 2 6901
6 8 3 5024
6 8 4 3654
6 8 5 4655
6 8 6 0
6 8 7 5715
6 8 8 0
6 8 9 6653
6 8 10 5412
6 8 11 5138
6 8 12 5140
6 8 13 8015
6 8 14 6898
6 8 15 9951
6 8 16 9501
6 8 17 8009
6 8 18 6999
6 9 0 2194
6 9 1 4987
6 9 2 1105
6 9 3 4366
6 9 4 3937
6 9 5 1237
6 9 6 0
6 9 7 8537
6 9 8 7677
6 9 9 0
6 9 10 5463
6 9 11 7501
6 9 12 7492
6 9 13 5467
6 9 14 4751
6 9 15 7260
6 9 16 6198
6 9 17 8744
6 9 18 8884
6 10 0 5156
6 10 1 6315
6 10 2 2449
6 10 3 5113
6 10 4 2873
6 10 5 6821
6 10 6 0
6 10 7 5957
6 10 8 5427
6 10 9 6222
6 10 10 0
6 10 11 7237
6 10 12 6107
6 10 13 6853
6 10 14 4522
6 10 15 7682
6 10 16 7312
6 10 17 8342
6 10 18 5669
6 11 0 5485
6 11 1 3161
6 11 2 3646
6 11 3 7042
6 11 4 4999
6 11 5 3668
6 11 6 0
6 11 7 6975
6 11 8 5335
6 11 9 5806
6 11 10 9052
6 11 11 0
6 11 12 9434
6 11 13 8291
6 11 14 8782
6 11 15 6260
6 11 16 9146
6 11 17 5676
6 11 18 9706
6 12 0 8087
6 12 1 6571
6 12 2 3913
6 12 3 7179
6 12 4 5561
6 12 5 4901
6 12 6 0
6 12 7 3920
6 12 8 2527
6 12 9 1022
6 12 10 4071
6 12 11 3677
6 12 12 0
6 12 13 3388
6 12 14 1705
6 12 15 1002
6 12 16 1320
6 12 17 4721
6 12 18 2580
6 13 0 5820
6 13 1 7465
6 13 2 9266
6 13 3 8683
6 13 4 5426
6 13 5 7324
6 13 6 0
6 13 7 3868
6 13 8 5551
6 13 9 4703
6 13 10 3891
6 13 11 4147
6 13 12 6943
6 13 13 0
6 13 14 4183
6 13 15 8011
6 13 16 7342
6 13 17 5594
6 13 18 5723
6 14 0 8480
6 14 1 4025
6 14 2 5261
6 14 3 4088
6 14 4 8557
6 14 5 5585
6 14 6 0
6 14 7 5425
6 14 8 3037
6 14 9 4258
6 14 10 3584
6 14 11 6008
6 14 12 4511
6 14 13 4759
6 14 14 0
6 14 15 2095
6 14 16 1526
6 14 17 5063
6 14 18 3582
6 15 0 4014
6 15 1 5525
6 15 2 1478
6 15 3 6022
6 15 4 2954
6 15 5 3642
6 15 6 0
6 15 7 5754
6 15 8 5679
6 15 9 6923
6 15 10 3019
6 15 11 6010
6 15 12 6326
6 15 13 3019
6 15 14 6413
6 15 15 0
6 15 16 5607
6 15 17 4404
6 15 18 2897
6 16 0 8750
6 16 1 6547
6 16 2 9702
6 16 3 6568
6 16 4 7491
6 16 5 6547
6 16 6 0
6 16 7 4872
6 16 8 4732
6 16 9 2162
6 16 10 3153
6 16 11 1719
6 16 12 3011
6 16 13 2892
6 16 14 2982
6 16 15 2992
6 16 16 0
6 16 17 4089
6 16 18 4306
6 17 0 5026
6 17 1 3229
6 17 2 782
6 17 3 3700
6 17 4 599
6 17 5 479
6 17 6 0
6 17 7 5780
6 17 8 3343
6 17 9 4087
6 17 10 3023
6 17 11 5450
6 17 12 3708
6 17 13 1930
6 17 14 4847
6 17 15 2798
6 17 16 4772
6 17 17 0
6 17 18 2907
6 18 0 6418
6 18 1 9534
6 18 2 4785
6 18 3 8150
6 18 4 8727
6 18 5 6712
6 18 6 0
6 18 7 6858
6 18 8 7524
6 18 9 8792
6 18 10 7426
6 18 11 8045
6 18 12 8861
6 18 13 8134
6 18 14 5372
6 18 15 7318
6 18 16 4483
6 18 17 8477
6 18 18 0
7 0 0 0
7 0 1 8504
7 0 2 7799
7 0 3 8235
7 0 4 7896
7 0 5 4758
7 0 6 5682
7 0 7 0
7 0 8 4755
7 0 9 4308
7 0 10 5409
7 0 11 5746
7 0 12 6606
7 0 13 3290
7 0 14 6876
7 0 15 4961
7 0 16 6219
7 0 17 7314
7 0 18 3985
7 1 0 4590
7 1 1 0
7 1 2 6124
7 1 3 5839
7 1 4 2251
7 1 5 6379
7 1 6 3955
7 1 7 0
7 1 8 4937
7 1 9 8075
7 1 10 7542
7 1 11 4396
7 1 12 6064
7 1 13 5909
7 1 14 3395
7 1 15 7446
7 1 16 4990
7 1 17 6491
7 1 18 8075
7 2 0 8471
7 2 1 9118
7 2 2 0
7 2 3 4423
7 2 4 6252
7 2 5 8602
7 2 6 8278
7 2 7 0
7 2 8 3849
7 2 9 1104
7 2 10 587
7 2 11 1792
7 2 12 317
7 2 13 4621
7 2 14 1542
7 2 15 310
7 2 16 5056
7 2 17 955
7 2 18 237
7 3 0 5179
7 3 1 8017
7 3 2 5382
7 3 3 0
7 3 4 5969
7 3 5 8330
7 3 6 6592
7 3 7 0
7 3 8 6626
7 3 9 9019
7 3 10 7905
7 3 11 9842
7 3 12 8237
7 3 13 8692
7 3 14 5023
7 3 15 9508
7 3 16 6576
7 3 17 8527
7 3 18 8256
7 4 0 8286
7 4 1 4160
7 4 2 8688
7 4 3 8820
7 4 4 0
7 4 5 4367
7 4 6 5027
7 4 7 0
7 4 8 2413
7 4 9 5747
7 4 10 2822
7 4 11 4956
7 4 12 3776
7 4 13 2592
7 4 14 6649
7 4 15 3597
7 4 16 4656
7 4 17 2583
7 4 18 5990
7 5 0 7007
7 5 1 6619
7 5 2 7555
7 5 3 7889
7 5 4 8499
7 5 5 0
7 5 6 8217
7 5 7 0
7 5 8 1452
7 5 9 1085
7 5 10 4808
7 5 11 1663
7 5 12 1154
7 5 13 2528
7 5 14 1715
7 5 15 2323
7 5 16 1750
7 5 17 501
7 5 18 2013
7 6 0 2713
7 6 1 4193
7 6 2 3024
7 6 3 3195
7 6 4 3027
7 6 5 5060
7 6 6 0
7 6 7 0
7 6 8 6196
7 6 9 5192
7 6 10 5673
7 6 11 6082
7 6 12 1658
7 6 13 4558
7 6 14 2457
7 6 15 3144
7 6 16 2771
7 6 17 2776
7 6 18 5436
7 7 0 0
7 7 1 0
7 7 2 0
7 7 3 0
7 7 4 0
7 7 5 0
7 7 6 0
7 7 7 0
7 7 8 0
7 7 9 0
7 7 10 0
7 7 11 0
7 7 12 0
7 7 13 0
7 7 14 0
7 7 15 0
7 7 16 0
7 7 17 0
7 7 18 0
7 8 0 3170
7 8 1 2378
7 8 2 4379
7 8 3 2502
7 8 4 1132
7 8 5 2133
7 8 6 5715
7 8 7 0
7 8 8 0
7 8 9 3677
7 8 10 2436
7 8 11 2162
7 8 12 2164
7 8 13 5039
7 8 14 3922
7 8 15 6975
7 8 16 6525
7 8 17 5033
7 8 18 4023
7 9 0 6549
7 9 1 9342
7 9 2 5460
7 9 3 8721
7 9 4 8292
7 9 5 5592
7 9 6 8537
7 9 7 0
7 9 8 7215
7 9 9 0
7 9 10 5001
7 9 11 7039
7 9 12 7030
7 9 13 5005
7 9 14 4289
7 9 15 6798
7 9 16 5736
7 9 17 8282
7 9 18 8422
7 10 0 4589
7 10 1 5748
7 10 2 1882
7 10 3 4546
7 10 4 2306
7 10 5 6254
7 10 6 5957
7 10 7 0
7 10 8 3596
7 10 9 4391
7 10 10 0
7 10 11 5406
7 10 12 4276
7 10 13 5022
7 10 14 2691
7 10 15 5851
7 10 16 5481
7 10 17 6511
7 10 18 3838
7 11 0 5535
7 11 1 3211
7 11 2 3696
7 11 3 7092
7 11 4 5049
7 11 5 3718
7 11 6 6975
7 11 7 0
7 11 8 3236
7 11 9 3707
7 11 10 6953
7 11 11 0
7 11 12 7335
7 11 13 6192
7 11 14 6683
7 11 15 4161
7 11 16 7047
7 11 17 3577
7 11 18 7607
7 12 0 7764
7 12 1 6248
7 12 2 3590
7 12 3 6856
7 12 4 5238
7 12 5 4578
7 12 6 3920
7 12 7 0
7 12 8 3807
7 12 9 2302
7 12 10 5351
7 12 11 4957
7 12 12 0
7 12 13 4668
7 12 14 2985
7 12 15 2282
7 12 16 2600
7 12 17 6001
7 12 18 3860
7 13 0 1496
7 13 1 3141
7 13 2 4942
7 13 3 4359
7 13 4 1102
7 13 5 3000
7 13 6 3868
7 13 7 0
7 13 8 5845
7 13 9 4997
7 13 10 4185
7 13 11 4441
7 13 12 7237
7 13 13 0
7 13 14 4477
7 13 15 8305
7 13 16 7636
7 13 17 5888
7 13 18 6017
7 14 0 8740
7 14 1 4285
7 14 2 5521
7 14 3 4348
7 14 4 8817
7 14 5 5845
7 14 6 5425
7 14 7 0
7 14 8 6429
7 14 9 7650
7 14 10 6976
7 14 11 9400
7 14 12 7903
7 14 13 8151
7 14 14 0
7 14 15 5487
7 14 16 4918
7 14 17 8455
7 14 18 6974
7 15 0 6467
7 15 1 7978
7 15 2 3931
7 15 3 8475
7 15 4 5407
7 15 5 6095
7 15 6 5754
7 15 7 0
7 15 8 6040
7 15 9 7284
7 15 10 3380
7 15 11 6371
7 15 12 6687
7 15 13 3380
7 15 14 6774
7 15 15 0
7 15 16 5968
7 15 17 4765
7 15 18 3258
7 16 0 7216
7 16 1 5013
7 16 2 8168
7 16 3 5034
7 16 4 5957
7 16 5 5013
7 16 6 4872
7 16 7 0
7 16 8 6755
7 16 9 4185
7 16 10 5176
7 16 11 3742
7 16 12 5034
7 16 13 4915
7 16 14 5005
7 16 15 5015
7 16 16 0
7 16 17 6112
7 16 18 6329
7 17 0 9214
7 17 1 7417
7 17 2 4970
7 17 3 7888
7 17 4 4787
7 17 5 4667
7 17 6 5780
7 17 7 0
7 17 8 6041
7 17 9 6785
7 17 10 5721
7 17 11 8148
7 17 12 6406
7 17 13 4628
7 17 14 7545
7 17 15 5496
7 17 16 7470
7 17 17 0
7 17 18 5605
7 18 0 4303
7 18 1 7419
7 18 2 2670
7 18 3 6035
7 18 4 6612
7 18 5 4597
7 18 6 6858
7 18 7 0
7 18 8 4378
7 18 9 5646
7 18 10 4280
7 18 11 4899
7 18 12 5715
7 18 13 4988
7 18 14 2226
7 18 15 4172
7 18 16 1337
7 18 17 5331
7 18 18 0
8 0 0 0
8 0 1 7336
8 0 2 6631
8 0 3 7067
8 0 4 6728
8 0 5 3590
8 0 6 4514
8 0 7 4755
8 0 8 0
8 0 9 6431
8 0 10 7532
8 0 11 7869
8 0 12 8729
8 0 13 5413
8 0 14 8999
8 0 15 7084
8 0 16 8342
8 0 17 9437
8 0 18 6108
8 1 0 4334
8 1 1 0
8 1 2 5868
8 1 3 5583
8 1 4 1995
8 1 5 6123
8 1 6 3699
8 1 7 4937
8 1 8 0
8 1 9 7806
8 1 10 7273
8 1 11 4127
8 1 12 5795
8 1 13 5640
8 1 14 3126
8 1 15 7177
8 1 16 4721
8 1 17 6222
8 1 18 7806
8 2 0 7866
8 2 1 8513
8 2 2 0
8 2 3 3818
8 2 4 5647
8 2 5 7997
8 2 6 7673
8 2 7 3849
8 2 8 0
8 2 9 3963
8 2 10 3446
8 2 11 4651
8 2 12 3176
8 2 13 7480
8 2 14 4401
8 2 15 3169
8 2 16 7915
8 2 17 3814
8 2 18 3096
8 3 0 2644
8 3 1 5482
8 3 2 2847
8 3 3 0
8 3 4 3434
8 3 5 5795
8 3 6 4057
8 3 7 6626
8 3 8 0
8 3 9 4869
8 3 10 3755
8 3 11 5692
8 3 12 4087
8 3 13 4542
8 3 14 873
8 3 15 5358
8 3 16 2426
8 3 17 4377
8 3 18 4106
8 4 0 4531
8 4 1 405
8 4 2 4933
8 4 3 5065
8 4 4 0
8 4 5 612
8 4 6 1272
8 4 7 2413
8 4 8 0
8 4 9 7447
8 4 10 4522
8 4 11 6656
8 4 12 5476
8 4 13 4292
8 4 14 8349
8 4 15 5297
8 4 16 6356
8 4 17 4283
8 4 18 7690
8 5 0 3578
8 5 1 3190
8 5 2 4126
8 5 3 4460
8 5 4 5070
8 5 5 0
8 5 6 4788
8 5 7 1452
8 5 8 0
8 5 9 2596
8 5 10 6319
8 5 11 3174
8 5 12 2665
8 5 13 4039
8 5 14 3226
8 5 15 3834
8 5 16 3261
8 5 17 2012
8 5 18 3524
8 6 0 5055
8 6 1 6535
8 6 2 5366
8 6 3 5537
8 6 4 5369
8 6 5 7402
8 6 6 0
8 6 7 6196
8 6 8 0
8 6 9 7233
8 6 10 7714
8 6 11 8123
8 6 12 3699
8 6 13 6599
8 6 14 4498
8 6 15 5185
8 6 16 4812
8 6 17 4817
8 6 18 7477
8 7 0 5617
8 7 1 3913
8 7 2 6263
8 7 3 6316
8 7 4 6166
8 7 5 6841
8 7 6 4652
8 7 7 0
8 7 8 0
8 7 9 4249
8 7 10 3361
8 7 11 3502
8 7 12 2457
8 7 13 4371
8 7 14 5368
8 7 15 3024
8 7 16 4313
8 7 17 4993
8 7 18 1809
8 8 0 0
8 8 1 0
8 8 2 0
8 8 3 0
8 8 4 0
8 8 5 0
8 8 6 0
8 8 7 0
8 8 8 0
8 8 9 0
8 8 10 0
8 8 11 0
8 8 12 0
8 8 13 0
8 8 14 0
8 8 15 0
8 8 16 0
8 8 17 0
8 8 18 0
8 9 0 5689
8 9 1 8482
8 9 2 4600
8 9 3 7861
8 9 4 7432
8 9 5 4732
8 9 6 7677
8 9 7 7215
8 9 8 0
8 9 9 0
8 9 10 3150
8 9 11 5188
8 9 12 5179
8 9 13 3154
8 9 14 2438
8 9 15 4947
8 9 16 3885
8 9 17 6431
8 9 18 6571
8 10 0 4059
8 10 1 5218
8 10 2 1352
8 10 3 4016
8 10 4 1776
8 10 5 5724
8 10 6 5427
8 10 7 3596
8 10 8 0
8 10 9 2187
8 10 10 0
8 10 11 3202
8 10 12 2072
8 10 13 2818
8 10 14 487
8 10 15 3647
8 10 16 3277
8 10 17 4307
8 10 18 1634
8 11 0 3895
8 11 1 1571
8 11 2 2056
8 11 3 5452
8 11 4 3409
8 11 5 2078
8 11 6 5335
8 11 7 3236
8 11 8 0
8 11 9 1088
8 11 10 4334
8 11 11 0
8 11 12 4716
8 11 13 3573
8 11 14 4064
8 11 15 1542
8 11 16 4428
8 11 17 958
8 11 18 4988
8 12 0 6371
8 12 1 4855
8 12 2 2197
8 12 3 5463
8 12 4 3845
8 12 5 3185
8 12 6 2527
8 12 7 3807
8 12 8 0
8 12 9 730
8 12 10 3779
8 12 11 3385
8 12 12 0
8 12 13 3096
8 12 14 1413
8 12 15 710
8 12 16 1028
8 12 17 4429
8 12 18 2288
8 13 0 3179
8 13 1 4824
8 13 2 6625
8 13 3 6042
8 13 4 2785
8 13 5 4683
8 13 6 5551
8 13 7 5845
8 13 8 0
8 13 9 4386
8 13 10 3574
8 13 11 3830
8 13 12 6626
8 13 13 0
8 13 14 3866
8 13 15 7694
8 13 16 7025
8 13 17 5277
8 13 18 5406
8 14 0 6352
8 14 1 1897
8 14 2 3133
8 14 3 1960
8 14 4 6429
8 14 5 3457
8 14 6 3037
8 14 7 6429
8 14 8 0
8 14 9 4925
8 14 10 4251
8 14 11 6675
8 14 12 5178
8 14 13 5426
8 14 14 0
8 14 15 2762
8 14 16 2193
8 14 17 5730
8 14 18 4249
8 15 0 6392
8 15 1 7903
8 15 2 3856
8 15 3 8400
8 15 4 5332
8 15 5 6020
8 15 6 5679
8 15 7 6040
8 15 8 0
8 15 9 9956
8 15 10 6052
8 15 11 9043
8 15 12 9359
8 15 13 6052
8 15 14 9446
8 15 15 0
8 15 16 8640
8 15 17 7437
8 15 18 5930
8 16 0 7076
8 16 1 4873
8 16 2 8028
8 16 3 4894
8 16 4 5817
8 16 5 4873
8 16 6 4732
8 16 7 6755
8 16 8 0
8 16 9 5118
8 16 10 6109
8 16 11 4675
8 16 12 5967
8 16 13 5848
8 16 14 5938
8 16 15 5948
8 16 16 0
8 16 17 7045
8 16 18 7262
8 17 0 6777
8 17 1 4980
8 17 2 2533
8 17 3 5451
8 17 4 2350
8 17 5 2230
8 17 6 3343
8 17 7 6041
8 17 8 0
8 17 9 5546
8 17 10 4482
8 17 11 6909
8 17 12 5167
8 17 13 3389
8 17 14 6306
8 17 15 4257
8 17 16 6231
8 17 17 0
8 17 18 4366
8 18 0 4969
8 18 1 8085
8 18 2 3336
8 18 3 6701
8 18 4 7278
8 18 5 5263
8 18 6 7524
8 18 7 4378
8 18 8 0
8 18 9 6581
8 18 10 5215
8 18 11 5834
8 18 12 6650
8 18 13 5923
8 18 14 3161
8 18 15 5107
8 18 16 2272
8 18 17 6266
8 18 18 0
9 0 0 0
9 0 1 6889
9 0 2 6184
9 0 3 6620
9 0 4 6281
9 0 5 3143
9 0 6 4067
9 0 7 4308
9 0 8 6431
9 0 9 0
9 0 10 5321
9 0 11 5658
9 0 12 6518
9 0 13 3202
9 0 14 6788
9 0 15 4873
9 0 16 6131
9 0 17 7226
9 0 18 3897
9 1 0 7472
9 1 1 0
9 1 2 9006
9 1 3 8721
9 1 4 5133
9 1 5 9261
9 1 6 6837
9 1 7 8075
9 1 8 7806
9 1 9 0
9 1 10 5991
9 1 11 2845
9 1 12 4513
9 1 13 4358
9 1 14 1844
9 1 15 5895
9 1 16 3439
9 1 17 4940
9 1 18 6524
9 2 0 5121
9 2 1 5768
9 2 2 0
9 2 3 1073
9 2 4 2902
9 2 5 5252
9 2 6 4928
9 2 7 1104
9 2 8 3963
9 2 9 0
9 2 10 5077
9 2 11 6282
9 2 12 4807
9 2 13 9111
9 2 14 6032
9 2 15 4800
9 2 16 9546
9 2 17 5445
9 2 18 4727
9 3 0 5037
9 3 1 7875
9 3 2 5240
9 3 3 0
9 3 4 5827
9 3 5 8188
9 3 6 6450
9 3 7 9019
9 3 8 4869
9 3 9 0
9 3 10 5279
9 3 11 7216
9 3 12 5611
9 3 13 6066
9 3 14 2397
9 3 15 6882
9 3 16 3950
9 3 17 5901
9 3 18 5630
9 4 0 7865
9 4 1 3739
9 4 2 8267
9 4 3 8399
9 4 4 0
9 4 5 3946
9 4 6 4606
9 4 7 5747
9 4 8 7447
9 4 9 0
9 4 10 3571
9 4 11 5705
9 4 12 4525
9 4 13 3341
9 4 14 7398
9 4 15 4346
9 4 16 5405
9 4 17 3332
9 4 18 6739
9 5 0 3211
9 5 1 2823
9 5 2 3759
9 5 3 4093
9 5 4 4703
9 5 5 0
9 5 6 4421
9 5 7 1085
9 5 8 2596
9 5 9 0
9 5 10 6861
9 5 11 3716
9 5 12 3207
9 5 13 4581
9 5 14 3768
9 5 15 4376
9 5 16 3803
9 5 17 2554
9 5 18 4066
9 6 0 4051
9 6 1 5531
9 6 2 4362
9 6 3 4533
9 6 4 4365
9 6 5 6398
9 6 6 0
9 6 7 5192
9 6 8 7233
9 6 9 0
9 6 10 4663
9 6 11 5072
9 6 12 648
9 6 13 3548
9 6 14 1447
9 6 15 2134
9 6 16 1761
9 6 17 1766
9 6 18 4426
9 7 0 7127
9 7 1 5423
9 7 2 7773
9 7 3 7826
9 7 4 7676
9 7 5 8351
9 7 6 6162
9 7 7 0
9 7 8 4249
9 7 9 0
9 7 10 7187
9 7 11 7328
9 7 12 6283
9 7 13 8197
9 7 14 9194
9 7 15 6850
9 7 16 8139
9 7 17 8819
9 7 18 5635
9 8 0 4108
9 8 1 3316
9 8 2 5317
9 8 3 3440
9 8 4 2070
9 8 5 3071
9 8 6 6653
9 8 7 3677
9 8 8 0
9 8 9 0
9 8 10 4123
9 8 11 3849
9 8 12 3851
9 8 13 6726
9 8 14 5609
9 8 15 8662
9 8 16 8212
9 8 17 6720
9 8 18 5710
9 9 0 0
9 9 1 0
9 9 2 0
9 9 3 0
9 9 4 0
9 9 5 0
9 9 6 0
9 9 7 0
9 9 8 0
9 9 9 0
9 9 10 0
9 9 11 0
9 9 12 0
9 9 13 0
9 9 14 0
9 9 15 0
9 9 16 0
9 9 17 0
9 9 18 0
9 10 0 4854
9 10 1 6013
9 10 2 2147
9 10 3 4811
9 10 4 2571
9 10 5 6519
9 10 6 6222
9 10 7 4391
9 10 8 2187
9 10 9 0
9 10 10 0
9 10 11 4257
9 10 12 3127
9 10 13 3873
9 10 14 1542
9 10 15 4702
9 10 16 4332
9 10 17 5362
9 10 18 2689
9 11 0 4366
9 11 1 2042
9 11 2 2527
9 11 3 5923
9 11 4 3880
9 11 5 2549
9 11 6 5806
9 11 7 3707
9 11 8 1088
9 11 9 0
9 11 10 7701
9 11 11 0
9 11 12 8083
9 11 13 6940
9 11 14 7431
9 11 15 4909
9 11 16 7795
9 11 17 4325
9 11 18 8355
9 12 0 4866
9 12 1 3350
9 12 2 692
9 12 3 3958
9 12 4 2340
9 12 5 1680
9 12 6 1022
9 12 7 2302
9 12 8 730
9 12 9 0
9 12 10 7135
9 12 11 6741
9 12 12 0
9 12 13 6452
9 12 14 4769
9 12 15 4066
9 12 16 4384
9 12 17 7785
9 12 18 5644
9 13 0 2331
9 13 1 3976
9 13 2 5777
9 13 3 5194
9 13 4 1937
9 13 5 3835
9 13 6 4703
9 13 7 4997
9 13 8 4386
9 13 9 0
9 13 10 2030
9 13 11 2286
9 13 12 5082
9 13 13 0
9 13 14 2322
9 13 15 6150
9 13 16 5481
9 13 17 3733
9 13 18 3862
9 14 0 7573
9 14 1 3118
9 14 2 4354
9 14 3 3181
9 14 4 7650
9 14 5 4678
9 14 6 4258
9 14 7 7650
9 14 8 4925
9 14 9 0
9 14 10 3108
9 14 11 5532
9 14 12 4035
9 14 13 4283
9 14 14 0
9 14 15 1619
9 14 16 1050
9 14 17 4587
9 14 18 3106
9 15 0 7636
9 15 1 9147
9 15 2 5100
9 15 3 9644
9 15 4 6576
9 15 5 7264
9 15 6 6923
9 15 7 7284
9 15 8 9956
9 15 9 0
9 15 10 4365
9 15 11 7356
9 15 12 7672
9 15 13 4365
9 15 14 7759
9 15 15 0
9 15 16 6953
9 15 17 5750
9 15 18 4243
9 16 0 4506
9 16 1 2303
9 16 2 5458
9 16 3 2324
9 16 4 3247
9 16 5 2303
9 16 6 2162
9 16 7 4185
9 16 8 5118
9 16 9 0
9 16 10 3810
9 16 11 2376
9 16 12 3668
9 16 13 3549
9 16 14 3639
9 16 15 3649
9 16 16 0
9 16 17 4746
9 16 18 4963
9 17 0 7521
9 17 1 5724
9 17 2 3277
9 17 3 6195
9 17 4 3094
9 17 5 2974
9 17 6 4087
9 17 7 6785
9 17 8 5546
9 17 9 0
9 17 10 6221
9 17 11 8648
9 17 12 6906
9 17 13 5128
9 17 14 8045
9 17 15 5996
9 17 16 7970
9 17 17 0
9 17 18 6105
9 18 0 6237
9 18 1 9353
9 18 2 4604
9 18 3 7969
9 18 4 8546
9 18 5 6531
9 18 6 8792
9 18 7 5646
9 18 8 6581
9 18 9 0
9 18 10 8104
9 18 11 8723
9 18 12 9539
9 18 13 8812
9 18 14 6050
9 18 15 7996
9 18 16 5161
9 18 17 9155
9 18 18 0
10 0 0 0
10 0 1 7990
10 0 2 7285
10 0 3 7721
10 0 4 7382
10 0 5 4244
10 0 6 5168
10 0 7 5409
10 0 8 7532
10 0 9 5321
10 0 10 0
10 0 11 6774
10 0 12 7634
10 0 13 4318
10 0 14 7904
10 0 15 5989
10 0 16 7247
10 0 17 8342
10 0 18 5013
10 1 0 6939
10 1 1 0
10 1 2 8473
10 1 3 8188
10 1 4 4600
10 1 5 8728
10 1 6 6304
10 1 7 7542
10 1 8 7273
10 1 9 5991
10 1 10 0
10 1 11 5599
10 1 12 7267
10 1 13 7112
10 1 14 4598
10 1 15 8649
10 1 16 6193
10 1 17 7694
10 1 18 9278
10 2 0 4604
10 2 1 5251
10 2 2 0
10 2 3 556
10 2 4 2385
10 2 5 4735
10 2 6 4411
10 2 7 587
10 2 8 3446
10 2 9 5077
10 2 10 0
10 2 11 5104
10 2 12 3629
10 2 13 7933
10 2 14 4854
10 2 15 3622
10 2 16 8368
10 2 17 4267
10 2 18 3549
10 3 0 3923
10 3 1 6761
10 3 2 4126
10 3 3 0
10 3 4 4713
10 3 5 7074
10 3 6 5336
10 3 7 7905
10 3 8 3755
10 3 9 5279
10 3 10 0
10 3 11 8433
10 3 12 6828
10 3 13 7283
10 3 14 3614
10 3 15 8099
10 3 16 5167
10 3 17 7118
10 3 18 6847
10 4 0 4940
10 4 1 814
10 4 2 5342
10 4 3 5474
10 4 4 0
10 4 5 1021
10 4 6 1681
10 4 7 2822
10 4 8 4522
10 4 9 3571
10 4 10 0
10 4 11 7101
10 4 12 5921
10 4 13 4737
10 4 14 8794
10 4 15 5742
10 4 16 6801
10 4 17 4728
10 4 18 8135
10 5 0 6934
10 5 1 6546
10 5 2 7482
10 5 3 7816
10 5 4 8426
10 5 5 0
10 5 6 8144
10 5 7 4808
10 5 8 6319
10 5 9 6861
10 5 10 0
10 5 11 2289
10 5 12 1780
10 5 13 3154
10 5 14 2341
10 5 15 2949
10 5 16 2376
10 5 17 1127
10 5 18 2639
10 6 0 4532
10 6 1 6012
10 6 2 4843
10 6 3 5014
10 6 4 4846
10 6 5 6879
10 6 6 0
10 6 7 5673
10 6 8 7714
10 6 9 4663
10 6 10 0
10 6 11 6933
10 6 12 2509
10 6 13 5409
10 6 14 3308
10 6 15 3995
10 6 16 3622
10 6 17 3627
10 6 18 6287
10 7 0 6239
10 7 1 4535
10 7 2 6885
10 7 3 6938
10 7 4 6788
10 7 5 7463
10 7 6 5274
10 7 7 0
10 7 8 3361
10 7 9 7187
10 7 10 0
10 7 11 4267
10 7 12 3222
10 7 13 5136
10 7 14 6133
10 7 15 3789
10 7 16 5078
10 7 17 5758
10 7 18 2574
10 8 0 2867
10 8 1 2075
10 8 2 4076
10 8 3 2199
10 8 4 829
10 8 5 1830
10 8 6 5412
10 8 7 2436
10 8 8 0
10 8 9 4123
10 8 10 0
10 8 11 1118
10 8 12 1120
10 8 13 3995
10 8 14 2878
10 8 15 5931
10 8 16 5481
10 8 17 3989
10 8 18 2979
10 9 0 3475
10 9 1 6268
10 9 2 2386
10 9 3 5647
10 9 4 5218
10 9 5 2518
10 9 6 5463
10 9 7 5001
10 9 8 3150
10 9 9 0
10 9 10 0
10 9 11 5280
10 9 12 5271
10 9 13 3246
10 9 14 2530
10 9 15 5039
10 9 16 3977
10 9 17 6523
10 9 18 6663
10 10 0 0
10 10 1 0
10 10 2 0
10 10 3 0
10 10 4 0
10 10 5 0
10 10 6 0
10 10 7 0
10 10 8 0
10 10 9 0
10 10 10 0
10 10 11 0
10 10 12 0
10 10 13 0
10 10 14 0
10 10 15 0
10 10 16 0
10 10 17 0
10 10 18 0
10 11 0 7612
10 11 1 5288
10 11 2 5773
10 11 3 9169
10 11 4 7126
10 11 5 5795
10 11 6 9052
10 11 7 6953
10 11 8 4334
10 11 9 7701
10 11 10 0
10 11 11 0
10 11 12 7338
10 11 13 6195
10 11 14 6686
10 11 15 4164
10 11 16 7050
10 11 17 3580
10 11 18 7610
10 12 0 7915
10 12 1 6399
10 12 2 3741
10 12 3 7007
10 12 4 5389
10 12 5 4729
10 12 6 4071
10 12 7 5351
10 12 8 3779
10 12 9 7135
10 12 10 0
10 12 11 4875
10 12 12 0
10 12 13 4586
10 12 14 2903
10 12 15 2200
10 12 16 2518
10 12 17 5919
10 12 18 3778
10 13 0 1519
10 13 1 3164
10 13 2 4965
10 13 3 4382
10 13 4 1125
10 13 5 3023
10 13 6 3891
10 13 7 4185
10 13 8 3574
10 13 9 2030
10 13 10 0
10 13 11 3191
10 13 12 5987
10 13 13 0
10 13 14 3227
10 13 15 7055
10 13 16 6386
10 13 17 4638
10 13 18 4767
10 14 0 6899
10 14 1 2444
10 14 2 3680
10 14 3 2507
10 14 4 6976
10 14 5 4004
10 14 6 3584
10 14 7 6976
10 14 8 4251
10 14 9 3108
10 14 10 0
10 14 11 4822
10 14 12 3325
10 14 13 3573
10 14 14 0
10 14 15 909
10 14 16 340
10 14 17 3877
10 14 18 2396
10 15 0 3732
10 15 1 5243
10 15 2 1196
10 15 3 5740
10 15 4 2672
10 15 5 3360
10 15 6 3019
10 15 7 3380
10 15 8 6052
10 15 9 4365
10 15 10 0
10 15 11 7297
10 15 12 7613
10 15 13 4306
10 15 14 7700
10 15 15 0
10 15 16 6894
10 15 17 5691
10 15 18 4184
10 16 0 5497
10 16 1 3294
10 16 2 6449
10 16 3 3315
10 16 4 4238
10 16 5 3294
10 16 6 3153
10 16 7 5176
10 16 8 6109
10 16 9 3810
10 16 10 0
10 16 11 3009
10 16 12 4301
10 16 13 4182
10 16 14 4272
10 16 15 4282
10 16 16 0
10 16 17 5379
10 16 18 5596
10 17 0 6457
10 17 1 4660
10 17 2 2213
10 17 3 5131
10 17 4 2030
10 17 5 1910
10 17 6 3023
10 17 7 5721
10 17 8 4482
10 17 9 6221
10 17 10 0
10 17 11 7765
10 17 12 6023
10 17 13 4245
10 17 14 7162
10 17 15 5113
10 17 16 7087
10 17 17 0
10 17 18 5222
10 18 0 4871
10 18 1 7987
10 18 2 3238
10 18 3 6603
10 18 4 7180
10 18 5 5165
10 18 6 7426
10 18 7 4280
10 18 8 5215
10 18 9 8104
10 18 10 0
10 18 11 5027
10 18 12 5843
10 18 13 5116
10 18 14 2354
10 18 15 4300
10 18 16 1465
10 18 17 5459
10 18 18 0
11 0 0 0
11 0 1 8327
11 0 2 7622
11 0 3 8058
11 0 4 7719
11 0 5 4581
11 0 6 5505
11 0 7 5746
11 0 8 7869
11 0 9 5658
11 0 10 6774
11 0 11 0
11 0 12 5558
11 0 13 2242
11 0 14 5828
11 0 15 3913
11 0 16 5171
11 0 17 6266
11 0 18 2937
11 1 0 3793
11 1 1 0
11 1 2 5327
11 1 3 5042
11 1 4 1454
11 1 5 5582
11 1 6 3158
11 1 7 4396
11 1 8 4127
11 1 9 2845
11 1 10 5599
11 1 11 0
11 1 12 7721
11 1 13 7566
11 1 14 5052
11 1 15 9103
11 1 16 6647
11 1 17 8148
11 1 18 9732
11 2 0 5809
11 2 1 6456
11 2 2 0
11 2 3 1761
11 2 4 3590
11 2 5 5940
11 2 6 5616
11 2 7 1792
11 2 8 4651
11 2 9 6282
11 2 10 5104
11 2 11 0
11 2 12 2451
11 2 13 6755
11 2 14 3676
11 2 15 2444
11 2 16 7190
11 2 17 3089
11 2 18 2371
11 3 0 5860
11 3 1 8698
11 3 2 6063
11 3 3 0
11 3 4 6650
11 3 5 9011
11 3 6 7273
11 3 7 9842
11 3 8 5692
11 3 9 7216
11 3 10 8433
11 3 11 0
11 3 12 8262
11 3 13 8717
11 3 14 5048
11 3 15 9533
11 3 16 6601
11 3 17 8552
11 3 18 8281
11 4 0 7074
11 4 1 2948
11 4 2 7476
11 4 3 7608
11 4 4 0
11 4 5 3155
11 4 6 3815
11 4 7 4956
11 4 8 6656
11 4 9 5705
11 4 10 7101
11 4 11 0
11 4 12 6744
11 4 13 5560
11 4 14 9617
11 4 15 6565
11 4 16 7624
11 4 17 5551
11 4 18 8958
11 5 0 3789
11 5 1 3401
11 5 2 4337
11 5 3 4671
11 5 4 5281
11 5 5 0
11 5 6 4999
11 5 7 1663
11 5 8 3174
11 5 9 3716
11 5 10 2289
11 5 11 0
11 5 12 3972
11 5 13 5346
11 5 14 4533
11 5 15 5141
11 5 16 4568
11 5 17 3319
11 5 18 4831
11 6 0 4941
11 6 1 6421
11 6 2 5252
11 6 3 5423
11 6 4 5255
11 6 5 7288
11 6 6 0
11 6 7 6082
11 6 8 8123
11 6 9 5072
11 6 10 6933
11 6 11 0
11 6 12 2501
11 6 13 5401
11 6 14 3300
11 6 15 3987
11 6 16 3614
11 6 17 3619
11 6 18 6279
11 7 0 6380
11 7 1 4676
11 7 2 7026
11 7 3 7079
11 7 4 6929
11 7 5 7604
11 7 6 5415
11 7 7 0
11 7 8 3502
11 7 9 7328
11 7 10 4267
11 7 11 0
11 7 12 3831
11 7 13 5745
11 7 14 6742
11 7 15 4398
11 7 16 5687
11 7 17 6367
11 7 18 3183
11 8 0 2593
11 8 1 1801
11 8 2 3802
11 8 3 1925
11 8 4 555
11 8 5 1556
11 8 6 5138
11 8 7 2162
11 8 8 0
11 8 9 3849
11 8 10 1118
11 8 11 0
11 8 12 619
11 8 13 3494
11 8 14 2377
11 8 15 5430
11 8 16 4980
11 8 17 3488
11 8 18 2478
11 9 0 5513
11 9 1 8306
11 9 2 4424
11 9 3 7685
11 9 4 7256
11 9 5 4556
11 9 6 7501
11 9 7 7039
11 9 8 5188
11 9 9 0
11 9 10 5280
11 9 11 0
11 9 12 4446
11 9 13 2421
11 9 14 1705
11 9 15 4214
11 9 16 3152
11 9 17 5698
11 9 18 5838
11 10 0 5869
11 10 1 7028
11 10 2 3162
11 10 3 5826
11 10 4 3586
11 10 5 7534
11 10 6 7237
11 10 7 5406
11 10 8 3202
11 10 9 4257
11 10 10 0
11 10 11 0
11 10 12 5826
11 10 13 6572
11 10 14 4241
11 10 15 7401
11 10 16 7031
11 10 17 8061
11 10 18 5388
11 11 0 0
11 11 1 0
11 11 2 0
11 11 3 0
11 11 4 0
11 11 5 0
11 11 6 0
11 11 7 0
11 11 8 0
11 11 9 0
11 11 10 0
11 11 11 0
11 11 12 0
11 11 13 0
11 11 14 0
11 11 15 0
11 11 16 0
11 11 17 0
11 11 18 0
11 12 0 7521
11 12 1 6005
11 12 2 3347
11 12 3 6613
11 12 4 4995
11 12 5 4335
11 12 6 3677
11 12 7 4957
11 12 8 3385
11 12 9 6741
11 12 10 4875
11 12 11 0
11 12 12 0
11 12 13 7504
11 12 14 5821
11 12 15 5118
11 12 16 5436
11 12 17 8837
11 12 18 6696
11 13 0 1775
11 13 1 3420
11 13 2 5221
11 13 3 4638
11 13 4 1381
11 13 5 3279
11 13 6 4147
11 13 7 4441
11 13 8 3830
11 13 9 2286
11 13 10 3191
11 13 11 0
11 13 12 7016
11 13 13 0
11 13 14 4256
11 13 15 8084
11 13 16 7415
11 13 17 5667
11 13 18 5796
11 14 0 9323
11 14 1 4868
11 14 2 6104
11 14 3 4931
11 14 4 9400
11 14 5 6428
11 14 6 6008
11 14 7 9400
11 14 8 6675
11 14 9 5532
11 14 10 4822
11 14 11 0
11 14 12 7176
11 14 13 7424
11 14 14 0
11 14 15 4760
11 14 16 4191
11 14 17 7728
11 14 18 6247
11 15 0 6723
11 15 1 8234
11 15 2 4187
11 15 3 8731
11 15 4 5663
11 15 5 6351
11 15 6 6010
11 15 7 6371
11 15 8 9043
11 15 9 7356
11 15 10 7297
11 15 11 0
11 15 12 5782
11 15 13 2475
11 15 14 5869
11 15 15 0
11 15 16 5063
11 15 17 3860
11 15 18 2353
11 16 0 4063
11 16 1 1860
11 16 2 5015
11 16 3 1881
11 16 4 2804
11 16 5 1860
11 16 6 1719
11 16 7 3742
11 16 8 4675
11 16 9 2376
11 16 10 3009
11 16 11 0
11 16 12 5726
11 16 13 5607
11 16 14 5697
11 16 15 5707
11 16 16 0
11 16 17 6804
11 16 18 7021
11 17 0 8884
11 17 1 7087
11 17 2 4640
11 17 3 7558
11 17 4 4457
11 17 5 4337
11 17 6 5450
11 17 7 8148
11 17 8 6909
11 17 9 8648
11 17 10 7765
11 17 11 0
11 17 12 2948
11 17 13 1170
11 17 14 4087
11 17 15 2038
11 17 16 4012
11 17 17 0
11 17 18 2147
11 18 0 5490
11 18 1 8606
11 18 2 3857
11 18 3 7222
11 18 4 7799
11 18 5 5784
11 18 6 8045
11 18 7 4899
11 18 8 5834
11 18 9 8723
11 18 10 5027
11 18 11 0
11 18 12 9471
11 18 13 8744
11 18 14 5982
11 18 15 7928
11 18 16 5093
11 18 17 9087
11 18 18 0
12 0 0 0
12 0 1 9187
12 0 2 8482
12 0 3 8918
12 0 4 8579
12 0 5 5441
12 0 6 6365
12 0 7 6606
12 0 8 8729
12 0 9 6518
12 0 10 7634
12 0 11 5558
12 0 12 0
12 0 13 4329
12 0 14 7915
12 0 15 6000
12 0 16 7258
12 0 17 8353
12 0 18 5024
12 1 0 5461
12 1 1 0
12 1 2 6995
12 1 3 6710
12 1 4 3122
12 1 5 7250
12 1 6 4826
12 1 7 6064
12 1 8 5795
12 1 9 4513
12 1 10 7267
12 1 11 7721
12 1 12 0
12 1 13 5734
12 1 14 3220
12 1 15 7271
12 1 16 4815
12 1 17 6316
12 1 18 7900
12 2 0 4334
12 2 1 4981
12 2 2 0
12 2 3 286
12 2 4 2115
12 2 5 4465
12 2 6 4141
12 2 7 317
12 2 8 3176
12 2 9 4807
12 2 10 3629
12 2 11 2451
12 2 12 0
12 2 13 5539
12 2 14 2460
12 2 15 1228
12 2 16 5974
12 2 17 1873
12 2 18 1155
12 3 0 4255
12 3 1 7093
12 3 2 4458
12 3 3 0
12 3 4 5045
12 3 5 7406
12 3 6 5668
12 3 7 8237
12 3 8 4087
12 3 9 5611
12 3 10 6828
12 3 11 8262
12 3 12 0
12 3 13 5472
12 3 14 1803
12 3 15 6288
12 3 16 3356
12 3 17 5307
12 3 18 5036
12 4 0 5894
12 4 1 1768
12 4 2 6296
12 4 3 6428
12 4 4 0
12 4 5 1975
12 4 6 2635
12 4 7 3776
12 4 8 5476
12 4 9 4525
12 4 10 5921
12 4 11 6744
12 4 12 0
12 4 13 4625
12 4 14 8682
12 4 15 5630
12 4 16 6689
12 4 17 4616
12 4 18 8023
12 5 0 3280
12 5 1 2892
12 5 2 3828
12 5 3 4162
12 5 4 4772
12 5 5 0
12 5 6 4490
12 5 7 1154
12 5 8 2665
12 5 9 3207
12 5 10 1780
12 5 11 3972
12 5 12 0
12 5 13 2909
12 5 14 2096
12 5 15 2704
12 5 16 2131
12 5 17 882
12 5 18 2394
12 6 0 517
12 6 1 1997
12 6 2 828
12 6 3 999
12 6 4 831
12 6 5 2864
12 6 6 0
12 6 7 1658
12 6 8 3699
12 6 9 648
12 6 10 2509
12 6 11 2501
12 6 12 0
12 6 13 7143
12 6 14 5042
12 6 15 5729
12 6 16 5356
12 6 17 5361
12 6 18 8021
12 7 0 5335
12 7 1 3631
12 7 2 5981
12 7 3 6034
12 7 4 5884
12 7 5 6559
12 7 6 4370
12 7 7 0
12 7 8 2457
12 7 9 6283
12 7 10 3222
12 7 11 3831
12 7 12 0
12 7 13 7114
12 7 14 8111
12 7 15 5767
12 7 16 7056
12 7 17 7736
12 7 18 4552
12 8 0 2595
12 8 1 1803
12 8 2 3804
12 8 3 1927
12 8 4 557
12 8 5 1558
12 8 6 5140
12 8 7 2164
12 8 8 0
12 8 9 3851
12 8 10 1120
12 8 11 619
12 8 12 0
12 8 13 5110
12 8 14 3993
12 8 15 7046
12 8 16 6596
12 8 17 5104
12 8 18 4094
12 9 0 5504
12 9 1 8297
12 9 2 4415
12 9 3 7676
12 9 4 7247
12 9 5 4547
12 9 6 7492
12 9 7 7030
12 9 8 5179
12 9 9 0
12 9 10 5271
12 9 11 4446
12 9 12 0
12 9 13 2061
12 9 14 1345
12 9 15 3854
12 9 16 2792
12 9 17 5338
12 9 18 5478
12 10 0 4739
12 10 1 5898
12 10 2 2032
12 10 3 4696
12 10 4 2456
12 10 5 6404
12 10 6 6107
12 10 7 4276
12 10 8 2072
12 10 9 3127
12 10 10 0
12 10 11 5826
12 10 12 0
12 10 13 6015
12 10 14 3684
12 10 15 6844
12 10 16 6474
12 10 17 7504
12 10 18 4831
12 11 0 7994
12 11 1 5670
12 11 2 6155
12 11 3 9551
12 11 4 7508
12 11 5 6177
12 11 6 9434
12 11 7 7335
12 11 8 4716
12 11 9 8083
12 11 10 7338
12 11 11 0
12 11 12 0
12 11 13 6650
12 11 14 7141
12 11 15 4619
12 11 16 7505
12 11 17 4035
12 11 18 8065
12 12 0 0
12 12 1 0
12 12 2 0
12 12 3 0
12 12 4 0
12 12 5 0
12 12 6 0
12 12 7 0
12 12 8 0
12 12 9 0
12 12 10 0
12 12 11 0
12 12 12 0
12 12 13 0
12 12 14 0
12 12 15 0
12 12 16 0
12 12 17 0
12 12 18 0
12 13 0 4571
12 13 1 6216
12 13 2 8017
12 13 3 7434
12 13 4 4177
12 13 5 6075
12 13 6 6943
12 13 7 7237
12 13 8 6626
12 13 9 5082
12 13 10 5987
12 13 11 7016
12 13 12 0
12 13 13 0
12 13 14 3777
12 13 15 7605
12 13 16 6936
12 13 17 5188
12 13 18 5317
12 14 0 7826
12 14 1 3371
12 14 2 4607
12 14 3 3434
12 14 4 7903
12 14 5 4931
12 14 6 4511
12 14 7 7903
12 14 8 5178
12 14 9 4035
12 14 10 3325
12 14 11 7176
12 14 12 0
12 14 13 4771
12 14 14 0
12 14 15 2107
12 14 16 1538
12 14 17 5075
12 14 18 3594
12 15 0 7039
12 15 1 8550
12 15 2 4503
12 15 3 9047
12 15 4 5979
12 15 5 6667
12 15 6 6326
12 15 7 6687
12 15 8 9359
12 15 9 7672
12 15 10 7613
12 15 11 5782
12 15 12 0
12 15 13 1641
12 15 14 5035
12 15 15 0
12 15 16 4229
12 15 17 3026
12 15 18 1519
12 16 0 5355
12 16 1 3152
12 16 2 6307
12 16 3 3173
12 16 4 4096
12 16 5 3152
12 16 6 3011
12 16 7 5034
12 16 8 5967
12 16 9 3668
12 16 10 4301
12 16 11 5726
12 16 12 0
12 16 13 2205
12 16 14 2295
12 16 15 2305
12 16 16 0
12 16 17 3402
12 16 18 3619
12 17 0 7142
12 17 1 5345
12 17 2 2898
12 17 3 5816
12 17 4 2715
12 17 5 2595
12 17 6 3708
12 17 7 6406
12 17 8 5167
12 17 9 6906
12 17 10 6023
12 17 11 2948
12 17 12 0
12 17 13 4639
12 17 14 7556
12 17 15 5507
12 17 16 7481
12 17 17 0
12 17 18 5616
12 18 0 6306
12 18 1 9422
12 18 2 4673
12 18 3 8038
12 18 4 8615
12 18 5 6600
12 18 6 8861
12 18 7 5715
12 18 8 6650
12 18 9 9539
12 18 10 5843
12 18 11 9471
12 18 12 0
12 18 13 6042
12 18 14 3280
12 18 15 5226
12 18 16 2391
12 18 17 6385
12 18 18 0
13 0 0 0
13 0 1 5871
13 0 2 5166
13 0 3 5602
13 0 4 5263
13 0 5 2125
13 0 6 3049
13 0 7 3290
13 0 8 5413
13 0 9 3202
13 0 10 4318
13 0 11 2242
13 0 12 4329
13 0 13 0
13 0 14 7819
13 0 15 5904
13 0 16 7162
13 0 17 8257
13 0 18 4928
13 1 0 5306
13 1 1 0
13 1 2 6840
13 1 3 6555
13 1 4 2967
13 1 5 7095
13 1 6 4671
13 1 7 5909
13 1 8 5640
13 1 9 4358
13 1 10 7112
13 1 11 7566
13 1 12 5734
13 1 13 0
13 1 14 3568
13 1 15 7619
13 1 16 5163
13 1 17 6664
13 1 18 8248
13 2 0 8638
13 2 1 9285
13 2 2 0
13 2 3 4590
13 2 4 6419
13 2 5 8769
13 2 6 8445
13 2 7 4621
13 2 8 7480
13 2 9 9111
13 2 10 7933
13 2 11 6755
13 2 12 5539
13 2 13 0
13 2 14 4448
13 2 15 3216
13 2 16 7962
13 2 17 3861
13 2 18 3143
13 3 0 4710
13 3 1 7548
13 3 2 4913
13 3 3 0
13 3 4 5500
13 3 5 7861
13 3 6 6123
13 3 7 8692
13 3 8 4542
13 3 9 6066
13 3 10 7283
13 3 11 8717
13 3 12 5472
13 3 13 0
13 3 14 3821
13 3 15 8306
13 3 16 5374
13 3 17 7325
13 3 18 7054
13 4 0 4710
13 4 1 584
13 4 2 5112
13 4 3 5244
13 4 4 0
13 4 5 791
13 4 6 1451
13 4 7 2592
13 4 8 4292
13 4 9 3341
13 4 10 4737
13 4 11 5560
13 4 12 4625
13 4 13 0
13 4 14 8380
13 4 15 5328
13 4 16 6387
13 4 17 4314
13 4 18 7721
13 5 0 4654
13 5 1 4266
13 5 2 5202
13 5 3 5536
13 5 4 6146
13 5 5 0
13 5 6 5864
13 5 7 2528
13 5 8 4039
13 5 9 4581
13 5 10 3154
13 5 11 5346
13 5 12 2909
13 5 13 0
13 5 14 6604
13 5 15 7212
13 5 16 6639
13 5 17 5390
13 5 18 6902
13 6 0 3417
13 6 1 4897
13 6 2 3728
13 6 3 3899
13 6 4 3731
13 6 5 5764
13 6 6 0
13 6 7 4558
13 6 8 6599
13 6 9 3548
13 6 10 5409
13 6 11 5401
13 6 12 7143
13 6 13 0
13 6 14 6091
13 6 15 6778
13 6 16 6405
13 6 17 6410
13 6 18 9070
13 7 0 7249
13 7 1 5545
13 7 2 7895
13 7 3 7948
13 7 4 7798
13 7 5 8473
13 7 6 6284
13 7 7 0
13 7 8 4371
13 7 9 8197
13 7 10 5136
13 7 11 5745
13 7 12 7114
13 7 13 0
13 7 14 5159
13 7 15 2815
13 7 16 4104
13 7 17 4784
13 7 18 1600
13 8 0 5470
13 8 1 4678
13 8 2 6679
13 8 3 4802
13 8 4 3432
13 8 5 4433
13 8 6 8015
13 8 7 5039
13 8 8 0
13 8 9 6726
13 8 10 3995
13 8 11 3494
13 8 12 5110
13 8 13 0
13 8 14 4117
13 8 15 7170
13 8 16 6720
13 8 17 5228
13 8 18 4218
13 9 0 3479
13 9 1 6272
13 9 2 2390
13 9 3 5651
13 9 4 5222
13 9 5 2522
13 9 6 5467
13 9 7 5005
13 9 8 3154
13 9 9 0
13 9 10 3246
13 9 11 2421
13 9 12 2061
13 9 13 0
13 9 14 2126
13 9 15 4635
13 9 16 3573
13 9 17 6119
13 9 18 6259
13 10 0 5485
13 10 1 6644
13 10 2 2778
13 10 3 5442
13 10 4 3202
13 10 5 7150
13 10 6 6853
13 10 7 5022
13 10 8 2818
13 10 9 3873
13 10 10 0
13 10 11 6572
13 10 12 6015
13 10 13 0
13 10 14 604
13 10 15 3764
13 10 16 3394
13 10 17 4424
13 10 18 1751
13 11 0 6851
13 11 1 4527
13 11 2 5012
13 11 3 8408
13 11 4 6365
13 11 5 5034
13 11 6 8291
13 11 7 6192
13 11 8 3573
13 11 9 6940
13 11 10 6195
13 11 11 0
13 11 12 6650
13 11 13 0
13 11 14 4711
13 11 15 2189
13 11 16 5075
13 11 17 1605
13 11 18 5635
13 12 0 7232
13 12 1 5716
13 12 2 3058
13 12 3 6324
13 12 4 4706
13 12 5 4046
13 12 6 3388
13 12 7 4668
13 12 8 3096
13 12 9 6452
13 12 10 4586
13 12 11 7504
13 12 12 0
13 12 13 0
13 12 14 4854
13 12 15 4151
13 12 16 4469
13 12 17 7870
13 12 18 5729
13 13 0 0
13 13 1 0
13 13 2 0
13 13 3 0
13 13 4 0
13 13 5 0
13 13 6 0
13 13 7 0
13 13 8 0
13 13 9 0
13 13 10 0
13 13 11 0
13 13 12 0
13 13 13 0
13 13 14 0
13 13 15 0
13 13 16 0
13 13 17 0
13 13 18 0
13 14 0 8074
13 14 1 3619
13 14 2 4855
13 14 3 3682
13 14 4 8151
13 14 5 5179
13 14 6 4759
13 14 7 8151
13 14 8 5426
13 14 9 4283
13 14 10 3573
13 14 11 7424
13 14 12 4771
13 14 13 0
13 14 14 0
13 14 15 1685
13 14 16 1116
13 14 17 4653
13 14 18 3172
13 15 0 3732
13 15 1 5243
13 15 2 1196
13 15 3 5740
13 15 4 2672
13 15 5 3360
13 15 6 3019
13 15 7 3380
13 15 8 6052
13 15 9 4365
13 15 10 4306
13 15 11 2475
13 15 12 1641
13 15 13 0
13 15 14 9144
13 15 15 0
13 15 16 8338
13 15 17 7135
13 15 18 5628
13 16 0 5236
13 16 1 3033
13 16 2 6188
13 16 3 3054
13 16 4 3977
13 16 5 3033
13 16 6 2892
13 16 7 4915
13 16 8 5848
13 16 9 3549
13 16 10 4182
13 16 11 5607
13 16 12 2205
13 16 13 0
13 16 14 5417
13 16 15 5427
13 16 16 0
13 16 17 6524
13 16 18 6741
13 17 0 5364
13 17 1 3567
13 17 2 1120
13 17 3 4038
13 17 4 937
13 17 5 817
13 17 6 1930
13 17 7 4628
13 17 8 3389
13 17 9 5128
13 17 10 4245
13 17 11 1170
13 17 12 4639
13 17 13 0
13 17 14 5529
13 17 15 3480
13 17 16 5454
13 17 17 0
13 17 18 3589
13 18 0 5579
13 18 1 8695
13 18 2 3946
13 18 3 7311
13 18 4 7888
13 18 5 5873
13 18 6 8134
13 18 7 4988
13 18 8 5923
13 18 9 8812
13 18 10 5116
13 18 11 8744
13 18 12 6042
13 18 13 0
13 18 14 3523
13 18 15 5469
13 18 16 2634
13 18 17 6628
13 18 18 0
14 0 0 0
14 0 1 9457
14 0 2 8752
14 0 3 9188
14 0 4 8849
14 0 5 5711
14 0 6 6635
14 0 7 6876
14 0 8 8999
14 0 9 6788
14 0 10 7904
14 0 11 5828
14 0 12 7915
14 0 13 7819
14 0 14 0
14 0 15 5856
14 0 16 7114
14 0 17 8209
14 0 18 4880
14 1 0 2792
14 1 1 0
14 1 2 4326
14 1 3 4041
14 1 4 453
14 1 5 4581
14 1 6 2157
14 1 7 3395
14 1 8 3126
14 1 9 1844
14 1 10 4598
14 1 11 5052
14 1 12 3220
14 1 13 3568
14 1 14 0
14 1 15 7683
14 1 16 5227
14 1 17 6728
14 1 18 8312
14 2 0 5559
14 2 1 6206
14 2 2 0
14 2 3 1511
14 2 4 3340
14 2 5 5690
14 2 6 5366
14 2 7 1542
14 2 8 4401
14 2 9 6032
14 2 10 4854
14 2 11 3676
14 2 12 2460
14 2 13 4448
14 2 14 0
14 2 15 4375
14 2 16 9121
14 2 17 5020
14 2 18 4302
14 3 0 1041
14 3 1 3879
14 3 2 1244
14 3 3 0
14 3 4 1831
14 3 5 4192
14 3 6 2454
14 3 7 5023
14 3 8 873
14 3 9 2397
14 3 10 3614
14 3 11 5048
14 3 12 1803
14 3 13 3821
14 3 14 0
14 3 15 9100
14 3 16 6168
14 3 17 8119
14 3 18 7848
14 4 0 8767
14 4 1 4641
14 4 2 9169
14 4 3 9301
14 4 4 0
14 4 5 4848
14 4 6 5508
14 4 7 6649
14 4 8 8349
14 4 9 7398
14 4 10 8794
14 4 11 9617
14 4 12 8682
14 4 13 8380
14 4 14 0
14 4 15 2393
14 4 16 3452
14 4 17 1379
14 4 18 4786
14 5 0 3841
14 5 1 3453
14 5 2 4389
14 5 3 4723
14 5 4 5333
14 5 5 0
14 5 6 5051
14 5 7 1715
14 5 8 3226
14 5 9 3768
14 5 10 2341
14 5 11 4533
14 5 12 2096
14 5 13 6604
14 5 14 0
14 5 15 3775
14 5 16 3202
14 5 17 1953
14 5 18 3465
14 6 0 1316
14 6 1 2796
14 6 2 1627
14 6 3 1798
14 6 4 1630
14 6 5 3663
14 6 6 0
14 6 7 2457
14 6 8 4498
14 6 9 1447
14 6 10 3308
14 6 11 3300
14 6 12 5042
14 6 13 6091
14 6 14 0
14 6 15 5852
14 6 16 5479
14 6 17 5484
14 6 18 8144
14 7 0 8246
14 7 1 6542
14 7 2 8892
14 7 3 8945
14 7 4 8795
14 7 5 9470
14 7 6 7281
14 7 7 0
14 7 8 5368
14 7 9 9194
14 7 10 6133
14 7 11 6742
14 7 12 8111
14 7 13 5159
14 7 14 0
14 7 15 6473
14 7 16 7762
14 7 17 8442
14 7 18 5258
14 8 0 4353
14 8 1 3561
14 8 2 5562
14 8 3 3685
14 8 4 2315
14 8 5 3316
14 8 6 6898
14 8 7 3922
14 8 8 0
14 8 9 5609
14 8 10 2878
14 8 11 2377
14 8 12 3993
14 8 13 4117
14 8 14 0
14 8 15 6757
14 8 16 6307
14 8 17 4815
14 8 18 3805
14 9 0 2763
14 9 1 5556
14 9 2 1674
14 9 3 4935
14 9 4 4506
14 9 5 1806
14 9 6 4751
14 9 7 4289
14 9 8 2438
14 9 9 0
14 9 10 2530
14 9 11 1705
14 9 12 1345
14 9 13 2126
14 9 14 0
14 9 15 6291
14 9 16 5229
14 9 17 7775
14 9 18 7915
14 10 0 3154
14 10 1 4313
14 10 2 447
14 10 3 3111
14 10 4 871
14 10 5 4819
14 10 6 4522
14 10 7 2691
14 10 8 487
14 10 9 1542
14 10 10 0
14 10 11 4241
14 10 12 3684
14 10 13 604
14 10 14 0
14 10 15 5558
14 10 16 5188
14 10 17 6218
14 10 18 3545
14 11 0 7342
14 11 1 5018
14 11 2 5503
14 11 3 8899
14 11 4 6856
14 11 5 5525
14 11 6 8782
14 11 7 6683
14 11 8 4064
14 11 9 7431
14 11 10 6686
14 11 11 0
14 11 12 7141
14 11 13 4711
14 11 14 0
14 11 15 6151
14 11 16 9037
14 11 17 5567
14 11 18 9597
14 12 0 5549
14 12 1 4033
14 12 2 1375
14 12 3 4641
14 12 4 3023
14 12 5 2363
14 12 6 1705
14 12 7 2985
14 12 8 1413
14 12 9 4769
14 12 10 2903
14 12 11 5821
14 12 12 0
14 12 13 4854
14 12 14 0
14 12 15 3820
14 12 16 4138
14 12 17 7539
14 12 18 5398
14 13 0 1811
14 13 1 3456
14 13 2 5257
14 13 3 4674
14 13 4 1417
14 13 5 3315
14 13 6 4183
14 13 7 4477
14 13 8 3866
14 13 9 2322
14 13 10 3227
14 13 11 4256
14 13 12 3777
14 13 13 0
14 13 14 0
14 13 15 8177
14 13 16 7508
14 13 17 5760
14 13 18 5889
14 14 0 0
14 14 1 0
14 14 2 0
14 14 3 0
14 14 4 0
14 14 5 0
14 14 6 0
14 14 7 0
14 14 8 0
14 14 9 0
14 14 10 0
14 14 11 0
14 14 12 0
14 14 13 0
14 14 14 0
14 14 15 0
14 14 16 0
14 14 17 0
14 14 18 0
14 15 0 7126
14 15 1 8637
14 15 2 4590
14 15 3 9134
14 15 4 6066
14 15 5 6754
14 15 6 6413
14 15 7 6774
14 15 8 9446
14 15 9 7759
14 15 10 7700
14 15 11 5869
14 15 12 5035
14 15 13 9144
14 15 14 0
14 15 15 0
14 15 16 4523
14 15 17 3320
14 15 18 1813
14 16 0 5326
14 16 1 3123
14 16 2 6278
14 16 3 3144
14 16 4 4067
14 16 5 3123
14 16 6 2982
14 16 7 5005
14 16 8 5938
14 16 9 3639
14 16 10 4272
14 16 11 5697
14 16 12 2295
14 16 13 5417
14 16 14 0
14 16 15 1712
14 16 16 0
14 16 17 2809
14 16 18 3026
14 17 0 8281
14 17 1 6484
14 17 2 4037
14 17 3 6955
14 17 4 3854
14 17 5 3734
14 17 6 4847
14 17 7 7545
14 17 8 6306
14 17 9 8045
14 17 10 7162
14 17 11 4087
14 17 12 7556
14 17 13 5529
14 17 14 0
14 17 15 5050
14 17 16 7024
14 17 17 0
14 17 18 5159
14 18 0 2817
14 18 1 5933
14 18 2 1184
14 18 3 4549
14 18 4 5126
14 18 5 3111
14 18 6 5372
14 18 7 2226
14 18 8 3161
14 18 9 6050
14 18 10 2354
14 18 11 5982
14 18 12 3280
14 18 13 3523
14 18 14 0
14 18 15 5429
14 18 16 2594
14 18 17 6588
14 18 18 0
15 0 0 0
15 0 1 7542
15 0 2 6837
15 0 3 7273
15 0 4 6934
15 0 5 3796
15 0 6 4720
15 0 7 4961
15 0 8 7084
15 0 9 4873
15 0 10 5989
15 0 11 3913
15 0 12 6000
15 0 13 5904
15 0 14 5856
15 0 15 0
15 0 16 4177
15 0 17 5272
15 0 18 1943
15 1 0 6843
15 1 1 0
15 1 2 8377
15 1 3 8092
15 1 4 4504
15 1 5 8632
15 1 6 6208
15 1 7 7446
15 1 8 7177
15 1 9 5895
15 1 10 8649
15 1 11 9103
15 1 12 7271
15 1 13 7619
15 1 14 7683
15 1 15 0
15 1 16 5795
15 1 17 7296
15 1 18 8880
15 2 0 4327
15 2 1 4974
15 2 2 0
15 2 3 279
15 2 4 2108
15 2 5 4458
15 2 6 4134
15 2 7 310
15 2 8 3169
15 2 9 4800
15 2 10 3622
15 2 11 2444
15 2 12 1228
15 2 13 3216
15 2 14 4375
15 2 15 0
15 2 16 4905
15 2 17 804
15 2 18 86
15 3 0 5526
15 3 1 8364
15 3 2 5729
15 3 3 0
15 3 4 6316
15 3 5 8677
15 3 6 6939
15 3 7 9508
15 3 8 5358
15 3 9 6882
15 3 10 8099
15 3 11 9533
15 3 12 6288
15 3 13 8306
15 3 14 9100
15 3 15 0
15 3 16 4040
15 3 17 5991
15 3 18 5720
15 4 0 5715
15 4 1 1589
15 4 2 6117
15 4 3 6249
15 4 4 0
15 4 5 1796
15 4 6 2456
15 4 7 3597
15 4 8 5297
15 4 9 4346
15 4 10 5742
15 4 11 6565
15 4 12 5630
15 4 13 5328
15 4 14 2393
15 4 15 0
15 4 16 5490
15 4 17 3417
15 4 18 6824
15 5 0 4449
15 5 1 4061
15 5 2 4997
15 5 3 5331
15 5 4 5941
15 5 5 0
15 5 6 5659
15 5 7 2323
15 5 8 3834
15 5 9 4376
15 5 10 2949
15 5 11 5141
15 5 12 2704
15 5 13 7212
15 5 14 3775
15 5 15 0
15 5 16 5970
15 5 17 4721
15 5 18 6233
15 6 0 2003
15 6 1 3483
15 6 2 2314
15 6 3 2485
15 6 4 2317
15 6 5 4350
15 6 6 0
15 6 7 3144
15 6 8 5185
15 6 9 2134
15 6 10 3995
15 6 11 3987
15 6 12 5729
15 6 13 6778
15 6 14 5852
15 6 15 0
15 6 16 2928
15 6 17 2933
15 6 18 5593
15 7 0 5902
15 7 1 4198
15 7 2 6548
15 7 3 6601
15 7 4 6451
15 7 5 7126
15 7 6 4937
15 7 7 0
15 7 8 3024
15 7 9 6850
15 7 10 3789
15 7 11 4398
15 7 12 5767
15 7 13 2815
15 7 14 6473
15 7 15 0
15 7 16 7404
15 7 17 8084
15 7 18 4900
15 8 0 7406
15 8 1 6614
15 8 2 8615
15 8 3 6738
15 8 4 5368
15 8 5 6369
15 8 6 9951
15 8 7 6975
15 8 8 0
15 8 9 8662
15 8 10 5931
15 8 11 5430
15 8 12 7046
15 8 13 7170
15 8 14 6757
15 8 15 0
15 8 16 8262
15 8 17 6770
15 8 18 5760
15 9 0 5272
15 9 1 8065
15 9 2 4183
15 9 3 7444
15 9 4 7015
15 9 5 4315
15 9 6 7260
15 9 7 6798
15 9 8 4947
15 9 9 0
15 9 10 5039
15 9 11 4214
15 9 12 3854
15 9 13 4635
15 9 14 6291
15 9 15 0
15 9 16 7207
15 9 17 9753
15 9 18 9893
15 10 0 6314
15 10 1 7473
15 10 2 3607
15 10 3 6271
15 10 4 4031
15 10 5 7979
15 10 6 7682
15 10 7 5851
15 10 8 3647
15 10 9 4702
15 10 10 0
15 10 11 7401
15 10 12 6844
15 10 13 3764
15 10 14 5558
15 10 15 0
15 10 16 3936
15 10 17 4966
15 10 18 2293
15 11 0 4820
15 11 1 2496
15 11 2 2981
15 11 3 6377
15 11 4 4334
15 11 5 3003
15 11 6 6260
15 11 7 4161
15 11 8 1542
15 11 9 4909
15 11 10 4164
15 11 11 0
15 11 12 4619
15 11 13 2189
15 11 14 6151
15 11 15 0
15 11 16 8352
15 11 17 4882
15 11 18 8912
15 12 0 4846
15 12 1 3330
15 12 2 672
15 12 3 3938
15 12 4 2320
15 12 5 1660
15 12 6 1002
15 12 7 2282
15 12 8 710
15 12 9 4066
15 12 10 2200
15 12 11 5118
15 12 12 0
15 12 13 4151
15 12 14 3820
15 12 15 0
15 12 16 5266
15 12 17 8667
15 12 18 6526
15 13 0 5639
15 13 1 7284
15 13 2 9085
15 13 3 8502
15 13 4 5245
15 13 5 7143
15 13 6 8011
15 13 7 8305
15 13 8 7694
15 13 9 6150
15 13 10 7055
15 13 11 8084
15 13 12 7605
15 13 13 0
15 13 14 8177
15 13 15 0
15 13 16 5081
15 13 17 3333
15 13 18 3462
15 14 0 5410
15 14 1 955
15 14 2 2191
15 14 3 1018
15 14 4 5487
15 14 5 2515
15 14 6 2095
15 14 7 5487
15 14 8 2762
15 14 9 1619
15 14 10 909
15 14 11 4760
15 14 12 2107
15 14 13 1685
15 14 14 0
15 14 15 0
15 14 16 4760
15 14 17 8297
15 14 18 6816
15 15 0 0
15 15 1 0
15 15 2 0
15 15 3 0
15 15 4 0
15 15 5 0
15 15 6 0
15 15 7 0
15 15 8 0
15 15 9 0
15 15 10 0
15 15 11 0
15 15 12 0
15 15 13 0
15 15 14 0
15 15 15 0
15 15 16 0
15 15 17 0
15 15 18 0
15 16 0 5336
15 16 1 3133
15 16 2 6288
15 16 3 3154
15 16 4 4077
15 16 5 3133
15 16 6 2992
15 16 7 5015
15 16 8 5948
15 16 9 3649
15 16 10 4282
15 16 11 5707
15 16 12 2305
15 16 13 5427
15 16 14 1712
15 16 15 0
15 16 16 0
15 16 17 6203
15 16 18 6420
15 17 0 6232
15 17 1 4435
15 17 2 1988
15 17 3 4906
15 17 4 1805
15 17 5 1685
15 17 6 2798
15 17 7 5496
15 17 8 4257
15 17 9 5996
15 17 10 5113
15 17 11 2038
15 17 12 5507
15 17 13 3480
15 17 14 5050
15 17 15 0
15 17 16 5678
15 17 17 0
15 17 18 3813
15 18 0 4763
15 18 1 7879
15 18 2 3130
15 18 3 6495
15 18 4 7072
15 18 5 5057
15 18 6 7318
15 18 7 4172
15 18 8 5107
15 18 9 7996
15 18 10 4300
15 18 11 7928
15 18 12 5226
15 18 13 5469
15 18 14 5429
15 18 15 0
15 18 16 1222
15 18 17 5216
15 18 18 0
16 0 0 0
16 0 1 8800
16 0 2 8095
16 0 3 8531
16 0 4 8192
16 0 5 5054
16 0 6 5978
16 0 7 6219
16 0 8 8342
16 0 9 6131
16 0 10 7247
16 0 11 5171
16 0 12 7258
16 0 13 7162
16 0 14 7114
16 0 15 4177
16 0 16 0
16 0 17 7377
16 0 18 4048
16 1 0 4387
16 1 1 0
16 1 2 5921
16 1 3 5636
16 1 4 2048
16 1 5 6176
16 1 6 3752
16 1 7 4990
16 1 8 4721
16 1 9 3439
16 1 10 6193
16 1 11 6647
16 1 12 4815
16 1 13 5163
16 1 14 5227
16 1 15 5795
16 1 16 0
16 1 17 7917
16 1 18 9501
16 2 0 9073
16 2 1 9720
16 2 2 0
16 2 3 5025
16 2 4 6854
16 2 5 9204
16 2 6 8880
16 2 7 5056
16 2 8 7915
16 2 9 9546
16 2 10 8368
16 2 11 7190
16 2 12 5974
16 2 13 7962
16 2 14 9121
16 2 15 4905
16 2 16 0
16 2 17 4406
16 2 18 3688
16 3 0 2594
16 3 1 5432
16 3 2 2797
16 3 3 0
16 3 4 3384
16 3 5 5745
16 3 6 4007
16 3 7 6576
16 3 8 2426
16 3 9 3950
16 3 10 5167
16 3 11 6601
16 3 12 3356
16 3 13 5374
16 3 14 6168
16 3 15 4040
16 3 16 0
16 3 17 5775
16 3 18 5504
16 4 0 6774
16 4 1 2648
16 4 2 7176
16 4 3 7308
16 4 4 0
16 4 5 2855
16 4 6 3515
16 4 7 4656
16 4 8 6356
16 4 9 5405
16 4 10 6801
16 4 11 7624
16 4 12 6689
16 4 13 6387
16 4 14 3452
16 4 15 5490
16 4 16 0
16 4 17 3812
16 4 18 7219
16 5 0 3876
16 5 1 3488
16 5 2 4424
16 5 3 4758
16 5 4 5368
16 5 5 0
16 5 6 5086
16 5 7 1750
16 5 8 3261
16 5 9 3803
16 5 10 2376
16 5 11 4568
16 5 12 2131
16 5 13 6639
16 5 14 3202
16 5 15 5970
16 5 16 0
16 5 17 4623
16 5 18 6135
16 6 0 1630
16 6 1 3110
16 6 2 1941
16 6 3 2112
16 6 4 1944
16 6 5 3977
16 6 6 0
16 6 7 2771
16 6 8 4812
16 6 9 1761
16 6 10 3622
16 6 11 3614
16 6 12 5356
16 6 13 6405
16 6 14 5479
16 6 15 2928
16 6 16 0
16 6 17 6411
16 6 18 9071
16 7 0 7191
16 7 1 5487
16 7 2 7837
16 7 3 7890
16 7 4 7740
16 7 5 8415
16 7 6 6226
16 7 7 0
16 7 8 4313
16 7 9 8139
16 7 10 5078
16 7 11 5687
16 7 12 7056
16 7 13 4104
16 7 14 7762
16 7 15 7404
16 7 16 0
16 7 17 7575
16 7 18 4391
16 8 0 6956
16 8 1 6164
16 8 2 8165
16 8 3 6288
16 8 4 4918
16 8 5 5919
16 8 6 9501
16 8 7 6525
16 8 8 0
16 8 9 8212
16 8 10 5481
16 8 11 4980
16 8 12 6596
16 8 13 6720
16 8 14 6307
16 8 15 8262
16 8 16 0
16 8 17 6196
16 8 18 5186
16 9 0 4210
16 9 1 7003
16 9 2 3121
16 9 3 6382
16 9 4 5953
16 9 5 3253
16 9 6 6198
16 9 7 5736
16 9 8 3885
16 9 9 0
16 9 10 3977
16 9 11 3152
16 9 12 2792
16 9 13 3573
16 9 14 5229
16 9 15 7207
16 9 16 0
16 9 17 5365
16 9 18 5505
16 10 0 5944
16 10 1 7103
16 10 2 3237
16 10 3 5901
16 10 4 3661
16 10 5 7609
16 10 6 7312
16 10 7 5481
16 10 8 3277
16 10 9 4332
16 10 10 0
16 10 11 7031
16 10 12 6474
16 10 13 3394
16 10 14 5188
16 10 15 3936
16 10 16 0
16 10 17 5473
16 10 18 2800
16 11 0 7706
16 11 1 5382
16 11 2 5867
16 11 3 9263
16 11 4 7220
16 11 5 5889
16 11 6 9146
16 11 7 7047
16 11 8 4428
16 11 9 7795
16 11 10 7050
16 11 11 0
16 11 12 7505
16 11 13 5075
16 11 14 9037
16 11 15 8352
16 11 16 0
16 11 17 964
16 11 18 4994
16 12 0 5164
16 12 1 3648
16 12 2 990
16 12 3 4256
16 12 4 2638
16 12 5 1978
16 12 6 1320
16 12 7 2600
16 12 8 1028
16 12 9 4384
16 12 10 2518
16 12 11 5436
16 12 12 0
16 12 13 4469
16 12 14 4138
16 12 15 5266
16 12 16 0
16 12 17 5725
16 12 18 3584
16 13 0 4970
16 13 1 6615
16 13 2 8416
16 13 3 7833
16 13 4 4576
16 13 5 6474
16 13 6 7342
16 13 7 7636
16 13 8 7025
16 13 9 5481
16 13 10 6386
16 13 11 7415
16 13 12 6936
16 13 13 0
16 13 14 7508
16 13 15 5081
16 13 16 0
16 13 17 3579
16 13 18 3708
16 14 0 4841
16 14 1 386
16 14 2 1622
16 14 3 449
16 14 4 4918
16 14 5 1946
16 14 6 1526
16 14 7 4918
16 14 8 2193
16 14 9 1050
16 14 10 340
16 14 11 4191
16 14 12 1538
16 14 13 1116
16 14 14 0
16 14 15 4760
16 14 16 0
16 14 17 5239
16 14 18 3758
16 15 0 6320
16 15 1 7831
16 15 2 3784
16 15 3 8328
16 15 4 5260
16 15 5 5948
16 15 6 5607
16 15 7 5968
16 15 8 8640
16 15 9 6953
16 15 10 6894
16 15 11 5063
16 15 12 4229
16 15 13 8338
16 15 14 4523
16 15 15 0
16 15 16 0
16 15 17 3903
16 15 18 2396
16 16 0 0
16 16 1 0
16 16 2 0
16 16 3 0
16 16 4 0
16 16 5 0
16 16 6 0
16 16 7 0
16 16 8 0
16 16 9 0
16 16 10 0
16 16 11 0
16 16 12 0
16 16 13 0
16 16 14 0
16 16 15 0
16 16 16 0
16 16 17 0
16 16 18 0
16 17 0 8206
16 17 1 6409
16 17 2 3962
16 17 3 6880
16 17 4 3779
16 17 5 3659
16 17 6 4772
16 17 7 7470
16 17 8 6231
16 17 9 7970
16 17 10 7087
16 17 11 4012
16 17 12 7481
16 17 13 5454
16 17 14 7024
16 17 15 5678
16 17 16 0
16 17 17 0
16 17 18 3871
16 18 0 1928
16 18 1 5044
16 18 2 295
16 18 3 3660
16 18 4 4237
16 18 5 2222
16 18 6 4483
16 18 7 1337
16 18 8 2272
16 18 9 5161
16 18 10 1465
16 18 11 5093
16 18 12 2391
16 18 13 2634
16 18 14 2594
16 18 15 1222
16 18 16 0
16 18 17 6998
16 18 18 0
17 0 0 0
17 0 1 9895
17 0 2 9190
17 0 3 9626
17 0 4 9287
17 0 5 6149
17 0 6 7073
17 0 7 7314
17 0 8 9437
17 0 9 7226
17 0 10 8342
17 0 11 6266
17 0 12 8353
17 0 13 8257
17 0 14 8209
17 0 15 5272
17 0 16 7377
17 0 17 0
17 0 18 5957
17 1 0 5888
17 1 1 0
17 1 2 7422
17 1 3 7137
17 1 4 3549
17 1 5 7677
17 1 6 5253
17 1 7 6491
17 1 8 6222
17 1 9 4940
17 1 10 7694
17 1 11 8148
17 1 12 6316
17 1 13 6664
17 1 14 6728
17 1 15 7296
17 1 16 7917
17 1 17 0
17 1 18 7393
17 2 0 4972
17 2 1 5619
17 2 2 0
17 2 3 924
17 2 4 2753
17 2 5 5103
17 2 6 4779
17 2 7 955
17 2 8 3814
17 2 9 5445
17 2 10 4267
17 2 11 3089
17 2 12 1873
17 2 13 3861
17 2 14 5020
17 2 15 804
17 2 16 4406
17 2 17 0
17 2 18 3510
17 3 0 4545
17 3 1 7383
17 3 2 4748
17 3 3 0
17 3 4 5335
17 3 5 7696
17 3 6 5958
17 3 7 8527
17 3 8 4377
17 3 9 5901
17 3 10 7118
17 3 11 8552
17 3 12 5307
17 3 13 7325
17 3 14 8119
17 3 15 5991
17 3 16 5775
17 3 17 0
17 3 18 6389
17 4 0 4701
17 4 1 575
17 4 2 5103
17 4 3 5235
17 4 4 0
17 4 5 782
17 4 6 1442
17 4 7 2583
17 4 8 4283
17 4 9 3332
17 4 10 4728
17 4 11 5551
17 4 12 4616
17 4 13 4314
17 4 14 1379
17 4 15 3417
17 4 16 3812
17 4 17 0
17 4 18 4417
17 5 0 2627
17 5 1 2239
17 5 2 3175
17 5 3 3509
17 5 4 4119
17 5 5 0
17 5 6 3837
17 5 7 501
17 5 8 2012
17 5 9 2554
17 5 10 1127
17 5 11 3319
17 5 12 882
17 5 13 5390
17 5 14 1953
17 5 15 4721
17 5 16 4623
17 5 17 0
17 5 18 4152
17 6 0 1635
17 6 1 3115
17 6 2 1946
17 6 3 2117
17 6 4 1949
17 6 5 3982
17 6 6 0
17 6 7 2776
17 6 8 4817
17 6 9 1766
17 6 10 3627
17 6 11 3619
17 6 12 5361
17 6 13 6410
17 6 14 5484
17 6 15 2933
17 6 16 6411
17 6 17 0
17 6 18 4252
17 7 0 7871
17 7 1 6167
17 7 2 8517
17 7 3 8570
17 7 4 8420
17 7 5 9095
17 7 6 6906
17 7 7 0
17 7 8 4993
17 7 9 8819
17 7 10 5758
17 7 11 6367
17 7 12 7736
17 7 13 4784
17 7 14 8442
17 7 15 8084
17 7 16 7575
17 7 17 0
17 7 18 5294
17 8 0 5464
17 8 1 4672
17 8 2 6673
17 8 3 4796
17 8 4 3426
17 8 5 4427
17 8 6 8009
17 8 7 5033
17 8 8 0
17 8 9 6720
17 8 10 3989
17 8 11 3488
17 8 12 5104
17 8 13 5228
17 8 14 4815
17 8 15 6770
17 8 16 6196
17 8 17 0
17 8 18 3792
17 9 0 6756
17 9 1 9549
17 9 2 5667
17 9 3 8928
17 9 4 8499
17 9 5 5799
17 9 6 8744
17 9 7 8282
17 9 8 6431
17 9 9 0
17 9 10 6523
17 9 11 5698
17 9 12 5338
17 9 13 6119
17 9 14 7775
17 9 15 9753
17 9 16 5365
17 9 17 0
17 9 18 7425
17 10 0 6974
17 10 1 8133
17 10 2 4267
17 10 3 6931
17 10 4 4691
17 10 5 8639
17 10 6 8342
17 10 7 6511
17 10 8 4307
17 10 9 5362
17 10 10 0
17 10 11 8061
17 10 12 7504
17 10 13 4424
17 10 14 6218
17 10 15 4966
17 10 16 5473
17 10 17 0
17 10 18 2665
17 11 0 4236
17 11 1 1912
17 11 2 2397
17 11 3 5793
17 11 4 3750
17 11 5 2419
17 11 6 5676
17 11 7 3577
17 11 8 958
17 11 9 4325
17 11 10 3580
17 11 11 0
17 11 12 4035
17 11 13 1605
17 11 14 5567
17 11 15 4882
17 11 16 964
17 11 17 0
17 11 18 8720
17 12 0 8565
17 12 1 7049
17 12 2 4391
17 12 3 7657
17 12 4 6039
17 12 5 5379
17 12 6 4721
17 12 7 6001
17 12 8 4429
17 12 9 7785
17 12 10 5919
17 12 11 8837
17 12 12 0
17 12 13 7870
17 12 14 7539
17 12 15 8667
17 12 16 5725
17 12 17 0
17 12 18 4276
17 13 0 3222
17 13 1 4867
17 13 2 6668
17 13 3 6085
17 13 4 2828
17 13 5 4726
17 13 6 5594
17 13 7 5888
17 13 8 5277
17 13 9 3733
17 13 10 4638
17 13 11 5667
17 13 12 5188
17 13 13 0
17 13 14 5760
17 13 15 3333
17 13 16 3579
17 13 17 0
17 13 18 2741
17 14 0 8378
17 14 1 3923
17 14 2 5159
17 14 3 3986
17 14 4 8455
17 14 5 5483
17 14 6 5063
17 14 7 8455
17 14 8 5730
17 14 9 4587
17 14 10 3877
17 14 11 7728
17 14 12 5075
17 14 13 4653
17 14 14 0
17 14 15 8297
17 14 16 5239
17 14 17 0
17 14 18 5618
17 15 0 5117
17 15 1 6628
17 15 2 2581
17 15 3 7125
17 15 4 4057
17 15 5 4745
17 15 6 4404
17 15 7 4765
17 15 8 7437
17 15 9 5750
17 15 10 5691
17 15 11 3860
17 15 12 3026
17 15 13 7135
17 15 14 3320
17 15 15 0
17 15 16 3903
17 15 17 0
17 15 18 2197
17 16 0 6433
17 16 1 4230
17 16 2 7385
17 16 3 4251
17 16 4 5174
17 16 5 4230
17 16 6 4089
17 16 7 6112
17 16 8 7045
17 16 9 4746
17 16 10 5379
17 16 11 6804
17 16 12 3402
17 16 13 6524
17 16 14 2809
17 16 15 6203
17 16 16 0
17 16 17 0
17 16 18 5953
17 17 0 0
17 17 1 0
17 17 2 0
17 17 3 0
17 17 4 0
17 17 5 0
17 17 6 0
17 17 7 0
17 17 8 0
17 17 9 0
17 17 10 0
17 17 11 0
17 17 12 0
17 17 13 0
17 17 14 0
17 17 15 0
17 17 16 0
17 17 17 0
17 17 18 0
17 18 0 5922
17 18 1 9038
17 18 2 4289
17 18 3 7654
17 18 4 8231
17 18 5 6216
17 18 6 8477
17 18 7 5331
17 18 8 6266
17 18 9 9155
17 18 10 5459
17 18 11 9087
17 18 12 6385
17 18 13 6628
17 18 14 6588
17 18 15 5216
17 18 16 6998
17 18 17 0
17 18 18 0
18 0 0 0
18 0 1 6566
18 0 2 5861
18 0 3 6297
18 0 4 5958
18 0 5 2820
18 0 6 3744
18 0 7 3985
18 0 8 6108
18 0 9 3897
18 0 10 5013
18 0 11 2937
18 0 12 5024
18 0 13 4928
18 0 14 4880
18 0 15 1943
18 0 16 4048
18 0 17 5957
18 0 18 0
18 1 0 7472
18 1 1 0
18 1 2 9006
18 1 3 8721
18 1 4 5133
18 1 5 9261
18 1 6 6837
18 1 7 8075
18 1 8 7806
18 1 9 6524
18 1 10 9278
18 1 11 9732
18 1 12 7900
18 1 13 8248
18 1 14 8312
18 1 15 8880
18 1 16 9501
18 1 17 7393
18 1 18 0
18 2 0 4254
18 2 1 4901
18 2 2 0
18 2 3 206
18 2 4 2035
18 2 5 4385
18 2 6 4061
18 2 7 237
18 2 8 3096
18 2 9 4727
18 2 10 3549
18 2 11 2371
18 2 12 1155
18 2 13 3143
18 2 14 4302
18 2 15 86
18 2 16 3688
18 2 17 3510
18 2 18 0
18 3 0 4274
18 3 1 7112
18 3 2 4477
18 3 3 0
18 3 4 5064
18 3 5 7425
18 3 6 5687
18 3 7 8256
18 3 8 4106
18 3 9 5630
18 3 10 6847
18 3 11 8281
18 3 12 5036
18 3 13 7054
18 3 14 7848
18 3 15 5720
18 3 16 5504
18 3 17 6389
18 3 18 0
18 4 0 8108
18 4 1 3982
18 4 2 8510
18 4 3 8642
18 4 4 0
18 4 5 4189
18 4 6 4849
18 4 7 5990
18 4 8 7690
18 4 9 6739
18 4 10 8135
18 4 11 8958
18 4 12 8023
18 4 13 7721
18 4 14 4786
18 4 15 6824
18 4 16 7219
18 4 17 4417
18 4 18 0
18 5 0 4139
18 5 1 3751
18 5 2 4687
18 5 3 5021
18 5 4 5631
18 5 5 0
18 5 6 5349
18 5 7 2013
18 5 8 3524
18 5 9 4066
18 5 10 2639
18 5 11 4831
18 5 12 2394
18 5 13 6902
18 5 14 3465
18 5 15 6233
18 5 16 6135
18 5 17 4152
18 5 18 0
18 6 0 4295
18 6 1 5775
18 6 2 4606
18 6 3 4777
18 6 4 4609
18 6 5 6642
18 6 6 0
18 6 7 5436
18 6 8 7477
18 6 9 4426
18 6 10 6287
18 6 11 6279
18 6 12 8021
18 6 13 9070
18 6 14 8144
18 6 15 5593
18 6 16 9071
18 6 17 4252
18 6 18 0
18 7 0 4687
18 7 1 2983
18 7 2 5333
18 7 3 5386
18 7 4 5236
18 7 5 5911
18 7 6 3722
18 7 7 0
18 7 8 1809
18 7 9 5635
18 7 10 2574
18 7 11 3183
18 7 12 4552
18 7 13 1600
18 7 14 5258
18 7 15 4900
18 7 16 4391
18 7 17 5294
18 7 18 0
18 8 0 4454
18 8 1 3662
18 8 2 5663
18 8 3 3786
18 8 4 2416
18 8 5 3417
18 8 6 6999
18 8 7 4023
18 8 8 0
18 8 9 5710
18 8 10 2979
18 8 11 2478
18 8 12 4094
18 8 13 4218
18 8 14 3805
18 8 15 5760
18 8 16 5186
18 8 17 3792
18 8 18 0
18 9 0 6896
18 9 1 9689
18 9 2 5807
18 9 3 9068
18 9 4 8639
18 9 5 5939
18 9 6 8884
18 9 7 8422
18 9 8 6571
18 9 9 0
18 9 10 6663
18 9 11 5838
18 9 12 5478
18 9 13 6259
18 9 14 7915
18 9 15 9893
18 9 16 5505
18 9 17 7425
18 9 18 0
18 10 0 4301
18 10 1 5460
18 10 2 1594
18 10 3 4258
18 10 4 2018
18 10 5 5966
18 10 6 5669
18 10 7 3838
18 10 8 1634
18 10 9 2689
18 10 10 0
18 10 11 5388
18 10 12 4831
18 10 13 1751
18 10 14 3545
18 10 15 2293
18 10 16 2800
18 10 17 2665
18 10 18 0
18 11 0 8266
18 11 1 5942
18 11 2 6427
18 11 3 9823
18 11 4 7780
18 11 5 6449
18 11 6 9706
18 11 7 7607
18 11 8 4988
18 11 9 8355
18 11 10 7610
18 11 11 0
18 11 12 8065
18 11 13 5635
18 11 14 9597
18 11 15 8912
18 11 16 4994
18 11 17 8720
18 11 18 0
18 12 0 6424
18 12 1 4908
18 12 2 2250
18 12 3 5516
18 12 4 3898
18 12 5 3238
18 12 6 2580
18 12 7 3860
18 12 8 2288
18 12 9 5644
18 12 10 3778
18 12 11 6696
18 12 12 0
18 12 13 5729
18 12 14 5398
18 12 15 6526
18 12 16 3584
18 12 17 4276
18 12 18 0
18 13 0 3351
18 13 1 4996
18 13 2 6797
18 13 3 6214
18 13 4 2957
18 13 5 4855
18 13 6 5723
18 13 7 6017
18 13 8 5406
18 13 9 3862
18 13 10 4767
18 13 11 5796
18 13 12 5317
18 13 13 0
18 13 14 5889
18 13 15 3462
18 13 16 3708
18 13 17 2741
18 13 18 0
18 14 0 6897
18 14 1 2442
18 14 2 3678
18 14 3 2505
18 14 4 6974
18 14 5 4002
18 14 6 3582
18 14 7 6974
18 14 8 4249
18 14 9 3106
18 14 10 2396
18 14 11 6247
18 14 12 3594
18 14 13 3172
18 14 14 0
18 14 15 6816
18 14 16 3758
18 14 17 5618
18 14 18 0
18 15 0 3610
18 15 1 5121
18 15 2 1074
18 15 3 5618
18 15 4 2550
18 15 5 3238
18 15 6 2897
18 15 7 3258
18 15 8 5930
18 15 9 4243
18 15 10 4184
18 15 11 2353
18 15 12 1519
18 15 13 5628
18 15 14 1813
18 15 15 0
18 15 16 2396
18 15 17 2197
18 15 18 0
18 16 0 6650
18 16 1 4447
18 16 2 7602
18 16 3 4468
18 16 4 5391
18 16 5 4447
18 16 6 4306
18 16 7 6329
18 16 8 7262
18 16 9 4963
18 16 10 5596
18 16 11 7021
18 16 12 3619
18 16 13 6741
18 16 14 3026
18 16 15 6420
18 16 16 0
18 16 17 5953
18 16 18 0
18 17 0 6341
18 17 1 4544
18 17 2 2097
18 17 3 5015
18 17 4 1914
18 17 5 1794
18 17 6 2907
18 17 7 5605
18 17 8 4366
18 17 9 6105
18 17 10 5222
18 17 11 2147
18 17 12 5616
18 17 13 3589
18 17 14 5159
18 17 15 3813
18 17 16 3871
18 17 17 0
18 17 18 0
18 18 0 0
18 18 1 0
18 18 2 0
18 18 3 0
18 18 4 0
18 18 5 0
18 18 6 0
18 18 7 0
18 18 8 0
18 18 9 0
18 18 10 0
18 18 11 0
18 18 12 0
18 18 13 0
18 18 14 0
18 18 15 0
18 18 16 0
18 18 17 0
18 18 18 0
