13
0 0 0 0
0 0 1 0
0 0 2 0
0 0 3 0
0 0 4 0
0 0 5 0
0 0 6 0
0 0 7 0
0 0 8 0
0 0 9 0
0 0 10 0
0 0 11 0
0 0 12 0
0 1 0 0
0 1 1 0
0 1 2 9166
0 1 3 7186
0 1 4 8706
0 1 5 5751
0 1 6 7238
0 1 7 4863
0 1 8 8660
0 1 9 5060
0 1 10 9015
0 1 11 6026
0 1 12 7105
0 2 0 0
0 2 1 1831
0 2 2 0
0 2 3 5033
0 2 4 2609
0 2 5 3837
0 2 6 3689
0 2 7 5040
0 2 8 2627
0 2 9 907
0 2 10 5213
0 2 11 2837
0 2 12 5334
0 3 0 0
0 3 1 5700
0 3 2 4759
0 3 3 0
0 3 4 6493
0 3 5 4172
0 3 6 5590
0 3 7 4862
0 3 8 3179
0 3 9 3554
0 3 10 7894
0 3 11 5635
0 3 12 3308
0 4 0 0
0 4 1 4553
0 4 2 4827
0 4 3 8256
0 4 4 0
0 4 5 8778
0 4 6 7140
0 4 7 8480
0 4 8 6719
0 4 9 8459
0 4 10 7062
0 4 11 5055
0 4 12 6462
0 5 0 0
0 5 1 4299
0 5 2 5053
0 5 3 5600
0 5 4 7337
0 5 5 0
0 5 6 7952
0 5 7 6070
0 5 8 5564
0 5 9 5583
0 5 10 6438
0 5 11 4171
0 5 12 5868
0 6 0 0
0 6 1 5547
0 6 2 4403
0 6 3 6506
0 6 4 5621
0 6 5 4323
0 6 6 0
0 6 7 4016
0 6 8 3192
0 6 9 5709
0 6 10 4769
0 6 11 6007
0 6 12 5659
0 7 0 0
0 7 1 4961
0 7 2 7581
0 7 3 7174
0 7 4 5862
0 7 5 8226
0 7 6 7793
0 7 7 0
0 7 8 5126
0 7 9 7351
0 7 10 3950
0 7 11 4170
0 7 12 7992
0 8 0 0
0 8 1 5258
0 8 2 6383
0 8 3 7019
0 8 4 6174
0 8 5 4541
0 8 6 5755
0 8 7 5800
0 8 8 0
0 8 9 7000
0 8 10 2784
0 8 11 2319
0 8 12 2671
0 9 0 0
0 9 1 5640
0 9 2 9476
0 9 3 6236
0 9 4 5127
0 9 5 5627
0 9 6 5629
0 9 7 7164
0 9 8 5208
0 9 9 0
0 9 10 6330
0 9 11 5687
0 9 12 8853
0 10 0 0
0 10 1 6530
0 10 2 5969
0 10 3 5501
0 10 4 5535
0 10 5 3650
0 10 6 7570
0 10 7 7855
0 10 8 6918
0 10 9 3790
0 10 10 0
0 10 11 7588
0 10 12 5131
0 11 0 0
0 11 1 6290
0 11 2 3539
0 11 3 7983
0 11 4 4187
0 11 5 8055
0 11 6 3905
0 11 7 7315
0 11 8 3790
0 11 9 6444
0 11 10 7144
0 11 11 0
0 11 12 6643
0 12 0 0
0 12 1 5792
0 12 2 4559
0 12 3 3205
0 12 4 7297
0 12 5 3071
0 12 6 3710
0 12 7 4019
0 12 8 7791
0 12 9 7193
0 12 10 7951
0 12 11 5067
0 12 12 0
1 0 0 0
1 0 1 0
1 0 2 3384
1 0 3 5805
1 0 4 6813
1 0 5 6402
1 0 6 5879
1 0 7 6623
1 0 8 5028
1 0 9 7513
1 0 10 6052
1 0 11 6041
1 0 12 5875
1 1 0 0
1 1 1 0
1 1 2 0
1 1 3 0
1 1 4 0
1 1 5 0
1 1 6 0
1 1 7 0
1 1 8 0
1 1 9 0
1 1 10 0
1 1 11 0
1 1 12 0
1 2 0 1831
1 2 1 0
1 2 2 0
1 2 3 9051
1 2 4 6627
1 2 5 7855
1 2 6 7707
1 2 7 9058
1 2 8 6645
1 2 9 4925
1 2 10 9231
1 2 11 6855
1 2 12 9352
1 3 0 5700
1 3 1 0
1 3 2 4376
1 3 3 0
1 3 4 6110
1 3 5 3789
1 3 6 5207
1 3 7 4479
1 3 8 2796
1 3 9 3171
1 3 10 7511
1 3 11 5252
1 3 12 2925
1 4 0 4553
1 4 1 0
1 4 2 4956
1 4 3 8385
1 4 4 0
1 4 5 8907
1 4 6 7269
1 4 7 8609
1 4 8 6848
1 4 9 8588
1 4 10 7191
1 4 11 5184
1 4 12 6591
1 5 0 4299
1 5 1 0
1 5 2 2638
1 5 3 3185
1 5 4 4922
1 5 5 0
1 5 6 5537
1 5 7 3655
1 5 8 3149
1 5 9 3168
1 5 10 4023
1 5 11 1756
1 5 12 3453
1 6 0 5547
1 6 1 0
1 6 2 3998
1 6 3 6101
1 6 4 5216
1 6 5 3918
1 6 6 0
1 6 7 3611
1 6 8 2787
1 6 9 5304
1 6 10 4364
1 6 11 5602
1 6 12 5254
1 7 0 4961
1 7 1 0
1 7 2 4057
1 7 3 3650
1 7 4 2338
1 7 5 4702
1 7 6 4269
1 7 7 0
1 7 8 1602
1 7 9 3827
1 7 10 426
1 7 11 646
1 7 12 4468
1 8 0 5258
1 8 1 0
1 8 2 8251
1 8 3 8887
1 8 4 8042
1 8 5 6409
1 8 6 7623
1 8 7 7668
1 8 8 0
1 8 9 8868
1 8 10 4652
1 8 11 4187
1 8 12 4539
1 9 0 5640
1 9 1 0
1 9 2 5259
1 9 3 2019
1 9 4 910
1 9 5 1410
1 9 6 1412
1 9 7 2947
1 9 8 991
1 9 9 0
1 9 10 2113
1 9 11 1470
1 9 12 4636
1 10 0 6530
1 10 1 0
1 10 2 7168
1 10 3 6700
1 10 4 6734
1 10 5 4849
1 10 6 8769
1 10 7 9054
1 10 8 8117
1 10 9 4989
1 10 10 0
1 10 11 8787
1 10 12 6330
1 11 0 6290
1 11 1 0
1 11 2 1760
1 11 3 6204
1 11 4 2408
1 11 5 6276
1 11 6 2126
1 11 7 5536
1 11 8 2011
1 11 9 4665
1 11 10 5365
1 11 11 0
1 11 12 4864
1 12 0 5792
1 12 1 0
1 12 2 4025
1 12 3 2671
1 12 4 6763
1 12 5 2537
1 12 6 3176
1 12 7 3485
1 12 8 7257
1 12 9 6659
1 12 10 7417
1 12 11 4533
1 12 12 0
2 0 0 0
2 0 1 3384
2 0 2 0
2 0 3 6008
2 0 4 7016
2 0 5 6605
2 0 6 6082
2 0 7 6826
2 0 8 5231
2 0 9 7716
2 0 10 6255
2 0 11 6244
2 0 12 6078
2 1 0 9166
2 1 1 0
2 1 2 0
2 1 3 3869
2 1 4 5389
2 1 5 2434
2 1 6 3921
2 1 7 1546
2 1 8 5343
2 1 9 1743
2 1 10 5698
2 1 11 2709
2 1 12 3788
2 2 0 0
2 2 1 0
2 2 2 0
2 2 3 0
2 2 4 0
2 2 5 0
2 2 6 0
2 2 7 0
2 2 8 0
2 2 9 0
2 2 10 0
2 2 11 0
2 2 12 0
2 3 0 4759
2 3 1 4376
2 3 2 0
2 3 3 0
2 3 4 8003
2 3 5 5682
2 3 6 7100
2 3 7 6372
2 3 8 4689
2 3 9 5064
2 3 10 9404
2 3 11 7145
2 3 12 4818
2 4 0 4827
2 4 1 4956
2 4 2 0
2 4 3 6334
2 4 4 0
2 4 5 6856
2 4 6 5218
2 4 7 6558
2 4 8 4797
2 4 9 6537
2 4 10 5140
2 4 11 3133
2 4 12 4540
2 5 0 5053
2 5 1 2638
2 5 2 0
2 5 3 5317
2 5 4 7054
2 5 5 0
2 5 6 7669
2 5 7 5787
2 5 8 5281
2 5 9 5300
2 5 10 6155
2 5 11 3888
2 5 12 5585
2 6 0 4403
2 6 1 3998
2 6 2 0
2 6 3 6598
2 6 4 5713
2 6 5 4415
2 6 6 0
2 6 7 4108
2 6 8 3284
2 6 9 5801
2 6 10 4861
2 6 11 6099
2 6 12 5751
2 7 0 7581
2 7 1 4057
2 7 2 0
2 7 3 7873
2 7 4 6561
2 7 5 8925
2 7 6 8492
2 7 7 0
2 7 8 5825
2 7 9 8050
2 7 10 4649
2 7 11 4869
2 7 12 8691
2 8 0 6383
2 8 1 8251
2 8 2 0
2 8 3 6900
2 8 4 6055
2 8 5 4422
2 8 6 5636
2 8 7 5681
2 8 8 0
2 8 9 6881
2 8 10 2665
2 8 11 2200
2 8 12 2552
2 9 0 9476
2 9 1 5259
2 9 2 0
2 9 3 1912
2 9 4 803
2 9 5 1303
2 9 6 1305
2 9 7 2840
2 9 8 884
2 9 9 0
2 9 10 2006
2 9 11 1363
2 9 12 4529
2 10 0 5969
2 10 1 7168
2 10 2 0
2 10 3 6944
2 10 4 6978
2 10 5 5093
2 10 6 9013
2 10 7 9298
2 10 8 8361
2 10 9 5233
2 10 10 0
2 10 11 9031
2 10 12 6574
2 11 0 3539
2 11 1 1760
2 11 2 0
2 11 3 7061
2 11 4 3265
2 11 5 7133
2 11 6 2983
2 11 7 6393
2 11 8 2868
2 11 9 5522
2 11 10 6222
2 11 11 0
2 11 12 5721
2 12 0 4559
2 12 1 4025
2 12 2 0
2 12 3 4946
2 12 4 9038
2 12 5 4812
2 12 6 5451
2 12 7 5760
2 12 8 9532
2 12 9 8934
2 12 10 9692
2 12 11 6808
2 12 12 0
3 0 0 0
3 0 1 5805
3 0 2 6008
3 0 3 0
3 0 4 7314
3 0 5 6903
3 0 6 6380
3 0 7 7124
3 0 8 5529
3 0 9 8014
3 0 10 6553
3 0 11 6542
3 0 12 6376
3 1 0 7186
3 1 1 0
3 1 2 3869
3 1 3 0
3 1 4 6837
3 1 5 3882
3 1 6 5369
3 1 7 2994
3 1 8 6791
3 1 9 3191
3 1 10 7146
3 1 11 4157
3 1 12 5236
3 2 0 5033
3 2 1 9051
3 2 2 0
3 2 3 0
3 2 4 3845
3 2 5 5073
3 2 6 4925
3 2 7 6276
3 2 8 3863
3 2 9 2143
3 2 10 6449
3 2 11 4073
3 2 12 6570
3 3 0 0
3 3 1 0
3 3 2 0
3 3 3 0
3 3 4 0
3 3 5 0
3 3 6 0
3 3 7 0
3 3 8 0
3 3 9 0
3 3 10 0
3 3 11 0
3 3 12 0
3 4 0 8256
3 4 1 8385
3 4 2 6334
3 4 3 0
3 4 4 0
3 4 5 8319
3 4 6 6681
3 4 7 8021
3 4 8 6260
3 4 9 8000
3 4 10 6603
3 4 11 4596
3 4 12 6003
3 5 0 5600
3 5 1 3185
3 5 2 5317
3 5 3 0
3 5 4 4968
3 5 5 0
3 5 6 5583
3 5 7 3701
3 5 8 3195
3 5 9 3214
3 5 10 4069
3 5 11 1802
3 5 12 3499
3 6 0 6506
3 6 1 6101
3 6 2 6598
3 6 3 0
3 6 4 5193
3 6 5 3895
3 6 6 0
3 6 7 3588
3 6 8 2764
3 6 9 5281
3 6 10 4341
3 6 11 5579
3 6 12 5231
3 7 0 7174
3 7 1 3650
3 7 2 7873
3 7 3 0
3 7 4 3962
3 7 5 6326
3 7 6 5893
3 7 7 0
3 7 8 3226
3 7 9 5451
3 7 10 2050
3 7 11 2270
3 7 12 6092
3 8 0 7019
3 8 1 8887
3 8 2 6900
3 8 3 0
3 8 4 4186
3 8 5 2553
3 8 6 3767
3 8 7 3812
3 8 8 0
3 8 9 5012
3 8 10 796
3 8 11 331
3 8 12 683
3 9 0 6236
3 9 1 2019
3 9 2 1912
3 9 3 0
3 9 4 1029
3 9 5 1529
3 9 6 1531
3 9 7 3066
3 9 8 1110
3 9 9 0
3 9 10 2232
3 9 11 1589
3 9 12 4755
3 10 0 5501
3 10 1 6700
3 10 2 6944
3 10 3 0
3 10 4 7238
3 10 5 5353
3 10 6 9273
3 10 7 9558
3 10 8 8621
3 10 9 5493
3 10 10 0
3 10 11 9291
3 10 12 6834
3 11 0 7983
3 11 1 6204
3 11 2 7061
3 11 3 0
3 11 4 3642
3 11 5 7510
3 11 6 3360
3 11 7 6770
3 11 8 3245
3 11 9 5899
3 11 10 6599
3 11 11 0
3 11 12 6098
3 12 0 3205
3 12 1 2671
3 12 2 4946
3 12 3 0
3 12 4 4591
3 12 5 365
3 12 6 1004
3 12 7 1313
3 12 8 5085
3 12 9 4487
3 12 10 5245
3 12 11 2361
3 12 12 0
4 0 0 0
4 0 1 6813
4 0 2 7016
4 0 3 7314
4 0 4 0
4 0 5 7433
4 0 6 6910
4 0 7 7654
4 0 8 6059
4 0 9 8544
4 0 10 7083
4 0 11 7072
4 0 12 6906
4 1 0 8706
4 1 1 0
4 1 2 5389
4 1 3 6837
4 1 4 0
4 1 5 1727
4 1 6 3214
4 1 7 839
4 1 8 4636
4 1 9 1036
4 1 10 4991
4 1 11 2002
4 1 12 3081
4 2 0 2609
4 2 1 6627
4 2 2 0
4 2 3 3845
4 2 4 0
4 2 5 4133
4 2 6 3985
4 2 7 5336
4 2 8 2923
4 2 9 1203
4 2 10 5509
4 2 11 3133
4 2 12 5630
4 3 0 6493
4 3 1 6110
4 3 2 8003
4 3 3 0
4 3 4 0
4 3 5 5476
4 3 6 6894
4 3 7 6166
4 3 8 4483
4 3 9 4858
4 3 10 9198
4 3 11 6939
4 3 12 4612
4 4 0 0
4 4 1 0
4 4 2 0
4 4 3 0
4 4 4 0
4 4 5 0
4 4 6 0
4 4 7 0
4 4 8 0
4 4 9 0
4 4 10 0
4 4 11 0
4 4 12 0
4 5 0 7337
4 5 1 4922
4 5 2 7054
4 5 3 4968
4 5 4 0
4 5 5 0
4 5 6 9181
4 5 7 7299
4 5 8 6793
4 5 9 6812
4 5 10 7667
4 5 11 5400
4 5 12 7097
4 6 0 5621
4 6 1 5216
4 6 2 5713
4 6 3 5193
4 6 4 0
4 6 5 4437
4 6 6 0
4 6 7 4130
4 6 8 3306
4 6 9 5823
4 6 10 4883
4 6 11 6121
4 6 12 5773
4 7 0 5862
4 7 1 2338
4 7 2 6561
4 7 3 3962
4 7 4 0
4 7 5 8936
4 7 6 8503
4 7 7 0
4 7 8 5836
4 7 9 8061
4 7 10 4660
4 7 11 4880
4 7 12 8702
4 8 0 6174
4 8 1 8042
4 8 2 6055
4 8 3 4186
4 8 4 0
4 8 5 5085
4 8 6 6299
4 8 7 6344
4 8 8 0
4 8 9 7544
4 8 10 3328
4 8 11 2863
4 8 12 3215
4 9 0 5127
4 9 1 910
4 9 2 803
4 9 3 1029
4 9 4 0
4 9 5 5426
4 9 6 5428
4 9 7 6963
4 9 8 5007
4 9 9 0
4 9 10 6129
4 9 11 5486
4 9 12 8652
4 10 0 5535
4 10 1 6734
4 10 2 6978
4 10 3 7238
4 10 4 0
4 10 5 3513
4 10 6 7433
4 10 7 7718
4 10 8 6781
4 10 9 3653
4 10 10 0
4 10 11 7451
4 10 12 4994
4 11 0 4187
4 11 1 2408
4 11 2 3265
4 11 3 3642
4 11 4 0
4 11 5 5922
4 11 6 1772
4 11 7 5182
4 11 8 1657
4 11 9 4311
4 11 10 5011
4 11 11 0
4 11 12 4510
4 12 0 7297
4 12 1 6763
4 12 2 9038
4 12 3 4591
4 12 4 0
4 12 5 2511
4 12 6 3150
4 12 7 3459
4 12 8 7231
4 12 9 6633
4 12 10 7391
4 12 11 4507
4 12 12 0
5 0 0 0
5 0 1 6402
5 0 2 6605
5 0 3 6903
5 0 4 7433
5 0 5 0
5 0 6 5945
5 0 7 6689
5 0 8 5094
5 0 9 7579
5 0 10 6118
5 0 11 6107
5 0 12 5941
5 1 0 5751
5 1 1 0
5 1 2 2434
5 1 3 3882
5 1 4 1727
5 1 5 0
5 1 6 3371
5 1 7 996
5 1 8 4793
5 1 9 1193
5 1 10 5148
5 1 11 2159
5 1 12 3238
5 2 0 3837
5 2 1 7855
5 2 2 0
5 2 3 5073
5 2 4 4133
5 2 5 0
5 2 6 4622
5 2 7 5973
5 2 8 3560
5 2 9 1840
5 2 10 6146
5 2 11 3770
5 2 12 6267
5 3 0 4172
5 3 1 3789
5 3 2 5682
5 3 3 0
5 3 4 5476
5 3 5 0
5 3 6 4649
5 3 7 3921
5 3 8 2238
5 3 9 2613
5 3 10 6953
5 3 11 4694
5 3 12 2367
5 4 0 8778
5 4 1 8907
5 4 2 6856
5 4 3 8319
5 4 4 0
5 4 5 0
5 4 6 6928
5 4 7 8268
5 4 8 6507
5 4 9 8247
5 4 10 6850
5 4 11 4843
5 4 12 6250
5 5 0 0
5 5 1 0
5 5 2 0
5 5 3 0
5 5 4 0
5 5 5 0
5 5 6 0
5 5 7 0
5 5 8 0
5 5 9 0
5 5 10 0
5 5 11 0
5 5 12 0
5 6 0 4323
5 6 1 3918
5 6 2 4415
5 6 3 3895
5 6 4 4437
5 6 5 0
5 6 6 0
5 6 7 5353
5 6 8 4529
5 6 9 7046
5 6 10 6106
5 6 11 7344
5 6 12 6996
5 7 0 8226
5 7 1 4702
5 7 2 8925
5 7 3 6326
5 7 4 8936
5 7 5 0
5 7 6 6504
5 7 7 0
5 7 8 3837
5 7 9 6062
5 7 10 2661
5 7 11 2881
5 7 12 6703
5 8 0 4541
5 8 1 6409
5 8 2 4422
5 8 3 2553
5 8 4 5085
5 8 5 0
5 8 6 5555
5 8 7 5600
5 8 8 0
5 8 9 6800
5 8 10 2584
5 8 11 2119
5 8 12 2471
5 9 0 5627
5 9 1 1410
5 9 2 1303
5 9 3 1529
5 9 4 5426
5 9 5 0
5 9 6 2963
5 9 7 4498
5 9 8 2542
5 9 9 0
5 9 10 3664
5 9 11 3021
5 9 12 6187
5 10 0 3650
5 10 1 4849
5 10 2 5093
5 10 3 5353
5 10 4 3513
5 10 5 0
5 10 6 7220
5 10 7 7505
5 10 8 6568
5 10 9 3440
5 10 10 0
5 10 11 7238
5 10 12 4781
5 11 0 8055
5 11 1 6276
5 11 2 7133
5 11 3 7510
5 11 4 5922
5 11 5 0
5 11 6 1299
5 11 7 4709
5 11 8 1184
5 11 9 3838
5 11 10 4538
5 11 11 0
5 11 12 4037
5 12 0 3071
5 12 1 2537
5 12 2 4812
5 12 3 365
5 12 4 2511
5 12 5 0
5 12 6 2967
5 12 7 3276
5 12 8 7048
5 12 9 6450
5 12 10 7208
5 12 11 4324
5 12 12 0
6 0 0 0
6 0 1 5879
6 0 2 6082
6 0 3 6380
6 0 4 6910
6 0 5 5945
6 0 6 0
6 0 7 8410
6 0 8 6815
6 0 9 9300
6 0 10 7839
6 0 11 7828
6 0 12 7662
6 1 0 7238
6 1 1 0
6 1 2 3921
6 1 3 5369
6 1 4 3214
6 1 5 3371
6 1 6 0
6 1 7 2767
6 1 8 6564
6 1 9 2964
6 1 10 6919
6 1 11 3930
6 1 12 5009
6 2 0 3689
6 2 1 7707
6 2 2 0
6 2 3 4925
6 2 4 3985
6 2 5 4622
6 2 6 0
6 2 7 5846
6 2 8 3433
6 2 9 1713
6 2 10 6019
6 2 11 3643
6 2 12 6140
6 3 0 5590
6 3 1 5207
6 3 2 7100
6 3 3 0
6 3 4 6894
6 3 5 4649
6 3 6 0
6 3 7 5350
6 3 8 3667
6 3 9 4042
6 3 10 8382
6 3 11 6123
6 3 12 3796
6 4 0 7140
6 4 1 7269
6 4 2 5218
6 4 3 6681
6 4 4 0
6 4 5 6928
6 4 6 0
6 4 7 7075
6 4 8 5314
6 4 9 7054
6 4 10 5657
6 4 11 3650
6 4 12 5057
6 5 0 7952
6 5 1 5537
6 5 2 7669
6 5 3 5583
6 5 4 9181
6 5 5 0
6 5 6 0
6 5 7 3778
6 5 8 3272
6 5 9 3291
6 5 10 4146
6 5 11 1879
6 5 12 3576
6 6 0 0
6 6 1 0
6 6 2 0
6 6 3 0
6 6 4 0
6 6 5 0
6 6 6 0
6 6 7 0
6 6 8 0
6 6 9 0
6 6 10 0
6 6 11 0
6 6 12 0
6 7 0 7793
6 7 1 4269
6 7 2 8492
6 7 3 5893
6 7 4 8503
6 7 5 6504
6 7 6 0
6 7 7 0
6 7 8 2306
6 7 9 4531
6 7 10 1130
6 7 11 1350
6 7 12 5172
6 8 0 5755
6 8 1 7623
6 8 2 5636
6 8 3 3767
6 8 4 6299
6 8 5 5555
6 8 6 0
6 8 7 3751
6 8 8 0
6 8 9 4951
6 8 10 735
6 8 11 270
6 8 12 622
6 9 0 5629
6 9 1 1412
6 9 2 1305
6 9 3 1531
6 9 4 5428
6 9 5 2963
6 9 6 0
6 9 7 5147
6 9 8 3191
6 9 9 0
6 9 10 4313
6 9 11 3670
6 9 12 6836
6 10 0 7570
6 10 1 8769
6 10 2 9013
6 10 3 9273
6 10 4 7433
6 10 5 7220
6 10 6 0
6 10 7 6359
6 10 8 5422
6 10 9 2294
6 10 10 0
6 10 11 6092
6 10 12 3635
6 11 0 3905
6 11 1 2126
6 11 2 2983
6 11 3 3360
6 11 4 1772
6 11 5 1299
6 11 6 0
6 11 7 7068
6 11 8 3543
6 11 9 6197
6 11 10 6897
6 11 11 0
6 11 12 6396
6 12 0 3710
6 12 1 3176
6 12 2 5451
6 12 3 1004
6 12 4 3150
6 12 5 2967
6 12 6 0
6 12 7 3590
6 12 8 7362
6 12 9 6764
6 12 10 7522
6 12 11 4638
6 12 12 0
7 0 0 0
7 0 1 6623
7 0 2 6826
7 0 3 7124
7 0 4 7654
7 0 5 6689
7 0 6 8410
7 0 7 0
7 0 8 6032
7 0 9 8517
7 0 10 7056
7 0 11 7045
7 0 12 6879
7 1 0 4863
7 1 1 0
7 1 2 1546
7 1 3 2994
7 1 4 839
7 1 5 996
7 1 6 2767
7 1 7 0
7 1 8 5234
7 1 9 1634
7 1 10 5589
7 1 11 2600
7 1 12 3679
7 2 0 5040
7 2 1 9058
7 2 2 0
7 2 3 6276
7 2 4 5336
7 2 5 5973
7 2 6 5846
7 2 7 0
7 2 8 5867
7 2 9 4147
7 2 10 8453
7 2 11 6077
7 2 12 8574
7 3 0 4862
7 3 1 4479
7 3 2 6372
7 3 3 0
7 3 4 6166
7 3 5 3921
7 3 6 5350
7 3 7 0
7 3 8 3591
7 3 9 3966
7 3 10 8306
7 3 11 6047
7 3 12 3720
7 4 0 8480
7 4 1 8609
7 4 2 6558
7 4 3 8021
7 4 4 0
7 4 5 8268
7 4 6 7075
7 4 7 0
7 4 8 4811
7 4 9 6551
7 4 10 5154
7 4 11 3147
7 4 12 4554
7 5 0 6070
7 5 1 3655
7 5 2 5787
7 5 3 3701
7 5 4 7299
7 5 5 0
7 5 6 3778
7 5 7 0
7 5 8 6431
7 5 9 6450
7 5 10 7305
7 5 11 5038
7 5 12 6735
7 6 0 4016
7 6 1 3611
7 6 2 4108
7 6 3 3588
7 6 4 4130
7 6 5 5353
7 6 6 0
7 6 7 0
7 6 8 4149
7 6 9 6666
7 6 10 5726
7 6 11 6964
7 6 12 6616
7 7 0 0
7 7 1 0
7 7 2 0
7 7 3 0
7 7 4 0
7 7 5 0
7 7 6 0
7 7 7 0
7 7 8 0
7 7 9 0
7 7 10 0
7 7 11 0
7 7 12 0
7 8 0 5800
7 8 1 7668
7 8 2 5681
7 8 3 3812
7 8 4 6344
7 8 5 5600
7 8 6 3751
7 8 7 0
7 8 8 0
7 8 9 6141
7 8 10 1925
7 8 11 1460
7 8 12 1812
7 9 0 7164
7 9 1 2947
7 9 2 2840
7 9 3 3066
7 9 4 6963
7 9 5 4498
7 9 6 5147
7 9 7 0
7 9 8 4089
7 9 9 0
7 9 10 5211
7 9 11 4568
7 9 12 7734
7 10 0 7855
7 10 1 9054
7 10 2 9298
7 10 3 9558
7 10 4 7718
7 10 5 7505
7 10 6 6359
7 10 7 0
7 10 8 3859
7 10 9 731
7 10 10 0
7 10 11 4529
7 10 12 2072
7 11 0 7315
7 11 1 5536
7 11 2 6393
7 11 3 6770
7 11 4 5182
7 11 5 4709
7 11 6 7068
7 11 7 0
7 11 8 962
7 11 9 3616
7 11 10 4316
7 11 11 0
7 11 12 3815
7 12 0 4019
7 12 1 3485
7 12 2 5760
7 12 3 1313
7 12 4 3459
7 12 5 3276
7 12 6 3590
7 12 7 0
7 12 8 8951
7 12 9 8353
7 12 10 9111
7 12 11 6227
7 12 12 0
8 0 0 0
8 0 1 5028
8 0 2 5231
8 0 3 5529
8 0 4 6059
8 0 5 5094
8 0 6 6815
8 0 7 6032
8 0 8 0
8 0 9 7047
8 0 10 5586
8 0 11 5575
8 0 12 5409
8 1 0 8660
8 1 1 0
8 1 2 5343
8 1 3 6791
8 1 4 4636
8 1 5 4793
8 1 6 6564
8 1 7 5234
8 1 8 0
8 1 9 3526
8 1 10 7481
8 1 11 4492
8 1 12 5571
8 2 0 2627
8 2 1 6645
8 2 2 0
8 2 3 3863
8 2 4 2923
8 2 5 3560
8 2 6 3433
8 2 7 5867
8 2 8 0
8 2 9 4544
8 2 10 8850
8 2 11 6474
8 2 12 8971
8 3 0 3179
8 3 1 2796
8 3 2 4689
8 3 3 0
8 3 4 4483
8 3 5 2238
8 3 6 3667
8 3 7 3591
8 3 8 0
8 3 9 5406
8 3 10 9746
8 3 11 7487
8 3 12 5160
8 4 0 6719
8 4 1 6848
8 4 2 4797
8 4 3 6260
8 4 4 0
8 4 5 6507
8 4 6 5314
8 4 7 4811
8 4 8 0
8 4 9 8458
8 4 10 7061
8 4 11 5054
8 4 12 6461
8 5 0 5564
8 5 1 3149
8 5 2 5281
8 5 3 3195
8 5 4 6793
8 5 5 0
8 5 6 3272
8 5 7 6431
8 5 8 0
8 5 9 4360
8 5 10 5215
8 5 11 2948
8 5 12 4645
8 6 0 3192
8 6 1 2787
8 6 2 3284
8 6 3 2764
8 6 4 3306
8 6 5 4529
8 6 6 0
8 6 7 4149
8 6 8 0
8 6 9 6223
8 6 10 5283
8 6 11 6521
8 6 12 6173
8 7 0 5126
8 7 1 1602
8 7 2 5825
8 7 3 3226
8 7 4 5836
8 7 5 3837
8 7 6 2306
8 7 7 0
8 7 8 0
8 7 9 7166
8 7 10 3765
8 7 11 3985
8 7 12 7807
8 8 0 0
8 8 1 0
8 8 2 0
8 8 3 0
8 8 4 0
8 8 5 0
8 8 6 0
8 8 7 0
8 8 8 0
8 8 9 0
8 8 10 0
8 8 11 0
8 8 12 0
8 9 0 5208
8 9 1 991
8 9 2 884
8 9 3 1110
8 9 4 5007
8 9 5 2542
8 9 6 3191
8 9 7 4089
8 9 8 0
8 9 9 0
8 9 10 6455
8 9 11 5812
8 9 12 8978
8 10 0 6918
8 10 1 8117
8 10 2 8361
8 10 3 8621
8 10 4 6781
8 10 5 6568
8 10 6 5422
8 10 7 3859
8 10 8 0
8 10 9 1160
8 10 10 0
8 10 11 4958
8 10 12 2501
8 11 0 3790
8 11 1 2011
8 11 2 2868
8 11 3 3245
8 11 4 1657
8 11 5 1184
8 11 6 3543
8 11 7 962
8 11 8 0
8 11 9 3360
8 11 10 4060
8 11 11 0
8 11 12 3559
8 12 0 7791
8 12 1 7257
8 12 2 9532
8 12 3 5085
8 12 4 7231
8 12 5 7048
8 12 6 7362
8 12 7 8951
8 12 8 0
8 12 9 4627
8 12 10 5385
8 12 11 2501
8 12 12 0
9 0 0 0
9 0 1 7513
9 0 2 7716
9 0 3 8014
9 0 4 8544
9 0 5 7579
9 0 6 9300
9 0 7 8517
9 0 8 7047
9 0 9 0
9 0 10 7878
9 0 11 7867
9 0 12 7701
9 1 0 5060
9 1 1 0
9 1 2 1743
9 1 3 3191
9 1 4 1036
9 1 5 1193
9 1 6 2964
9 1 7 1634
9 1 8 3526
9 1 9 0
9 1 10 5378
9 1 11 2389
9 1 12 3468
9 2 0 907
9 2 1 4925
9 2 2 0
9 2 3 2143
9 2 4 1203
9 2 5 1840
9 2 6 1713
9 2 7 4147
9 2 8 4544
9 2 9 0
9 2 10 9458
9 2 11 7082
9 2 12 9579
9 3 0 3554
9 3 1 3171
9 3 2 5064
9 3 3 0
9 3 4 4858
9 3 5 2613
9 3 6 4042
9 3 7 3966
9 3 8 5406
9 3 9 0
9 3 10 6478
9 3 11 4219
9 3 12 1892
9 4 0 8459
9 4 1 8588
9 4 2 6537
9 4 3 8000
9 4 4 0
9 4 5 8247
9 4 6 7054
9 4 7 6551
9 4 8 8458
9 4 9 0
9 4 10 3529
9 4 11 1522
9 4 12 2929
9 5 0 5583
9 5 1 3168
9 5 2 5300
9 5 3 3214
9 5 4 6812
9 5 5 0
9 5 6 3291
9 5 7 6450
9 5 8 4360
9 5 9 0
9 5 10 3816
9 5 11 1549
9 5 12 3246
9 6 0 5709
9 6 1 5304
9 6 2 5801
9 6 3 5281
9 6 4 5823
9 6 5 7046
9 6 6 0
9 6 7 6666
9 6 8 6223
9 6 9 0
9 6 10 2672
9 6 11 3910
9 6 12 3562
9 7 0 7351
9 7 1 3827
9 7 2 8050
9 7 3 5451
9 7 4 8061
9 7 5 6062
9 7 6 4531
9 7 7 0
9 7 8 7166
9 7 9 0
9 7 10 2644
9 7 11 2864
9 7 12 6686
9 8 0 7000
9 8 1 8868
9 8 2 6881
9 8 3 5012
9 8 4 7544
9 8 5 6800
9 8 6 4951
9 8 7 6141
9 8 8 0
9 8 9 0
9 8 10 1117
9 8 11 652
9 8 12 1004
9 9 0 0
9 9 1 0
9 9 2 0
9 9 3 0
9 9 4 0
9 9 5 0
9 9 6 0
9 9 7 0
9 9 8 0
9 9 9 0
9 9 10 0
9 9 11 0
9 9 12 0
9 10 0 3790
9 10 1 4989
9 10 2 5233
9 10 3 5493
9 10 4 3653
9 10 5 3440
9 10 6 2294
9 10 7 731
9 10 8 1160
9 10 9 0
9 10 10 0
9 10 11 6019
9 10 12 3562
9 11 0 6444
9 11 1 4665
9 11 2 5522
9 11 3 5899
9 11 4 4311
9 11 5 3838
9 11 6 6197
9 11 7 3616
9 11 8 3360
9 11 9 0
9 11 10 4943
9 11 11 0
9 11 12 4442
9 12 0 7193
9 12 1 6659
9 12 2 8934
9 12 3 4487
9 12 4 6633
9 12 5 6450
9 12 6 6764
9 12 7 8353
9 12 8 4627
9 12 9 0
9 12 10 9082
9 12 11 6198
9 12 12 0
10 0 0 0
10 0 1 6052
10 0 2 6255
10 0 3 6553
10 0 4 7083
10 0 5 6118
10 0 6 7839
10 0 7 7056
10 0 8 5586
10 0 9 7878
10 0 10 0
10 0 11 5072
10 0 12 4906
10 1 0 9015
10 1 1 0
10 1 2 5698
10 1 3 7146
10 1 4 4991
10 1 5 5148
10 1 6 6919
10 1 7 5589
10 1 8 7481
10 1 9 5378
10 1 10 0
10 1 11 4740
10 1 12 5819
10 2 0 5213
10 2 1 9231
10 2 2 0
10 2 3 6449
10 2 4 5509
10 2 5 6146
10 2 6 6019
10 2 7 8453
10 2 8 8850
10 2 9 9458
10 2 10 0
10 2 11 5036
10 2 12 7533
10 3 0 7894
10 3 1 7511
10 3 2 9404
10 3 3 0
10 3 4 9198
10 3 5 6953
10 3 6 8382
10 3 7 8306
10 3 8 9746
10 3 9 6478
10 3 10 0
10 3 11 4945
10 3 12 2618
10 4 0 7062
10 4 1 7191
10 4 2 5140
10 4 3 6603
10 4 4 0
10 4 5 6850
10 4 6 5657
10 4 7 5154
10 4 8 7061
10 4 9 3529
10 4 10 0
10 4 11 3391
10 4 12 4798
10 5 0 6438
10 5 1 4023
10 5 2 6155
10 5 3 4069
10 5 4 7667
10 5 5 0
10 5 6 4146
10 5 7 7305
10 5 8 5215
10 5 9 3816
10 5 10 0
10 5 11 1033
10 5 12 2730
10 6 0 4769
10 6 1 4364
10 6 2 4861
10 6 3 4341
10 6 4 4883
10 6 5 6106
10 6 6 0
10 6 7 5726
10 6 8 5283
10 6 9 2672
10 6 10 0
10 6 11 7312
10 6 12 6964
10 7 0 3950
10 7 1 426
10 7 2 4649
10 7 3 2050
10 7 4 4660
10 7 5 2661
10 7 6 1130
10 7 7 0
10 7 8 3765
10 7 9 2644
10 7 10 0
10 7 11 5016
10 7 12 8838
10 8 0 2784
10 8 1 4652
10 8 2 2665
10 8 3 796
10 8 4 3328
10 8 5 2584
10 8 6 735
10 8 7 1925
10 8 8 0
10 8 9 1117
10 8 10 0
10 8 11 3823
10 8 12 4175
10 9 0 6330
10 9 1 2113
10 9 2 2006
10 9 3 2232
10 9 4 6129
10 9 5 3664
10 9 6 4313
10 9 7 5211
10 9 8 6455
10 9 9 0
10 9 10 0
10 9 11 1578
10 9 12 4744
10 10 0 0
10 10 1 0
10 10 2 0
10 10 3 0
10 10 4 0
10 10 5 0
10 10 6 0
10 10 7 0
10 10 8 0
10 10 9 0
10 10 10 0
10 10 11 0
10 10 12 0
10 11 0 7144
10 11 1 5365
10 11 2 6222
10 11 3 6599
10 11 4 5011
10 11 5 4538
10 11 6 6897
10 11 7 4316
10 11 8 4060
10 11 9 4943
10 11 10 0
10 11 11 0
10 11 12 7804
10 12 0 7951
10 12 1 7417
10 12 2 9692
10 12 3 5245
10 12 4 7391
10 12 5 7208
10 12 6 7522
10 12 7 9111
10 12 8 5385
10 12 9 9082
10 12 10 0
10 12 11 3937
10 12 12 0
11 0 0 0
11 0 1 6041
11 0 2 6244
11 0 3 6542
11 0 4 7072
11 0 5 6107
11 0 6 7828
11 0 7 7045
11 0 8 5575
11 0 9 7867
11 0 10 5072
11 0 11 0
11 0 12 6784
11 1 0 6026
11 1 1 0
11 1 2 2709
11 1 3 4157
11 1 4 2002
11 1 5 2159
11 1 6 3930
11 1 7 2600
11 1 8 4492
11 1 9 2389
11 1 10 4740
11 1 11 0
11 1 12 5590
11 2 0 2837
11 2 1 6855
11 2 2 0
11 2 3 4073
11 2 4 3133
11 2 5 3770
11 2 6 3643
11 2 7 6077
11 2 8 6474
11 2 9 7082
11 2 10 5036
11 2 11 0
11 2 12 5114
11 3 0 5635
11 3 1 5252
11 3 2 7145
11 3 3 0
11 3 4 6939
11 3 5 4694
11 3 6 6123
11 3 7 6047
11 3 8 7487
11 3 9 4219
11 3 10 4945
11 3 11 0
11 3 12 5111
11 4 0 5055
11 4 1 5184
11 4 2 3133
11 4 3 4596
11 4 4 0
11 4 5 4843
11 4 6 3650
11 4 7 3147
11 4 8 5054
11 4 9 1522
11 4 10 3391
11 4 11 0
11 4 12 3461
11 5 0 4171
11 5 1 1756
11 5 2 3888
11 5 3 1802
11 5 4 5400
11 5 5 0
11 5 6 1879
11 5 7 5038
11 5 8 2948
11 5 9 1549
11 5 10 1033
11 5 11 0
11 5 12 7146
11 6 0 6007
11 6 1 5602
11 6 2 6099
11 6 3 5579
11 6 4 6121
11 6 5 7344
11 6 6 0
11 6 7 6964
11 6 8 6521
11 6 9 3910
11 6 10 7312
11 6 11 0
11 6 12 3310
11 7 0 4170
11 7 1 646
11 7 2 4869
11 7 3 2270
11 7 4 4880
11 7 5 2881
11 7 6 1350
11 7 7 0
11 7 8 3985
11 7 9 2864
11 7 10 5016
11 7 11 0
11 7 12 8309
11 8 0 2319
11 8 1 4187
11 8 2 2200
11 8 3 331
11 8 4 2863
11 8 5 2119
11 8 6 270
11 8 7 1460
11 8 8 0
11 8 9 652
11 8 10 3823
11 8 11 0
11 8 12 1058
11 9 0 5687
11 9 1 1470
11 9 2 1363
11 9 3 1589
11 9 4 5486
11 9 5 3021
11 9 6 3670
11 9 7 4568
11 9 8 5812
11 9 9 0
11 9 10 1578
11 9 11 0
11 9 12 7409
11 10 0 7588
11 10 1 8787
11 10 2 9031
11 10 3 9291
11 10 4 7451
11 10 5 7238
11 10 6 6092
11 10 7 4529
11 10 8 4958
11 10 9 6019
11 10 10 0
11 10 11 0
11 10 12 5848
11 11 0 0
11 11 1 0
11 11 2 0
11 11 3 0
11 11 4 0
11 11 5 0
11 11 6 0
11 11 7 0
11 11 8 0
11 11 9 0
11 11 10 0
11 11 11 0
11 11 12 0
11 12 0 5067
11 12 1 4533
11 12 2 6808
11 12 3 2361
11 12 4 4507
11 12 5 4324
11 12 6 4638
11 12 7 6227
11 12 8 2501
11 12 9 6198
11 12 10 3937
11 12 11 0
11 12 12 0
12 0 0 0
12 0 1 5875
12 0 2 6078
12 0 3 6376
12 0 4 6906
12 0 5 5941
12 0 6 7662
12 0 7 6879
12 0 8 5409
12 0 9 7701
12 0 10 4906
12 0 11 6784
12 0 12 0
12 1 0 7105
12 1 1 0
12 1 2 3788
12 1 3 5236
12 1 4 3081
12 1 5 3238
12 1 6 5009
12 1 7 3679
12 1 8 5571
12 1 9 3468
12 1 10 5819
12 1 11 5590
12 1 12 0
12 2 0 5334
12 2 1 9352
12 2 2 0
12 2 3 6570
12 2 4 5630
12 2 5 6267
12 2 6 6140
12 2 7 8574
12 2 8 8971
12 2 9 9579
12 2 10 7533
12 2 11 5114
12 2 12 0
12 3 0 3308
12 3 1 2925
12 3 2 4818
12 3 3 0
12 3 4 4612
12 3 5 2367
12 3 6 3796
12 3 7 3720
12 3 8 5160
12 3 9 1892
12 3 10 2618
12 3 11 5111
12 3 12 0
12 4 0 6462
12 4 1 6591
12 4 2 4540
12 4 3 6003
12 4 4 0
12 4 5 6250
12 4 6 5057
12 4 7 4554
12 4 8 6461
12 4 9 2929
12 4 10 4798
12 4 11 3461
12 4 12 0
12 5 0 5868
12 5 1 3453
12 5 2 5585
12 5 3 3499
12 5 4 7097
12 5 5 0
12 5 6 3576
12 5 7 6735
12 5 8 4645
12 5 9 3246
12 5 10 2730
12 5 11 7146
12 5 12 0
12 6 0 5659
12 6 1 5254
12 6 2 5751
12 6 3 5231
12 6 4 5773
12 6 5 6996
12 6 6 0
12 6 7 6616
12 6 8 6173
12 6 9 3562
12 6 10 6964
12 6 11 3310
12 6 12 0
12 7 0 7992
12 7 1 4468
12 7 2 8691
12 7 3 6092
12 7 4 8702
12 7 5 6703
12 7 6 5172
12 7 7 0
12 7 8 7807
12 7 9 6686
12 7 10 8838
12 7 11 8309
12 7 12 0
12 8 0 2671
12 8 1 4539
12 8 2 2552
12 8 3 683
12 8 4 3215
12 8 5 2471
12 8 6 622
12 8 7 1812
12 8 8 0
12 8 9 1004
12 8 10 4175
12 8 11 1058
12 8 12 0
12 9 0 8853
12 9 1 4636
12 9 2 4529
12 9 3 4755
12 9 4 8652
12 9 5 6187
12 9 6 6836
12 9 7 7734
12 9 8 8978
12 9 9 0
12 9 10 4744
12 9 11 7409
12 9 12 0
12 10 0 5131
12 10 1 6330
12 10 2 6574
12 10 3 6834
12 10 4 4994
12 10 5 4781
12 10 6 3635
12 10 7 2072
12 10 8 2501
12 10 9 3562
12 10 10 0
12 10 11 5848
12 10 12 0
12 11 0 6643
12 11 1 4864
12 11 2 5721
12 11 3 6098
12 11 4 4510
12 11 5 4037
12 11 6 6396
12 11 7 3815
12 11 8 3559
12 11 9 4442
12 11 10 7804
12 11 11 0
12 11 12 0
12 12 0 0
12 12 1 0
12 12 2 0
12 12 3 0
12 12 4 0
12 12 5 0
12 12 6 0
12 12 7 0
12 12 8 0
12 12 9 0
12 12 10 0
12 12 11 0
12 12 12 0
