16
0 0 0 0
0 0 1 0
0 0 2 0
0 0 3 0
0 0 4 0
0 0 5 0
0 0 6 0
0 0 7 0
0 0 8 0
0 0 9 0
0 0 10 0
0 0 11 0
0 0 12 0
0 0 13 0
0 0 14 0
0 0 15 0
0 1 0 0
0 1 1 0
0 1 2 4656
0 1 3 6439
0 1 4 7027
0 1 5 6652
0 1 6 4424
0 1 7 6341
0 1 8 6709
0 1 9 7102
0 1 10 8018
0 1 11 7231
0 1 12 7449
0 1 13 4384
0 1 14 4535
0 1 15 6181
0 2 0 0
0 2 1 5767
0 2 2 0
0 2 3 3515
0 2 4 3779
0 2 5 4067
0 2 6 5995
0 2 7 4182
0 2 8 4257
0 2 9 7050
0 2 10 6738
0 2 11 3702
0 2 12 4643
0 2 13 4357
0 2 14 3283
0 2 15 4331
0 3 0 0
0 3 1 7599
0 3 2 8272
0 3 3 0
0 3 4 4562
0 3 5 7646
0 3 6 3931
0 3 7 5079
0 3 8 6631
0 3 9 4295
0 3 10 7116
0 3 11 7653
0 3 12 4326
0 3 13 6644
0 3 14 6361
0 3 15 4828
0 4 0 0
0 4 1 1926
0 4 2 3883
0 4 3 5284
0 4 4 0
0 4 5 3561
0 4 6 5629
0 4 7 1947
0 4 8 4937
0 4 9 4310
0 4 10 4354
0 4 11 3365
0 4 12 6131
0 4 13 5355
0 4 14 3399
0 4 15 2490
0 5 0 0
0 5 1 1000
0 5 2 3266
0 5 3 373
0 5 4 4731
0 5 5 0
0 5 6 871
0 5 7 325
0 5 8 2563
0 5 9 1883
0 5 10 4374
0 5 11 805
0 5 12 3879
0 5 13 2643
0 5 14 1453
0 5 15 365
0 6 0 0
0 6 1 5370
0 6 2 4708
0 6 3 3467
0 6 4 6446
0 6 5 6314
0 6 6 0
0 6 7 5737
0 6 8 4347
0 6 9 6462
0 6 10 4850
0 6 11 2732
0 6 12 5030
0 6 13 5275
0 6 14 5101
0 6 15 5068
0 7 0 0
0 7 1 7336
0 7 2 5523
0 7 3 6061
0 7 4 6587
0 7 5 5891
0 7 6 9432
0 7 7 0
0 7 8 8038
0 7 9 5105
0 7 10 5187
0 7 11 4584
0 7 12 9217
0 7 13 4551
0 7 14 7721
0 7 15 8828
0 8 0 0
0 8 1 6819
0 8 2 7554
0 8 3 8853
0 8 4 4457
0 8 5 8718
0 8 6 5191
0 8 7 8154
0 8 8 0
0 8 9 6574
0 8 10 7618
0 8 11 6369
0 8 12 5994
0 8 13 8306
0 8 14 9157
0 8 15 7047
0 9 0 0
0 9 1 7559
0 9 2 6401
0 9 3 9285
0 9 4 7830
0 9 5 4527
0 9 6 6091
0 9 7 4714
0 9 8 8889
0 9 9 0
0 9 10 7079
0 9 11 8604
0 9 12 8101
0 9 13 9184
0 9 14 8264
0 9 15 4607
0 10 0 0
0 10 1 3707
0 10 2 571
0 10 3 946
0 10 4 1152
0 10 5 1258
0 10 6 1440
0 10 7 3048
0 10 8 1730
0 10 9 3753
0 10 10 0
0 10 11 4233
0 10 12 3606
0 10 13 1944
0 10 14 3590
0 10 15 3775
0 11 0 0
0 11 1 5708
0 11 2 4239
0 11 3 5800
0 11 4 2524
0 11 5 3900
0 11 6 5773
0 11 7 6525
0 11 8 4607
0 11 9 3948
0 11 10 6422
0 11 11 0
0 11 12 5417
0 11 13 5924
0 11 14 2186
0 11 15 5472
0 12 0 0
0 12 1 4941
0 12 2 6720
0 12 3 6696
0 12 4 5151
0 12 5 5357
0 12 6 3453
0 12 7 5969
0 12 8 2509
0 12 9 6283
0 12 10 2115
0 12 11 3028
0 12 12 0
0 12 13 3005
0 12 14 4664
0 12 15 5437
0 13 0 0
0 13 1 9099
0 13 2 6098
0 13 3 8495
0 13 4 6748
0 13 5 8172
0 13 6 6449
0 13 7 7383
0 13 8 4748
0 13 9 5628
0 13 10 7487
0 13 11 8599
0 13 12 4578
0 13 13 0
0 13 14 5449
0 13 15 5334
0 14 0 0
0 14 1 5118
0 14 2 5656
0 14 3 8925
0 14 4 6063
0 14 5 7661
0 14 6 8532
0 14 7 9868
0 14 8 5770
0 14 9 5698
0 14 10 5703
0 14 11 7905
0 14 12 5081
0 14 13 6929
0 14 14 0
0 14 15 8462
0 15 0 0
0 15 1 7458
0 15 2 6862
0 15 3 8953
0 15 4 7721
0 15 5 8659
0 15 6 7755
0 15 7 8126
0 15 8 6125
0 15 9 4241
0 15 10 6895
0 15 11 6851
0 15 12 6985
0 15 13 9126
0 15 14 5350
0 15 15 0
1 0 0 0
1 0 1 0
1 0 2 6413
1 0 3 7663
1 0 4 5281
1 0 5 4092
1 0 6 5702
1 0 7 8427
1 0 8 8143
1 0 9 8314
1 0 10 4029
1 0 11 5719
1 0 12 5819
1 0 13 8418
1 0 14 8833
1 0 15 8124
1 1 0 0
1 1 1 0
1 1 2 0
1 1 3 0
1 1 4 0
1 1 5 0
1 1 6 0
1 1 7 0
1 1 8 0
1 1 9 0
1 1 10 0
1 1 11 0
1 1 12 0
1 1 13 0
1 1 14 0
1 1 15 0
1 2 0 5767
1 2 1 0
1 2 2 0
1 2 3 1989
1 2 4 2253
1 2 5 2541
1 2 6 4469
1 2 7 2656
1 2 8 2731
1 2 9 5524
1 2 10 5212
1 2 11 2176
1 2 12 3117
1 2 13 2831
1 2 14 1757
1 2 15 2805
1 3 0 7599
1 3 1 0
1 3 2 7279
1 3 3 0
1 3 4 3569
1 3 5 6653
1 3 6 2938
1 3 7 4086
1 3 8 5638
1 3 9 3302
1 3 10 6123
1 3 11 6660
1 3 12 3333
1 3 13 5651
1 3 14 5368
1 3 15 3835
1 4 0 1926
1 4 1 0
1 4 2 5860
1 4 3 7261
1 4 4 0
1 4 5 5538
1 4 6 7606
1 4 7 3924
1 4 8 6914
1 4 9 6287
1 4 10 6331
1 4 11 5342
1 4 12 8108
1 4 13 7332
1 4 14 5376
1 4 15 4467
1 5 0 1000
1 5 1 0
1 5 2 6057
1 5 3 3164
1 5 4 7522
1 5 5 0
1 5 6 3662
1 5 7 3116
1 5 8 5354
1 5 9 4674
1 5 10 7165
1 5 11 3596
1 5 12 6670
1 5 13 5434
1 5 14 4244
1 5 15 3156
1 6 0 5370
1 6 1 0
1 6 2 3661
1 6 3 2420
1 6 4 5399
1 6 5 5267
1 6 6 0
1 6 7 4690
1 6 8 3300
1 6 9 5415
1 6 10 3803
1 6 11 1685
1 6 12 3983
1 6 13 4228
1 6 14 4054
1 6 15 4021
1 7 0 7336
1 7 1 0
1 7 2 3668
1 7 3 4206
1 7 4 4732
1 7 5 4036
1 7 6 7577
1 7 7 0
1 7 8 6183
1 7 9 3250
1 7 10 3332
1 7 11 2729
1 7 12 7362
1 7 13 2696
1 7 14 5866
1 7 15 6973
1 8 0 6819
1 8 1 0
1 8 2 6351
1 8 3 7650
1 8 4 3254
1 8 5 7515
1 8 6 3988
1 8 7 6951
1 8 8 0
1 8 9 5371
1 8 10 6415
1 8 11 5166
1 8 12 4791
1 8 13 7103
1 8 14 7954
1 8 15 5844
1 9 0 7559
1 9 1 0
1 9 2 5420
1 9 3 8304
1 9 4 6849
1 9 5 3546
1 9 6 5110
1 9 7 3733
1 9 8 7908
1 9 9 0
1 9 10 6098
1 9 11 7623
1 9 12 7120
1 9 13 8203
1 9 14 7283
1 9 15 3626
1 10 0 3707
1 10 1 0
1 10 2 4791
1 10 3 5166
1 10 4 5372
1 10 5 5478
1 10 6 5660
1 10 7 7268
1 10 8 5950
1 10 9 7973
1 10 10 0
1 10 11 8453
1 10 12 7826
1 10 13 6164
1 10 14 7810
1 10 15 7995
1 11 0 5708
1 11 1 0
1 11 2 5982
1 11 3 7543
1 11 4 4267
1 11 5 5643
1 11 6 7516
1 11 7 8268
1 11 8 6350
1 11 9 5691
1 11 10 8165
1 11 11 0
1 11 12 7160
1 11 13 7667
1 11 14 3929
1 11 15 7215
1 12 0 4941
1 12 1 0
1 12 2 8581
1 12 3 8557
1 12 4 7012
1 12 5 7218
1 12 6 5314
1 12 7 7830
1 12 8 4370
1 12 9 8144
1 12 10 3976
1 12 11 4889
1 12 12 0
1 12 13 4866
1 12 14 6525
1 12 15 7298
1 13 0 9099
1 13 1 0
1 13 2 2295
1 13 3 4692
1 13 4 2945
1 13 5 4369
1 13 6 2646
1 13 7 3580
1 13 8 945
1 13 9 1825
1 13 10 3684
1 13 11 4796
1 13 12 775
1 13 13 0
1 13 14 1646
1 13 15 1531
1 14 0 5118
1 14 1 0
1 14 2 1589
1 14 3 4858
1 14 4 1996
1 14 5 3594
1 14 6 4465
1 14 7 5801
1 14 8 1703
1 14 9 1631
1 14 10 1636
1 14 11 3838
1 14 12 1014
1 14 13 2862
1 14 14 0
1 14 15 4395
1 15 0 7458
1 15 1 0
1 15 2 5150
1 15 3 7241
1 15 4 6009
1 15 5 6947
1 15 6 6043
1 15 7 6414
1 15 8 4413
1 15 9 2529
1 15 10 5183
1 15 11 5139
1 15 12 5273
1 15 13 7414
1 15 14 3638
1 15 15 0
2 0 0 0
2 0 1 6413
2 0 2 0
2 0 3 5942
2 0 4 3560
2 0 5 2371
2 0 6 3981
2 0 7 6706
2 0 8 6422
2 0 9 6593
2 0 10 2308
2 0 11 3998
2 0 12 4098
2 0 13 6697
2 0 14 7112
2 0 15 6403
2 1 0 4656
2 1 1 0
2 1 2 0
2 1 3 6024
2 1 4 6612
2 1 5 6237
2 1 6 4009
2 1 7 5926
2 1 8 6294
2 1 9 6687
2 1 10 7603
2 1 11 6816
2 1 12 7034
2 1 13 3969
2 1 14 4120
2 1 15 5766
2 2 0 0
2 2 1 0
2 2 2 0
2 2 3 0
2 2 4 0
2 2 5 0
2 2 6 0
2 2 7 0
2 2 8 0
2 2 9 0
2 2 10 0
2 2 11 0
2 2 12 0
2 2 13 0
2 2 14 0
2 2 15 0
2 3 0 8272
2 3 1 7279
2 3 2 0
2 3 3 0
2 3 4 1893
2 3 5 4977
2 3 6 1262
2 3 7 2410
2 3 8 3962
2 3 9 1626
2 3 10 4447
2 3 11 4984
2 3 12 1657
2 3 13 3975
2 3 14 3692
2 3 15 2159
2 4 0 3883
2 4 1 5860
2 4 2 0
2 4 3 5261
2 4 4 0
2 4 5 3538
2 4 6 5606
2 4 7 1924
2 4 8 4914
2 4 9 4287
2 4 10 4331
2 4 11 3342
2 4 12 6108
2 4 13 5332
2 4 14 3376
2 4 15 2467
2 5 0 3266
2 5 1 6057
2 5 2 0
2 5 3 1827
2 5 4 6185
2 5 5 0
2 5 6 2325
2 5 7 1779
2 5 8 4017
2 5 9 3337
2 5 10 5828
2 5 11 2259
2 5 12 5333
2 5 13 4097
2 5 14 2907
2 5 15 1819
2 6 0 4708
2 6 1 3661
2 6 2 0
2 6 3 5239
2 6 4 8218
2 6 5 8086
2 6 6 0
2 6 7 7509
2 6 8 6119
2 6 9 8234
2 6 10 6622
2 6 11 4504
2 6 12 6802
2 6 13 7047
2 6 14 6873
2 6 15 6840
2 7 0 5523
2 7 1 3668
2 7 2 0
2 7 3 3295
2 7 4 3821
2 7 5 3125
2 7 6 6666
2 7 7 0
2 7 8 5272
2 7 9 2339
2 7 10 2421
2 7 11 1818
2 7 12 6451
2 7 13 1785
2 7 14 4955
2 7 15 6062
2 8 0 7554
2 8 1 6351
2 8 2 0
2 8 3 6446
2 8 4 2050
2 8 5 6311
2 8 6 2784
2 8 7 5747
2 8 8 0
2 8 9 4167
2 8 10 5211
2 8 11 3962
2 8 12 3587
2 8 13 5899
2 8 14 6750
2 8 15 4640
2 9 0 6401
2 9 1 5420
2 9 2 0
2 9 3 9500
2 9 4 8045
2 9 5 4742
2 9 6 6306
2 9 7 4929
2 9 8 9104
2 9 9 0
2 9 10 7294
2 9 11 8819
2 9 12 8316
2 9 13 9399
2 9 14 8479
2 9 15 4822
2 10 0 571
2 10 1 4791
2 10 2 0
2 10 3 5134
2 10 4 5340
2 10 5 5446
2 10 6 5628
2 10 7 7236
2 10 8 5918
2 10 9 7941
2 10 10 0
2 10 11 8421
2 10 12 7794
2 10 13 6132
2 10 14 7778
2 10 15 7963
2 11 0 4239
2 11 1 5982
2 11 2 0
2 11 3 5262
2 11 4 1986
2 11 5 3362
2 11 6 5235
2 11 7 5987
2 11 8 4069
2 11 9 3410
2 11 10 5884
2 11 11 0
2 11 12 4879
2 11 13 5386
2 11 14 1648
2 11 15 4934
2 12 0 6720
2 12 1 8581
2 12 2 0
2 12 3 6999
2 12 4 5454
2 12 5 5660
2 12 6 3756
2 12 7 6272
2 12 8 2812
2 12 9 6586
2 12 10 2418
2 12 11 3331
2 12 12 0
2 12 13 3308
2 12 14 4967
2 12 15 5740
2 13 0 6098
2 13 1 2295
2 13 2 0
2 13 3 5913
2 13 4 4166
2 13 5 5590
2 13 6 3867
2 13 7 4801
2 13 8 2166
2 13 9 3046
2 13 10 4905
2 13 11 6017
2 13 12 1996
2 13 13 0
2 13 14 2867
2 13 15 2752
2 14 0 5656
2 14 1 1589
2 14 2 0
2 14 3 4854
2 14 4 1992
2 14 5 3590
2 14 6 4461
2 14 7 5797
2 14 8 1699
2 14 9 1627
2 14 10 1632
2 14 11 3834
2 14 12 1010
2 14 13 2858
2 14 14 0
2 14 15 4391
2 15 0 6862
2 15 1 5150
2 15 2 0
2 15 3 6639
2 15 4 5407
2 15 5 6345
2 15 6 5441
2 15 7 5812
2 15 8 3811
2 15 9 1927
2 15 10 4581
2 15 11 4537
2 15 12 4671
2 15 13 6812
2 15 14 3036
2 15 15 0
3 0 0 0
3 0 1 7663
3 0 2 5942
3 0 3 0
3 0 4 2438
3 0 5 1249
3 0 6 2859
3 0 7 5584
3 0 8 5300
3 0 9 5471
3 0 10 1186
3 0 11 2876
3 0 12 2976
3 0 13 5575
3 0 14 5990
3 0 15 5281
3 1 0 6439
3 1 1 0
3 1 2 6024
3 1 3 0
3 1 4 7194
3 1 5 6819
3 1 6 4591
3 1 7 6508
3 1 8 6876
3 1 9 7269
3 1 10 8185
3 1 11 7398
3 1 12 7616
3 1 13 4551
3 1 14 4702
3 1 15 6348
3 2 0 3515
3 2 1 1989
3 2 2 0
3 2 3 0
3 2 4 5867
3 2 5 6155
3 2 6 8083
3 2 7 6270
3 2 8 6345
3 2 9 9138
3 2 10 8826
3 2 11 5790
3 2 12 6731
3 2 13 6445
3 2 14 5371
3 2 15 6419
3 3 0 0
3 3 1 0
3 3 2 0
3 3 3 0
3 3 4 0
3 3 5 0
3 3 6 0
3 3 7 0
3 3 8 0
3 3 9 0
3 3 10 0
3 3 11 0
3 3 12 0
3 3 13 0
3 3 14 0
3 3 15 0
3 4 0 5284
3 4 1 7261
3 4 2 5261
3 4 3 0
3 4 4 0
3 4 5 3071
3 4 6 5139
3 4 7 1457
3 4 8 4447
3 4 9 3820
3 4 10 3864
3 4 11 2875
3 4 12 5641
3 4 13 4865
3 4 14 2909
3 4 15 2000
3 5 0 373
3 5 1 3164
3 5 2 1827
3 5 3 0
3 5 4 8514
3 5 5 0
3 5 6 4654
3 5 7 4108
3 5 8 6346
3 5 9 5666
3 5 10 8157
3 5 11 4588
3 5 12 7662
3 5 13 6426
3 5 14 5236
3 5 15 4148
3 6 0 3467
3 6 1 2420
3 6 2 5239
3 6 3 0
3 6 4 4904
3 6 5 4772
3 6 6 0
3 6 7 4195
3 6 8 2805
3 6 9 4920
3 6 10 3308
3 6 11 1190
3 6 12 3488
3 6 13 3733
3 6 14 3559
3 6 15 3526
3 7 0 6061
3 7 1 4206
3 7 2 3295
3 7 3 0
3 7 4 3468
3 7 5 2772
3 7 6 6313
3 7 7 0
3 7 8 4919
3 7 9 1986
3 7 10 2068
3 7 11 1465
3 7 12 6098
3 7 13 1432
3 7 14 4602
3 7 15 5709
3 8 0 8853
3 8 1 7650
3 8 2 6446
3 8 3 0
3 8 4 3174
3 8 5 7435
3 8 6 3908
3 8 7 6871
3 8 8 0
3 8 9 5291
3 8 10 6335
3 8 11 5086
3 8 12 4711
3 8 13 7023
3 8 14 7874
3 8 15 5764
3 9 0 9285
3 9 1 8304
3 9 2 9500
3 9 3 0
3 9 4 4040
3 9 5 737
3 9 6 2301
3 9 7 924
3 9 8 5099
3 9 9 0
3 9 10 3289
3 9 11 4814
3 9 12 4311
3 9 13 5394
3 9 14 4474
3 9 15 817
3 10 0 946
3 10 1 5166
3 10 2 5134
3 10 3 0
3 10 4 4468
3 10 5 4574
3 10 6 4756
3 10 7 6364
3 10 8 5046
3 10 9 7069
3 10 10 0
3 10 11 7549
3 10 12 6922
3 10 13 5260
3 10 14 6906
3 10 15 7091
3 11 0 5800
3 11 1 7543
3 11 2 5262
3 11 3 0
3 11 4 4687
3 11 5 6063
3 11 6 7936
3 11 7 8688
3 11 8 6770
3 11 9 6111
3 11 10 8585
3 11 11 0
3 11 12 7580
3 11 13 8087
3 11 14 4349
3 11 15 7635
3 12 0 6696
3 12 1 8557
3 12 2 6999
3 12 3 0
3 12 4 3887
3 12 5 4093
3 12 6 2189
3 12 7 4705
3 12 8 1245
3 12 9 5019
3 12 10 851
3 12 11 1764
3 12 12 0
3 12 13 1741
3 12 14 3400
3 12 15 4173
3 13 0 8495
3 13 1 4692
3 13 2 5913
3 13 3 0
3 13 4 5203
3 13 5 6627
3 13 6 4904
3 13 7 5838
3 13 8 3203
3 13 9 4083
3 13 10 5942
3 13 11 7054
3 13 12 3033
3 13 13 0
3 13 14 3904
3 13 15 3789
3 14 0 8925
3 14 1 4858
3 14 2 4854
3 14 3 0
3 14 4 3820
3 14 5 5418
3 14 6 6289
3 14 7 7625
3 14 8 3527
3 14 9 3455
3 14 10 3460
3 14 11 5662
3 14 12 2838
3 14 13 4686
3 14 14 0
3 14 15 6219
3 15 0 8953
3 15 1 7241
3 15 2 6639
3 15 3 0
3 15 4 4654
3 15 5 5592
3 15 6 4688
3 15 7 5059
3 15 8 3058
3 15 9 1174
3 15 10 3828
3 15 11 3784
3 15 12 3918
3 15 13 6059
3 15 14 2283
3 15 15 0
4 0 0 0
4 0 1 5281
4 0 2 3560
4 0 3 2438
4 0 4 0
4 0 5 2676
4 0 6 4286
4 0 7 7011
4 0 8 6727
4 0 9 6898
4 0 10 2613
4 0 11 4303
4 0 12 4403
4 0 13 7002
4 0 14 7417
4 0 15 6708
4 1 0 7027
4 1 1 0
4 1 2 6612
4 1 3 7194
4 1 4 0
4 1 5 3528
4 1 6 1300
4 1 7 3217
4 1 8 3585
4 1 9 3978
4 1 10 4894
4 1 11 4107
4 1 12 4325
4 1 13 1260
4 1 14 1411
4 1 15 3057
4 2 0 3779
4 2 1 2253
4 2 2 0
4 2 3 5867
4 2 4 0
4 2 5 4148
4 2 6 6076
4 2 7 4263
4 2 8 4338
4 2 9 7131
4 2 10 6819
4 2 11 3783
4 2 12 4724
4 2 13 4438
4 2 14 3364
4 2 15 4412
4 3 0 4562
4 3 1 3569
4 3 2 1893
4 3 3 0
4 3 4 0
4 3 5 7878
4 3 6 4163
4 3 7 5311
4 3 8 6863
4 3 9 4527
4 3 10 7348
4 3 11 7885
4 3 12 4558
4 3 13 6876
4 3 14 6593
4 3 15 5060
4 4 0 0
4 4 1 0
4 4 2 0
4 4 3 0
4 4 4 0
4 4 5 0
4 4 6 0
4 4 7 0
4 4 8 0
4 4 9 0
4 4 10 0
4 4 11 0
4 4 12 0
4 4 13 0
4 4 14 0
4 4 15 0
4 5 0 4731
4 5 1 7522
4 5 2 6185
4 5 3 8514
4 5 4 0
4 5 5 0
4 5 6 2951
4 5 7 2405
4 5 8 4643
4 5 9 3963
4 5 10 6454
4 5 11 2885
4 5 12 5959
4 5 13 4723
4 5 14 3533
4 5 15 2445
4 6 0 6446
4 6 1 5399
4 6 2 8218
4 6 3 4904
4 6 4 0
4 6 5 8852
4 6 6 0
4 6 7 8275
4 6 8 6885
4 6 9 9000
4 6 10 7388
4 6 11 5270
4 6 12 7568
4 6 13 7813
4 6 14 7639
4 6 15 7606
4 7 0 6587
4 7 1 4732
4 7 2 3821
4 7 3 3468
4 7 4 0
4 7 5 2022
4 7 6 5563
4 7 7 0
4 7 8 4169
4 7 9 1236
4 7 10 1318
4 7 11 715
4 7 12 5348
4 7 13 682
4 7 14 3852
4 7 15 4959
4 8 0 4457
4 8 1 3254
4 8 2 2050
4 8 3 3174
4 8 4 0
4 8 5 8123
4 8 6 4596
4 8 7 7559
4 8 8 0
4 8 9 5979
4 8 10 7023
4 8 11 5774
4 8 12 5399
4 8 13 7711
4 8 14 8562
4 8 15 6452
4 9 0 7830
4 9 1 6849
4 9 2 8045
4 9 3 4040
4 9 4 0
4 9 5 3134
4 9 6 4698
4 9 7 3321
4 9 8 7496
4 9 9 0
4 9 10 5686
4 9 11 7211
4 9 12 6708
4 9 13 7791
4 9 14 6871
4 9 15 3214
4 10 0 1152
4 10 1 5372
4 10 2 5340
4 10 3 4468
4 10 4 0
4 10 5 4194
4 10 6 4376
4 10 7 5984
4 10 8 4666
4 10 9 6689
4 10 10 0
4 10 11 7169
4 10 12 6542
4 10 13 4880
4 10 14 6526
4 10 15 6711
4 11 0 2524
4 11 1 4267
4 11 2 1986
4 11 3 4687
4 11 4 0
4 11 5 4157
4 11 6 6030
4 11 7 6782
4 11 8 4864
4 11 9 4205
4 11 10 6679
4 11 11 0
4 11 12 5674
4 11 13 6181
4 11 14 2443
4 11 15 5729
4 12 0 5151
4 12 1 7012
4 12 2 5454
4 12 3 3887
4 12 4 0
4 12 5 8280
4 12 6 6376
4 12 7 8892
4 12 8 5432
4 12 9 9206
4 12 10 5038
4 12 11 5951
4 12 12 0
4 12 13 5928
4 12 14 7587
4 12 15 8360
4 13 0 6748
4 13 1 2945
4 13 2 4166
4 13 3 5203
4 13 4 0
4 13 5 7720
4 13 6 5997
4 13 7 6931
4 13 8 4296
4 13 9 5176
4 13 10 7035
4 13 11 8147
4 13 12 4126
4 13 13 0
4 13 14 4997
4 13 15 4882
4 14 0 6063
4 14 1 1996
4 14 2 1992
4 14 3 3820
4 14 4 0
4 14 5 4838
4 14 6 5709
4 14 7 7045
4 14 8 2947
4 14 9 2875
4 14 10 2880
4 14 11 5082
4 14 12 2258
4 14 13 4106
4 14 14 0
4 14 15 5639
4 15 0 7721
4 15 1 6009
4 15 2 5407
4 15 3 4654
4 15 4 0
4 15 5 5636
4 15 6 4732
4 15 7 5103
4 15 8 3102
4 15 9 1218
4 15 10 3872
4 15 11 3828
4 15 12 3962
4 15 13 6103
4 15 14 2327
4 15 15 0
5 0 0 0
5 0 1 4092
5 0 2 2371
5 0 3 1249
5 0 4 2676
5 0 5 0
5 0 6 6445
5 0 7 9170
5 0 8 8886
5 0 9 9057
5 0 10 4772
5 0 11 6462
5 0 12 6562
5 0 13 9161
5 0 14 9576
5 0 15 8867
5 1 0 6652
5 1 1 0
5 1 2 6237
5 1 3 6819
5 1 4 3528
5 1 5 0
5 1 6 1563
5 1 7 3480
5 1 8 3848
5 1 9 4241
5 1 10 5157
5 1 11 4370
5 1 12 4588
5 1 13 1523
5 1 14 1674
5 1 15 3320
5 2 0 4067
5 2 1 2541
5 2 2 0
5 2 3 6155
5 2 4 4148
5 2 5 0
5 2 6 6648
5 2 7 4835
5 2 8 4910
5 2 9 7703
5 2 10 7391
5 2 11 4355
5 2 12 5296
5 2 13 5010
5 2 14 3936
5 2 15 4984
5 3 0 7646
5 3 1 6653
5 3 2 4977
5 3 3 0
5 3 4 7878
5 3 5 0
5 3 6 441
5 3 7 1589
5 3 8 3141
5 3 9 805
5 3 10 3626
5 3 11 4163
5 3 12 836
5 3 13 3154
5 3 14 2871
5 3 15 1338
5 4 0 3561
5 4 1 5538
5 4 2 3538
5 4 3 3071
5 4 4 0
5 4 5 0
5 4 6 8879
5 4 7 5197
5 4 8 8187
5 4 9 7560
5 4 10 7604
5 4 11 6615
5 4 12 9381
5 4 13 8605
5 4 14 6649
5 4 15 5740
5 5 0 0
5 5 1 0
5 5 2 0
5 5 3 0
5 5 4 0
5 5 5 0
5 5 6 0
5 5 7 0
5 5 8 0
5 5 9 0
5 5 10 0
5 5 11 0
5 5 12 0
5 5 13 0
5 5 14 0
5 5 15 0
5 6 0 6314
5 6 1 5267
5 6 2 8086
5 6 3 4772
5 6 4 8852
5 6 5 0
5 6 6 0
5 6 7 4706
5 6 8 3316
5 6 9 5431
5 6 10 3819
5 6 11 1701
5 6 12 3999
5 6 13 4244
5 6 14 4070
5 6 15 4037
5 7 0 5891
5 7 1 4036
5 7 2 3125
5 7 3 2772
5 7 4 2022
5 7 5 0
5 7 6 5130
5 7 7 0
5 7 8 3736
5 7 9 803
5 7 10 885
5 7 11 282
5 7 12 4915
5 7 13 249
5 7 14 3419
5 7 15 4526
5 8 0 8718
5 8 1 7515
5 8 2 6311
5 8 3 7435
5 8 4 8123
5 8 5 0
5 8 6 3411
5 8 7 6374
5 8 8 0
5 8 9 4794
5 8 10 5838
5 8 11 4589
5 8 12 4214
5 8 13 6526
5 8 14 7377
5 8 15 5267
5 9 0 4527
5 9 1 3546
5 9 2 4742
5 9 3 737
5 9 4 3134
5 9 5 0
5 9 6 3460
5 9 7 2083
5 9 8 6258
5 9 9 0
5 9 10 4448
5 9 11 5973
5 9 12 5470
5 9 13 6553
5 9 14 5633
5 9 15 1976
5 10 0 1258
5 10 1 5478
5 10 2 5446
5 10 3 4574
5 10 4 4194
5 10 5 0
5 10 6 5585
5 10 7 7193
5 10 8 5875
5 10 9 7898
5 10 10 0
5 10 11 8378
5 10 12 7751
5 10 13 6089
5 10 14 7735
5 10 15 7920
5 11 0 3900
5 11 1 5643
5 11 2 3362
5 11 3 6063
5 11 4 4157
5 11 5 0
5 11 6 4659
5 11 7 5411
5 11 8 3493
5 11 9 2834
5 11 10 5308
5 11 11 0
5 11 12 4303
5 11 13 4810
5 11 14 1072
5 11 15 4358
5 12 0 5357
5 12 1 7218
5 12 2 5660
5 12 3 4093
5 12 4 8280
5 12 5 0
5 12 6 5313
5 12 7 7829
5 12 8 4369
5 12 9 8143
5 12 10 3975
5 12 11 4888
5 12 12 0
5 12 13 4865
5 12 14 6524
5 12 15 7297
5 13 0 8172
5 13 1 4369
5 13 2 5590
5 13 3 6627
5 13 4 7720
5 13 5 0
5 13 6 4474
5 13 7 5408
5 13 8 2773
5 13 9 3653
5 13 10 5512
5 13 11 6624
5 13 12 2603
5 13 13 0
5 13 14 3474
5 13 15 3359
5 14 0 7661
5 14 1 3594
5 14 2 3590
5 14 3 5418
5 14 4 4838
5 14 5 0
5 14 6 4952
5 14 7 6288
5 14 8 2190
5 14 9 2118
5 14 10 2123
5 14 11 4325
5 14 12 1501
5 14 13 3349
5 14 14 0
5 14 15 4882
5 15 0 8659
5 15 1 6947
5 15 2 6345
5 15 3 5592
5 15 4 5636
5 15 5 0
5 15 6 3796
5 15 7 4167
5 15 8 2166
5 15 9 282
5 15 10 2936
5 15 11 2892
5 15 12 3026
5 15 13 5167
5 15 14 1391
5 15 15 0
6 0 0 0
6 0 1 5702
6 0 2 3981
6 0 3 2859
6 0 4 4286
6 0 5 6445
6 0 6 0
6 0 7 6945
6 0 8 6661
6 0 9 6832
6 0 10 2547
6 0 11 4237
6 0 12 4337
6 0 13 6936
6 0 14 7351
6 0 15 6642
6 1 0 4424
6 1 1 0
6 1 2 4009
6 1 3 4591
6 1 4 1300
6 1 5 1563
6 1 6 0
6 1 7 6240
6 1 8 6608
6 1 9 7001
6 1 10 7917
6 1 11 7130
6 1 12 7348
6 1 13 4283
6 1 14 4434
6 1 15 6080
6 2 0 5995
6 2 1 4469
6 2 2 0
6 2 3 8083
6 2 4 6076
6 2 5 6648
6 2 6 0
6 2 7 4667
6 2 8 4742
6 2 9 7535
6 2 10 7223
6 2 11 4187
6 2 12 5128
6 2 13 4842
6 2 14 3768
6 2 15 4816
6 3 0 3931
6 3 1 2938
6 3 2 1262
6 3 3 0
6 3 4 4163
6 3 5 441
6 3 6 0
6 3 7 3073
6 3 8 4625
6 3 9 2289
6 3 10 5110
6 3 11 5647
6 3 12 2320
6 3 13 4638
6 3 14 4355
6 3 15 2822
6 4 0 5629
6 4 1 7606
6 4 2 5606
6 4 3 5139
6 4 4 0
6 4 5 8879
6 4 6 0
6 4 7 5302
6 4 8 8292
6 4 9 7665
6 4 10 7709
6 4 11 6720
6 4 12 9486
6 4 13 8710
6 4 14 6754
6 4 15 5845
6 5 0 871
6 5 1 3662
6 5 2 2325
6 5 3 4654
6 5 4 2951
6 5 5 0
6 5 6 0
6 5 7 4737
6 5 8 6975
6 5 9 6295
6 5 10 8786
6 5 11 5217
6 5 12 8291
6 5 13 7055
6 5 14 5865
6 5 15 4777
6 6 0 0
6 6 1 0
6 6 2 0
6 6 3 0
6 6 4 0
6 6 5 0
6 6 6 0
6 6 7 0
6 6 8 0
6 6 9 0
6 6 10 0
6 6 11 0
6 6 12 0
6 6 13 0
6 6 14 0
6 6 15 0
6 7 0 9432
6 7 1 7577
6 7 2 6666
6 7 3 6313
6 7 4 5563
6 7 5 5130
6 7 6 0
6 7 7 0
6 7 8 7538
6 7 9 4605
6 7 10 4687
6 7 11 4084
6 7 12 8717
6 7 13 4051
6 7 14 7221
6 7 15 8328
6 8 0 5191
6 8 1 3988
6 8 2 2784
6 8 3 3908
6 8 4 4596
6 8 5 3411
6 8 6 0
6 8 7 6548
6 8 8 0
6 8 9 4968
6 8 10 6012
6 8 11 4763
6 8 12 4388
6 8 13 6700
6 8 14 7551
6 8 15 5441
6 9 0 6091
6 9 1 5110
6 9 2 6306
6 9 3 2301
6 9 4 4698
6 9 5 3460
6 9 6 0
6 9 7 5052
6 9 8 9227
6 9 9 0
6 9 10 7417
6 9 11 8942
6 9 12 8439
6 9 13 9522
6 9 14 8602
6 9 15 4945
6 10 0 1440
6 10 1 5660
6 10 2 5628
6 10 3 4756
6 10 4 4376
6 10 5 5585
6 10 6 0
6 10 7 6059
6 10 8 4741
6 10 9 6764
6 10 10 0
6 10 11 7244
6 10 12 6617
6 10 13 4955
6 10 14 6601
6 10 15 6786
6 11 0 5773
6 11 1 7516
6 11 2 5235
6 11 3 7936
6 11 4 6030
6 11 5 4659
6 11 6 0
6 11 7 5728
6 11 8 3810
6 11 9 3151
6 11 10 5625
6 11 11 0
6 11 12 4620
6 11 13 5127
6 11 14 1389
6 11 15 4675
6 12 0 3453
6 12 1 5314
6 12 2 3756
6 12 3 2189
6 12 4 6376
6 12 5 5313
6 12 6 0
6 12 7 7370
6 12 8 3910
6 12 9 7684
6 12 10 3516
6 12 11 4429
6 12 12 0
6 12 13 4406
6 12 14 6065
6 12 15 6838
6 13 0 6449
6 13 1 2646
6 13 2 3867
6 13 3 4904
6 13 4 5997
6 13 5 4474
6 13 6 0
6 13 7 6430
6 13 8 3795
6 13 9 4675
6 13 10 6534
6 13 11 7646
6 13 12 3625
6 13 13 0
6 13 14 4496
6 13 15 4381
6 14 0 8532
6 14 1 4465
6 14 2 4461
6 14 3 6289
6 14 4 5709
6 14 5 4952
6 14 6 0
6 14 7 8326
6 14 8 4228
6 14 9 4156
6 14 10 4161
6 14 11 6363
6 14 12 3539
6 14 13 5387
6 14 14 0
6 14 15 6920
6 15 0 7755
6 15 1 6043
6 15 2 5441
6 15 3 4688
6 15 4 4732
6 15 5 3796
6 15 6 0
6 15 7 7260
6 15 8 5259
6 15 9 3375
6 15 10 6029
6 15 11 5985
6 15 12 6119
6 15 13 8260
6 15 14 4484
6 15 15 0
7 0 0 0
7 0 1 8427
7 0 2 6706
7 0 3 5584
7 0 4 7011
7 0 5 9170
7 0 6 6945
7 0 7 0
7 0 8 5520
7 0 9 5691
7 0 10 1406
7 0 11 3096
7 0 12 3196
7 0 13 5795
7 0 14 6210
7 0 15 5501
7 1 0 6341
7 1 1 0
7 1 2 5926
7 1 3 6508
7 1 4 3217
7 1 5 3480
7 1 6 6240
7 1 7 0
7 1 8 5849
7 1 9 6242
7 1 10 7158
7 1 11 6371
7 1 12 6589
7 1 13 3524
7 1 14 3675
7 1 15 5321
7 2 0 4182
7 2 1 2656
7 2 2 0
7 2 3 6270
7 2 4 4263
7 2 5 4835
7 2 6 4667
7 2 7 0
7 2 8 2832
7 2 9 5625
7 2 10 5313
7 2 11 2277
7 2 12 3218
7 2 13 2932
7 2 14 1858
7 2 15 2906
7 3 0 5079
7 3 1 4086
7 3 2 2410
7 3 3 0
7 3 4 5311
7 3 5 1589
7 3 6 3073
7 3 7 0
7 3 8 4494
7 3 9 2158
7 3 10 4979
7 3 11 5516
7 3 12 2189
7 3 13 4507
7 3 14 4224
7 3 15 2691
7 4 0 1947
7 4 1 3924
7 4 2 1924
7 4 3 1457
7 4 4 0
7 4 5 5197
7 4 6 5302
7 4 7 0
7 4 8 5708
7 4 9 5081
7 4 10 5125
7 4 11 4136
7 4 12 6902
7 4 13 6126
7 4 14 4170
7 4 15 3261
7 5 0 325
7 5 1 3116
7 5 2 1779
7 5 3 4108
7 5 4 2405
7 5 5 0
7 5 6 4737
7 5 7 0
7 5 8 3827
7 5 9 3147
7 5 10 5638
7 5 11 2069
7 5 12 5143
7 5 13 3907
7 5 14 2717
7 5 15 1629
7 6 0 5737
7 6 1 4690
7 6 2 7509
7 6 3 4195
7 6 4 8275
7 6 5 4706
7 6 6 0
7 6 7 0
7 6 8 7542
7 6 9 9657
7 6 10 8045
7 6 11 5927
7 6 12 8225
7 6 13 8470
7 6 14 8296
7 6 15 8263
7 7 0 0
7 7 1 0
7 7 2 0
7 7 3 0
7 7 4 0
7 7 5 0
7 7 6 0
7 7 7 0
7 7 8 0
7 7 9 0
7 7 10 0
7 7 11 0
7 7 12 0
7 7 13 0
7 7 14 0
7 7 15 0
7 8 0 8154
7 8 1 6951
7 8 2 5747
7 8 3 6871
7 8 4 7559
7 8 5 6374
7 8 6 6548
7 8 7 0
7 8 8 0
7 8 9 5934
7 8 10 6978
7 8 11 5729
7 8 12 5354
7 8 13 7666
7 8 14 8517
7 8 15 6407
7 9 0 4714
7 9 1 3733
7 9 2 4929
7 9 3 924
7 9 4 3321
7 9 5 2083
7 9 6 5052
7 9 7 0
7 9 8 5145
7 9 9 0
7 9 10 3335
7 9 11 4860
7 9 12 4357
7 9 13 5440
7 9 14 4520
7 9 15 863
7 10 0 3048
7 10 1 7268
7 10 2 7236
7 10 3 6364
7 10 4 5984
7 10 5 7193
7 10 6 6059
7 10 7 0
7 10 8 2353
7 10 9 4376
7 10 10 0
7 10 11 4856
7 10 12 4229
7 10 13 2567
7 10 14 4213
7 10 15 4398
7 11 0 6525
7 11 1 8268
7 11 2 5987
7 11 3 8688
7 11 4 6782
7 11 5 5411
7 11 6 5728
7 11 7 0
7 11 8 2937
7 11 9 2278
7 11 10 4752
7 11 11 0
7 11 12 3747
7 11 13 4254
7 11 14 516
7 11 15 3802
7 12 0 5969
7 12 1 7830
7 12 2 6272
7 12 3 4705
7 12 4 8892
7 12 5 7829
7 12 6 7370
7 12 7 0
7 12 8 5372
7 12 9 9146
7 12 10 4978
7 12 11 5891
7 12 12 0
7 12 13 5868
7 12 14 7527
7 12 15 8300
7 13 0 7383
7 13 1 3580
7 13 2 4801
7 13 3 5838
7 13 4 6931
7 13 5 5408
7 13 6 6430
7 13 7 0
7 13 8 346
7 13 9 1226
7 13 10 3085
7 13 11 4197
7 13 12 176
7 13 13 0
7 13 14 1047
7 13 15 932
7 14 0 9868
7 14 1 5801
7 14 2 5797
7 14 3 7625
7 14 4 7045
7 14 5 6288
7 14 6 8326
7 14 7 0
7 14 8 4123
7 14 9 4051
7 14 10 4056
7 14 11 6258
7 14 12 3434
7 14 13 5282
7 14 14 0
7 14 15 6815
7 15 0 8126
7 15 1 6414
7 15 2 5812
7 15 3 5059
7 15 4 5103
7 15 5 4167
7 15 6 7260
7 15 7 0
7 15 8 6294
7 15 9 4410
7 15 10 7064
7 15 11 7020
7 15 12 7154
7 15 13 9295
7 15 14 5519
7 15 15 0
8 0 0 0
8 0 1 8143
8 0 2 6422
8 0 3 5300
8 0 4 6727
8 0 5 8886
8 0 6 6661
8 0 7 5520
8 0 8 0
8 0 9 5806
8 0 10 1521
8 0 11 3211
8 0 12 3311
8 0 13 5910
8 0 14 6325
8 0 15 5616
8 1 0 6709
8 1 1 0
8 1 2 6294
8 1 3 6876
8 1 4 3585
8 1 5 3848
8 1 6 6608
8 1 7 5849
8 1 8 0
8 1 9 6009
8 1 10 6925
8 1 11 6138
8 1 12 6356
8 1 13 3291
8 1 14 3442
8 1 15 5088
8 2 0 4257
8 2 1 2731
8 2 2 0
8 2 3 6345
8 2 4 4338
8 2 5 4910
8 2 6 4742
8 2 7 2832
8 2 8 0
8 2 9 7940
8 2 10 7628
8 2 11 4592
8 2 12 5533
8 2 13 5247
8 2 14 4173
8 2 15 5221
8 3 0 6631
8 3 1 5638
8 3 2 3962
8 3 3 0
8 3 4 6863
8 3 5 3141
8 3 6 4625
8 3 7 4494
8 3 8 0
8 3 9 5234
8 3 10 8055
8 3 11 8592
8 3 12 5265
8 3 13 7583
8 3 14 7300
8 3 15 5767
8 4 0 4937
8 4 1 6914
8 4 2 4914
8 4 3 4447
8 4 4 0
8 4 5 8187
8 4 6 8292
8 4 7 5708
8 4 8 0
8 4 9 3235
8 4 10 3279
8 4 11 2290
8 4 12 5056
8 4 13 4280
8 4 14 2324
8 4 15 1415
8 5 0 2563
8 5 1 5354
8 5 2 4017
8 5 3 6346
8 5 4 4643
8 5 5 0
8 5 6 6975
8 5 7 3827
8 5 8 0
8 5 9 6258
8 5 10 8749
8 5 11 5180
8 5 12 8254
8 5 13 7018
8 5 14 5828
8 5 15 4740
8 6 0 4347
8 6 1 3300
8 6 2 6119
8 6 3 2805
8 6 4 6885
8 6 5 3316
8 6 6 0
8 6 7 7542
8 6 8 0
8 6 9 5700
8 6 10 4088
8 6 11 1970
8 6 12 4268
8 6 13 4513
8 6 14 4339
8 6 15 4306
8 7 0 8038
8 7 1 6183
8 7 2 5272
8 7 3 4919
8 7 4 4169
8 7 5 3736
8 7 6 7538
8 7 7 0
8 7 8 0
8 7 9 4581
8 7 10 4663
8 7 11 4060
8 7 12 8693
8 7 13 4027
8 7 14 7197
8 7 15 8304
8 8 0 0
8 8 1 0
8 8 2 0
8 8 3 0
8 8 4 0
8 8 5 0
8 8 6 0
8 8 7 0
8 8 8 0
8 8 9 0
8 8 10 0
8 8 11 0
8 8 12 0
8 8 13 0
8 8 14 0
8 8 15 0
8 9 0 8889
8 9 1 7908
8 9 2 9104
8 9 3 5099
8 9 4 7496
8 9 5 6258
8 9 6 9227
8 9 7 5145
8 9 8 0
8 9 9 0
8 9 10 5088
8 9 11 6613
8 9 12 6110
8 9 13 7193
8 9 14 6273
8 9 15 2616
8 10 0 1730
8 10 1 5950
8 10 2 5918
8 10 3 5046
8 10 4 4666
8 10 5 5875
8 10 6 4741
8 10 7 2353
8 10 8 0
8 10 9 7091
8 10 10 0
8 10 11 7571
8 10 12 6944
8 10 13 5282
8 10 14 6928
8 10 15 7113
8 11 0 4607
8 11 1 6350
8 11 2 4069
8 11 3 6770
8 11 4 4864
8 11 5 3493
8 11 6 3810
8 11 7 2937
8 11 8 0
8 11 9 4347
8 11 10 6821
8 11 11 0
8 11 12 5816
8 11 13 6323
8 11 14 2585
8 11 15 5871
8 12 0 2509
8 12 1 4370
8 12 2 2812
8 12 3 1245
8 12 4 5432
8 12 5 4369
8 12 6 3910
8 12 7 5372
8 12 8 0
8 12 9 6207
8 12 10 2039
8 12 11 2952
8 12 12 0
8 12 13 2929
8 12 14 4588
8 12 15 5361
8 13 0 4748
8 13 1 945
8 13 2 2166
8 13 3 3203
8 13 4 4296
8 13 5 2773
8 13 6 3795
8 13 7 346
8 13 8 0
8 13 9 5265
8 13 10 7124
8 13 11 8236
8 13 12 4215
8 13 13 0
8 13 14 5086
8 13 15 4971
8 14 0 5770
8 14 1 1703
8 14 2 1699
8 14 3 3527
8 14 4 2947
8 14 5 2190
8 14 6 4228
8 14 7 4123
8 14 8 0
8 14 9 5771
8 14 10 5776
8 14 11 7978
8 14 12 5154
8 14 13 7002
8 14 14 0
8 14 15 8535
8 15 0 6125
8 15 1 4413
8 15 2 3811
8 15 3 3058
8 15 4 3102
8 15 5 2166
8 15 6 5259
8 15 7 6294
8 15 8 0
8 15 9 2913
8 15 10 5567
8 15 11 5523
8 15 12 5657
8 15 13 7798
8 15 14 4022
8 15 15 0
9 0 0 0
9 0 1 8314
9 0 2 6593
9 0 3 5471
9 0 4 6898
9 0 5 9057
9 0 6 6832
9 0 7 5691
9 0 8 5806
9 0 9 0
9 0 10 4939
9 0 11 6629
9 0 12 6729
9 0 13 9328
9 0 14 9743
9 0 15 9034
9 1 0 7102
9 1 1 0
9 1 2 6687
9 1 3 7269
9 1 4 3978
9 1 5 4241
9 1 6 7001
9 1 7 6242
9 1 8 6009
9 1 9 0
9 1 10 7494
9 1 11 6707
9 1 12 6925
9 1 13 3860
9 1 14 4011
9 1 15 5657
9 2 0 7050
9 2 1 5524
9 2 2 0
9 2 3 9138
9 2 4 7131
9 2 5 7703
9 2 6 7535
9 2 7 5625
9 2 8 7940
9 2 9 0
9 2 10 6304
9 2 11 3268
9 2 12 4209
9 2 13 3923
9 2 14 2849
9 2 15 3897
9 3 0 4295
9 3 1 3302
9 3 2 1626
9 3 3 0
9 3 4 4527
9 3 5 805
9 3 6 2289
9 3 7 2158
9 3 8 5234
9 3 9 0
9 3 10 8316
9 3 11 8853
9 3 12 5526
9 3 13 7844
9 3 14 7561
9 3 15 6028
9 4 0 4310
9 4 1 6287
9 4 2 4287
9 4 3 3820
9 4 4 0
9 4 5 7560
9 4 6 7665
9 4 7 5081
9 4 8 3235
9 4 9 0
9 4 10 6481
9 4 11 5492
9 4 12 8258
9 4 13 7482
9 4 14 5526
9 4 15 4617
9 5 0 1883
9 5 1 4674
9 5 2 3337
9 5 3 5666
9 5 4 3963
9 5 5 0
9 5 6 6295
9 5 7 3147
9 5 8 6258
9 5 9 0
9 5 10 4387
9 5 11 818
9 5 12 3892
9 5 13 2656
9 5 14 1466
9 5 15 378
9 6 0 6462
9 6 1 5415
9 6 2 8234
9 6 3 4920
9 6 4 9000
9 6 5 5431
9 6 6 0
9 6 7 9657
9 6 8 5700
9 6 9 0
9 6 10 4817
9 6 11 2699
9 6 12 4997
9 6 13 5242
9 6 14 5068
9 6 15 5035
9 7 0 5105
9 7 1 3250
9 7 2 2339
9 7 3 1986
9 7 4 1236
9 7 5 803
9 7 6 4605
9 7 7 0
9 7 8 4581
9 7 9 0
9 7 10 1052
9 7 11 449
9 7 12 5082
9 7 13 416
9 7 14 3586
9 7 15 4693
9 8 0 6574
9 8 1 5371
9 8 2 4167
9 8 3 5291
9 8 4 5979
9 8 5 4794
9 8 6 4968
9 8 7 5934
9 8 8 0
9 8 9 0
9 8 10 7942
9 8 11 6693
9 8 12 6318
9 8 13 8630
9 8 14 9481
9 8 15 7371
9 9 0 0
9 9 1 0
9 9 2 0
9 9 3 0
9 9 4 0
9 9 5 0
9 9 6 0
9 9 7 0
9 9 8 0
9 9 9 0
9 9 10 0
9 9 11 0
9 9 12 0
9 9 13 0
9 9 14 0
9 9 15 0
9 10 0 3753
9 10 1 7973
9 10 2 7941
9 10 3 7069
9 10 4 6689
9 10 5 7898
9 10 6 6764
9 10 7 4376
9 10 8 7091
9 10 9 0
9 10 10 0
9 10 11 6861
9 10 12 6234
9 10 13 4572
9 10 14 6218
9 10 15 6403
9 11 0 3948
9 11 1 5691
9 11 2 3410
9 11 3 6111
9 11 4 4205
9 11 5 2834
9 11 6 3151
9 11 7 2278
9 11 8 4347
9 11 9 0
9 11 10 8885
9 11 11 0
9 11 12 7880
9 11 13 8387
9 11 14 4649
9 11 15 7935
9 12 0 6283
9 12 1 8144
9 12 2 6586
9 12 3 5019
9 12 4 9206
9 12 5 8143
9 12 6 7684
9 12 7 9146
9 12 8 6207
9 12 9 0
9 12 10 3975
9 12 11 4888
9 12 12 0
9 12 13 4865
9 12 14 6524
9 12 15 7297
9 13 0 5628
9 13 1 1825
9 13 2 3046
9 13 3 4083
9 13 4 5176
9 13 5 3653
9 13 6 4675
9 13 7 1226
9 13 8 5265
9 13 9 0
9 13 10 7831
9 13 11 8943
9 13 12 4922
9 13 13 0
9 13 14 5793
9 13 15 5678
9 14 0 5698
9 14 1 1631
9 14 2 1627
9 14 3 3455
9 14 4 2875
9 14 5 2118
9 14 6 4156
9 14 7 4051
9 14 8 5771
9 14 9 0
9 14 10 4712
9 14 11 6914
9 14 12 4090
9 14 13 5938
9 14 14 0
9 14 15 7471
9 15 0 4241
9 15 1 2529
9 15 2 1927
9 15 3 1174
9 15 4 1218
9 15 5 282
9 15 6 3375
9 15 7 4410
9 15 8 2913
9 15 9 0
9 15 10 2956
9 15 11 2912
9 15 12 3046
9 15 13 5187
9 15 14 1411
9 15 15 0
10 0 0 0
10 0 1 4029
10 0 2 2308
10 0 3 1186
10 0 4 2613
10 0 5 4772
10 0 6 2547
10 0 7 1406
10 0 8 1521
10 0 9 4939
10 0 10 0
10 0 11 4293
10 0 12 4393
10 0 13 6992
10 0 14 7407
10 0 15 6698
10 1 0 8018
10 1 1 0
10 1 2 7603
10 1 3 8185
10 1 4 4894
10 1 5 5157
10 1 6 7917
10 1 7 7158
10 1 8 6925
10 1 9 7494
10 1 10 0
10 1 11 7140
10 1 12 7358
10 1 13 4293
10 1 14 4444
10 1 15 6090
10 2 0 6738
10 2 1 5212
10 2 2 0
10 2 3 8826
10 2 4 6819
10 2 5 7391
10 2 6 7223
10 2 7 5313
10 2 8 7628
10 2 9 6304
10 2 10 0
10 2 11 1723
10 2 12 2664
10 2 13 2378
10 2 14 1304
10 2 15 2352
10 3 0 7116
10 3 1 6123
10 3 2 4447
10 3 3 0
10 3 4 7348
10 3 5 3626
10 3 6 5110
10 3 7 4979
10 3 8 8055
10 3 9 8316
10 3 10 0
10 3 11 4799
10 3 12 1472
10 3 13 3790
10 3 14 3507
10 3 15 1974
10 4 0 4354
10 4 1 6331
10 4 2 4331
10 4 3 3864
10 4 4 0
10 4 5 7604
10 4 6 7709
10 4 7 5125
10 4 8 3279
10 4 9 6481
10 4 10 0
10 4 11 3099
10 4 12 5865
10 4 13 5089
10 4 14 3133
10 4 15 2224
10 5 0 4374
10 5 1 7165
10 5 2 5828
10 5 3 8157
10 5 4 6454
10 5 5 0
10 5 6 8786
10 5 7 5638
10 5 8 8749
10 5 9 4387
10 5 10 0
10 5 11 1834
10 5 12 4908
10 5 13 3672
10 5 14 2482
10 5 15 1394
10 6 0 4850
10 6 1 3803
10 6 2 6622
10 6 3 3308
10 6 4 7388
10 6 5 3819
10 6 6 0
10 6 7 8045
10 6 8 4088
10 6 9 4817
10 6 10 0
10 6 11 2333
10 6 12 4631
10 6 13 4876
10 6 14 4702
10 6 15 4669
10 7 0 5187
10 7 1 3332
10 7 2 2421
10 7 3 2068
10 7 4 1318
10 7 5 885
10 7 6 4687
10 7 7 0
10 7 8 4663
10 7 9 1052
10 7 10 0
10 7 11 3068
10 7 12 7701
10 7 13 3035
10 7 14 6205
10 7 15 7312
10 8 0 7618
10 8 1 6415
10 8 2 5211
10 8 3 6335
10 8 4 7023
10 8 5 5838
10 8 6 6012
10 8 7 6978
10 8 8 0
10 8 9 7942
10 8 10 0
10 8 11 3819
10 8 12 3444
10 8 13 5756
10 8 14 6607
10 8 15 4497
10 9 0 7079
10 9 1 6098
10 9 2 7294
10 9 3 3289
10 9 4 5686
10 9 5 4448
10 9 6 7417
10 9 7 3335
10 9 8 5088
10 9 9 0
10 9 10 0
10 9 11 7906
10 9 12 7403
10 9 13 8486
10 9 14 7566
10 9 15 3909
10 10 0 0
10 10 1 0
10 10 2 0
10 10 3 0
10 10 4 0
10 10 5 0
10 10 6 0
10 10 7 0
10 10 8 0
10 10 9 0
10 10 10 0
10 10 11 0
10 10 12 0
10 10 13 0
10 10 14 0
10 10 15 0
10 11 0 6422
10 11 1 8165
10 11 2 5884
10 11 3 8585
10 11 4 6679
10 11 5 5308
10 11 6 5625
10 11 7 4752
10 11 8 6821
10 11 9 8885
10 11 10 0
10 11 11 0
10 11 12 7794
10 11 13 8301
10 11 14 4563
10 11 15 7849
10 12 0 2115
10 12 1 3976
10 12 2 2418
10 12 3 851
10 12 4 5038
10 12 5 3975
10 12 6 3516
10 12 7 4978
10 12 8 2039
10 12 9 3975
10 12 10 0
10 12 11 4678
10 12 12 0
10 12 13 4655
10 12 14 6314
10 12 15 7087
10 13 0 7487
10 13 1 3684
10 13 2 4905
10 13 3 5942
10 13 4 7035
10 13 5 5512
10 13 6 6534
10 13 7 3085
10 13 8 7124
10 13 9 7831
10 13 10 0
10 13 11 5988
10 13 12 1967
10 13 13 0
10 13 14 2838
10 13 15 2723
10 14 0 5703
10 14 1 1636
10 14 2 1632
10 14 3 3460
10 14 4 2880
10 14 5 2123
10 14 6 4161
10 14 7 4056
10 14 8 5776
10 14 9 4712
10 14 10 0
10 14 11 6525
10 14 12 3701
10 14 13 5549
10 14 14 0
10 14 15 7082
10 15 0 6895
10 15 1 5183
10 15 2 4581
10 15 3 3828
10 15 4 3872
10 15 5 2936
10 15 6 6029
10 15 7 7064
10 15 8 5567
10 15 9 2956
10 15 10 0
10 15 11 6365
10 15 12 6499
10 15 13 8640
10 15 14 4864
10 15 15 0
11 0 0 0
11 0 1 5719
11 0 2 3998
11 0 3 2876
11 0 4 4303
11 0 5 6462
11 0 6 4237
11 0 7 3096
11 0 8 3211
11 0 9 6629
11 0 10 4293
11 0 11 0
11 0 12 6380
11 0 13 8979
11 0 14 9394
11 0 15 8685
11 1 0 7231
11 1 1 0
11 1 2 6816
11 1 3 7398
11 1 4 4107
11 1 5 4370
11 1 6 7130
11 1 7 6371
11 1 8 6138
11 1 9 6707
11 1 10 7140
11 1 11 0
11 1 12 7669
11 1 13 4604
11 1 14 4755
11 1 15 6401
11 2 0 3702
11 2 1 2176
11 2 2 0
11 2 3 5790
11 2 4 3783
11 2 5 4355
11 2 6 4187
11 2 7 2277
11 2 8 4592
11 2 9 3268
11 2 10 1723
11 2 11 0
11 2 12 4642
11 2 13 4356
11 2 14 3282
11 2 15 4330
11 3 0 7653
11 3 1 6660
11 3 2 4984
11 3 3 0
11 3 4 7885
11 3 5 4163
11 3 6 5647
11 3 7 5516
11 3 8 8592
11 3 9 8853
11 3 10 4799
11 3 11 0
11 3 12 4636
11 3 13 6954
11 3 14 6671
11 3 15 5138
11 4 0 3365
11 4 1 5342
11 4 2 3342
11 4 3 2875
11 4 4 0
11 4 5 6615
11 4 6 6720
11 4 7 4136
11 4 8 2290
11 4 9 5492
11 4 10 3099
11 4 11 0
11 4 12 5547
11 4 13 4771
11 4 14 2815
11 4 15 1906
11 5 0 805
11 5 1 3596
11 5 2 2259
11 5 3 4588
11 5 4 2885
11 5 5 0
11 5 6 5217
11 5 7 2069
11 5 8 5180
11 5 9 818
11 5 10 1834
11 5 11 0
11 5 12 5860
11 5 13 4624
11 5 14 3434
11 5 15 2346
11 6 0 2732
11 6 1 1685
11 6 2 4504
11 6 3 1190
11 6 4 5270
11 6 5 1701
11 6 6 0
11 6 7 5927
11 6 8 1970
11 6 9 2699
11 6 10 2333
11 6 11 0
11 6 12 7274
11 6 13 7519
11 6 14 7345
11 6 15 7312
11 7 0 4584
11 7 1 2729
11 7 2 1818
11 7 3 1465
11 7 4 715
11 7 5 282
11 7 6 4084
11 7 7 0
11 7 8 4060
11 7 9 449
11 7 10 3068
11 7 11 0
11 7 12 9488
11 7 13 4822
11 7 14 7992
11 7 15 9099
11 8 0 6369
11 8 1 5166
11 8 2 3962
11 8 3 5086
11 8 4 5774
11 8 5 4589
11 8 6 4763
11 8 7 5729
11 8 8 0
11 8 9 6693
11 8 10 3819
11 8 11 0
11 8 12 4631
11 8 13 6943
11 8 14 7794
11 8 15 5684
11 9 0 8604
11 9 1 7623
11 9 2 8819
11 9 3 4814
11 9 4 7211
11 9 5 5973
11 9 6 8942
11 9 7 4860
11 9 8 6613
11 9 9 0
11 9 10 7906
11 9 11 0
11 9 12 5908
11 9 13 6991
11 9 14 6071
11 9 15 2414
11 10 0 4233
11 10 1 8453
11 10 2 8421
11 10 3 7549
11 10 4 7169
11 10 5 8378
11 10 6 7244
11 10 7 4856
11 10 8 7571
11 10 9 6861
11 10 10 0
11 10 11 0
11 10 12 8172
11 10 13 6510
11 10 14 8156
11 10 15 8341
11 11 0 0
11 11 1 0
11 11 2 0
11 11 3 0
11 11 4 0
11 11 5 0
11 11 6 0
11 11 7 0
11 11 8 0
11 11 9 0
11 11 10 0
11 11 11 0
11 11 12 0
11 11 13 0
11 11 14 0
11 11 15 0
11 12 0 3028
11 12 1 4889
11 12 2 3331
11 12 3 1764
11 12 4 5951
11 12 5 4888
11 12 6 4429
11 12 7 5891
11 12 8 2952
11 12 9 4888
11 12 10 4678
11 12 11 0
11 12 12 0
11 12 13 4776
11 12 14 6435
11 12 15 7208
11 13 0 8599
11 13 1 4796
11 13 2 6017
11 13 3 7054
11 13 4 8147
11 13 5 6624
11 13 6 7646
11 13 7 4197
11 13 8 8236
11 13 9 8943
11 13 10 5988
11 13 11 0
11 13 12 4257
11 13 13 0
11 13 14 5128
11 13 15 5013
11 14 0 7905
11 14 1 3838
11 14 2 3834
11 14 3 5662
11 14 4 5082
11 14 5 4325
11 14 6 6363
11 14 7 6258
11 14 8 7978
11 14 9 6914
11 14 10 6525
11 14 11 0
11 14 12 607
11 14 13 2455
11 14 14 0
11 14 15 3988
11 15 0 6851
11 15 1 5139
11 15 2 4537
11 15 3 3784
11 15 4 3828
11 15 5 2892
11 15 6 5985
11 15 7 7020
11 15 8 5523
11 15 9 2912
11 15 10 6365
11 15 11 0
11 15 12 6506
11 15 13 8647
11 15 14 4871
11 15 15 0
12 0 0 0
12 0 1 5819
12 0 2 4098
12 0 3 2976
12 0 4 4403
12 0 5 6562
12 0 6 4337
12 0 7 3196
12 0 8 3311
12 0 9 6729
12 0 10 4393
12 0 11 6380
12 0 12 0
12 0 13 5885
12 0 14 6300
12 0 15 5591
12 1 0 7449
12 1 1 0
12 1 2 7034
12 1 3 7616
12 1 4 4325
12 1 5 4588
12 1 6 7348
12 1 7 6589
12 1 8 6356
12 1 9 6925
12 1 10 7358
12 1 11 7669
12 1 12 0
12 1 13 3737
12 1 14 3888
12 1 15 5534
12 2 0 4643
12 2 1 3117
12 2 2 0
12 2 3 6731
12 2 4 4724
12 2 5 5296
12 2 6 5128
12 2 7 3218
12 2 8 5533
12 2 9 4209
12 2 10 2664
12 2 11 4642
12 2 12 0
12 2 13 6737
12 2 14 5663
12 2 15 6711
12 3 0 4326
12 3 1 3333
12 3 2 1657
12 3 3 0
12 3 4 4558
12 3 5 836
12 3 6 2320
12 3 7 2189
12 3 8 5265
12 3 9 5526
12 3 10 1472
12 3 11 4636
12 3 12 0
12 3 13 7750
12 3 14 7467
12 3 15 5934
12 4 0 6131
12 4 1 8108
12 4 2 6108
12 4 3 5641
12 4 4 0
12 4 5 9381
12 4 6 9486
12 4 7 6902
12 4 8 5056
12 4 9 8258
12 4 10 5865
12 4 11 5547
12 4 12 0
12 4 13 7298
12 4 14 5342
12 4 15 4433
12 5 0 3879
12 5 1 6670
12 5 2 5333
12 5 3 7662
12 5 4 5959
12 5 5 0
12 5 6 8291
12 5 7 5143
12 5 8 8254
12 5 9 3892
12 5 10 4908
12 5 11 5860
12 5 12 0
12 5 13 5981
12 5 14 4791
12 5 15 3703
12 6 0 5030
12 6 1 3983
12 6 2 6802
12 6 3 3488
12 6 4 7568
12 6 5 3999
12 6 6 0
12 6 7 8225
12 6 8 4268
12 6 9 4997
12 6 10 4631
12 6 11 7274
12 6 12 0
12 6 13 5099
12 6 14 4925
12 6 15 4892
12 7 0 9217
12 7 1 7362
12 7 2 6451
12 7 3 6098
12 7 4 5348
12 7 5 4915
12 7 6 8717
12 7 7 0
12 7 8 8693
12 7 9 5082
12 7 10 7701
12 7 11 9488
12 7 12 0
12 7 13 4166
12 7 14 7336
12 7 15 8443
12 8 0 5994
12 8 1 4791
12 8 2 3587
12 8 3 4711
12 8 4 5399
12 8 5 4214
12 8 6 4388
12 8 7 5354
12 8 8 0
12 8 9 6318
12 8 10 3444
12 8 11 4631
12 8 12 0
12 8 13 4745
12 8 14 5596
12 8 15 3486
12 9 0 8101
12 9 1 7120
12 9 2 8316
12 9 3 4311
12 9 4 6708
12 9 5 5470
12 9 6 8439
12 9 7 4357
12 9 8 6110
12 9 9 0
12 9 10 7403
12 9 11 5908
12 9 12 0
12 9 13 9226
12 9 14 8306
12 9 15 4649
12 10 0 3606
12 10 1 7826
12 10 2 7794
12 10 3 6922
12 10 4 6542
12 10 5 7751
12 10 6 6617
12 10 7 4229
12 10 8 6944
12 10 9 6234
12 10 10 0
12 10 11 8172
12 10 12 0
12 10 13 2103
12 10 14 3749
12 10 15 3934
12 11 0 5417
12 11 1 7160
12 11 2 4879
12 11 3 7580
12 11 4 5674
12 11 5 4303
12 11 6 4620
12 11 7 3747
12 11 8 5816
12 11 9 7880
12 11 10 7794
12 11 11 0
12 11 12 0
12 11 13 5306
12 11 14 1568
12 11 15 4854
12 12 0 0
12 12 1 0
12 12 2 0
12 12 3 0
12 12 4 0
12 12 5 0
12 12 6 0
12 12 7 0
12 12 8 0
12 12 9 0
12 12 10 0
12 12 11 0
12 12 12 0
12 12 13 0
12 12 14 0
12 12 15 0
12 13 0 4578
12 13 1 775
12 13 2 1996
12 13 3 3033
12 13 4 4126
12 13 5 2603
12 13 6 3625
12 13 7 176
12 13 8 4215
12 13 9 4922
12 13 10 1967
12 13 11 4257
12 13 12 0
12 13 13 0
12 13 14 2109
12 13 15 1994
12 14 0 5081
12 14 1 1014
12 14 2 1010
12 14 3 2838
12 14 4 2258
12 14 5 1501
12 14 6 3539
12 14 7 3434
12 14 8 5154
12 14 9 4090
12 14 10 3701
12 14 11 607
12 14 12 0
12 14 13 4833
12 14 14 0
12 14 15 6366
12 15 0 6985
12 15 1 5273
12 15 2 4671
12 15 3 3918
12 15 4 3962
12 15 5 3026
12 15 6 6119
12 15 7 7154
12 15 8 5657
12 15 9 3046
12 15 10 6499
12 15 11 6506
12 15 12 0
12 15 13 8512
12 15 14 4736
12 15 15 0
13 0 0 0
13 0 1 8418
13 0 2 6697
13 0 3 5575
13 0 4 7002
13 0 5 9161
13 0 6 6936
13 0 7 5795
13 0 8 5910
13 0 9 9328
13 0 10 6992
13 0 11 8979
13 0 12 5885
13 0 13 0
13 0 14 6042
13 0 15 5333
13 1 0 4384
13 1 1 0
13 1 2 3969
13 1 3 4551
13 1 4 1260
13 1 5 1523
13 1 6 4283
13 1 7 3524
13 1 8 3291
13 1 9 3860
13 1 10 4293
13 1 11 4604
13 1 12 3737
13 1 13 0
13 1 14 5447
13 1 15 7093
13 2 0 4357
13 2 1 2831
13 2 2 0
13 2 3 6445
13 2 4 4438
13 2 5 5010
13 2 6 4842
13 2 7 2932
13 2 8 5247
13 2 9 3923
13 2 10 2378
13 2 11 4356
13 2 12 6737
13 2 13 0
13 2 14 2442
13 2 15 3490
13 3 0 6644
13 3 1 5651
13 3 2 3975
13 3 3 0
13 3 4 6876
13 3 5 3154
13 3 6 4638
13 3 7 4507
13 3 8 7583
13 3 9 7844
13 3 10 3790
13 3 11 6954
13 3 12 7750
13 3 13 0
13 3 14 6667
13 3 15 5134
13 4 0 5355
13 4 1 7332
13 4 2 5332
13 4 3 4865
13 4 4 0
13 4 5 8605
13 4 6 8710
13 4 7 6126
13 4 8 4280
13 4 9 7482
13 4 10 5089
13 4 11 4771
13 4 12 7298
13 4 13 0
13 4 14 4340
13 4 15 3431
13 5 0 2643
13 5 1 5434
13 5 2 4097
13 5 3 6426
13 5 4 4723
13 5 5 0
13 5 6 7055
13 5 7 3907
13 5 8 7018
13 5 9 2656
13 5 10 3672
13 5 11 4624
13 5 12 5981
13 5 13 0
13 5 14 5007
13 5 15 3919
13 6 0 5275
13 6 1 4228
13 6 2 7047
13 6 3 3733
13 6 4 7813
13 6 5 4244
13 6 6 0
13 6 7 8470
13 6 8 4513
13 6 9 5242
13 6 10 4876
13 6 11 7519
13 6 12 5099
13 6 13 0
13 6 14 5322
13 6 15 5289
13 7 0 4551
13 7 1 2696
13 7 2 1785
13 7 3 1432
13 7 4 682
13 7 5 249
13 7 6 4051
13 7 7 0
13 7 8 4027
13 7 9 416
13 7 10 3035
13 7 11 4822
13 7 12 4166
13 7 13 0
13 7 14 6151
13 7 15 7258
13 8 0 8306
13 8 1 7103
13 8 2 5899
13 8 3 7023
13 8 4 7711
13 8 5 6526
13 8 6 6700
13 8 7 7666
13 8 8 0
13 8 9 8630
13 8 10 5756
13 8 11 6943
13 8 12 4745
13 8 13 0
13 8 14 5236
13 8 15 3126
13 9 0 9184
13 9 1 8203
13 9 2 9399
13 9 3 5394
13 9 4 7791
13 9 5 6553
13 9 6 9522
13 9 7 5440
13 9 8 7193
13 9 9 0
13 9 10 8486
13 9 11 6991
13 9 12 9226
13 9 13 0
13 9 14 5052
13 9 15 1395
13 10 0 1944
13 10 1 6164
13 10 2 6132
13 10 3 5260
13 10 4 4880
13 10 5 6089
13 10 6 4955
13 10 7 2567
13 10 8 5282
13 10 9 4572
13 10 10 0
13 10 11 6510
13 10 12 2103
13 10 13 0
13 10 14 6522
13 10 15 6707
13 11 0 5924
13 11 1 7667
13 11 2 5386
13 11 3 8087
13 11 4 6181
13 11 5 4810
13 11 6 5127
13 11 7 4254
13 11 8 6323
13 11 9 8387
13 11 10 8301
13 11 11 0
13 11 12 5306
13 11 13 0
13 11 14 4540
13 11 15 7826
13 12 0 3005
13 12 1 4866
13 12 2 3308
13 12 3 1741
13 12 4 5928
13 12 5 4865
13 12 6 4406
13 12 7 5868
13 12 8 2929
13 12 9 4865
13 12 10 4655
13 12 11 4776
13 12 12 0
13 12 13 0
13 12 14 2897
13 12 15 3670
13 13 0 0
13 13 1 0
13 13 2 0
13 13 3 0
13 13 4 0
13 13 5 0
13 13 6 0
13 13 7 0
13 13 8 0
13 13 9 0
13 13 10 0
13 13 11 0
13 13 12 0
13 13 13 0
13 13 14 0
13 13 15 0
13 14 0 6929
13 14 1 2862
13 14 2 2858
13 14 3 4686
13 14 4 4106
13 14 5 3349
13 14 6 5387
13 14 7 5282
13 14 8 7002
13 14 9 5938
13 14 10 5549
13 14 11 2455
13 14 12 4833
13 14 13 0
13 14 14 0
13 14 15 4552
13 15 0 9126
13 15 1 7414
13 15 2 6812
13 15 3 6059
13 15 4 6103
13 15 5 5167
13 15 6 8260
13 15 7 9295
13 15 8 7798
13 15 9 5187
13 15 10 8640
13 15 11 8647
13 15 12 8512
13 15 13 0
13 15 14 2034
13 15 15 0
14 0 0 0
14 0 1 8833
14 0 2 7112
14 0 3 5990
14 0 4 7417
14 0 5 9576
14 0 6 7351
14 0 7 6210
14 0 8 6325
14 0 9 9743
14 0 10 7407
14 0 11 9394
14 0 12 6300
14 0 13 6042
14 0 14 0
14 0 15 8573
14 1 0 4535
14 1 1 0
14 1 2 4120
14 1 3 4702
14 1 4 1411
14 1 5 1674
14 1 6 4434
14 1 7 3675
14 1 8 3442
14 1 9 4011
14 1 10 4444
14 1 11 4755
14 1 12 3888
14 1 13 5447
14 1 14 0
14 1 15 2697
14 2 0 3283
14 2 1 1757
14 2 2 0
14 2 3 5371
14 2 4 3364
14 2 5 3936
14 2 6 3768
14 2 7 1858
14 2 8 4173
14 2 9 2849
14 2 10 1304
14 2 11 3282
14 2 12 5663
14 2 13 2442
14 2 14 0
14 2 15 2633
14 3 0 6361
14 3 1 5368
14 3 2 3692
14 3 3 0
14 3 4 6593
14 3 5 2871
14 3 6 4355
14 3 7 4224
14 3 8 7300
14 3 9 7561
14 3 10 3507
14 3 11 6671
14 3 12 7467
14 3 13 6667
14 3 14 0
14 3 15 5149
14 4 0 3399
14 4 1 5376
14 4 2 3376
14 4 3 2909
14 4 4 0
14 4 5 6649
14 4 6 6754
14 4 7 4170
14 4 8 2324
14 4 9 5526
14 4 10 3133
14 4 11 2815
14 4 12 5342
14 4 13 4340
14 4 14 0
14 4 15 2331
14 5 0 1453
14 5 1 4244
14 5 2 2907
14 5 3 5236
14 5 4 3533
14 5 5 0
14 5 6 5865
14 5 7 2717
14 5 8 5828
14 5 9 1466
14 5 10 2482
14 5 11 3434
14 5 12 4791
14 5 13 5007
14 5 14 0
14 5 15 2993
14 6 0 5101
14 6 1 4054
14 6 2 6873
14 6 3 3559
14 6 4 7639
14 6 5 4070
14 6 6 0
14 6 7 8296
14 6 8 4339
14 6 9 5068
14 6 10 4702
14 6 11 7345
14 6 12 4925
14 6 13 5322
14 6 14 0
14 6 15 6957
14 7 0 7721
14 7 1 5866
14 7 2 4955
14 7 3 4602
14 7 4 3852
14 7 5 3419
14 7 6 7221
14 7 7 0
14 7 8 7197
14 7 9 3586
14 7 10 6205
14 7 11 7992
14 7 12 7336
14 7 13 6151
14 7 14 0
14 7 15 9328
14 8 0 9157
14 8 1 7954
14 8 2 6750
14 8 3 7874
14 8 4 8562
14 8 5 7377
14 8 6 7551
14 8 7 8517
14 8 8 0
14 8 9 9481
14 8 10 6607
14 8 11 7794
14 8 12 5596
14 8 13 5236
14 8 14 0
14 8 15 3733
14 9 0 8264
14 9 1 7283
14 9 2 8479
14 9 3 4474
14 9 4 6871
14 9 5 5633
14 9 6 8602
14 9 7 4520
14 9 8 6273
14 9 9 0
14 9 10 7566
14 9 11 6071
14 9 12 8306
14 9 13 5052
14 9 14 0
14 9 15 1050
14 10 0 3590
14 10 1 7810
14 10 2 7778
14 10 3 6906
14 10 4 6526
14 10 5 7735
14 10 6 6601
14 10 7 4213
14 10 8 6928
14 10 9 6218
14 10 10 0
14 10 11 8156
14 10 12 3749
14 10 13 6522
14 10 14 0
14 10 15 4508
14 11 0 2186
14 11 1 3929
14 11 2 1648
14 11 3 4349
14 11 4 2443
14 11 5 1072
14 11 6 1389
14 11 7 516
14 11 8 2585
14 11 9 4649
14 11 10 4563
14 11 11 0
14 11 12 1568
14 11 13 4540
14 11 14 0
14 11 15 6717
14 12 0 4664
14 12 1 6525
14 12 2 4967
14 12 3 3400
14 12 4 7587
14 12 5 6524
14 12 6 6065
14 12 7 7527
14 12 8 4588
14 12 9 6524
14 12 10 6314
14 12 11 6435
14 12 12 0
14 12 13 2897
14 12 14 0
14 12 15 3758
14 13 0 5449
14 13 1 1646
14 13 2 2867
14 13 3 3904
14 13 4 4997
14 13 5 3474
14 13 6 4496
14 13 7 1047
14 13 8 5086
14 13 9 5793
14 13 10 2838
14 13 11 5128
14 13 12 2109
14 13 13 0
14 13 14 0
14 13 15 2904
14 14 0 0
14 14 1 0
14 14 2 0
14 14 3 0
14 14 4 0
14 14 5 0
14 14 6 0
14 14 7 0
14 14 8 0
14 14 9 0
14 14 10 0
14 14 11 0
14 14 12 0
14 14 13 0
14 14 14 0
14 14 15 0
14 15 0 5350
14 15 1 3638
14 15 2 3036
14 15 3 2283
14 15 4 2327
14 15 5 1391
14 15 6 4484
14 15 7 5519
14 15 8 4022
14 15 9 1411
14 15 10 4864
14 15 11 4871
14 15 12 4736
14 15 13 2034
14 15 14 0
14 15 15 0
15 0 0 0
15 0 1 8124
15 0 2 6403
15 0 3 5281
15 0 4 6708
15 0 5 8867
15 0 6 6642
15 0 7 5501
15 0 8 5616
15 0 9 9034
15 0 10 6698
15 0 11 8685
15 0 12 5591
15 0 13 5333
15 0 14 8573
15 0 15 0
15 1 0 6181
15 1 1 0
15 1 2 5766
15 1 3 6348
15 1 4 3057
15 1 5 3320
15 1 6 6080
15 1 7 5321
15 1 8 5088
15 1 9 5657
15 1 10 6090
15 1 11 6401
15 1 12 5534
15 1 13 7093
15 1 14 2697
15 1 15 0
15 2 0 4331
15 2 1 2805
15 2 2 0
15 2 3 6419
15 2 4 4412
15 2 5 4984
15 2 6 4816
15 2 7 2906
15 2 8 5221
15 2 9 3897
15 2 10 2352
15 2 11 4330
15 2 12 6711
15 2 13 3490
15 2 14 2633
15 2 15 0
15 3 0 4828
15 3 1 3835
15 3 2 2159
15 3 3 0
15 3 4 5060
15 3 5 1338
15 3 6 2822
15 3 7 2691
15 3 8 5767
15 3 9 6028
15 3 10 1974
15 3 11 5138
15 3 12 5934
15 3 13 5134
15 3 14 5149
15 3 15 0
15 4 0 2490
15 4 1 4467
15 4 2 2467
15 4 3 2000
15 4 4 0
15 4 5 5740
15 4 6 5845
15 4 7 3261
15 4 8 1415
15 4 9 4617
15 4 10 2224
15 4 11 1906
15 4 12 4433
15 4 13 3431
15 4 14 2331
15 4 15 0
15 5 0 365
15 5 1 3156
15 5 2 1819
15 5 3 4148
15 5 4 2445
15 5 5 0
15 5 6 4777
15 5 7 1629
15 5 8 4740
15 5 9 378
15 5 10 1394
15 5 11 2346
15 5 12 3703
15 5 13 3919
15 5 14 2993
15 5 15 0
15 6 0 5068
15 6 1 4021
15 6 2 6840
15 6 3 3526
15 6 4 7606
15 6 5 4037
15 6 6 0
15 6 7 8263
15 6 8 4306
15 6 9 5035
15 6 10 4669
15 6 11 7312
15 6 12 4892
15 6 13 5289
15 6 14 6957
15 6 15 0
15 7 0 8828
15 7 1 6973
15 7 2 6062
15 7 3 5709
15 7 4 4959
15 7 5 4526
15 7 6 8328
15 7 7 0
15 7 8 8304
15 7 9 4693
15 7 10 7312
15 7 11 9099
15 7 12 8443
15 7 13 7258
15 7 14 9328
15 7 15 0
15 8 0 7047
15 8 1 5844
15 8 2 4640
15 8 3 5764
15 8 4 6452
15 8 5 5267
15 8 6 5441
15 8 7 6407
15 8 8 0
15 8 9 7371
15 8 10 4497
15 8 11 5684
15 8 12 3486
15 8 13 3126
15 8 14 3733
15 8 15 0
15 9 0 4607
15 9 1 3626
15 9 2 4822
15 9 3 817
15 9 4 3214
15 9 5 1976
15 9 6 4945
15 9 7 863
15 9 8 2616
15 9 9 0
15 9 10 3909
15 9 11 2414
15 9 12 4649
15 9 13 1395
15 9 14 1050
15 9 15 0
15 10 0 3775
15 10 1 7995
15 10 2 7963
15 10 3 7091
15 10 4 6711
15 10 5 7920
15 10 6 6786
15 10 7 4398
15 10 8 7113
15 10 9 6403
15 10 10 0
15 10 11 8341
15 10 12 3934
15 10 13 6707
15 10 14 4508
15 10 15 0
15 11 0 5472
15 11 1 7215
15 11 2 4934
15 11 3 7635
15 11 4 5729
15 11 5 4358
15 11 6 4675
15 11 7 3802
15 11 8 5871
15 11 9 7935
15 11 10 7849
15 11 11 0
15 11 12 4854
15 11 13 7826
15 11 14 6717
15 11 15 0
15 12 0 5437
15 12 1 7298
15 12 2 5740
15 12 3 4173
15 12 4 8360
15 12 5 7297
15 12 6 6838
15 12 7 8300
15 12 8 5361
15 12 9 7297
15 12 10 7087
15 12 11 7208
15 12 12 0
15 12 13 3670
15 12 14 3758
15 12 15 0
15 13 0 5334
15 13 1 1531
15 13 2 2752
15 13 3 3789
15 13 4 4882
15 13 5 3359
15 13 6 4381
15 13 7 932
15 13 8 4971
15 13 9 5678
15 13 10 2723
15 13 11 5013
15 13 12 1994
15 13 13 0
15 13 14 2904
15 13 15 0
15 14 0 8462
15 14 1 4395
15 14 2 4391
15 14 3 6219
15 14 4 5639
15 14 5 4882
15 14 6 6920
15 14 7 6815
15 14 8 8535
15 14 9 7471
15 14 10 7082
15 14 11 3988
15 14 12 6366
15 14 13 4552
15 14 14 0
15 14 15 0
15 15 0 0
15 15 1 0
15 15 2 0
15 15 3 0
15 15 4 0
15 15 5 0
15 15 6 0
15 15 7 0
15 15 8 0
15 15 9 0
15 15 10 0
15 15 11 0
15 15 12 0
15 15 13 0
15 15 14 0
15 15 15 0
