14
0 0 0 0
0 0 1 0
0 0 2 0
0 0 3 0
0 0 4 0
0 0 5 0
0 0 6 0
0 0 7 0
0 0 8 0
0 0 9 0
0 0 10 0
0 0 11 0
0 0 12 0
0 0 13 0
0 1 0 0
0 1 1 0
0 1 2 4599
0 1 3 4615
0 1 4 4896
0 1 5 3606
0 1 6 5246
0 1 7 3254
0 1 8 2982
0 1 9 3450
0 1 10 6829
0 1 11 4721
0 1 12 3706
0 1 13 3132
0 2 0 0
0 2 1 4003
0 2 2 0
0 2 3 4584
0 2 4 3681
0 2 5 6623
0 2 6 4100
0 2 7 5114
0 2 8 7182
0 2 9 4693
0 2 10 4791
0 2 11 5868
0 2 12 7319
0 2 13 5402
0 3 0 0
0 3 1 7656
0 3 2 5381
0 3 3 0
0 3 4 3188
0 3 5 5826
0 3 6 6606
0 3 7 7781
0 3 8 5177
0 3 9 3307
0 3 10 5220
0 3 11 7271
0 3 12 3352
0 3 13 3508
0 4 0 0
0 4 1 7101
0 4 2 8851
0 4 3 5722
0 4 4 0
0 4 5 7808
0 4 6 9404
0 4 7 4897
0 4 8 9288
0 4 9 7427
0 4 10 8191
0 4 11 8374
0 4 12 7435
0 4 13 5531
0 5 0 0
0 5 1 3547
0 5 2 4185
0 5 3 3711
0 5 4 2949
0 5 5 0
0 5 6 2789
0 5 7 1394
0 5 8 336
0 5 9 973
0 5 10 4876
0 5 11 4528
0 5 12 4701
0 5 13 3148
0 6 0 0
0 6 1 3991
0 6 2 4526
0 6 3 2493
0 6 4 5650
0 6 5 6019
0 6 6 0
0 6 7 5319
0 6 8 3298
0 6 9 6099
0 6 10 4452
0 6 11 3603
0 6 12 5456
0 6 13 4744
0 7 0 0
0 7 1 1953
0 7 2 4931
0 7 3 1223
0 7 4 5771
0 7 5 1292
0 7 6 3702
0 7 7 0
0 7 8 3997
0 7 9 2679
0 7 10 4500
0 7 11 3272
0 7 12 5579
0 7 13 3021
0 8 0 0
0 8 1 4751
0 8 2 3710
0 8 3 6833
0 8 4 4792
0 8 5 5865
0 8 6 3919
0 8 7 6452
0 8 8 0
0 8 9 6246
0 8 10 7281
0 8 11 5486
0 8 12 4606
0 8 13 5667
0 9 0 0
0 9 1 8244
0 9 2 4538
0 9 3 7607
0 9 4 4761
0 9 5 5008
0 9 6 8606
0 9 7 6402
0 9 8 6756
0 9 9 0
0 9 10 6130
0 9 11 4919
0 9 12 4190
0 9 13 5436
0 10 0 0
0 10 1 3465
0 10 2 3353
0 10 3 3457
0 10 4 3924
0 10 5 4169
0 10 6 2541
0 10 7 2173
0 10 8 5424
0 10 9 5254
0 10 10 0
0 10 11 3989
0 10 12 4215
0 10 13 1503
0 11 0 0
0 11 1 6321
0 11 2 5646
0 11 3 6618
0 11 4 4393
0 11 5 7927
0 11 6 7430
0 11 7 8326
0 11 8 5814
0 11 9 7266
0 11 10 5764
0 11 11 0
0 11 12 8205
0 11 13 7278
0 12 0 0
0 12 1 4607
0 12 2 4487
0 12 3 5083
0 12 4 9306
0 12 5 7712
0 12 6 8511
0 12 7 7753
0 12 8 5547
0 12 9 6454
0 12 10 4899
0 12 11 7589
0 12 12 0
0 12 13 5430
0 13 0 0
0 13 1 7387
0 13 2 6927
0 13 3 5347
0 13 4 6211
0 13 5 5429
0 13 6 4920
0 13 7 7290
0 13 8 5010
0 13 9 5468
0 13 10 4277
0 13 11 5347
0 13 12 4170
0 13 13 0
1 0 0 0
1 0 1 0
1 0 2 7185
1 0 3 7026
1 0 4 8294
1 0 5 4110
1 0 6 5662
1 0 7 4977
1 0 8 6782
1 0 9 8018
1 0 10 4472
1 0 11 8230
1 0 12 8195
1 0 13 6823
1 1 0 0
1 1 1 0
1 1 2 0
1 1 3 0
1 1 4 0
1 1 5 0
1 1 6 0
1 1 7 0
1 1 8 0
1 1 9 0
1 1 10 0
1 1 11 0
1 1 12 0
1 1 13 0
1 2 0 4003
1 2 1 0
1 2 2 0
1 2 3 3786
1 2 4 2883
1 2 5 5825
1 2 6 3302
1 2 7 4316
1 2 8 6384
1 2 9 3895
1 2 10 3993
1 2 11 5070
1 2 12 6521
1 2 13 4604
1 3 0 7656
1 3 1 0
1 3 2 4758
1 3 3 0
1 3 4 2565
1 3 5 5203
1 3 6 5983
1 3 7 7158
1 3 8 4554
1 3 9 2684
1 3 10 4597
1 3 11 6648
1 3 12 2729
1 3 13 2885
1 4 0 7101
1 4 1 0
1 4 2 7241
1 4 3 4112
1 4 4 0
1 4 5 6198
1 4 6 7794
1 4 7 3287
1 4 8 7678
1 4 9 5817
1 4 10 6581
1 4 11 6764
1 4 12 5825
1 4 13 3921
1 5 0 3547
1 5 1 0
1 5 2 5469
1 5 3 4995
1 5 4 4233
1 5 5 0
1 5 6 4073
1 5 7 2678
1 5 8 1620
1 5 9 2257
1 5 10 6160
1 5 11 5812
1 5 12 5985
1 5 13 4432
1 6 0 3991
1 6 1 0
1 6 2 5898
1 6 3 3865
1 6 4 7022
1 6 5 7391
1 6 6 0
1 6 7 6691
1 6 8 4670
1 6 9 7471
1 6 10 5824
1 6 11 4975
1 6 12 6828
1 6 13 6116
1 7 0 1953
1 7 1 0
1 7 2 4996
1 7 3 1288
1 7 4 5836
1 7 5 1357
1 7 6 3767
1 7 7 0
1 7 8 4062
1 7 9 2744
1 7 10 4565
1 7 11 3337
1 7 12 5644
1 7 13 3086
1 8 0 4751
1 8 1 0
1 8 2 1698
1 8 3 4821
1 8 4 2780
1 8 5 3853
1 8 6 1907
1 8 7 4440
1 8 8 0
1 8 9 4234
1 8 10 5269
1 8 11 3474
1 8 12 2594
1 8 13 3655
1 9 0 8244
1 9 1 0
1 9 2 1758
1 9 3 4827
1 9 4 1981
1 9 5 2228
1 9 6 5826
1 9 7 3622
1 9 8 3976
1 9 9 0
1 9 10 3350
1 9 11 2139
1 9 12 1410
1 9 13 2656
1 10 0 3465
1 10 1 0
1 10 2 7498
1 10 3 7602
1 10 4 8069
1 10 5 8314
1 10 6 6686
1 10 7 6318
1 10 8 9569
1 10 9 9399
1 10 10 0
1 10 11 8134
1 10 12 8360
1 10 13 5648
1 11 0 6321
1 11 1 0
1 11 2 3925
1 11 3 4897
1 11 4 2672
1 11 5 6206
1 11 6 5709
1 11 7 6605
1 11 8 4093
1 11 9 5545
1 11 10 4043
1 11 11 0
1 11 12 6484
1 11 13 5557
1 12 0 4607
1 12 1 0
1 12 2 1786
1 12 3 2382
1 12 4 6605
1 12 5 5011
1 12 6 5810
1 12 7 5052
1 12 8 2846
1 12 9 3753
1 12 10 2198
1 12 11 4888
1 12 12 0
1 12 13 2729
1 13 0 7387
1 13 1 0
1 13 2 5024
1 13 3 3444
1 13 4 4308
1 13 5 3526
1 13 6 3017
1 13 7 5387
1 13 8 3107
1 13 9 3565
1 13 10 2374
1 13 11 3444
1 13 12 2267
1 13 13 0
2 0 0 0
2 0 1 7185
2 0 2 0
2 0 3 5172
2 0 4 6440
2 0 5 2256
2 0 6 3808
2 0 7 3123
2 0 8 4928
2 0 9 6164
2 0 10 2618
2 0 11 6376
2 0 12 6341
2 0 13 4969
2 1 0 4599
2 1 1 0
2 1 2 0
2 1 3 3221
2 1 4 3502
2 1 5 2212
2 1 6 3852
2 1 7 1860
2 1 8 1588
2 1 9 2056
2 1 10 5435
2 1 11 3327
2 1 12 2312
2 1 13 1738
2 2 0 0
2 2 1 0
2 2 2 0
2 2 3 0
2 2 4 0
2 2 5 0
2 2 6 0
2 2 7 0
2 2 8 0
2 2 9 0
2 2 10 0
2 2 11 0
2 2 12 0
2 2 13 0
2 3 0 5381
2 3 1 4758
2 3 2 0
2 3 3 0
2 3 4 1317
2 3 5 3955
2 3 6 4735
2 3 7 5910
2 3 8 3306
2 3 9 1436
2 3 10 3349
2 3 11 5400
2 3 12 1481
2 3 13 1637
2 4 0 8851
2 4 1 7241
2 4 2 0
2 4 3 1680
2 4 4 0
2 4 5 3766
2 4 6 5362
2 4 7 855
2 4 8 5246
2 4 9 3385
2 4 10 4149
2 4 11 4332
2 4 12 3393
2 4 13 1489
2 5 0 4185
2 5 1 5469
2 5 2 0
2 5 3 6795
2 5 4 6033
2 5 5 0
2 5 6 5873
2 5 7 4478
2 5 8 3420
2 5 9 4057
2 5 10 7960
2 5 11 7612
2 5 12 7785
2 5 13 6232
2 6 0 4526
2 6 1 5898
2 6 2 0
2 6 3 1502
2 6 4 4659
2 6 5 5028
2 6 6 0
2 6 7 4328
2 6 8 2307
2 6 9 5108
2 6 10 3461
2 6 11 2612
2 6 12 4465
2 6 13 3753
2 7 0 4931
2 7 1 4996
2 7 2 0
2 7 3 1931
2 7 4 6479
2 7 5 2000
2 7 6 4410
2 7 7 0
2 7 8 4705
2 7 9 3387
2 7 10 5208
2 7 11 3980
2 7 12 6287
2 7 13 3729
2 8 0 3710
2 8 1 1698
2 8 2 0
2 8 3 7804
2 8 4 5763
2 8 5 6836
2 8 6 4890
2 8 7 7423
2 8 8 0
2 8 9 7217
2 8 10 8252
2 8 11 6457
2 8 12 5577
2 8 13 6638
2 9 0 4538
2 9 1 1758
2 9 2 0
2 9 3 4853
2 9 4 2007
2 9 5 2254
2 9 6 5852
2 9 7 3648
2 9 8 4002
2 9 9 0
2 9 10 3376
2 9 11 2165
2 9 12 1436
2 9 13 2682
2 10 0 3353
2 10 1 7498
2 10 2 0
2 10 3 4347
2 10 4 4814
2 10 5 5059
2 10 6 3431
2 10 7 3063
2 10 8 6314
2 10 9 6144
2 10 10 0
2 10 11 4879
2 10 12 5105
2 10 13 2393
2 11 0 5646
2 11 1 3925
2 11 2 0
2 11 3 4827
2 11 4 2602
2 11 5 6136
2 11 6 5639
2 11 7 6535
2 11 8 4023
2 11 9 5475
2 11 10 3973
2 11 11 0
2 11 12 6414
2 11 13 5487
2 12 0 4487
2 12 1 1786
2 12 2 0
2 12 3 4778
2 12 4 9001
2 12 5 7407
2 12 6 8206
2 12 7 7448
2 12 8 5242
2 12 9 6149
2 12 10 4594
2 12 11 7284
2 12 12 0
2 12 13 5125
2 13 0 6927
2 13 1 5024
2 13 2 0
2 13 3 4497
2 13 4 5361
2 13 5 4579
2 13 6 4070
2 13 7 6440
2 13 8 4160
2 13 9 4618
2 13 10 3427
2 13 11 4497
2 13 12 3320
2 13 13 0
3 0 0 0
3 0 1 7026
3 0 2 5172
3 0 3 0
3 0 4 6448
3 0 5 2264
3 0 6 3816
3 0 7 3131
3 0 8 4936
3 0 9 6172
3 0 10 2626
3 0 11 6384
3 0 12 6349
3 0 13 4977
3 1 0 4615
3 1 1 0
3 1 2 3221
3 1 3 0
3 1 4 7314
3 1 5 6024
3 1 6 7664
3 1 7 5672
3 1 8 5400
3 1 9 5868
3 1 10 9247
3 1 11 7139
3 1 12 6124
3 1 13 5550
3 2 0 4584
3 2 1 3786
3 2 2 0
3 2 3 0
3 2 4 2607
3 2 5 5549
3 2 6 3026
3 2 7 4040
3 2 8 6108
3 2 9 3619
3 2 10 3717
3 2 11 4794
3 2 12 6245
3 2 13 4328
3 3 0 0
3 3 1 0
3 3 2 0
3 3 3 0
3 3 4 0
3 3 5 0
3 3 6 0
3 3 7 0
3 3 8 0
3 3 9 0
3 3 10 0
3 3 11 0
3 3 12 0
3 3 13 0
3 4 0 5722
3 4 1 4112
3 4 2 1680
3 4 3 0
3 4 4 0
3 4 5 3432
3 4 6 5028
3 4 7 521
3 4 8 4912
3 4 9 3051
3 4 10 3815
3 4 11 3998
3 4 12 3059
3 4 13 1155
3 5 0 3711
3 5 1 4995
3 5 2 6795
3 5 3 0
3 5 4 5395
3 5 5 0
3 5 6 5235
3 5 7 3840
3 5 8 2782
3 5 9 3419
3 5 10 7322
3 5 11 6974
3 5 12 7147
3 5 13 5594
3 6 0 2493
3 6 1 3865
3 6 2 1502
3 6 3 0
3 6 4 7324
3 6 5 7693
3 6 6 0
3 6 7 6993
3 6 8 4972
3 6 9 7773
3 6 10 6126
3 6 11 5277
3 6 12 7130
3 6 13 6418
3 7 0 1223
3 7 1 1288
3 7 2 1931
3 7 3 0
3 7 4 9305
3 7 5 4826
3 7 6 7236
3 7 7 0
3 7 8 7531
3 7 9 6213
3 7 10 8034
3 7 11 6806
3 7 12 9113
3 7 13 6555
3 8 0 6833
3 8 1 4821
3 8 2 7804
3 8 3 0
3 8 4 3917
3 8 5 4990
3 8 6 3044
3 8 7 5577
3 8 8 0
3 8 9 5371
3 8 10 6406
3 8 11 4611
3 8 12 3731
3 8 13 4792
3 9 0 7607
3 9 1 4827
3 9 2 4853
3 9 3 0
3 9 4 780
3 9 5 1027
3 9 6 4625
3 9 7 2421
3 9 8 2775
3 9 9 0
3 9 10 2149
3 9 11 938
3 9 12 209
3 9 13 1455
3 10 0 3457
3 10 1 7602
3 10 2 4347
3 10 3 0
3 10 4 5402
3 10 5 5647
3 10 6 4019
3 10 7 3651
3 10 8 6902
3 10 9 6732
3 10 10 0
3 10 11 5467
3 10 12 5693
3 10 13 2981
3 11 0 6618
3 11 1 4897
3 11 2 4827
3 11 3 0
3 11 4 4164
3 11 5 7698
3 11 6 7201
3 11 7 8097
3 11 8 5585
3 11 9 7037
3 11 10 5535
3 11 11 0
3 11 12 7976
3 11 13 7049
3 12 0 5083
3 12 1 2382
3 12 2 4778
3 12 3 0
3 12 4 5193
3 12 5 3599
3 12 6 4398
3 12 7 3640
3 12 8 1434
3 12 9 2341
3 12 10 786
3 12 11 3476
3 12 12 0
3 12 13 1317
3 13 0 5347
3 13 1 3444
3 13 2 4497
3 13 3 0
3 13 4 3626
3 13 5 2844
3 13 6 2335
3 13 7 4705
3 13 8 2425
3 13 9 2883
3 13 10 1692
3 13 11 2762
3 13 12 1585
3 13 13 0
4 0 0 0
4 0 1 8294
4 0 2 6440
4 0 3 6448
4 0 4 0
4 0 5 759
4 0 6 2311
4 0 7 1626
4 0 8 3431
4 0 9 4667
4 0 10 1121
4 0 11 4879
4 0 12 4844
4 0 13 3472
4 1 0 4896
4 1 1 0
4 1 2 3502
4 1 3 7314
4 1 4 0
4 1 5 4201
4 1 6 5841
4 1 7 3849
4 1 8 3577
4 1 9 4045
4 1 10 7424
4 1 11 5316
4 1 12 4301
4 1 13 3727
4 2 0 3681
4 2 1 2883
4 2 2 0
4 2 3 2607
4 2 4 0
4 2 5 7751
4 2 6 5228
4 2 7 6242
4 2 8 8310
4 2 9 5821
4 2 10 5919
4 2 11 6996
4 2 12 8447
4 2 13 6530
4 3 0 3188
4 3 1 2565
4 3 2 1317
4 3 3 0
4 3 4 0
4 3 5 3984
4 3 6 4764
4 3 7 5939
4 3 8 3335
4 3 9 1465
4 3 10 3378
4 3 11 5429
4 3 12 1510
4 3 13 1666
4 4 0 0
4 4 1 0
4 4 2 0
4 4 3 0
4 4 4 0
4 4 5 0
4 4 6 0
4 4 7 0
4 4 8 0
4 4 9 0
4 4 10 0
4 4 11 0
4 4 12 0
4 4 13 0
4 5 0 2949
4 5 1 4233
4 5 2 6033
4 5 3 5395
4 5 4 0
4 5 5 0
4 5 6 5949
4 5 7 4554
4 5 8 3496
4 5 9 4133
4 5 10 8036
4 5 11 7688
4 5 12 7861
4 5 13 6308
4 6 0 5650
4 6 1 7022
4 6 2 4659
4 6 3 7324
4 6 4 0
4 6 5 9223
4 6 6 0
4 6 7 8523
4 6 8 6502
4 6 9 9303
4 6 10 7656
4 6 11 6807
4 6 12 8660
4 6 13 7948
4 7 0 5771
4 7 1 5836
4 7 2 6479
4 7 3 9305
4 7 4 0
4 7 5 674
4 7 6 3084
4 7 7 0
4 7 8 3379
4 7 9 2061
4 7 10 3882
4 7 11 2654
4 7 12 4961
4 7 13 2403
4 8 0 4792
4 8 1 2780
4 8 2 5763
4 8 3 3917
4 8 4 0
4 8 5 7833
4 8 6 5887
4 8 7 8420
4 8 8 0
4 8 9 8214
4 8 10 9249
4 8 11 7454
4 8 12 6574
4 8 13 7635
4 9 0 4761
4 9 1 1981
4 9 2 2007
4 9 3 780
4 9 4 0
4 9 5 3879
4 9 6 7477
4 9 7 5273
4 9 8 5627
4 9 9 0
4 9 10 5001
4 9 11 3790
4 9 12 3061
4 9 13 4307
4 10 0 3924
4 10 1 8069
4 10 2 4814
4 10 3 5402
4 10 4 0
4 10 5 7350
4 10 6 5722
4 10 7 5354
4 10 8 8605
4 10 9 8435
4 10 10 0
4 10 11 7170
4 10 12 7396
4 10 13 4684
4 11 0 4393
4 11 1 2672
4 11 2 2602
4 11 3 4164
4 11 4 0
4 11 5 7533
4 11 6 7036
4 11 7 7932
4 11 8 5420
4 11 9 6872
4 11 10 5370
4 11 11 0
4 11 12 7811
4 11 13 6884
4 12 0 9306
4 12 1 6605
4 12 2 9001
4 12 3 5193
4 12 4 0
4 12 5 6414
4 12 6 7213
4 12 7 6455
4 12 8 4249
4 12 9 5156
4 12 10 3601
4 12 11 6291
4 12 12 0
4 12 13 4132
4 13 0 6211
4 13 1 4308
4 13 2 5361
4 13 3 3626
4 13 4 0
4 13 5 3599
4 13 6 3090
4 13 7 5460
4 13 8 3180
4 13 9 3638
4 13 10 2447
4 13 11 3517
4 13 12 2340
4 13 13 0
5 0 0 0
5 0 1 4110
5 0 2 2256
5 0 3 2264
5 0 4 759
5 0 5 0
5 0 6 2555
5 0 7 1870
5 0 8 3675
5 0 9 4911
5 0 10 1365
5 0 11 5123
5 0 12 5088
5 0 13 3716
5 1 0 3606
5 1 1 0
5 1 2 2212
5 1 3 6024
5 1 4 4201
5 1 5 0
5 1 6 6471
5 1 7 4479
5 1 8 4207
5 1 9 4675
5 1 10 8054
5 1 11 5946
5 1 12 4931
5 1 13 4357
5 2 0 6623
5 2 1 5825
5 2 2 0
5 2 3 5549
5 2 4 7751
5 2 5 0
5 2 6 4746
5 2 7 5760
5 2 8 7828
5 2 9 5339
5 2 10 5437
5 2 11 6514
5 2 12 7965
5 2 13 6048
5 3 0 5826
5 3 1 5203
5 3 2 3955
5 3 3 0
5 3 4 3984
5 3 5 0
5 3 6 6937
5 3 7 8112
5 3 8 5508
5 3 9 3638
5 3 10 5551
5 3 11 7602
5 3 12 3683
5 3 13 3839
5 4 0 7808
5 4 1 6198
5 4 2 3766
5 4 3 3432
5 4 4 0
5 4 5 0
5 4 6 7705
5 4 7 3198
5 4 8 7589
5 4 9 5728
5 4 10 6492
5 4 11 6675
5 4 12 5736
5 4 13 3832
5 5 0 0
5 5 1 0
5 5 2 0
5 5 3 0
5 5 4 0
5 5 5 0
5 5 6 0
5 5 7 0
5 5 8 0
5 5 9 0
5 5 10 0
5 5 11 0
5 5 12 0
5 5 13 0
5 6 0 6019
5 6 1 7391
5 6 2 5028
5 6 3 7693
5 6 4 9223
5 6 5 0
5 6 6 0
5 6 7 6092
5 6 8 4071
5 6 9 6872
5 6 10 5225
5 6 11 4376
5 6 12 6229
5 6 13 5517
5 7 0 1292
5 7 1 1357
5 7 2 2000
5 7 3 4826
5 7 4 674
5 7 5 0
5 7 6 3765
5 7 7 0
5 7 8 4060
5 7 9 2742
5 7 10 4563
5 7 11 3335
5 7 12 5642
5 7 13 3084
5 8 0 5865
5 8 1 3853
5 8 2 6836
5 8 3 4990
5 8 4 7833
5 8 5 0
5 8 6 1119
5 8 7 3652
5 8 8 0
5 8 9 3446
5 8 10 4481
5 8 11 2686
5 8 12 1806
5 8 13 2867
5 9 0 5008
5 9 1 2228
5 9 2 2254
5 9 3 1027
5 9 4 3879
5 9 5 0
5 9 6 5207
5 9 7 3003
5 9 8 3357
5 9 9 0
5 9 10 2731
5 9 11 1520
5 9 12 791
5 9 13 2037
5 10 0 4169
5 10 1 8314
5 10 2 5059
5 10 3 5647
5 10 4 7350
5 10 5 0
5 10 6 6591
5 10 7 6223
5 10 8 9474
5 10 9 9304
5 10 10 0
5 10 11 8039
5 10 12 8265
5 10 13 5553
5 11 0 7927
5 11 1 6206
5 11 2 6136
5 11 3 7698
5 11 4 7533
5 11 5 0
5 11 6 7374
5 11 7 8270
5 11 8 5758
5 11 9 7210
5 11 10 5708
5 11 11 0
5 11 12 8149
5 11 13 7222
5 12 0 7712
5 12 1 5011
5 12 2 7407
5 12 3 3599
5 12 4 6414
5 12 5 0
5 12 6 8663
5 12 7 7905
5 12 8 5699
5 12 9 6606
5 12 10 5051
5 12 11 7741
5 12 12 0
5 12 13 5582
5 13 0 5429
5 13 1 3526
5 13 2 4579
5 13 3 2844
5 13 4 3599
5 13 5 0
5 13 6 4891
5 13 7 7261
5 13 8 4981
5 13 9 5439
5 13 10 4248
5 13 11 5318
5 13 12 4141
5 13 13 0
6 0 0 0
6 0 1 5662
6 0 2 3808
6 0 3 3816
6 0 4 2311
6 0 5 2555
6 0 6 0
6 0 7 3433
6 0 8 5238
6 0 9 6474
6 0 10 2928
6 0 11 6686
6 0 12 6651
6 0 13 5279
6 1 0 5246
6 1 1 0
6 1 2 3852
6 1 3 7664
6 1 4 5841
6 1 5 6471
6 1 6 0
6 1 7 3371
6 1 8 3099
6 1 9 3567
6 1 10 6946
6 1 11 4838
6 1 12 3823
6 1 13 3249
6 2 0 4100
6 2 1 3302
6 2 2 0
6 2 3 3026
6 2 4 5228
6 2 5 4746
6 2 6 0
6 2 7 4549
6 2 8 6617
6 2 9 4128
6 2 10 4226
6 2 11 5303
6 2 12 6754
6 2 13 4837
6 3 0 6606
6 3 1 5983
6 3 2 4735
6 3 3 0
6 3 4 4764
6 3 5 6937
6 3 6 0
6 3 7 5342
6 3 8 2738
6 3 9 868
6 3 10 2781
6 3 11 4832
6 3 12 913
6 3 13 1069
6 4 0 9404
6 4 1 7794
6 4 2 5362
6 4 3 5028
6 4 4 0
6 4 5 7705
6 4 6 0
6 4 7 4347
6 4 8 8738
6 4 9 6877
6 4 10 7641
6 4 11 7824
6 4 12 6885
6 4 13 4981
6 5 0 2789
6 5 1 4073
6 5 2 5873
6 5 3 5235
6 5 4 5949
6 5 5 0
6 5 6 0
6 5 7 5397
6 5 8 4339
6 5 9 4976
6 5 10 8879
6 5 11 8531
6 5 12 8704
6 5 13 7151
6 6 0 0
6 6 1 0
6 6 2 0
6 6 3 0
6 6 4 0
6 6 5 0
6 6 6 0
6 6 7 0
6 6 8 0
6 6 9 0
6 6 10 0
6 6 11 0
6 6 12 0
6 6 13 0
6 7 0 3702
6 7 1 3767
6 7 2 4410
6 7 3 7236
6 7 4 3084
6 7 5 3765
6 7 6 0
6 7 7 0
6 7 8 6433
6 7 9 5115
6 7 10 6936
6 7 11 5708
6 7 12 8015
6 7 13 5457
6 8 0 3919
6 8 1 1907
6 8 2 4890
6 8 3 3044
6 8 4 5887
6 8 5 1119
6 8 6 0
6 8 7 5062
6 8 8 0
6 8 9 4856
6 8 10 5891
6 8 11 4096
6 8 12 3216
6 8 13 4277
6 9 0 8606
6 9 1 5826
6 9 2 5852
6 9 3 4625
6 9 4 7477
6 9 5 5207
6 9 6 0
6 9 7 6577
6 9 8 6931
6 9 9 0
6 9 10 6305
6 9 11 5094
6 9 12 4365
6 9 13 5611
6 10 0 2541
6 10 1 6686
6 10 2 3431
6 10 3 4019
6 10 4 5722
6 10 5 6591
6 10 6 0
6 10 7 4247
6 10 8 7498
6 10 9 7328
6 10 10 0
6 10 11 6063
6 10 12 6289
6 10 13 3577
6 11 0 7430
6 11 1 5709
6 11 2 5639
6 11 3 7201
6 11 4 7036
6 11 5 7374
6 11 6 0
6 11 7 5793
6 11 8 3281
6 11 9 4733
6 11 10 3231
6 11 11 0
6 11 12 5672
6 11 13 4745
6 12 0 8511
6 12 1 5810
6 12 2 8206
6 12 3 4398
6 12 4 7213
6 12 5 8663
6 12 6 0
6 12 7 7108
6 12 8 4902
6 12 9 5809
6 12 10 4254
6 12 11 6944
6 12 12 0
6 12 13 4785
6 13 0 4920
6 13 1 3017
6 13 2 4070
6 13 3 2335
6 13 4 3090
6 13 5 4891
6 13 6 0
6 13 7 7305
6 13 8 5025
6 13 9 5483
6 13 10 4292
6 13 11 5362
6 13 12 4185
6 13 13 0
7 0 0 0
7 0 1 4977
7 0 2 3123
7 0 3 3131
7 0 4 1626
7 0 5 1870
7 0 6 3433
7 0 7 0
7 0 8 7738
7 0 9 8974
7 0 10 5428
7 0 11 9186
7 0 12 9151
7 0 13 7779
7 1 0 3254
7 1 1 0
7 1 2 1860
7 1 3 5672
7 1 4 3849
7 1 5 4479
7 1 6 3371
7 1 7 0
7 1 8 1746
7 1 9 2214
7 1 10 5593
7 1 11 3485
7 1 12 2470
7 1 13 1896
7 2 0 5114
7 2 1 4316
7 2 2 0
7 2 3 4040
7 2 4 6242
7 2 5 5760
7 2 6 4549
7 2 7 0
7 2 8 7707
7 2 9 5218
7 2 10 5316
7 2 11 6393
7 2 12 7844
7 2 13 5927
7 3 0 7781
7 3 1 7158
7 3 2 5910
7 3 3 0
7 3 4 5939
7 3 5 8112
7 3 6 5342
7 3 7 0
7 3 8 2153
7 3 9 283
7 3 10 2196
7 3 11 4247
7 3 12 328
7 3 13 484
7 4 0 4897
7 4 1 3287
7 4 2 855
7 4 3 521
7 4 4 0
7 4 5 3198
7 4 6 4347
7 4 7 0
7 4 8 9544
7 4 9 7683
7 4 10 8447
7 4 11 8630
7 4 12 7691
7 4 13 5787
7 5 0 1394
7 5 1 2678
7 5 2 4478
7 5 3 3840
7 5 4 4554
7 5 5 0
7 5 6 5397
7 5 7 0
7 5 8 297
7 5 9 934
7 5 10 4837
7 5 11 4489
7 5 12 4662
7 5 13 3109
7 6 0 5319
7 6 1 6691
7 6 2 4328
7 6 3 6993
7 6 4 8523
7 6 5 6092
7 6 6 0
7 6 7 0
7 6 8 4117
7 6 9 6918
7 6 10 5271
7 6 11 4422
7 6 12 6275
7 6 13 5563
7 7 0 0
7 7 1 0
7 7 2 0
7 7 3 0
7 7 4 0
7 7 5 0
7 7 6 0
7 7 7 0
7 7 8 0
7 7 9 0
7 7 10 0
7 7 11 0
7 7 12 0
7 7 13 0
7 8 0 6452
7 8 1 4440
7 8 2 7423
7 8 3 5577
7 8 4 8420
7 8 5 3652
7 8 6 5062
7 8 7 0
7 8 8 0
7 8 9 6240
7 8 10 7275
7 8 11 5480
7 8 12 4600
7 8 13 5661
7 9 0 6402
7 9 1 3622
7 9 2 3648
7 9 3 2421
7 9 4 5273
7 9 5 3003
7 9 6 6577
7 9 7 0
7 9 8 4196
7 9 9 0
7 9 10 3570
7 9 11 2359
7 9 12 1630
7 9 13 2876
7 10 0 2173
7 10 1 6318
7 10 2 3063
7 10 3 3651
7 10 4 5354
7 10 5 6223
7 10 6 4247
7 10 7 0
7 10 8 8231
7 10 9 8061
7 10 10 0
7 10 11 6796
7 10 12 7022
7 10 13 4310
7 11 0 8326
7 11 1 6605
7 11 2 6535
7 11 3 8097
7 11 4 7932
7 11 5 8270
7 11 6 5793
7 11 7 0
7 11 8 3635
7 11 9 5087
7 11 10 3585
7 11 11 0
7 11 12 6026
7 11 13 5099
7 12 0 7753
7 12 1 5052
7 12 2 7448
7 12 3 3640
7 12 4 6455
7 12 5 7905
7 12 6 7108
7 12 7 0
7 12 8 5710
7 12 9 6617
7 12 10 5062
7 12 11 7752
7 12 12 0
7 12 13 5593
7 13 0 7290
7 13 1 5387
7 13 2 6440
7 13 3 4705
7 13 4 5460
7 13 5 7261
7 13 6 7305
7 13 7 0
7 13 8 3987
7 13 9 4445
7 13 10 3254
7 13 11 4324
7 13 12 3147
7 13 13 0
8 0 0 0
8 0 1 6782
8 0 2 4928
8 0 3 4936
8 0 4 3431
8 0 5 3675
8 0 6 5238
8 0 7 7738
8 0 8 0
8 0 9 4242
8 0 10 696
8 0 11 4454
8 0 12 4419
8 0 13 3047
8 1 0 2982
8 1 1 0
8 1 2 1588
8 1 3 5400
8 1 4 3577
8 1 5 4207
8 1 6 3099
8 1 7 1746
8 1 8 0
8 1 9 3207
8 1 10 6586
8 1 11 4478
8 1 12 3463
8 1 13 2889
8 2 0 7182
8 2 1 6384
8 2 2 0
8 2 3 6108
8 2 4 8310
8 2 5 7828
8 2 6 6617
8 2 7 7707
8 2 8 0
8 2 9 2192
8 2 10 2290
8 2 11 3367
8 2 12 4818
8 2 13 2901
8 3 0 5177
8 3 1 4554
8 3 2 3306
8 3 3 0
8 3 4 3335
8 3 5 5508
8 3 6 2738
8 3 7 2153
8 3 8 0
8 3 9 4088
8 3 10 6001
8 3 11 8052
8 3 12 4133
8 3 13 4289
8 4 0 9288
8 4 1 7678
8 4 2 5246
8 4 3 4912
8 4 4 0
8 4 5 7589
8 4 6 8738
8 4 7 9544
8 4 8 0
8 4 9 4899
8 4 10 5663
8 4 11 5846
8 4 12 4907
8 4 13 3003
8 5 0 336
8 5 1 1620
8 5 2 3420
8 5 3 2782
8 5 4 3496
8 5 5 0
8 5 6 4339
8 5 7 297
8 5 8 0
8 5 9 3702
8 5 10 7605
8 5 11 7257
8 5 12 7430
8 5 13 5877
8 6 0 3298
8 6 1 4670
8 6 2 2307
8 6 3 4972
8 6 4 6502
8 6 5 4071
8 6 6 0
8 6 7 4117
8 6 8 0
8 6 9 5330
8 6 10 3683
8 6 11 2834
8 6 12 4687
8 6 13 3975
8 7 0 3997
8 7 1 4062
8 7 2 4705
8 7 3 7531
8 7 4 3379
8 7 5 4060
8 7 6 6433
8 7 7 0
8 7 8 0
8 7 9 5128
8 7 10 6949
8 7 11 5721
8 7 12 8028
8 7 13 5470
8 8 0 0
8 8 1 0
8 8 2 0
8 8 3 0
8 8 4 0
8 8 5 0
8 8 6 0
8 8 7 0
8 8 8 0
8 8 9 0
8 8 10 0
8 8 11 0
8 8 12 0
8 8 13 0
8 9 0 6756
8 9 1 3976
8 9 2 4002
8 9 3 2775
8 9 4 5627
8 9 5 3357
8 9 6 6931
8 9 7 4196
8 9 8 0
8 9 9 0
8 9 10 5332
8 9 11 4121
8 9 12 3392
8 9 13 4638
8 10 0 5424
8 10 1 9569
8 10 2 6314
8 10 3 6902
8 10 4 8605
8 10 5 9474
8 10 6 7498
8 10 7 8231
8 10 8 0
8 10 9 9037
8 10 10 0
8 10 11 7772
8 10 12 7998
8 10 13 5286
8 11 0 5814
8 11 1 4093
8 11 2 4023
8 11 3 5585
8 11 4 5420
8 11 5 5758
8 11 6 3281
8 11 7 3635
8 11 8 0
8 11 9 5496
8 11 10 3994
8 11 11 0
8 11 12 6435
8 11 13 5508
8 12 0 5547
8 12 1 2846
8 12 2 5242
8 12 3 1434
8 12 4 4249
8 12 5 5699
8 12 6 4902
8 12 7 5710
8 12 8 0
8 12 9 3839
8 12 10 2284
8 12 11 4974
8 12 12 0
8 12 13 2815
8 13 0 5010
8 13 1 3107
8 13 2 4160
8 13 3 2425
8 13 4 3180
8 13 5 4981
8 13 6 5025
8 13 7 3987
8 13 8 0
8 13 9 5286
8 13 10 4095
8 13 11 5165
8 13 12 3988
8 13 13 0
9 0 0 0
9 0 1 8018
9 0 2 6164
9 0 3 6172
9 0 4 4667
9 0 5 4911
9 0 6 6474
9 0 7 8974
9 0 8 4242
9 0 9 0
9 0 10 601
9 0 11 4359
9 0 12 4324
9 0 13 2952
9 1 0 3450
9 1 1 0
9 1 2 2056
9 1 3 5868
9 1 4 4045
9 1 5 4675
9 1 6 3567
9 1 7 2214
9 1 8 3207
9 1 9 0
9 1 10 8843
9 1 11 6735
9 1 12 5720
9 1 13 5146
9 2 0 4693
9 2 1 3895
9 2 2 0
9 2 3 3619
9 2 4 5821
9 2 5 5339
9 2 6 4128
9 2 7 5218
9 2 8 2192
9 2 9 0
9 2 10 1882
9 2 11 2959
9 2 12 4410
9 2 13 2493
9 3 0 3307
9 3 1 2684
9 3 2 1436
9 3 3 0
9 3 4 1465
9 3 5 3638
9 3 6 868
9 3 7 283
9 3 8 4088
9 3 9 0
9 3 10 5539
9 3 11 7590
9 3 12 3671
9 3 13 3827
9 4 0 7427
9 4 1 5817
9 4 2 3385
9 4 3 3051
9 4 4 0
9 4 5 5728
9 4 6 6877
9 4 7 7683
9 4 8 4899
9 4 9 0
9 4 10 4396
9 4 11 4579
9 4 12 3640
9 4 13 1736
9 5 0 973
9 5 1 2257
9 5 2 4057
9 5 3 3419
9 5 4 4133
9 5 5 0
9 5 6 4976
9 5 7 934
9 5 8 3702
9 5 9 0
9 5 10 5512
9 5 11 5164
9 5 12 5337
9 5 13 3784
9 6 0 6099
9 6 1 7471
9 6 2 5108
9 6 3 7773
9 6 4 9303
9 6 5 6872
9 6 6 0
9 6 7 6918
9 6 8 5330
9 6 9 0
9 6 10 7134
9 6 11 6285
9 6 12 8138
9 6 13 7426
9 7 0 2679
9 7 1 2744
9 7 2 3387
9 7 3 6213
9 7 4 2061
9 7 5 2742
9 7 6 5115
9 7 7 0
9 7 8 5128
9 7 9 0
9 7 10 5663
9 7 11 4435
9 7 12 6742
9 7 13 4184
9 8 0 6246
9 8 1 4234
9 8 2 7217
9 8 3 5371
9 8 4 8214
9 8 5 3446
9 8 6 4856
9 8 7 6240
9 8 8 0
9 8 9 0
9 8 10 6993
9 8 11 5198
9 8 12 4318
9 8 13 5379
9 9 0 0
9 9 1 0
9 9 2 0
9 9 3 0
9 9 4 0
9 9 5 0
9 9 6 0
9 9 7 0
9 9 8 0
9 9 9 0
9 9 10 0
9 9 11 0
9 9 12 0
9 9 13 0
9 10 0 5254
9 10 1 9399
9 10 2 6144
9 10 3 6732
9 10 4 8435
9 10 5 9304
9 10 6 7328
9 10 7 8061
9 10 8 9037
9 10 9 0
9 10 10 0
9 10 11 5385
9 10 12 5611
9 10 13 2899
9 11 0 7266
9 11 1 5545
9 11 2 5475
9 11 3 7037
9 11 4 6872
9 11 5 7210
9 11 6 4733
9 11 7 5087
9 11 8 5496
9 11 9 0
9 11 10 2191
9 11 11 0
9 11 12 4632
9 11 13 3705
9 12 0 6454
9 12 1 3753
9 12 2 6149
9 12 3 2341
9 12 4 5156
9 12 5 6606
9 12 6 5809
9 12 7 6617
9 12 8 3839
9 12 9 0
9 12 10 632
9 12 11 3322
9 12 12 0
9 12 13 1163
9 13 0 5468
9 13 1 3565
9 13 2 4618
9 13 3 2883
9 13 4 3638
9 13 5 5439
9 13 6 5483
9 13 7 4445
9 13 8 5286
9 13 9 0
9 13 10 2628
9 13 11 3698
9 13 12 2521
9 13 13 0
10 0 0 0
10 0 1 4472
10 0 2 2618
10 0 3 2626
10 0 4 1121
10 0 5 1365
10 0 6 2928
10 0 7 5428
10 0 8 696
10 0 9 601
10 0 10 0
10 0 11 5586
10 0 12 5551
10 0 13 4179
10 1 0 6829
10 1 1 0
10 1 2 5435
10 1 3 9247
10 1 4 7424
10 1 5 8054
10 1 6 6946
10 1 7 5593
10 1 8 6586
10 1 9 8843
10 1 10 0
10 1 11 5502
10 1 12 4487
10 1 13 3913
10 2 0 4791
10 2 1 3993
10 2 2 0
10 2 3 3717
10 2 4 5919
10 2 5 5437
10 2 6 4226
10 2 7 5316
10 2 8 2290
10 2 9 1882
10 2 10 0
10 2 11 5320
10 2 12 6771
10 2 13 4854
10 3 0 5220
10 3 1 4597
10 3 2 3349
10 3 3 0
10 3 4 3378
10 3 5 5551
10 3 6 2781
10 3 7 2196
10 3 8 6001
10 3 9 5539
10 3 10 0
10 3 11 6986
10 3 12 3067
10 3 13 3223
10 4 0 8191
10 4 1 6581
10 4 2 4149
10 4 3 3815
10 4 4 0
10 4 5 6492
10 4 6 7641
10 4 7 8447
10 4 8 5663
10 4 9 4396
10 4 10 0
10 4 11 7288
10 4 12 6349
10 4 13 4445
10 5 0 4876
10 5 1 6160
10 5 2 7960
10 5 3 7322
10 5 4 8036
10 5 5 0
10 5 6 8879
10 5 7 4837
10 5 8 7605
10 5 9 5512
10 5 10 0
10 5 11 7871
10 5 12 8044
10 5 13 6491
10 6 0 4452
10 6 1 5824
10 6 2 3461
10 6 3 6126
10 6 4 7656
10 6 5 5225
10 6 6 0
10 6 7 5271
10 6 8 3683
10 6 9 7134
10 6 10 0
10 6 11 3766
10 6 12 5619
10 6 13 4907
10 7 0 4500
10 7 1 4565
10 7 2 5208
10 7 3 8034
10 7 4 3882
10 7 5 4563
10 7 6 6936
10 7 7 0
10 7 8 6949
10 7 9 5663
10 7 10 0
10 7 11 3752
10 7 12 6059
10 7 13 3501
10 8 0 7281
10 8 1 5269
10 8 2 8252
10 8 3 6406
10 8 4 9249
10 8 5 4481
10 8 6 5891
10 8 7 7275
10 8 8 0
10 8 9 6993
10 8 10 0
10 8 11 7412
10 8 12 6532
10 8 13 7593
10 9 0 6130
10 9 1 3350
10 9 2 3376
10 9 3 2149
10 9 4 5001
10 9 5 2731
10 9 6 6305
10 9 7 3570
10 9 8 5332
10 9 9 0
10 9 10 0
10 9 11 5439
10 9 12 4710
10 9 13 5956
10 10 0 0
10 10 1 0
10 10 2 0
10 10 3 0
10 10 4 0
10 10 5 0
10 10 6 0
10 10 7 0
10 10 8 0
10 10 9 0
10 10 10 0
10 10 11 0
10 10 12 0
10 10 13 0
10 11 0 5764
10 11 1 4043
10 11 2 3973
10 11 3 5535
10 11 4 5370
10 11 5 5708
10 11 6 3231
10 11 7 3585
10 11 8 3994
10 11 9 2191
10 11 10 0
10 11 11 0
10 11 12 7248
10 11 13 6321
10 12 0 4899
10 12 1 2198
10 12 2 4594
10 12 3 786
10 12 4 3601
10 12 5 5051
10 12 6 4254
10 12 7 5062
10 12 8 2284
10 12 9 632
10 12 10 0
10 12 11 6893
10 12 12 0
10 12 13 4734
10 13 0 4277
10 13 1 2374
10 13 2 3427
10 13 3 1692
10 13 4 2447
10 13 5 4248
10 13 6 4292
10 13 7 3254
10 13 8 4095
10 13 9 2628
10 13 10 0
10 13 11 3311
10 13 12 2134
10 13 13 0
11 0 0 0
11 0 1 8230
11 0 2 6376
11 0 3 6384
11 0 4 4879
11 0 5 5123
11 0 6 6686
11 0 7 9186
11 0 8 4454
11 0 9 4359
11 0 10 5586
11 0 11 0
11 0 12 5043
11 0 13 3671
11 1 0 4721
11 1 1 0
11 1 2 3327
11 1 3 7139
11 1 4 5316
11 1 5 5946
11 1 6 4838
11 1 7 3485
11 1 8 4478
11 1 9 6735
11 1 10 5502
11 1 11 0
11 1 12 3585
11 1 13 3011
11 2 0 5868
11 2 1 5070
11 2 2 0
11 2 3 4794
11 2 4 6996
11 2 5 6514
11 2 6 5303
11 2 7 6393
11 2 8 3367
11 2 9 2959
11 2 10 5320
11 2 11 0
11 2 12 5306
11 2 13 3389
11 3 0 7271
11 3 1 6648
11 3 2 5400
11 3 3 0
11 3 4 5429
11 3 5 7602
11 3 6 4832
11 3 7 4247
11 3 8 8052
11 3 9 7590
11 3 10 6986
11 3 11 0
11 3 12 2470
11 3 13 2626
11 4 0 8374
11 4 1 6764
11 4 2 4332
11 4 3 3998
11 4 4 0
11 4 5 6675
11 4 6 7824
11 4 7 8630
11 4 8 5846
11 4 9 4579
11 4 10 7288
11 4 11 0
11 4 12 3060
11 4 13 1156
11 5 0 4528
11 5 1 5812
11 5 2 7612
11 5 3 6974
11 5 4 7688
11 5 5 0
11 5 6 8531
11 5 7 4489
11 5 8 7257
11 5 9 5164
11 5 10 7871
11 5 11 0
11 5 12 8044
11 5 13 6491
11 6 0 3603
11 6 1 4975
11 6 2 2612
11 6 3 5277
11 6 4 6807
11 6 5 4376
11 6 6 0
11 6 7 4422
11 6 8 2834
11 6 9 6285
11 6 10 3766
11 6 11 0
11 6 12 6750
11 6 13 6038
11 7 0 3272
11 7 1 3337
11 7 2 3980
11 7 3 6806
11 7 4 2654
11 7 5 3335
11 7 6 5708
11 7 7 0
11 7 8 5721
11 7 9 4435
11 7 10 3752
11 7 11 0
11 7 12 8454
11 7 13 5896
11 8 0 5486
11 8 1 3474
11 8 2 6457
11 8 3 4611
11 8 4 7454
11 8 5 2686
11 8 6 4096
11 8 7 5480
11 8 8 0
11 8 9 5198
11 8 10 7412
11 8 11 0
11 8 12 3164
11 8 13 4225
11 9 0 4919
11 9 1 2139
11 9 2 2165
11 9 3 938
11 9 4 3790
11 9 5 1520
11 9 6 5094
11 9 7 2359
11 9 8 4121
11 9 9 0
11 9 10 5439
11 9 11 0
11 9 12 2964
11 9 13 4210
11 10 0 3989
11 10 1 8134
11 10 2 4879
11 10 3 5467
11 10 4 7170
11 10 5 8039
11 10 6 6063
11 10 7 6796
11 10 8 7772
11 10 9 5385
11 10 10 0
11 10 11 0
11 10 12 5033
11 10 13 2321
11 11 0 0
11 11 1 0
11 11 2 0
11 11 3 0
11 11 4 0
11 11 5 0
11 11 6 0
11 11 7 0
11 11 8 0
11 11 9 0
11 11 10 0
11 11 11 0
11 11 12 0
11 11 13 0
11 12 0 7589
11 12 1 4888
11 12 2 7284
11 12 3 3476
11 12 4 6291
11 12 5 7741
11 12 6 6944
11 12 7 7752
11 12 8 4974
11 12 9 3322
11 12 10 6893
11 12 11 0
11 12 12 0
11 12 13 4966
11 13 0 5347
11 13 1 3444
11 13 2 4497
11 13 3 2762
11 13 4 3517
11 13 5 5318
11 13 6 5362
11 13 7 4324
11 13 8 5165
11 13 9 3698
11 13 10 3311
11 13 11 0
11 13 12 4151
11 13 13 0
12 0 0 0
12 0 1 8195
12 0 2 6341
12 0 3 6349
12 0 4 4844
12 0 5 5088
12 0 6 6651
12 0 7 9151
12 0 8 4419
12 0 9 4324
12 0 10 5551
12 0 11 5043
12 0 12 0
12 0 13 3892
12 1 0 3706
12 1 1 0
12 1 2 2312
12 1 3 6124
12 1 4 4301
12 1 5 4931
12 1 6 3823
12 1 7 2470
12 1 8 3463
12 1 9 5720
12 1 10 4487
12 1 11 3585
12 1 12 0
12 1 13 1332
12 2 0 7319
12 2 1 6521
12 2 2 0
12 2 3 6245
12 2 4 8447
12 2 5 7965
12 2 6 6754
12 2 7 7844
12 2 8 4818
12 2 9 4410
12 2 10 6771
12 2 11 5306
12 2 12 0
12 2 13 2265
12 3 0 3352
12 3 1 2729
12 3 2 1481
12 3 3 0
12 3 4 1510
12 3 5 3683
12 3 6 913
12 3 7 328
12 3 8 4133
12 3 9 3671
12 3 10 3067
12 3 11 2470
12 3 12 0
12 3 13 1126
12 4 0 7435
12 4 1 5825
12 4 2 3393
12 4 3 3059
12 4 4 0
12 4 5 5736
12 4 6 6885
12 4 7 7691
12 4 8 4907
12 4 9 3640
12 4 10 6349
12 4 11 3060
12 4 12 0
12 4 13 6104
12 5 0 4701
12 5 1 5985
12 5 2 7785
12 5 3 7147
12 5 4 7861
12 5 5 0
12 5 6 8704
12 5 7 4662
12 5 8 7430
12 5 9 5337
12 5 10 8044
12 5 11 8044
12 5 12 0
12 5 13 6311
12 6 0 5456
12 6 1 6828
12 6 2 4465
12 6 3 7130
12 6 4 8660
12 6 5 6229
12 6 6 0
12 6 7 6275
12 6 8 4687
12 6 9 8138
12 6 10 5619
12 6 11 6750
12 6 12 0
12 6 13 7154
12 7 0 5579
12 7 1 5644
12 7 2 6287
12 7 3 9113
12 7 4 4961
12 7 5 5642
12 7 6 8015
12 7 7 0
12 7 8 8028
12 7 9 6742
12 7 10 6059
12 7 11 8454
12 7 12 0
12 7 13 5358
12 8 0 4606
12 8 1 2594
12 8 2 5577
12 8 3 3731
12 8 4 6574
12 8 5 1806
12 8 6 3216
12 8 7 4600
12 8 8 0
12 8 9 4318
12 8 10 6532
12 8 11 3164
12 8 12 0
12 8 13 3993
12 9 0 4190
12 9 1 1410
12 9 2 1436
12 9 3 209
12 9 4 3061
12 9 5 791
12 9 6 4365
12 9 7 1630
12 9 8 3392
12 9 9 0
12 9 10 4710
12 9 11 2964
12 9 12 0
12 9 13 3433
12 10 0 4215
12 10 1 8360
12 10 2 5105
12 10 3 5693
12 10 4 7396
12 10 5 8265
12 10 6 6289
12 10 7 7022
12 10 8 7998
12 10 9 5611
12 10 10 0
12 10 11 5033
12 10 12 0
12 10 13 1491
12 11 0 8205
12 11 1 6484
12 11 2 6414
12 11 3 7976
12 11 4 7811
12 11 5 8149
12 11 6 5672
12 11 7 6026
12 11 8 6435
12 11 9 4632
12 11 10 7248
12 11 11 0
12 11 12 0
12 11 13 6198
12 12 0 0
12 12 1 0
12 12 2 0
12 12 3 0
12 12 4 0
12 12 5 0
12 12 6 0
12 12 7 0
12 12 8 0
12 12 9 0
12 12 10 0
12 12 11 0
12 12 12 0
12 12 13 0
12 13 0 4170
12 13 1 2267
12 13 2 3320
12 13 3 1585
12 13 4 2340
12 13 5 4141
12 13 6 4185
12 13 7 3147
12 13 8 3988
12 13 9 2521
12 13 10 2134
12 13 11 4151
12 13 12 0
12 13 13 0
13 0 0 0
13 0 1 6823
13 0 2 4969
13 0 3 4977
13 0 4 3472
13 0 5 3716
13 0 6 5279
13 0 7 7779
13 0 8 3047
13 0 9 2952
13 0 10 4179
13 0 11 3671
13 0 12 3892
13 0 13 0
13 1 0 3132
13 1 1 0
13 1 2 1738
13 1 3 5550
13 1 4 3727
13 1 5 4357
13 1 6 3249
13 1 7 1896
13 1 8 2889
13 1 9 5146
13 1 10 3913
13 1 11 3011
13 1 12 1332
13 1 13 0
13 2 0 5402
13 2 1 4604
13 2 2 0
13 2 3 4328
13 2 4 6530
13 2 5 6048
13 2 6 4837
13 2 7 5927
13 2 8 2901
13 2 9 2493
13 2 10 4854
13 2 11 3389
13 2 12 2265
13 2 13 0
13 3 0 3508
13 3 1 2885
13 3 2 1637
13 3 3 0
13 3 4 1666
13 3 5 3839
13 3 6 1069
13 3 7 484
13 3 8 4289
13 3 9 3827
13 3 10 3223
13 3 11 2626
13 3 12 1126
13 3 13 0
13 4 0 5531
13 4 1 3921
13 4 2 1489
13 4 3 1155
13 4 4 0
13 4 5 3832
13 4 6 4981
13 4 7 5787
13 4 8 3003
13 4 9 1736
13 4 10 4445
13 4 11 1156
13 4 12 6104
13 4 13 0
13 5 0 3148
13 5 1 4432
13 5 2 6232
13 5 3 5594
13 5 4 6308
13 5 5 0
13 5 6 7151
13 5 7 3109
13 5 8 5877
13 5 9 3784
13 5 10 6491
13 5 11 6491
13 5 12 6311
13 5 13 0
13 6 0 4744
13 6 1 6116
13 6 2 3753
13 6 3 6418
13 6 4 7948
13 6 5 5517
13 6 6 0
13 6 7 5563
13 6 8 3975
13 6 9 7426
13 6 10 4907
13 6 11 6038
13 6 12 7154
13 6 13 0
13 7 0 3021
13 7 1 3086
13 7 2 3729
13 7 3 6555
13 7 4 2403
13 7 5 3084
13 7 6 5457
13 7 7 0
13 7 8 5470
13 7 9 4184
13 7 10 3501
13 7 11 5896
13 7 12 5358
13 7 13 0
13 8 0 5667
13 8 1 3655
13 8 2 6638
13 8 3 4792
13 8 4 7635
13 8 5 2867
13 8 6 4277
13 8 7 5661
13 8 8 0
13 8 9 5379
13 8 10 7593
13 8 11 4225
13 8 12 3993
13 8 13 0
13 9 0 5436
13 9 1 2656
13 9 2 2682
13 9 3 1455
13 9 4 4307
13 9 5 2037
13 9 6 5611
13 9 7 2876
13 9 8 4638
13 9 9 0
13 9 10 5956
13 9 11 4210
13 9 12 3433
13 9 13 0
13 10 0 1503
13 10 1 5648
13 10 2 2393
13 10 3 2981
13 10 4 4684
13 10 5 5553
13 10 6 3577
13 10 7 4310
13 10 8 5286
13 10 9 2899
13 10 10 0
13 10 11 2321
13 10 12 1491
13 10 13 0
13 11 0 7278
13 11 1 5557
13 11 2 5487
13 11 3 7049
13 11 4 6884
13 11 5 7222
13 11 6 4745
13 11 7 5099
13 11 8 5508
13 11 9 3705
13 11 10 6321
13 11 11 0
13 11 12 6198
13 11 13 0
13 12 0 5430
13 12 1 2729
13 12 2 5125
13 12 3 1317
13 12 4 4132
13 12 5 5582
13 12 6 4785
13 12 7 5593
13 12 8 2815
13 12 9 1163
13 12 10 4734
13 12 11 4966
13 12 12 0
13 12 13 0
13 13 0 0
13 13 1 0
13 13 2 0
13 13 3 0
13 13 4 0
13 13 5 0
13 13 6 0
13 13 7 0
13 13 8 0
13 13 9 0
13 13 10 0
13 13 11 0
13 13 12 0
13 13 13 0
