19
0 0 0 0
0 0 1 0
0 0 2 0
0 0 3 0
0 0 4 0
0 0 5 0
0 0 6 0
0 0 7 0
0 0 8 0
0 0 9 0
0 0 10 0
0 0 11 0
0 0 12 0
0 0 13 0
0 0 14 0
0 0 15 0
0 0 16 0
0 0 17 0
0 0 18 0
0 1 0 0
0 1 1 0
0 1 2 2848
0 1 3 6075
0 1 4 4378
0 1 5 6772
0 1 6 6418
0 1 7 6483
0 1 8 3938
0 1 9 5473
0 1 10 3533
0 1 11 5032
0 1 12 4375
0 1 13 3342
0 1 14 4093
0 1 15 2887
0 1 16 6837
0 1 17 6118
0 1 18 3465
0 2 0 0
0 2 1 2777
0 2 2 0
0 2 3 2514
0 2 4 5899
0 2 5 5634
0 2 6 2780
0 2 7 3491
0 2 8 4919
0 2 9 7121
0 2 10 5346
0 2 11 5612
0 2 12 6828
0 2 13 4208
0 2 14 6173
0 2 15 3939
0 2 16 4560
0 2 17 6019
0 2 18 5669
0 3 0 0
0 3 1 4206
0 3 2 3884
0 3 3 0
0 3 4 4793
0 3 5 6094
0 3 6 3224
0 3 7 3307
0 3 8 4579
0 3 9 6263
0 3 10 5478
0 3 11 1904
0 3 12 2319
0 3 13 5960
0 3 14 2736
0 3 15 2761
0 3 16 2183
0 3 17 3522
0 3 18 3494
0 4 0 0
0 4 1 1472
0 4 2 3612
0 4 3 2040
0 4 4 0
0 4 5 2842
0 4 6 2539
0 4 7 1774
0 4 8 655
0 4 9 5261
0 4 10 2541
0 4 11 2192
0 4 12 989
0 4 13 2268
0 4 14 2892
0 4 15 2274
0 4 16 4192
0 4 17 3516
0 4 18 4923
0 5 0 0
0 5 1 2382
0 5 2 6024
0 5 3 2074
0 5 4 1905
0 5 5 0
0 5 6 4742
0 5 7 1694
0 5 8 1780
0 5 9 3148
0 5 10 4532
0 5 11 2374
0 5 12 4121
0 5 13 4897
0 5 14 4771
0 5 15 2779
0 5 16 5673
0 5 17 1805
0 5 18 2320
0 6 0 0
0 6 1 3819
0 6 2 6479
0 6 3 4946
0 6 4 6098
0 6 5 2935
0 6 6 0
0 6 7 5772
0 6 8 6584
0 6 9 7053
0 6 10 7517
0 6 11 6449
0 6 12 5680
0 6 13 6841
0 6 14 4141
0 6 15 5007
0 6 16 7230
0 6 17 7421
0 6 18 7437
0 7 0 0
0 7 1 3900
0 7 2 4462
0 7 3 3481
0 7 4 5323
0 7 5 6041
0 7 6 5935
0 7 7 0
0 7 8 3514
0 7 9 7388
0 7 10 4416
0 7 11 3921
0 7 12 5776
0 7 13 6472
0 7 14 6449
0 7 15 5445
0 7 16 7465
0 7 17 7844
0 7 18 4338
0 8 0 0
0 8 1 5987
0 8 2 6713
0 8 3 5645
0 8 4 4679
0 8 5 3826
0 8 6 8009
0 8 7 5530
0 8 8 0
0 8 9 6962
0 8 10 4636
0 8 11 5734
0 8 12 6255
0 8 13 7753
0 8 14 6257
0 8 15 8545
0 8 16 8572
0 8 17 6129
0 8 18 7432
0 9 0 0
0 9 1 5666
0 9 2 4758
0 9 3 6039
0 9 4 4411
0 9 5 5675
0 9 6 2369
0 9 7 3406
0 9 8 5609
0 9 9 0
0 9 10 3805
0 9 11 6496
0 9 12 6001
0 9 13 6034
0 9 14 4989
0 9 15 3904
0 9 16 4707
0 9 17 4084
0 9 18 5449
0 10 0 0
0 10 1 7105
0 10 2 3416
0 10 3 5121
0 10 4 8041
0 10 5 4095
0 10 6 4552
0 10 7 7306
0 10 8 7491
0 10 9 4789
0 10 10 0
0 10 11 3293
0 10 12 6777
0 10 13 3100
0 10 14 6008
0 10 15 6317
0 10 16 5396
0 10 17 3090
0 10 18 4072
0 11 0 0
0 11 1 3534
0 11 2 3074
0 11 3 4677
0 11 4 4487
0 11 5 896
0 11 6 4233
0 11 7 4984
0 11 8 3292
0 11 9 2167
0 11 10 2194
0 11 11 0
0 11 12 1844
0 11 13 1165
0 11 14 2538
0 11 15 3158
0 11 16 387
0 11 17 1234
0 11 18 4644
0 12 0 0
0 12 1 4886
0 12 2 1921
0 12 3 5709
0 12 4 3159
0 12 5 2932
0 12 6 4174
0 12 7 1788
0 12 8 1560
0 12 9 5518
0 12 10 3756
0 12 11 4079
0 12 12 0
0 12 13 4716
0 12 14 5841
0 12 15 6013
0 12 16 4654
0 12 17 3791
0 12 18 4528
0 13 0 0
0 13 1 3364
0 13 2 6662
0 13 3 5525
0 13 4 2848
0 13 5 5228
0 13 6 5647
0 13 7 3718
0 13 8 4452
0 13 9 5821
0 13 10 2951
0 13 11 4021
0 13 12 4521
0 13 13 0
0 13 14 4546
0 13 15 4500
0 13 16 3364
0 13 17 2686
0 13 18 6244
0 14 0 0
0 14 1 7842
0 14 2 4227
0 14 3 8746
0 14 4 7827
0 14 5 5174
0 14 6 8378
0 14 7 5489
0 14 8 6893
0 14 9 5693
0 14 10 8454
0 14 11 8836
0 14 12 5807
0 14 13 7776
0 14 14 0
0 14 15 7110
0 14 16 7801
0 14 17 5981
0 14 18 5404
0 15 0 0
0 15 1 5459
0 15 2 7376
0 15 3 3702
0 15 4 3647
0 15 5 6486
0 15 6 8008
0 15 7 8437
0 15 8 5543
0 15 9 5082
0 15 10 7095
0 15 11 4975
0 15 12 4771
0 15 13 8052
0 15 14 4920
0 15 15 0
0 15 16 4312
0 15 17 5041
0 15 18 4342
0 16 0 0
0 16 1 6627
0 16 2 4725
0 16 3 8298
0 16 4 4052
0 16 5 6202
0 16 6 8228
0 16 7 5237
0 16 8 4588
0 16 9 7677
0 16 10 4533
0 16 11 6160
0 16 12 3864
0 16 13 4377
0 16 14 4448
0 16 15 6328
0 16 16 0
0 16 17 4473
0 16 18 5131
0 17 0 0
0 17 1 4125
0 17 2 5924
0 17 3 3575
0 17 4 2283
0 17 5 2977
0 17 6 2581
0 17 7 3688
0 17 8 3887
0 17 9 3521
0 17 10 2931
0 17 11 6460
0 17 12 5364
0 17 13 4363
0 17 14 3350
0 17 15 5217
0 17 16 4568
0 17 17 0
0 17 18 4607
0 18 0 0
0 18 1 6530
0 18 2 7644
0 18 3 6727
0 18 4 7870
0 18 5 4613
0 18 6 7908
0 18 7 5957
0 18 8 7143
0 18 9 7068
0 18 10 7609
0 18 11 8370
0 18 12 6560
0 18 13 3770
0 18 14 7088
0 18 15 5986
0 18 16 3918
0 18 17 7158
0 18 18 0
1 0 0 0
1 0 1 0
1 0 2 3583
1 0 3 2726
1 0 4 1679
1 0 5 2711
1 0 6 4180
1 0 7 4248
1 0 8 5035
1 0 9 3317
1 0 10 4335
1 0 11 1564
1 0 12 2479
1 0 13 3017
1 0 14 5127
1 0 15 4811
1 0 16 5065
1 0 17 2860
1 0 18 4887
1 1 0 0
1 1 1 0
1 1 2 0
1 1 3 0
1 1 4 0
1 1 5 0
1 1 6 0
1 1 7 0
1 1 8 0
1 1 9 0
1 1 10 0
1 1 11 0
1 1 12 0
1 1 13 0
1 1 14 0
1 1 15 0
1 1 16 0
1 1 17 0
1 1 18 0
1 2 0 2777
1 2 1 0
1 2 2 0
1 2 3 222
1 2 4 3607
1 2 5 3342
1 2 6 488
1 2 7 1199
1 2 8 2627
1 2 9 4829
1 2 10 3054
1 2 11 3320
1 2 12 4536
1 2 13 1916
1 2 14 3881
1 2 15 1647
1 2 16 2268
1 2 17 3727
1 2 18 3377
1 3 0 4206
1 3 1 0
1 3 2 5676
1 3 3 0
1 3 4 6585
1 3 5 7886
1 3 6 5016
1 3 7 5099
1 3 8 6371
1 3 9 8055
1 3 10 7270
1 3 11 3696
1 3 12 4111
1 3 13 7752
1 3 14 4528
1 3 15 4553
1 3 16 3975
1 3 17 5314
1 3 18 5286
1 4 0 1472
1 4 1 0
1 4 2 4754
1 4 3 3182
1 4 4 0
1 4 5 3984
1 4 6 3681
1 4 7 2916
1 4 8 1797
1 4 9 6403
1 4 10 3683
1 4 11 3334
1 4 12 2131
1 4 13 3410
1 4 14 4034
1 4 15 3416
1 4 16 5334
1 4 17 4658
1 4 18 6065
1 5 0 2382
1 5 1 0
1 5 2 8528
1 5 3 4578
1 5 4 4409
1 5 5 0
1 5 6 7246
1 5 7 4198
1 5 8 4284
1 5 9 5652
1 5 10 7036
1 5 11 4878
1 5 12 6625
1 5 13 7401
1 5 14 7275
1 5 15 5283
1 5 16 8177
1 5 17 4309
1 5 18 4824
1 6 0 3819
1 6 1 0
1 6 2 7160
1 6 3 5627
1 6 4 6779
1 6 5 3616
1 6 6 0
1 6 7 6453
1 6 8 7265
1 6 9 7734
1 6 10 8198
1 6 11 7130
1 6 12 6361
1 6 13 7522
1 6 14 4822
1 6 15 5688
1 6 16 7911
1 6 17 8102
1 6 18 8118
1 7 0 3900
1 7 1 0
1 7 2 5140
1 7 3 4159
1 7 4 6001
1 7 5 6719
1 7 6 6613
1 7 7 0
1 7 8 4192
1 7 9 8066
1 7 10 5094
1 7 11 4599
1 7 12 6454
1 7 13 7150
1 7 14 7127
1 7 15 6123
1 7 16 8143
1 7 17 8522
1 7 18 5016
1 8 0 5987
1 8 1 0
1 8 2 4059
1 8 3 2991
1 8 4 2025
1 8 5 1172
1 8 6 5355
1 8 7 2876
1 8 8 0
1 8 9 4308
1 8 10 1982
1 8 11 3080
1 8 12 3601
1 8 13 5099
1 8 14 3603
1 8 15 5891
1 8 16 5918
1 8 17 3475
1 8 18 4778
1 9 0 5666
1 9 1 0
1 9 2 5357
1 9 3 6638
1 9 4 5010
1 9 5 6274
1 9 6 2968
1 9 7 4005
1 9 8 6208
1 9 9 0
1 9 10 4404
1 9 11 7095
1 9 12 6600
1 9 13 6633
1 9 14 5588
1 9 15 4503
1 9 16 5306
1 9 17 4683
1 9 18 6048
1 10 0 7105
1 10 1 0
1 10 2 1057
1 10 3 2762
1 10 4 5682
1 10 5 1736
1 10 6 2193
1 10 7 4947
1 10 8 5132
1 10 9 2430
1 10 10 0
1 10 11 934
1 10 12 4418
1 10 13 741
1 10 14 3649
1 10 15 3958
1 10 16 3037
1 10 17 731
1 10 18 1713
1 11 0 3534
1 11 1 0
1 11 2 4985
1 11 3 6588
1 11 4 6398
1 11 5 2807
1 11 6 6144
1 11 7 6895
1 11 8 5203
1 11 9 4078
1 11 10 4105
1 11 11 0
1 11 12 3755
1 11 13 3076
1 11 14 4449
1 11 15 5069
1 11 16 2298
1 11 17 3145
1 11 18 6555
1 12 0 4886
1 12 1 0
1 12 2 2260
1 12 3 6048
1 12 4 3498
1 12 5 3271
1 12 6 4513
1 12 7 2127
1 12 8 1899
1 12 9 5857
1 12 10 4095
1 12 11 4418
1 12 12 0
1 12 13 5055
1 12 14 6180
1 12 15 6352
1 12 16 4993
1 12 17 4130
1 12 18 4867
1 13 0 3364
1 13 1 0
1 13 2 5430
1 13 3 4293
1 13 4 1616
1 13 5 3996
1 13 6 4415
1 13 7 2486
1 13 8 3220
1 13 9 4589
1 13 10 1719
1 13 11 2789
1 13 12 3289
1 13 13 0
1 13 14 3314
1 13 15 3268
1 13 16 2132
1 13 17 1454
1 13 18 5012
1 14 0 7842
1 14 1 0
1 14 2 1636
1 14 3 6155
1 14 4 5236
1 14 5 2583
1 14 6 5787
1 14 7 2898
1 14 8 4302
1 14 9 3102
1 14 10 5863
1 14 11 6245
1 14 12 3216
1 14 13 5185
1 14 14 0
1 14 15 4519
1 14 16 5210
1 14 17 3390
1 14 18 2813
1 15 0 5459
1 15 1 0
1 15 2 3895
1 15 3 221
1 15 4 166
1 15 5 3005
1 15 6 4527
1 15 7 4956
1 15 8 2062
1 15 9 1601
1 15 10 3614
1 15 11 1494
1 15 12 1290
1 15 13 4571
1 15 14 1439
1 15 15 0
1 15 16 831
1 15 17 1560
1 15 18 861
1 16 0 6627
1 16 1 0
1 16 2 4940
1 16 3 8513
1 16 4 4267
1 16 5 6417
1 16 6 8443
1 16 7 5452
1 16 8 4803
1 16 9 7892
1 16 10 4748
1 16 11 6375
1 16 12 4079
1 16 13 4592
1 16 14 4663
1 16 15 6543
1 16 16 0
1 16 17 4688
1 16 18 5346
1 17 0 4125
1 17 1 0
1 17 2 7625
1 17 3 5276
1 17 4 3984
1 17 5 4678
1 17 6 4282
1 17 7 5389
1 17 8 5588
1 17 9 5222
1 17 10 4632
1 17 11 8161
1 17 12 7065
1 17 13 6064
1 17 14 5051
1 17 15 6918
1 17 16 6269
1 17 17 0
1 17 18 6308
1 18 0 6530
1 18 1 0
1 18 2 4665
1 18 3 3748
1 18 4 4891
1 18 5 1634
1 18 6 4929
1 18 7 2978
1 18 8 4164
1 18 9 4089
1 18 10 4630
1 18 11 5391
1 18 12 3581
1 18 13 791
1 18 14 4109
1 18 15 3007
1 18 16 939
1 18 17 4179
1 18 18 0
2 0 0 0
2 0 1 3583
2 0 2 0
2 0 3 4346
2 0 4 3299
2 0 5 4331
2 0 6 5800
2 0 7 5868
2 0 8 6655
2 0 9 4937
2 0 10 5955
2 0 11 3184
2 0 12 4099
2 0 13 4637
2 0 14 6747
2 0 15 6431
2 0 16 6685
2 0 17 4480
2 0 18 6507
2 1 0 2848
2 1 1 0
2 1 2 0
2 1 3 3712
2 1 4 2015
2 1 5 4409
2 1 6 4055
2 1 7 4120
2 1 8 1575
2 1 9 3110
2 1 10 1170
2 1 11 2669
2 1 12 2012
2 1 13 979
2 1 14 1730
2 1 15 524
2 1 16 4474
2 1 17 3755
2 1 18 1102
2 2 0 0
2 2 1 0
2 2 2 0
2 2 3 0
2 2 4 0
2 2 5 0
2 2 6 0
2 2 7 0
2 2 8 0
2 2 9 0
2 2 10 0
2 2 11 0
2 2 12 0
2 2 13 0
2 2 14 0
2 2 15 0
2 2 16 0
2 2 17 0
2 2 18 0
2 3 0 3884
2 3 1 5676
2 3 2 0
2 3 3 0
2 3 4 3512
2 3 5 4813
2 3 6 1943
2 3 7 2026
2 3 8 3298
2 3 9 4982
2 3 10 4197
2 3 11 623
2 3 12 1038
2 3 13 4679
2 3 14 1455
2 3 15 1480
2 3 16 902
2 3 17 2241
2 3 18 2213
2 4 0 3612
2 4 1 4754
2 4 2 0
2 4 3 5191
2 4 4 0
2 4 5 5993
2 4 6 5690
2 4 7 4925
2 4 8 3806
2 4 9 8412
2 4 10 5692
2 4 11 5343
2 4 12 4140
2 4 13 5419
2 4 14 6043
2 4 15 5425
2 4 16 7343
2 4 17 6667
2 4 18 8074
2 5 0 6024
2 5 1 8528
2 5 2 0
2 5 3 3928
2 5 4 3759
2 5 5 0
2 5 6 6596
2 5 7 3548
2 5 8 3634
2 5 9 5002
2 5 10 6386
2 5 11 4228
2 5 12 5975
2 5 13 6751
2 5 14 6625
2 5 15 4633
2 5 16 7527
2 5 17 3659
2 5 18 4174
2 6 0 6479
2 6 1 7160
2 6 2 0
2 6 3 2477
2 6 4 3629
2 6 5 466
2 6 6 0
2 6 7 3303
2 6 8 4115
2 6 9 4584
2 6 10 5048
2 6 11 3980
2 6 12 3211
2 6 13 4372
2 6 14 1672
2 6 15 2538
2 6 16 4761
2 6 17 4952
2 6 18 4968
2 7 0 4462
2 7 1 5140
2 7 2 0
2 7 3 1655
2 7 4 3497
2 7 5 4215
2 7 6 4109
2 7 7 0
2 7 8 1688
2 7 9 5562
2 7 10 2590
2 7 11 2095
2 7 12 3950
2 7 13 4646
2 7 14 4623
2 7 15 3619
2 7 16 5639
2 7 17 6018
2 7 18 2512
2 8 0 6713
2 8 1 4059
2 8 2 0
2 8 3 4460
2 8 4 3494
2 8 5 2641
2 8 6 6824
2 8 7 4345
2 8 8 0
2 8 9 5777
2 8 10 3451
2 8 11 4549
2 8 12 5070
2 8 13 6568
2 8 14 5072
2 8 15 7360
2 8 16 7387
2 8 17 4944
2 8 18 6247
2 9 0 4758
2 9 1 5357
2 9 2 0
2 9 3 8774
2 9 4 7146
2 9 5 8410
2 9 6 5104
2 9 7 6141
2 9 8 8344
2 9 9 0
2 9 10 6540
2 9 11 9231
2 9 12 8736
2 9 13 8769
2 9 14 7724
2 9 15 6639
2 9 16 7442
2 9 17 6819
2 9 18 8184
2 10 0 3416
2 10 1 1057
2 10 2 0
2 10 3 5063
2 10 4 7983
2 10 5 4037
2 10 6 4494
2 10 7 7248
2 10 8 7433
2 10 9 4731
2 10 10 0
2 10 11 3235
2 10 12 6719
2 10 13 3042
2 10 14 5950
2 10 15 6259
2 10 16 5338
2 10 17 3032
2 10 18 4014
2 11 0 3074
2 11 1 4985
2 11 2 0
2 11 3 7656
2 11 4 7466
2 11 5 3875
2 11 6 7212
2 11 7 7963
2 11 8 6271
2 11 9 5146
2 11 10 5173
2 11 11 0
2 11 12 4823
2 11 13 4144
2 11 14 5517
2 11 15 6137
2 11 16 3366
2 11 17 4213
2 11 18 7623
2 12 0 1921
2 12 1 2260
2 12 2 0
2 12 3 8989
2 12 4 6439
2 12 5 6212
2 12 6 7454
2 12 7 5068
2 12 8 4840
2 12 9 8798
2 12 10 7036
2 12 11 7359
2 12 12 0
2 12 13 7996
2 12 14 9121
2 12 15 9293
2 12 16 7934
2 12 17 7071
2 12 18 7808
2 13 0 6662
2 13 1 5430
2 13 2 0
2 13 3 5647
2 13 4 2970
2 13 5 5350
2 13 6 5769
2 13 7 3840
2 13 8 4574
2 13 9 5943
2 13 10 3073
2 13 11 4143
2 13 12 4643
2 13 13 0
2 13 14 4668
2 13 15 4622
2 13 16 3486
2 13 17 2808
2 13 18 6366
2 14 0 4227
2 14 1 1636
2 14 2 0
2 14 3 8723
2 14 4 7804
2 14 5 5151
2 14 6 8355
2 14 7 5466
2 14 8 6870
2 14 9 5670
2 14 10 8431
2 14 11 8813
2 14 12 5784
2 14 13 7753
2 14 14 0
2 14 15 7087
2 14 16 7778
2 14 17 5958
2 14 18 5381
2 15 0 7376
2 15 1 3895
2 15 2 0
2 15 3 1761
2 15 4 1706
2 15 5 4545
2 15 6 6067
2 15 7 6496
2 15 8 3602
2 15 9 3141
2 15 10 5154
2 15 11 3034
2 15 12 2830
2 15 13 6111
2 15 14 2979
2 15 15 0
2 15 16 2371
2 15 17 3100
2 15 18 2401
2 16 0 4725
2 16 1 4940
2 16 2 0
2 16 3 6724
2 16 4 2478
2 16 5 4628
2 16 6 6654
2 16 7 3663
2 16 8 3014
2 16 9 6103
2 16 10 2959
2 16 11 4586
2 16 12 2290
2 16 13 2803
2 16 14 2874
2 16 15 4754
2 16 16 0
2 16 17 2899
2 16 18 3557
2 17 0 5924
2 17 1 7625
2 17 2 0
2 17 3 5665
2 17 4 4373
2 17 5 5067
2 17 6 4671
2 17 7 5778
2 17 8 5977
2 17 9 5611
2 17 10 5021
2 17 11 8550
2 17 12 7454
2 17 13 6453
2 17 14 5440
2 17 15 7307
2 17 16 6658
2 17 17 0
2 17 18 6697
2 18 0 7644
2 18 1 4665
2 18 2 0
2 18 3 6440
2 18 4 7583
2 18 5 4326
2 18 6 7621
2 18 7 5670
2 18 8 6856
2 18 9 6781
2 18 10 7322
2 18 11 8083
2 18 12 6273
2 18 13 3483
2 18 14 6801
2 18 15 5699
2 18 16 3631
2 18 17 6871
2 18 18 0
3 0 0 0
3 0 1 2726
3 0 2 4346
3 0 3 0
3 0 4 3754
3 0 5 4786
3 0 6 6255
3 0 7 6323
3 0 8 7110
3 0 9 5392
3 0 10 6410
3 0 11 3639
3 0 12 4554
3 0 13 5092
3 0 14 7202
3 0 15 6886
3 0 16 7140
3 0 17 4935
3 0 18 6962
3 1 0 6075
3 1 1 0
3 1 2 3712
3 1 3 0
3 1 4 4301
3 1 5 6695
3 1 6 6341
3 1 7 6406
3 1 8 3861
3 1 9 5396
3 1 10 3456
3 1 11 4955
3 1 12 4298
3 1 13 3265
3 1 14 4016
3 1 15 2810
3 1 16 6760
3 1 17 6041
3 1 18 3388
3 2 0 2514
3 2 1 222
3 2 2 0
3 2 3 0
3 2 4 5988
3 2 5 5723
3 2 6 2869
3 2 7 3580
3 2 8 5008
3 2 9 7210
3 2 10 5435
3 2 11 5701
3 2 12 6917
3 2 13 4297
3 2 14 6262
3 2 15 4028
3 2 16 4649
3 2 17 6108
3 2 18 5758
3 3 0 0
3 3 1 0
3 3 2 0
3 3 3 0
3 3 4 0
3 3 5 0
3 3 6 0
3 3 7 0
3 3 8 0
3 3 9 0
3 3 10 0
3 3 11 0
3 3 12 0
3 3 13 0
3 3 14 0
3 3 15 0
3 3 16 0
3 3 17 0
3 3 18 0
3 4 0 2040
3 4 1 3182
3 4 2 5191
3 4 3 0
3 4 4 0
3 4 5 5744
3 4 6 5441
3 4 7 4676
3 4 8 3557
3 4 9 8163
3 4 10 5443
3 4 11 5094
3 4 12 3891
3 4 13 5170
3 4 14 5794
3 4 15 5176
3 4 16 7094
3 4 17 6418
3 4 18 7825
3 5 0 2074
3 5 1 4578
3 5 2 3928
3 5 3 0
3 5 4 5076
3 5 5 0
3 5 6 7913
3 5 7 4865
3 5 8 4951
3 5 9 6319
3 5 10 7703
3 5 11 5545
3 5 12 7292
3 5 13 8068
3 5 14 7942
3 5 15 5950
3 5 16 8844
3 5 17 4976
3 5 18 5491
3 6 0 4946
3 6 1 5627
3 6 2 2477
3 6 3 0
3 6 4 4930
3 6 5 1767
3 6 6 0
3 6 7 4604
3 6 8 5416
3 6 9 5885
3 6 10 6349
3 6 11 5281
3 6 12 4512
3 6 13 5673
3 6 14 2973
3 6 15 3839
3 6 16 6062
3 6 17 6253
3 6 18 6269
3 7 0 3481
3 7 1 4159
3 7 2 1655
3 7 3 0
3 7 4 4170
3 7 5 4888
3 7 6 4782
3 7 7 0
3 7 8 2361
3 7 9 6235
3 7 10 3263
3 7 11 2768
3 7 12 4623
3 7 13 5319
3 7 14 5296
3 7 15 4292
3 7 16 6312
3 7 17 6691
3 7 18 3185
3 8 0 5645
3 8 1 2991
3 8 2 4460
3 8 3 0
3 8 4 4011
3 8 5 3158
3 8 6 7341
3 8 7 4862
3 8 8 0
3 8 9 6294
3 8 10 3968
3 8 11 5066
3 8 12 5587
3 8 13 7085
3 8 14 5589
3 8 15 7877
3 8 16 7904
3 8 17 5461
3 8 18 6764
3 9 0 6039
3 9 1 6638
3 9 2 8774
3 9 3 0
3 9 4 7145
3 9 5 8409
3 9 6 5103
3 9 7 6140
3 9 8 8343
3 9 9 0
3 9 10 6539
3 9 11 9230
3 9 12 8735
3 9 13 8768
3 9 14 7723
3 9 15 6638
3 9 16 7441
3 9 17 6818
3 9 18 8183
3 10 0 5121
3 10 1 2762
3 10 2 5063
3 10 3 0
3 10 4 8972
3 10 5 5026
3 10 6 5483
3 10 7 8237
3 10 8 8422
3 10 9 5720
3 10 10 0
3 10 11 4224
3 10 12 7708
3 10 13 4031
3 10 14 6939
3 10 15 7248
3 10 16 6327
3 10 17 4021
3 10 18 5003
3 11 0 4677
3 11 1 6588
3 11 2 7656
3 11 3 0
3 11 4 4615
3 11 5 1024
3 11 6 4361
3 11 7 5112
3 11 8 3420
3 11 9 2295
3 11 10 2322
3 11 11 0
3 11 12 1972
3 11 13 1293
3 11 14 2666
3 11 15 3286
3 11 16 515
3 11 17 1362
3 11 18 4772
3 12 0 5709
3 12 1 6048
3 12 2 8989
3 12 3 0
3 12 4 2787
3 12 5 2560
3 12 6 3802
3 12 7 1416
3 12 8 1188
3 12 9 5146
3 12 10 3384
3 12 11 3707
3 12 12 0
3 12 13 4344
3 12 14 5469
3 12 15 5641
3 12 16 4282
3 12 17 3419
3 12 18 4156
3 13 0 5525
3 13 1 4293
3 13 2 5647
3 13 3 0
3 13 4 5579
3 13 5 7959
3 13 6 8378
3 13 7 6449
3 13 8 7183
3 13 9 8552
3 13 10 5682
3 13 11 6752
3 13 12 7252
3 13 13 0
3 13 14 7277
3 13 15 7231
3 13 16 6095
3 13 17 5417
3 13 18 8975
3 14 0 8746
3 14 1 6155
3 14 2 8723
3 14 3 0
3 14 4 5224
3 14 5 2571
3 14 6 5775
3 14 7 2886
3 14 8 4290
3 14 9 3090
3 14 10 5851
3 14 11 6233
3 14 12 3204
3 14 13 5173
3 14 14 0
3 14 15 4507
3 14 16 5198
3 14 17 3378
3 14 18 2801
3 15 0 3702
3 15 1 221
3 15 2 1761
3 15 3 0
3 15 4 1385
3 15 5 4224
3 15 6 5746
3 15 7 6175
3 15 8 3281
3 15 9 2820
3 15 10 4833
3 15 11 2713
3 15 12 2509
3 15 13 5790
3 15 14 2658
3 15 15 0
3 15 16 2050
3 15 17 2779
3 15 18 2080
3 16 0 8298
3 16 1 8513
3 16 2 6724
3 16 3 0
3 16 4 958
3 16 5 3108
3 16 6 5134
3 16 7 2143
3 16 8 1494
3 16 9 4583
3 16 10 1439
3 16 11 3066
3 16 12 770
3 16 13 1283
3 16 14 1354
3 16 15 3234
3 16 16 0
3 16 17 1379
3 16 18 2037
3 17 0 3575
3 17 1 5276
3 17 2 5665
3 17 3 0
3 17 4 2733
3 17 5 3427
3 17 6 3031
3 17 7 4138
3 17 8 4337
3 17 9 3971
3 17 10 3381
3 17 11 6910
3 17 12 5814
3 17 13 4813
3 17 14 3800
3 17 15 5667
3 17 16 5018
3 17 17 0
3 17 18 5057
3 18 0 6727
3 18 1 3748
3 18 2 6440
3 18 3 0
3 18 4 6265
3 18 5 3008
3 18 6 6303
3 18 7 4352
3 18 8 5538
3 18 9 5463
3 18 10 6004
3 18 11 6765
3 18 12 4955
3 18 13 2165
3 18 14 5483
3 18 15 4381
3 18 16 2313
3 18 17 5553
3 18 18 0
4 0 0 0
4 0 1 1679
4 0 2 3299
4 0 3 3754
4 0 4 0
4 0 5 5752
4 0 6 7221
4 0 7 7289
4 0 8 8076
4 0 9 6358
4 0 10 7376
4 0 11 4605
4 0 12 5520
4 0 13 6058
4 0 14 8168
4 0 15 7852
4 0 16 8106
4 0 17 5901
4 0 18 7928
4 1 0 4378
4 1 1 0
4 1 2 2015
4 1 3 4301
4 1 4 0
4 1 5 5008
4 1 6 4654
4 1 7 4719
4 1 8 2174
4 1 9 3709
4 1 10 1769
4 1 11 3268
4 1 12 2611
4 1 13 1578
4 1 14 2329
4 1 15 1123
4 1 16 5073
4 1 17 4354
4 1 18 1701
4 2 0 5899
4 2 1 3607
4 2 2 0
4 2 3 5988
4 2 4 0
4 2 5 6498
4 2 6 3644
4 2 7 4355
4 2 8 5783
4 2 9 7985
4 2 10 6210
4 2 11 6476
4 2 12 7692
4 2 13 5072
4 2 14 7037
4 2 15 4803
4 2 16 5424
4 2 17 6883
4 2 18 6533
4 3 0 4793
4 3 1 6585
4 3 2 3512
4 3 3 0
4 3 4 0
4 3 5 6243
4 3 6 3373
4 3 7 3456
4 3 8 4728
4 3 9 6412
4 3 10 5627
4 3 11 2053
4 3 12 2468
4 3 13 6109
4 3 14 2885
4 3 15 2910
4 3 16 2332
4 3 17 3671
4 3 18 3643
4 4 0 0
4 4 1 0
4 4 2 0
4 4 3 0
4 4 4 0
4 4 5 0
4 4 6 0
4 4 7 0
4 4 8 0
4 4 9 0
4 4 10 0
4 4 11 0
4 4 12 0
4 4 13 0
4 4 14 0
4 4 15 0
4 4 16 0
4 4 17 0
4 4 18 0
4 5 0 1905
4 5 1 4409
4 5 2 3759
4 5 3 5076
4 5 4 0
4 5 5 0
4 5 6 5708
4 5 7 2660
4 5 8 2746
4 5 9 4114
4 5 10 5498
4 5 11 3340
4 5 12 5087
4 5 13 5863
4 5 14 5737
4 5 15 3745
4 5 16 6639
4 5 17 2771
4 5 18 3286
4 6 0 6098
4 6 1 6779
4 6 2 3629
4 6 3 4930
4 6 4 0
4 6 5 2129
4 6 6 0
4 6 7 4966
4 6 8 5778
4 6 9 6247
4 6 10 6711
4 6 11 5643
4 6 12 4874
4 6 13 6035
4 6 14 3335
4 6 15 4201
4 6 16 6424
4 6 17 6615
4 6 18 6631
4 7 0 5323
4 7 1 6001
4 7 2 3497
4 7 3 4170
4 7 4 0
4 7 5 4402
4 7 6 4296
4 7 7 0
4 7 8 1875
4 7 9 5749
4 7 10 2777
4 7 11 2282
4 7 12 4137
4 7 13 4833
4 7 14 4810
4 7 15 3806
4 7 16 5826
4 7 17 6205
4 7 18 2699
4 8 0 4679
4 8 1 2025
4 8 2 3494
4 8 3 4011
4 8 4 0
4 8 5 281
4 8 6 4464
4 8 7 1985
4 8 8 0
4 8 9 3417
4 8 10 1091
4 8 11 2189
4 8 12 2710
4 8 13 4208
4 8 14 2712
4 8 15 5000
4 8 16 5027
4 8 17 2584
4 8 18 3887
4 9 0 4411
4 9 1 5010
4 9 2 7146
4 9 3 7145
4 9 4 0
4 9 5 8454
4 9 6 5148
4 9 7 6185
4 9 8 8388
4 9 9 0
4 9 10 6584
4 9 11 9275
4 9 12 8780
4 9 13 8813
4 9 14 7768
4 9 15 6683
4 9 16 7486
4 9 17 6863
4 9 18 8228
4 10 0 8041
4 10 1 5682
4 10 2 7983
4 10 3 8972
4 10 4 0
4 10 5 3136
4 10 6 3593
4 10 7 6347
4 10 8 6532
4 10 9 3830
4 10 10 0
4 10 11 2334
4 10 12 5818
4 10 13 2141
4 10 14 5049
4 10 15 5358
4 10 16 4437
4 10 17 2131
4 10 18 3113
4 11 0 4487
4 11 1 6398
4 11 2 7466
4 11 3 4615
4 11 4 0
4 11 5 2359
4 11 6 5696
4 11 7 6447
4 11 8 4755
4 11 9 3630
4 11 10 3657
4 11 11 0
4 11 12 3307
4 11 13 2628
4 11 14 4001
4 11 15 4621
4 11 16 1850
4 11 17 2697
4 11 18 6107
4 12 0 3159
4 12 1 3498
4 12 2 6439
4 12 3 2787
4 12 4 0
4 12 5 2277
4 12 6 3519
4 12 7 1133
4 12 8 905
4 12 9 4863
4 12 10 3101
4 12 11 3424
4 12 12 0
4 12 13 4061
4 12 14 5186
4 12 15 5358
4 12 16 3999
4 12 17 3136
4 12 18 3873
4 13 0 2848
4 13 1 1616
4 13 2 2970
4 13 3 5579
4 13 4 0
4 13 5 5314
4 13 6 5733
4 13 7 3804
4 13 8 4538
4 13 9 5907
4 13 10 3037
4 13 11 4107
4 13 12 4607
4 13 13 0
4 13 14 4632
4 13 15 4586
4 13 16 3450
4 13 17 2772
4 13 18 6330
4 14 0 7827
4 14 1 5236
4 14 2 7804
4 14 3 5224
4 14 4 0
4 14 5 3774
4 14 6 6978
4 14 7 4089
4 14 8 5493
4 14 9 4293
4 14 10 7054
4 14 11 7436
4 14 12 4407
4 14 13 6376
4 14 14 0
4 14 15 5710
4 14 16 6401
4 14 17 4581
4 14 18 4004
4 15 0 3647
4 15 1 166
4 15 2 1706
4 15 3 1385
4 15 4 0
4 15 5 4784
4 15 6 6306
4 15 7 6735
4 15 8 3841
4 15 9 3380
4 15 10 5393
4 15 11 3273
4 15 12 3069
4 15 13 6350
4 15 14 3218
4 15 15 0
4 15 16 2610
4 15 17 3339
4 15 18 2640
4 16 0 4052
4 16 1 4267
4 16 2 2478
4 16 3 958
4 16 4 0
4 16 5 6164
4 16 6 8190
4 16 7 5199
4 16 8 4550
4 16 9 7639
4 16 10 4495
4 16 11 6122
4 16 12 3826
4 16 13 4339
4 16 14 4410
4 16 15 6290
4 16 16 0
4 16 17 4435
4 16 18 5093
4 17 0 2283
4 17 1 3984
4 17 2 4373
4 17 3 2733
4 17 4 0
4 17 5 4468
4 17 6 4072
4 17 7 5179
4 17 8 5378
4 17 9 5012
4 17 10 4422
4 17 11 7951
4 17 12 6855
4 17 13 5854
4 17 14 4841
4 17 15 6708
4 17 16 6059
4 17 17 0
4 17 18 6098
4 18 0 7870
4 18 1 4891
4 18 2 7583
4 18 3 6265
4 18 4 0
4 18 5 5484
4 18 6 8779
4 18 7 6828
4 18 8 8014
4 18 9 7939
4 18 10 8480
4 18 11 9241
4 18 12 7431
4 18 13 4641
4 18 14 7959
4 18 15 6857
4 18 16 4789
4 18 17 8029
4 18 18 0
5 0 0 0
5 0 1 2711
5 0 2 4331
5 0 3 4786
5 0 4 5752
5 0 5 0
5 0 6 5098
5 0 7 5166
5 0 8 5953
5 0 9 4235
5 0 10 5253
5 0 11 2482
5 0 12 3397
5 0 13 3935
5 0 14 6045
5 0 15 5729
5 0 16 5983
5 0 17 3778
5 0 18 5805
5 1 0 6772
5 1 1 0
5 1 2 4409
5 1 3 6695
5 1 4 5008
5 1 5 0
5 1 6 4532
5 1 7 4597
5 1 8 2052
5 1 9 3587
5 1 10 1647
5 1 11 3146
5 1 12 2489
5 1 13 1456
5 1 14 2207
5 1 15 1001
5 1 16 4951
5 1 17 4232
5 1 18 1579
5 2 0 5634
5 2 1 3342
5 2 2 0
5 2 3 5723
5 2 4 6498
5 2 5 0
5 2 6 5024
5 2 7 5735
5 2 8 7163
5 2 9 9365
5 2 10 7590
5 2 11 7856
5 2 12 9072
5 2 13 6452
5 2 14 8417
5 2 15 6183
5 2 16 6804
5 2 17 8263
5 2 18 7913
5 3 0 6094
5 3 1 7886
5 3 2 4813
5 3 3 0
5 3 4 6243
5 3 5 0
5 3 6 2375
5 3 7 2458
5 3 8 3730
5 3 9 5414
5 3 10 4629
5 3 11 1055
5 3 12 1470
5 3 13 5111
5 3 14 1887
5 3 15 1912
5 3 16 1334
5 3 17 2673
5 3 18 2645
5 4 0 2842
5 4 1 3984
5 4 2 5993
5 4 3 5744
5 4 4 0
5 4 5 0
5 4 6 2568
5 4 7 1803
5 4 8 684
5 4 9 5290
5 4 10 2570
5 4 11 2221
5 4 12 1018
5 4 13 2297
5 4 14 2921
5 4 15 2303
5 4 16 4221
5 4 17 3545
5 4 18 4952
5 5 0 0
5 5 1 0
5 5 2 0
5 5 3 0
5 5 4 0
5 5 5 0
5 5 6 0
5 5 7 0
5 5 8 0
5 5 9 0
5 5 10 0
5 5 11 0
5 5 12 0
5 5 13 0
5 5 14 0
5 5 15 0
5 5 16 0
5 5 17 0
5 5 18 0
5 6 0 2935
5 6 1 3616
5 6 2 466
5 6 3 1767
5 6 4 2129
5 6 5 0
5 6 6 0
5 6 7 6137
5 6 8 6949
5 6 9 7418
5 6 10 7882
5 6 11 6814
5 6 12 6045
5 6 13 7206
5 6 14 4506
5 6 15 5372
5 6 16 7595
5 6 17 7786
5 6 18 7802
5 7 0 6041
5 7 1 6719
5 7 2 4215
5 7 3 4888
5 7 4 4402
5 7 5 0
5 7 6 3184
5 7 7 0
5 7 8 763
5 7 9 4637
5 7 10 1665
5 7 11 1170
5 7 12 3025
5 7 13 3721
5 7 14 3698
5 7 15 2694
5 7 16 4714
5 7 17 5093
5 7 18 1587
5 8 0 3826
5 8 1 1172
5 8 2 2641
5 8 3 3158
5 8 4 281
5 8 5 0
5 8 6 4557
5 8 7 2078
5 8 8 0
5 8 9 3510
5 8 10 1184
5 8 11 2282
5 8 12 2803
5 8 13 4301
5 8 14 2805
5 8 15 5093
5 8 16 5120
5 8 17 2677
5 8 18 3980
5 9 0 5675
5 9 1 6274
5 9 2 8410
5 9 3 8409
5 9 4 8454
5 9 5 0
5 9 6 2003
5 9 7 3040
5 9 8 5243
5 9 9 0
5 9 10 3439
5 9 11 6130
5 9 12 5635
5 9 13 5668
5 9 14 4623
5 9 15 3538
5 9 16 4341
5 9 17 3718
5 9 18 5083
5 10 0 4095
5 10 1 1736
5 10 2 4037
5 10 3 5026
5 10 4 3136
5 10 5 0
5 10 6 4552
5 10 7 7306
5 10 8 7491
5 10 9 4789
5 10 10 0
5 10 11 3293
5 10 12 6777
5 10 13 3100
5 10 14 6008
5 10 15 6317
5 10 16 5396
5 10 17 3090
5 10 18 4072
5 11 0 896
5 11 1 2807
5 11 2 3875
5 11 3 1024
5 11 4 2359
5 11 5 0
5 11 6 4846
5 11 7 5597
5 11 8 3905
5 11 9 2780
5 11 10 2807
5 11 11 0
5 11 12 2457
5 11 13 1778
5 11 14 3151
5 11 15 3771
5 11 16 1000
5 11 17 1847
5 11 18 5257
5 12 0 2932
5 12 1 3271
5 12 2 6212
5 12 3 2560
5 12 4 2277
5 12 5 0
5 12 6 5619
5 12 7 3233
5 12 8 3005
5 12 9 6963
5 12 10 5201
5 12 11 5524
5 12 12 0
5 12 13 6161
5 12 14 7286
5 12 15 7458
5 12 16 6099
5 12 17 5236
5 12 18 5973
5 13 0 5228
5 13 1 3996
5 13 2 5350
5 13 3 7959
5 13 4 5314
5 13 5 0
5 13 6 7330
5 13 7 5401
5 13 8 6135
5 13 9 7504
5 13 10 4634
5 13 11 5704
5 13 12 6204
5 13 13 0
5 13 14 6229
5 13 15 6183
5 13 16 5047
5 13 17 4369
5 13 18 7927
5 14 0 5174
5 14 1 2583
5 14 2 5151
5 14 3 2571
5 14 4 3774
5 14 5 0
5 14 6 7825
5 14 7 4936
5 14 8 6340
5 14 9 5140
5 14 10 7901
5 14 11 8283
5 14 12 5254
5 14 13 7223
5 14 14 0
5 14 15 6557
5 14 16 7248
5 14 17 5428
5 14 18 4851
5 15 0 6486
5 15 1 3005
5 15 2 4545
5 15 3 4224
5 15 4 4784
5 15 5 0
5 15 6 5779
5 15 7 6208
5 15 8 3314
5 15 9 2853
5 15 10 4866
5 15 11 2746
5 15 12 2542
5 15 13 5823
5 15 14 2691
5 15 15 0
5 15 16 2083
5 15 17 2812
5 15 18 2113
5 16 0 6202
5 16 1 6417
5 16 2 4628
5 16 3 3108
5 16 4 6164
5 16 5 0
5 16 6 8639
5 16 7 5648
5 16 8 4999
5 16 9 8088
5 16 10 4944
5 16 11 6571
5 16 12 4275
5 16 13 4788
5 16 14 4859
5 16 15 6739
5 16 16 0
5 16 17 4884
5 16 18 5542
5 17 0 2977
5 17 1 4678
5 17 2 5067
5 17 3 3427
5 17 4 4468
5 17 5 0
5 17 6 1329
5 17 7 2436
5 17 8 2635
5 17 9 2269
5 17 10 1679
5 17 11 5208
5 17 12 4112
5 17 13 3111
5 17 14 2098
5 17 15 3965
5 17 16 3316
5 17 17 0
5 17 18 3355
5 18 0 4613
5 18 1 1634
5 18 2 4326
5 18 3 3008
5 18 4 5484
5 18 5 0
5 18 6 5144
5 18 7 3193
5 18 8 4379
5 18 9 4304
5 18 10 4845
5 18 11 5606
5 18 12 3796
5 18 13 1006
5 18 14 4324
5 18 15 3222
5 18 16 1154
5 18 17 4394
5 18 18 0
6 0 0 0
6 0 1 4180
6 0 2 5800
6 0 3 6255
6 0 4 7221
6 0 5 5098
6 0 6 0
6 0 7 4832
6 0 8 5619
6 0 9 3901
6 0 10 4919
6 0 11 2148
6 0 12 3063
6 0 13 3601
6 0 14 5711
6 0 15 5395
6 0 16 5649
6 0 17 3444
6 0 18 5471
6 1 0 6418
6 1 1 0
6 1 2 4055
6 1 3 6341
6 1 4 4654
6 1 5 4532
6 1 6 0
6 1 7 4565
6 1 8 2020
6 1 9 3555
6 1 10 1615
6 1 11 3114
6 1 12 2457
6 1 13 1424
6 1 14 2175
6 1 15 969
6 1 16 4919
6 1 17 4200
6 1 18 1547
6 2 0 2780
6 2 1 488
6 2 2 0
6 2 3 2869
6 2 4 3644
6 2 5 5024
6 2 6 0
6 2 7 4721
6 2 8 6149
6 2 9 8351
6 2 10 6576
6 2 11 6842
6 2 12 8058
6 2 13 5438
6 2 14 7403
6 2 15 5169
6 2 16 5790
6 2 17 7249
6 2 18 6899
6 3 0 3224
6 3 1 5016
6 3 2 1943
6 3 3 0
6 3 4 3373
6 3 5 2375
6 3 6 0
6 3 7 3861
6 3 8 5133
6 3 9 6817
6 3 10 6032
6 3 11 2458
6 3 12 2873
6 3 13 6514
6 3 14 3290
6 3 15 3315
6 3 16 2737
6 3 17 4076
6 3 18 4048
6 4 0 2539
6 4 1 3681
6 4 2 5690
6 4 3 5441
6 4 4 0
6 4 5 2568
6 4 6 0
6 4 7 4527
6 4 8 3408
6 4 9 8014
6 4 10 5294
6 4 11 4945
6 4 12 3742
6 4 13 5021
6 4 14 5645
6 4 15 5027
6 4 16 6945
6 4 17 6269
6 4 18 7676
6 5 0 4742
6 5 1 7246
6 5 2 6596
6 5 3 7913
6 5 4 5708
6 5 5 0
6 5 6 0
6 5 7 252
6 5 8 338
6 5 9 1706
6 5 10 3090
6 5 11 932
6 5 12 2679
6 5 13 3455
6 5 14 3329
6 5 15 1337
6 5 16 4231
6 5 17 363
6 5 18 878
6 6 0 0
6 6 1 0
6 6 2 0
6 6 3 0
6 6 4 0
6 6 5 0
6 6 6 0
6 6 7 0
6 6 8 0
6 6 9 0
6 6 10 0
6 6 11 0
6 6 12 0
6 6 13 0
6 6 14 0
6 6 15 0
6 6 16 0
6 6 17 0
6 6 18 0
6 7 0 5935
6 7 1 6613
6 7 2 4109
6 7 3 4782
6 7 4 4296
6 7 5 3184
6 7 6 0
6 7 7 0
6 7 8 3372
6 7 9 7246
6 7 10 4274
6 7 11 3779
6 7 12 5634
6 7 13 6330
6 7 14 6307
6 7 15 5303
6 7 16 7323
6 7 17 7702
6 7 18 4196
6 8 0 8009
6 8 1 5355
6 8 2 6824
6 8 3 7341
6 8 4 4464
6 8 5 4557
6 8 6 0
6 8 7 5413
6 8 8 0
6 8 9 6845
6 8 10 4519
6 8 11 5617
6 8 12 6138
6 8 13 7636
6 8 14 6140
6 8 15 8428
6 8 16 8455
6 8 17 6012
6 8 18 7315
6 9 0 2369
6 9 1 2968
6 9 2 5104
6 9 3 5103
6 9 4 5148
6 9 5 2003
6 9 6 0
6 9 7 5476
6 9 8 7679
6 9 9 0
6 9 10 5875
6 9 11 8566
6 9 12 8071
6 9 13 8104
6 9 14 7059
6 9 15 5974
6 9 16 6777
6 9 17 6154
6 9 18 7519
6 10 0 4552
6 10 1 2193
6 10 2 4494
6 10 3 5483
6 10 4 3593
6 10 5 4552
6 10 6 0
6 10 7 8822
6 10 8 9007
6 10 9 6305
6 10 10 0
6 10 11 4809
6 10 12 8293
6 10 13 4616
6 10 14 7524
6 10 15 7833
6 10 16 6912
6 10 17 4606
6 10 18 5588
6 11 0 4233
6 11 1 6144
6 11 2 7212
6 11 3 4361
6 11 4 5696
6 11 5 4846
6 11 6 0
6 11 7 8203
6 11 8 6511
6 11 9 5386
6 11 10 5413
6 11 11 0
6 11 12 5063
6 11 13 4384
6 11 14 5757
6 11 15 6377
6 11 16 3606
6 11 17 4453
6 11 18 7863
6 12 0 4174
6 12 1 4513
6 12 2 7454
6 12 3 3802
6 12 4 3519
6 12 5 5619
6 12 6 0
6 12 7 3323
6 12 8 3095
6 12 9 7053
6 12 10 5291
6 12 11 5614
6 12 12 0
6 12 13 6251
6 12 14 7376
6 12 15 7548
6 12 16 6189
6 12 17 5326
6 12 18 6063
6 13 0 5647
6 13 1 4415
6 13 2 5769
6 13 3 8378
6 13 4 5733
6 13 5 7330
6 13 6 0
6 13 7 5876
6 13 8 6610
6 13 9 7979
6 13 10 5109
6 13 11 6179
6 13 12 6679
6 13 13 0
6 13 14 6704
6 13 15 6658
6 13 16 5522
6 13 17 4844
6 13 18 8402
6 14 0 8378
6 14 1 5787
6 14 2 8355
6 14 3 5775
6 14 4 6978
6 14 5 7825
6 14 6 0
6 14 7 2837
6 14 8 4241
6 14 9 3041
6 14 10 5802
6 14 11 6184
6 14 12 3155
6 14 13 5124
6 14 14 0
6 14 15 4458
6 14 16 5149
6 14 17 3329
6 14 18 2752
6 15 0 8008
6 15 1 4527
6 15 2 6067
6 15 3 5746
6 15 4 6306
6 15 5 5779
6 15 6 0
6 15 7 6967
6 15 8 4073
6 15 9 3612
6 15 10 5625
6 15 11 3505
6 15 12 3301
6 15 13 6582
6 15 14 3450
6 15 15 0
6 15 16 2842
6 15 17 3571
6 15 18 2872
6 16 0 8228
6 16 1 8443
6 16 2 6654
6 16 3 5134
6 16 4 8190
6 16 5 8639
6 16 6 0
6 16 7 5736
6 16 8 5087
6 16 9 8176
6 16 10 5032
6 16 11 6659
6 16 12 4363
6 16 13 4876
6 16 14 4947
6 16 15 6827
6 16 16 0
6 16 17 4972
6 16 18 5630
6 17 0 2581
6 17 1 4282
6 17 2 4671
6 17 3 3031
6 17 4 4072
6 17 5 1329
6 17 6 0
6 17 7 6583
6 17 8 6782
6 17 9 6416
6 17 10 5826
6 17 11 9355
6 17 12 8259
6 17 13 7258
6 17 14 6245
6 17 15 8112
6 17 16 7463
6 17 17 0
6 17 18 7502
6 18 0 7908
6 18 1 4929
6 18 2 7621
6 18 3 6303
6 18 4 8779
6 18 5 5144
6 18 6 0
6 18 7 6841
6 18 8 8027
6 18 9 7952
6 18 10 8493
6 18 11 9254
6 18 12 7444
6 18 13 4654
6 18 14 7972
6 18 15 6870
6 18 16 4802
6 18 17 8042
6 18 18 0
7 0 0 0
7 0 1 4248
7 0 2 5868
7 0 3 6323
7 0 4 7289
7 0 5 5166
7 0 6 4832
7 0 7 0
7 0 8 6604
7 0 9 4886
7 0 10 5904
7 0 11 3133
7 0 12 4048
7 0 13 4586
7 0 14 6696
7 0 15 6380
7 0 16 6634
7 0 17 4429
7 0 18 6456
7 1 0 6483
7 1 1 0
7 1 2 4120
7 1 3 6406
7 1 4 4719
7 1 5 4597
7 1 6 4565
7 1 7 0
7 1 8 2033
7 1 9 3568
7 1 10 1628
7 1 11 3127
7 1 12 2470
7 1 13 1437
7 1 14 2188
7 1 15 982
7 1 16 4932
7 1 17 4213
7 1 18 1560
7 2 0 3491
7 2 1 1199
7 2 2 0
7 2 3 3580
7 2 4 4355
7 2 5 5735
7 2 6 4721
7 2 7 0
7 2 8 4064
7 2 9 6266
7 2 10 4491
7 2 11 4757
7 2 12 5973
7 2 13 3353
7 2 14 5318
7 2 15 3084
7 2 16 3705
7 2 17 5164
7 2 18 4814
7 3 0 3307
7 3 1 5099
7 3 2 2026
7 3 3 0
7 3 4 3456
7 3 5 2458
7 3 6 3861
7 3 7 0
7 3 8 3600
7 3 9 5284
7 3 10 4499
7 3 11 925
7 3 12 1340
7 3 13 4981
7 3 14 1757
7 3 15 1782
7 3 16 1204
7 3 17 2543
7 3 18 2515
7 4 0 1774
7 4 1 2916
7 4 2 4925
7 4 3 4676
7 4 4 0
7 4 5 1803
7 4 6 4527
7 4 7 0
7 4 8 2565
7 4 9 7171
7 4 10 4451
7 4 11 4102
7 4 12 2899
7 4 13 4178
7 4 14 4802
7 4 15 4184
7 4 16 6102
7 4 17 5426
7 4 18 6833
7 5 0 1694
7 5 1 4198
7 5 2 3548
7 5 3 4865
7 5 4 2660
7 5 5 0
7 5 6 252
7 5 7 0
7 5 8 3376
7 5 9 4744
7 5 10 6128
7 5 11 3970
7 5 12 5717
7 5 13 6493
7 5 14 6367
7 5 15 4375
7 5 16 7269
7 5 17 3401
7 5 18 3916
7 6 0 5772
7 6 1 6453
7 6 2 3303
7 6 3 4604
7 6 4 4966
7 6 5 6137
7 6 6 0
7 6 7 0
7 6 8 6605
7 6 9 7074
7 6 10 7538
7 6 11 6470
7 6 12 5701
7 6 13 6862
7 6 14 4162
7 6 15 5028
7 6 16 7251
7 6 17 7442
7 6 18 7458
7 7 0 0
7 7 1 0
7 7 2 0
7 7 3 0
7 7 4 0
7 7 5 0
7 7 6 0
7 7 7 0
7 7 8 0
7 7 9 0
7 7 10 0
7 7 11 0
7 7 12 0
7 7 13 0
7 7 14 0
7 7 15 0
7 7 16 0
7 7 17 0
7 7 18 0
7 8 0 5530
7 8 1 2876
7 8 2 4345
7 8 3 4862
7 8 4 1985
7 8 5 2078
7 8 6 5413
7 8 7 0
7 8 8 0
7 8 9 3707
7 8 10 1381
7 8 11 2479
7 8 12 3000
7 8 13 4498
7 8 14 3002
7 8 15 5290
7 8 16 5317
7 8 17 2874
7 8 18 4177
7 9 0 3406
7 9 1 4005
7 9 2 6141
7 9 3 6140
7 9 4 6185
7 9 5 3040
7 9 6 5476
7 9 7 0
7 9 8 7946
7 9 9 0
7 9 10 6142
7 9 11 8833
7 9 12 8338
7 9 13 8371
7 9 14 7326
7 9 15 6241
7 9 16 7044
7 9 17 6421
7 9 18 7786
7 10 0 7306
7 10 1 4947
7 10 2 7248
7 10 3 8237
7 10 4 6347
7 10 5 7306
7 10 6 8822
7 10 7 0
7 10 8 5838
7 10 9 3136
7 10 10 0
7 10 11 1640
7 10 12 5124
7 10 13 1447
7 10 14 4355
7 10 15 4664
7 10 16 3743
7 10 17 1437
7 10 18 2419
7 11 0 4984
7 11 1 6895
7 11 2 7963
7 11 3 5112
7 11 4 6447
7 11 5 5597
7 11 6 8203
7 11 7 0
7 11 8 3915
7 11 9 2790
7 11 10 2817
7 11 11 0
7 11 12 2467
7 11 13 1788
7 11 14 3161
7 11 15 3781
7 11 16 1010
7 11 17 1857
7 11 18 5267
7 12 0 1788
7 12 1 2127
7 12 2 5068
7 12 3 1416
7 12 4 1133
7 12 5 3233
7 12 6 3323
7 12 7 0
7 12 8 3123
7 12 9 7081
7 12 10 5319
7 12 11 5642
7 12 12 0
7 12 13 6279
7 12 14 7404
7 12 15 7576
7 12 16 6217
7 12 17 5354
7 12 18 6091
7 13 0 3718
7 13 1 2486
7 13 2 3840
7 13 3 6449
7 13 4 3804
7 13 5 5401
7 13 6 5876
7 13 7 0
7 13 8 6173
7 13 9 7542
7 13 10 4672
7 13 11 5742
7 13 12 6242
7 13 13 0
7 13 14 6267
7 13 15 6221
7 13 16 5085
7 13 17 4407
7 13 18 7965
7 14 0 5489
7 14 1 2898
7 14 2 5466
7 14 3 2886
7 14 4 4089
7 14 5 4936
7 14 6 2837
7 14 7 0
7 14 8 6481
7 14 9 5281
7 14 10 8042
7 14 11 8424
7 14 12 5395
7 14 13 7364
7 14 14 0
7 14 15 6698
7 14 16 7389
7 14 17 5569
7 14 18 4992
7 15 0 8437
7 15 1 4956
7 15 2 6496
7 15 3 6175
7 15 4 6735
7 15 5 6208
7 15 6 6967
7 15 7 0
7 15 8 4443
7 15 9 3982
7 15 10 5995
7 15 11 3875
7 15 12 3671
7 15 13 6952
7 15 14 3820
7 15 15 0
7 15 16 3212
7 15 17 3941
7 15 18 3242
7 16 0 5237
7 16 1 5452
7 16 2 3663
7 16 3 2143
7 16 4 5199
7 16 5 5648
7 16 6 5736
7 16 7 0
7 16 8 5254
7 16 9 8343
7 16 10 5199
7 16 11 6826
7 16 12 4530
7 16 13 5043
7 16 14 5114
7 16 15 6994
7 16 16 0
7 16 17 5139
7 16 18 5797
7 17 0 3688
7 17 1 5389
7 17 2 5778
7 17 3 4138
7 17 4 5179
7 17 5 2436
7 17 6 6583
7 17 7 0
7 17 8 7137
7 17 9 6771
7 17 10 6181
7 17 11 9710
7 17 12 8614
7 17 13 7613
7 17 14 6600
7 17 15 8467
7 17 16 7818
7 17 17 0
7 17 18 7857
7 18 0 5957
7 18 1 2978
7 18 2 5670
7 18 3 4352
7 18 4 6828
7 18 5 3193
7 18 6 6841
7 18 7 0
7 18 8 4860
7 18 9 4785
7 18 10 5326
7 18 11 6087
7 18 12 4277
7 18 13 1487
7 18 14 4805
7 18 15 3703
7 18 16 1635
7 18 17 4875
7 18 18 0
8 0 0 0
8 0 1 5035
8 0 2 6655
8 0 3 7110
8 0 4 8076
8 0 5 5953
8 0 6 5619
8 0 7 6604
8 0 8 0
8 0 9 6509
8 0 10 7527
8 0 11 4756
8 0 12 5671
8 0 13 6209
8 0 14 8319
8 0 15 8003
8 0 16 8257
8 0 17 6052
8 0 18 8079
8 1 0 3938
8 1 1 0
8 1 2 1575
8 1 3 3861
8 1 4 2174
8 1 5 2052
8 1 6 2020
8 1 7 2033
8 1 8 0
8 1 9 4868
8 1 10 2928
8 1 11 4427
8 1 12 3770
8 1 13 2737
8 1 14 3488
8 1 15 2282
8 1 16 6232
8 1 17 5513
8 1 18 2860
8 2 0 4919
8 2 1 2627
8 2 2 0
8 2 3 5008
8 2 4 5783
8 2 5 7163
8 2 6 6149
8 2 7 4064
8 2 8 0
8 2 9 7730
8 2 10 5955
8 2 11 6221
8 2 12 7437
8 2 13 4817
8 2 14 6782
8 2 15 4548
8 2 16 5169
8 2 17 6628
8 2 18 6278
8 3 0 4579
8 3 1 6371
8 3 2 3298
8 3 3 0
8 3 4 4728
8 3 5 3730
8 3 6 5133
8 3 7 3600
8 3 8 0
8 3 9 6661
8 3 10 5876
8 3 11 2302
8 3 12 2717
8 3 13 6358
8 3 14 3134
8 3 15 3159
8 3 16 2581
8 3 17 3920
8 3 18 3892
8 4 0 655
8 4 1 1797
8 4 2 3806
8 4 3 3557
8 4 4 0
8 4 5 684
8 4 6 3408
8 4 7 2565
8 4 8 0
8 4 9 5740
8 4 10 3020
8 4 11 2671
8 4 12 1468
8 4 13 2747
8 4 14 3371
8 4 15 2753
8 4 16 4671
8 4 17 3995
8 4 18 5402
8 5 0 1780
8 5 1 4284
8 5 2 3634
8 5 3 4951
8 5 4 2746
8 5 5 0
8 5 6 338
8 5 7 3376
8 5 8 0
8 5 9 1742
8 5 10 3126
8 5 11 968
8 5 12 2715
8 5 13 3491
8 5 14 3365
8 5 15 1373
8 5 16 4267
8 5 17 399
8 5 18 914
8 6 0 6584
8 6 1 7265
8 6 2 4115
8 6 3 5416
8 6 4 5778
8 6 5 6949
8 6 6 0
8 6 7 6605
8 6 8 0
8 6 9 8361
8 6 10 8825
8 6 11 7757
8 6 12 6988
8 6 13 8149
8 6 14 5449
8 6 15 6315
8 6 16 8538
8 6 17 8729
8 6 18 8745
8 7 0 3514
8 7 1 4192
8 7 2 1688
8 7 3 2361
8 7 4 1875
8 7 5 763
8 7 6 3372
8 7 7 0
8 7 8 0
8 7 9 6149
8 7 10 3177
8 7 11 2682
8 7 12 4537
8 7 13 5233
8 7 14 5210
8 7 15 4206
8 7 16 6226
8 7 17 6605
8 7 18 3099
8 8 0 0
8 8 1 0
8 8 2 0
8 8 3 0
8 8 4 0
8 8 5 0
8 8 6 0
8 8 7 0
8 8 8 0
8 8 9 0
8 8 10 0
8 8 11 0
8 8 12 0
8 8 13 0
8 8 14 0
8 8 15 0
8 8 16 0
8 8 17 0
8 8 18 0
8 9 0 5609
8 9 1 6208
8 9 2 8344
8 9 3 8343
8 9 4 8388
8 9 5 5243
8 9 6 7679
8 9 7 7946
8 9 8 0
8 9 9 0
8 9 10 4929
8 9 11 7620
8 9 12 7125
8 9 13 7158
8 9 14 6113
8 9 15 5028
8 9 16 5831
8 9 17 5208
8 9 18 6573
8 10 0 7491
8 10 1 5132
8 10 2 7433
8 10 3 8422
8 10 4 6532
8 10 5 7491
8 10 6 9007
8 10 7 5838
8 10 8 0
8 10 9 2569
8 10 10 0
8 10 11 1073
8 10 12 4557
8 10 13 880
8 10 14 3788
8 10 15 4097
8 10 16 3176
8 10 17 870
8 10 18 1852
8 11 0 3292
8 11 1 5203
8 11 2 6271
8 11 3 3420
8 11 4 4755
8 11 5 3905
8 11 6 6511
8 11 7 3915
8 11 8 0
8 11 9 3816
8 11 10 3843
8 11 11 0
8 11 12 3493
8 11 13 2814
8 11 14 4187
8 11 15 4807
8 11 16 2036
8 11 17 2883
8 11 18 6293
8 12 0 1560
8 12 1 1899
8 12 2 4840
8 12 3 1188
8 12 4 905
8 12 5 3005
8 12 6 3095
8 12 7 3123
8 12 8 0
8 12 9 6773
8 12 10 5011
8 12 11 5334
8 12 12 0
8 12 13 5971
8 12 14 7096
8 12 15 7268
8 12 16 5909
8 12 17 5046
8 12 18 5783
8 13 0 4452
8 13 1 3220
8 13 2 4574
8 13 3 7183
8 13 4 4538
8 13 5 6135
8 13 6 6610
8 13 7 6173
8 13 8 0
8 13 9 8036
8 13 10 5166
8 13 11 6236
8 13 12 6736
8 13 13 0
8 13 14 6761
8 13 15 6715
8 13 16 5579
8 13 17 4901
8 13 18 8459
8 14 0 6893
8 14 1 4302
8 14 2 6870
8 14 3 4290
8 14 4 5493
8 14 5 6340
8 14 6 4241
8 14 7 6481
8 14 8 0
8 14 9 4302
8 14 10 7063
8 14 11 7445
8 14 12 4416
8 14 13 6385
8 14 14 0
8 14 15 5719
8 14 16 6410
8 14 17 4590
8 14 18 4013
8 15 0 5543
8 15 1 2062
8 15 2 3602
8 15 3 3281
8 15 4 3841
8 15 5 3314
8 15 6 4073
8 15 7 4443
8 15 8 0
8 15 9 6295
8 15 10 8308
8 15 11 6188
8 15 12 5984
8 15 13 9265
8 15 14 6133
8 15 15 0
8 15 16 5525
8 15 17 6254
8 15 18 5555
8 16 0 4588
8 16 1 4803
8 16 2 3014
8 16 3 1494
8 16 4 4550
8 16 5 4999
8 16 6 5087
8 16 7 5254
8 16 8 0
8 16 9 8663
8 16 10 5519
8 16 11 7146
8 16 12 4850
8 16 13 5363
8 16 14 5434
8 16 15 7314
8 16 16 0
8 16 17 5459
8 16 18 6117
8 17 0 3887
8 17 1 5588
8 17 2 5977
8 17 3 4337
8 17 4 5378
8 17 5 2635
8 17 6 6782
8 17 7 7137
8 17 8 0
8 17 9 4269
8 17 10 3679
8 17 11 7208
8 17 12 6112
8 17 13 5111
8 17 14 4098
8 17 15 5965
8 17 16 5316
8 17 17 0
8 17 18 5355
8 18 0 7143
8 18 1 4164
8 18 2 6856
8 18 3 5538
8 18 4 8014
8 18 5 4379
8 18 6 8027
8 18 7 4860
8 18 8 0
8 18 9 7092
8 18 10 7633
8 18 11 8394
8 18 12 6584
8 18 13 3794
8 18 14 7112
8 18 15 6010
8 18 16 3942
8 18 17 7182
8 18 18 0
9 0 0 0
9 0 1 3317
9 0 2 4937
9 0 3 5392
9 0 4 6358
9 0 5 4235
9 0 6 3901
9 0 7 4886
9 0 8 6509
9 0 9 0
9 0 10 3857
9 0 11 1086
9 0 12 2001
9 0 13 2539
9 0 14 4649
9 0 15 4333
9 0 16 4587
9 0 17 2382
9 0 18 4409
9 1 0 5473
9 1 1 0
9 1 2 3110
9 1 3 5396
9 1 4 3709
9 1 5 3587
9 1 6 3555
9 1 7 3568
9 1 8 4868
9 1 9 0
9 1 10 4325
9 1 11 5824
9 1 12 5167
9 1 13 4134
9 1 14 4885
9 1 15 3679
9 1 16 7629
9 1 17 6910
9 1 18 4257
9 2 0 7121
9 2 1 4829
9 2 2 0
9 2 3 7210
9 2 4 7985
9 2 5 9365
9 2 6 8351
9 2 7 6266
9 2 8 7730
9 2 9 0
9 2 10 5718
9 2 11 5984
9 2 12 7200
9 2 13 4580
9 2 14 6545
9 2 15 4311
9 2 16 4932
9 2 17 6391
9 2 18 6041
9 3 0 6263
9 3 1 8055
9 3 2 4982
9 3 3 0
9 3 4 6412
9 3 5 5414
9 3 6 6817
9 3 7 5284
9 3 8 6661
9 3 9 0
9 3 10 7988
9 3 11 4414
9 3 12 4829
9 3 13 8470
9 3 14 5246
9 3 15 5271
9 3 16 4693
9 3 17 6032
9 3 18 6004
9 4 0 5261
9 4 1 6403
9 4 2 8412
9 4 3 8163
9 4 4 0
9 4 5 5290
9 4 6 8014
9 4 7 7171
9 4 8 5740
9 4 9 0
9 4 10 4470
9 4 11 4121
9 4 12 2918
9 4 13 4197
9 4 14 4821
9 4 15 4203
9 4 16 6121
9 4 17 5445
9 4 18 6852
9 5 0 3148
9 5 1 5652
9 5 2 5002
9 5 3 6319
9 5 4 4114
9 5 5 0
9 5 6 1706
9 5 7 4744
9 5 8 1742
9 5 9 0
9 5 10 6693
9 5 11 4535
9 5 12 6282
9 5 13 7058
9 5 14 6932
9 5 15 4940
9 5 16 7834
9 5 17 3966
9 5 18 4481
9 6 0 7053
9 6 1 7734
9 6 2 4584
9 6 3 5885
9 6 4 6247
9 6 5 7418
9 6 6 0
9 6 7 7074
9 6 8 8361
9 6 9 0
9 6 10 4903
9 6 11 3835
9 6 12 3066
9 6 13 4227
9 6 14 1527
9 6 15 2393
9 6 16 4616
9 6 17 4807
9 6 18 4823
9 7 0 7388
9 7 1 8066
9 7 2 5562
9 7 3 6235
9 7 4 5749
9 7 5 4637
9 7 6 7246
9 7 7 0
9 7 8 6149
9 7 9 0
9 7 10 2771
9 7 11 2276
9 7 12 4131
9 7 13 4827
9 7 14 4804
9 7 15 3800
9 7 16 5820
9 7 17 6199
9 7 18 2693
9 8 0 6962
9 8 1 4308
9 8 2 5777
9 8 3 6294
9 8 4 3417
9 8 5 3510
9 8 6 6845
9 8 7 3707
9 8 8 0
9 8 9 0
9 8 10 4407
9 8 11 5505
9 8 12 6026
9 8 13 7524
9 8 14 6028
9 8 15 8316
9 8 16 8343
9 8 17 5900
9 8 18 7203
9 9 0 0
9 9 1 0
9 9 2 0
9 9 3 0
9 9 4 0
9 9 5 0
9 9 6 0
9 9 7 0
9 9 8 0
9 9 9 0
9 9 10 0
9 9 11 0
9 9 12 0
9 9 13 0
9 9 14 0
9 9 15 0
9 9 16 0
9 9 17 0
9 9 18 0
9 10 0 4789
9 10 1 2430
9 10 2 4731
9 10 3 5720
9 10 4 3830
9 10 5 4789
9 10 6 6305
9 10 7 3136
9 10 8 2569
9 10 9 0
9 10 10 0
9 10 11 1960
9 10 12 5444
9 10 13 1767
9 10 14 4675
9 10 15 4984
9 10 16 4063
9 10 17 1757
9 10 18 2739
9 11 0 2167
9 11 1 4078
9 11 2 5146
9 11 3 2295
9 11 4 3630
9 11 5 2780
9 11 6 5386
9 11 7 2790
9 11 8 3816
9 11 9 0
9 11 10 6323
9 11 11 0
9 11 12 5973
9 11 13 5294
9 11 14 6667
9 11 15 7287
9 11 16 4516
9 11 17 5363
9 11 18 8773
9 12 0 5518
9 12 1 5857
9 12 2 8798
9 12 3 5146
9 12 4 4863
9 12 5 6963
9 12 6 7053
9 12 7 7081
9 12 8 6773
9 12 9 0
9 12 10 6475
9 12 11 6798
9 12 12 0
9 12 13 7435
9 12 14 8560
9 12 15 8732
9 12 16 7373
9 12 17 6510
9 12 18 7247
9 13 0 5821
9 13 1 4589
9 13 2 5943
9 13 3 8552
9 13 4 5907
9 13 5 7504
9 13 6 7979
9 13 7 7542
9 13 8 8036
9 13 9 0
9 13 10 5165
9 13 11 6235
9 13 12 6735
9 13 13 0
9 13 14 6760
9 13 15 6714
9 13 16 5578
9 13 17 4900
9 13 18 8458
9 14 0 5693
9 14 1 3102
9 14 2 5670
9 14 3 3090
9 14 4 4293
9 14 5 5140
9 14 6 3041
9 14 7 5281
9 14 8 4302
9 14 9 0
9 14 10 7513
9 14 11 7895
9 14 12 4866
9 14 13 6835
9 14 14 0
9 14 15 6169
9 14 16 6860
9 14 17 5040
9 14 18 4463
9 15 0 5082
9 15 1 1601
9 15 2 3141
9 15 3 2820
9 15 4 3380
9 15 5 2853
9 15 6 3612
9 15 7 3982
9 15 8 6295
9 15 9 0
9 15 10 5385
9 15 11 3265
9 15 12 3061
9 15 13 6342
9 15 14 3210
9 15 15 0
9 15 16 2602
9 15 17 3331
9 15 18 2632
9 16 0 7677
9 16 1 7892
9 16 2 6103
9 16 3 4583
9 16 4 7639
9 16 5 8088
9 16 6 8176
9 16 7 8343
9 16 8 8663
9 16 9 0
9 16 10 3372
9 16 11 4999
9 16 12 2703
9 16 13 3216
9 16 14 3287
9 16 15 5167
9 16 16 0
9 16 17 3312
9 16 18 3970
9 17 0 3521
9 17 1 5222
9 17 2 5611
9 17 3 3971
9 17 4 5012
9 17 5 2269
9 17 6 6416
9 17 7 6771
9 17 8 4269
9 17 9 0
9 17 10 3352
9 17 11 6881
9 17 12 5785
9 17 13 4784
9 17 14 3771
9 17 15 5638
9 17 16 4989
9 17 17 0
9 17 18 5028
9 18 0 7068
9 18 1 4089
9 18 2 6781
9 18 3 5463
9 18 4 7939
9 18 5 4304
9 18 6 7952
9 18 7 4785
9 18 8 7092
9 18 9 0
9 18 10 7368
9 18 11 8129
9 18 12 6319
9 18 13 3529
9 18 14 6847
9 18 15 5745
9 18 16 3677
9 18 17 6917
9 18 18 0
10 0 0 0
10 0 1 4335
10 0 2 5955
10 0 3 6410
10 0 4 7376
10 0 5 5253
10 0 6 4919
10 0 7 5904
10 0 8 7527
10 0 9 3857
10 0 10 0
10 0 11 4296
10 0 12 5211
10 0 13 5749
10 0 14 7859
10 0 15 7543
10 0 16 7797
10 0 17 5592
10 0 18 7619
10 1 0 3533
10 1 1 0
10 1 2 1170
10 1 3 3456
10 1 4 1769
10 1 5 1647
10 1 6 1615
10 1 7 1628
10 1 8 2928
10 1 9 4325
10 1 10 0
10 1 11 6245
10 1 12 5588
10 1 13 4555
10 1 14 5306
10 1 15 4100
10 1 16 8050
10 1 17 7331
10 1 18 4678
10 2 0 5346
10 2 1 3054
10 2 2 0
10 2 3 5435
10 2 4 6210
10 2 5 7590
10 2 6 6576
10 2 7 4491
10 2 8 5955
10 2 9 5718
10 2 10 0
10 2 11 3624
10 2 12 4840
10 2 13 2220
10 2 14 4185
10 2 15 1951
10 2 16 2572
10 2 17 4031
10 2 18 3681
10 3 0 5478
10 3 1 7270
10 3 2 4197
10 3 3 0
10 3 4 5627
10 3 5 4629
10 3 6 6032
10 3 7 4499
10 3 8 5876
10 3 9 7988
10 3 10 0
10 3 11 2478
10 3 12 2893
10 3 13 6534
10 3 14 3310
10 3 15 3335
10 3 16 2757
10 3 17 4096
10 3 18 4068
10 4 0 2541
10 4 1 3683
10 4 2 5692
10 4 3 5443
10 4 4 0
10 4 5 2570
10 4 6 5294
10 4 7 4451
10 4 8 3020
10 4 9 4470
10 4 10 0
10 4 11 6733
10 4 12 5530
10 4 13 6809
10 4 14 7433
10 4 15 6815
10 4 16 8733
10 4 17 8057
10 4 18 9464
10 5 0 4532
10 5 1 7036
10 5 2 6386
10 5 3 7703
10 5 4 5498
10 5 5 0
10 5 6 3090
10 5 7 6128
10 5 8 3126
10 5 9 6693
10 5 10 0
10 5 11 1937
10 5 12 3684
10 5 13 4460
10 5 14 4334
10 5 15 2342
10 5 16 5236
10 5 17 1368
10 5 18 1883
10 6 0 7517
10 6 1 8198
10 6 2 5048
10 6 3 6349
10 6 4 6711
10 6 5 7882
10 6 6 0
10 6 7 7538
10 6 8 8825
10 6 9 4903
10 6 10 0
10 6 11 5000
10 6 12 4231
10 6 13 5392
10 6 14 2692
10 6 15 3558
10 6 16 5781
10 6 17 5972
10 6 18 5988
10 7 0 4416
10 7 1 5094
10 7 2 2590
10 7 3 3263
10 7 4 2777
10 7 5 1665
10 7 6 4274
10 7 7 0
10 7 8 3177
10 7 9 2771
10 7 10 0
10 7 11 5158
10 7 12 7013
10 7 13 7709
10 7 14 7686
10 7 15 6682
10 7 16 8702
10 7 17 9081
10 7 18 5575
10 8 0 4636
10 8 1 1982
10 8 2 3451
10 8 3 3968
10 8 4 1091
10 8 5 1184
10 8 6 4519
10 8 7 1381
10 8 8 0
10 8 9 4407
10 8 10 0
10 8 11 6369
10 8 12 6890
10 8 13 8388
10 8 14 6892
10 8 15 9180
10 8 16 9207
10 8 17 6764
10 8 18 8067
10 9 0 3805
10 9 1 4404
10 9 2 6540
10 9 3 6539
10 9 4 6584
10 9 5 3439
10 9 6 5875
10 9 7 6142
10 9 8 4929
10 9 9 0
10 9 10 0
10 9 11 6147
10 9 12 5652
10 9 13 5685
10 9 14 4640
10 9 15 3555
10 9 16 4358
10 9 17 3735
10 9 18 5100
10 10 0 0
10 10 1 0
10 10 2 0
10 10 3 0
10 10 4 0
10 10 5 0
10 10 6 0
10 10 7 0
10 10 8 0
10 10 9 0
10 10 10 0
10 10 11 0
10 10 12 0
10 10 13 0
10 10 14 0
10 10 15 0
10 10 16 0
10 10 17 0
10 10 18 0
10 11 0 2194
10 11 1 4105
10 11 2 5173
10 11 3 2322
10 11 4 3657
10 11 5 2807
10 11 6 5413
10 11 7 2817
10 11 8 3843
10 11 9 6323
10 11 10 0
10 11 11 0
10 11 12 1752
10 11 13 1073
10 11 14 2446
10 11 15 3066
10 11 16 295
10 11 17 1142
10 11 18 4552
10 12 0 3756
10 12 1 4095
10 12 2 7036
10 12 3 3384
10 12 4 3101
10 12 5 5201
10 12 6 5291
10 12 7 5319
10 12 8 5011
10 12 9 6475
10 12 10 0
10 12 11 6556
10 12 12 0
10 12 13 7193
10 12 14 8318
10 12 15 8490
10 12 16 7131
10 12 17 6268
10 12 18 7005
10 13 0 2951
10 13 1 1719
10 13 2 3073
10 13 3 5682
10 13 4 3037
10 13 5 4634
10 13 6 5109
10 13 7 4672
10 13 8 5166
10 13 9 5165
10 13 10 0
10 13 11 2283
10 13 12 2783
10 13 13 0
10 13 14 2808
10 13 15 2762
10 13 16 1626
10 13 17 948
10 13 18 4506
10 14 0 8454
10 14 1 5863
10 14 2 8431
10 14 3 5851
10 14 4 7054
10 14 5 7901
10 14 6 5802
10 14 7 8042
10 14 8 7063
10 14 9 7513
10 14 10 0
10 14 11 7896
10 14 12 4867
10 14 13 6836
10 14 14 0
10 14 15 6170
10 14 16 6861
10 14 17 5041
10 14 18 4464
10 15 0 7095
10 15 1 3614
10 15 2 5154
10 15 3 4833
10 15 4 5393
10 15 5 4866
10 15 6 5625
10 15 7 5995
10 15 8 8308
10 15 9 5385
10 15 10 0
10 15 11 4660
10 15 12 4456
10 15 13 7737
10 15 14 4605
10 15 15 0
10 15 16 3997
10 15 17 4726
10 15 18 4027
10 16 0 4533
10 16 1 4748
10 16 2 2959
10 16 3 1439
10 16 4 4495
10 16 5 4944
10 16 6 5032
10 16 7 5199
10 16 8 5519
10 16 9 3372
10 16 10 0
10 16 11 4670
10 16 12 2374
10 16 13 2887
10 16 14 2958
10 16 15 4838
10 16 16 0
10 16 17 2983
10 16 18 3641
10 17 0 2931
10 17 1 4632
10 17 2 5021
10 17 3 3381
10 17 4 4422
10 17 5 1679
10 17 6 5826
10 17 7 6181
10 17 8 3679
10 17 9 3352
10 17 10 0
10 17 11 4869
10 17 12 3773
10 17 13 2772
10 17 14 1759
10 17 15 3626
10 17 16 2977
10 17 17 0
10 17 18 3016
10 18 0 7609
10 18 1 4630
10 18 2 7322
10 18 3 6004
10 18 4 8480
10 18 5 4845
10 18 6 8493
10 18 7 5326
10 18 8 7633
10 18 9 7368
10 18 10 0
10 18 11 5734
10 18 12 3924
10 18 13 1134
10 18 14 4452
10 18 15 3350
10 18 16 1282
10 18 17 4522
10 18 18 0
11 0 0 0
11 0 1 1564
11 0 2 3184
11 0 3 3639
11 0 4 4605
11 0 5 2482
11 0 6 2148
11 0 7 3133
11 0 8 4756
11 0 9 1086
11 0 10 4296
11 0 11 0
11 0 12 3544
11 0 13 4082
11 0 14 6192
11 0 15 5876
11 0 16 6130
11 0 17 3925
11 0 18 5952
11 1 0 5032
11 1 1 0
11 1 2 2669
11 1 3 4955
11 1 4 3268
11 1 5 3146
11 1 6 3114
11 1 7 3127
11 1 8 4427
11 1 9 5824
11 1 10 6245
11 1 11 0
11 1 12 4788
11 1 13 3755
11 1 14 4506
11 1 15 3300
11 1 16 7250
11 1 17 6531
11 1 18 3878
11 2 0 5612
11 2 1 3320
11 2 2 0
11 2 3 5701
11 2 4 6476
11 2 5 7856
11 2 6 6842
11 2 7 4757
11 2 8 6221
11 2 9 5984
11 2 10 3624
11 2 11 0
11 2 12 7269
11 2 13 4649
11 2 14 6614
11 2 15 4380
11 2 16 5001
11 2 17 6460
11 2 18 6110
11 3 0 1904
11 3 1 3696
11 3 2 623
11 3 3 0
11 3 4 2053
11 3 5 1055
11 3 6 2458
11 3 7 925
11 3 8 2302
11 3 9 4414
11 3 10 2478
11 3 11 0
11 3 12 5220
11 3 13 8861
11 3 14 5637
11 3 15 5662
11 3 16 5084
11 3 17 6423
11 3 18 6395
11 4 0 2192
11 4 1 3334
11 4 2 5343
11 4 3 5094
11 4 4 0
11 4 5 2221
11 4 6 4945
11 4 7 4102
11 4 8 2671
11 4 9 4121
11 4 10 6733
11 4 11 0
11 4 12 4747
11 4 13 6026
11 4 14 6650
11 4 15 6032
11 4 16 7950
11 4 17 7274
11 4 18 8681
11 5 0 2374
11 5 1 4878
11 5 2 4228
11 5 3 5545
11 5 4 3340
11 5 5 0
11 5 6 932
11 5 7 3970
11 5 8 968
11 5 9 4535
11 5 10 1937
11 5 11 0
11 5 12 3256
11 5 13 4032
11 5 14 3906
11 5 15 1914
11 5 16 4808
11 5 17 940
11 5 18 1455
11 6 0 6449
11 6 1 7130
11 6 2 3980
11 6 3 5281
11 6 4 5643
11 6 5 6814
11 6 6 0
11 6 7 6470
11 6 8 7757
11 6 9 3835
11 6 10 5000
11 6 11 0
11 6 12 6683
11 6 13 7844
11 6 14 5144
11 6 15 6010
11 6 16 8233
11 6 17 8424
11 6 18 8440
11 7 0 3921
11 7 1 4599
11 7 2 2095
11 7 3 2768
11 7 4 2282
11 7 5 1170
11 7 6 3779
11 7 7 0
11 7 8 2682
11 7 9 2276
11 7 10 5158
11 7 11 0
11 7 12 7462
11 7 13 8158
11 7 14 8135
11 7 15 7131
11 7 16 9151
11 7 17 9530
11 7 18 6024
11 8 0 5734
11 8 1 3080
11 8 2 4549
11 8 3 5066
11 8 4 2189
11 8 5 2282
11 8 6 5617
11 8 7 2479
11 8 8 0
11 8 9 5505
11 8 10 6369
11 8 11 0
11 8 12 5462
11 8 13 6960
11 8 14 5464
11 8 15 7752
11 8 16 7779
11 8 17 5336
11 8 18 6639
11 9 0 6496
11 9 1 7095
11 9 2 9231
11 9 3 9230
11 9 4 9275
11 9 5 6130
11 9 6 8566
11 9 7 8833
11 9 8 7620
11 9 9 0
11 9 10 6147
11 9 11 0
11 9 12 5801
11 9 13 5834
11 9 14 4789
11 9 15 3704
11 9 16 4507
11 9 17 3884
11 9 18 5249
11 10 0 3293
11 10 1 934
11 10 2 3235
11 10 3 4224
11 10 4 2334
11 10 5 3293
11 10 6 4809
11 10 7 1640
11 10 8 1073
11 10 9 1960
11 10 10 0
11 10 11 0
11 10 12 5586
11 10 13 1909
11 10 14 4817
11 10 15 5126
11 10 16 4205
11 10 17 1899
11 10 18 2881
11 11 0 0
11 11 1 0
11 11 2 0
11 11 3 0
11 11 4 0
11 11 5 0
11 11 6 0
11 11 7 0
11 11 8 0
11 11 9 0
11 11 10 0
11 11 11 0
11 11 12 0
11 11 13 0
11 11 14 0
11 11 15 0
11 11 16 0
11 11 17 0
11 11 18 0
11 12 0 4079
11 12 1 4418
11 12 2 7359
11 12 3 3707
11 12 4 3424
11 12 5 5524
11 12 6 5614
11 12 7 5642
11 12 8 5334
11 12 9 6798
11 12 10 6556
11 12 11 0
11 12 12 0
11 12 13 5031
11 12 14 6156
11 12 15 6328
11 12 16 4969
11 12 17 4106
11 12 18 4843
11 13 0 4021
11 13 1 2789
11 13 2 4143
11 13 3 6752
11 13 4 4107
11 13 5 5704
11 13 6 6179
11 13 7 5742
11 13 8 6236
11 13 9 6235
11 13 10 2283
11 13 11 0
11 13 12 3619
11 13 13 0
11 13 14 3644
11 13 15 3598
11 13 16 2462
11 13 17 1784
11 13 18 5342
11 14 0 8836
11 14 1 6245
11 14 2 8813
11 14 3 6233
11 14 4 7436
11 14 5 8283
11 14 6 6184
11 14 7 8424
11 14 8 7445
11 14 9 7895
11 14 10 7896
11 14 11 0
11 14 12 4168
11 14 13 6137
11 14 14 0
11 14 15 5471
11 14 16 6162
11 14 17 4342
11 14 18 3765
11 15 0 4975
11 15 1 1494
11 15 2 3034
11 15 3 2713
11 15 4 3273
11 15 5 2746
11 15 6 3505
11 15 7 3875
11 15 8 6188
11 15 9 3265
11 15 10 4660
11 15 11 0
11 15 12 4068
11 15 13 7349
11 15 14 4217
11 15 15 0
11 15 16 3609
11 15 17 4338
11 15 18 3639
11 16 0 6160
11 16 1 6375
11 16 2 4586
11 16 3 3066
11 16 4 6122
11 16 5 6571
11 16 6 6659
11 16 7 6826
11 16 8 7146
11 16 9 4999
11 16 10 4670
11 16 11 0
11 16 12 136
11 16 13 649
11 16 14 720
11 16 15 2600
11 16 16 0
11 16 17 745
11 16 18 1403
11 17 0 6460
11 17 1 8161
11 17 2 8550
11 17 3 6910
11 17 4 7951
11 17 5 5208
11 17 6 9355
11 17 7 9710
11 17 8 7208
11 17 9 6881
11 17 10 4869
11 17 11 0
11 17 12 4688
11 17 13 3687
11 17 14 2674
11 17 15 4541
11 17 16 3892
11 17 17 0
11 17 18 3931
11 18 0 8370
11 18 1 5391
11 18 2 8083
11 18 3 6765
11 18 4 9241
11 18 5 5606
11 18 6 9254
11 18 7 6087
11 18 8 8394
11 18 9 8129
11 18 10 5734
11 18 11 0
11 18 12 7267
11 18 13 4477
11 18 14 7795
11 18 15 6693
11 18 16 4625
11 18 17 7865
11 18 18 0
12 0 0 0
12 0 1 2479
12 0 2 4099
12 0 3 4554
12 0 4 5520
12 0 5 3397
12 0 6 3063
12 0 7 4048
12 0 8 5671
12 0 9 2001
12 0 10 5211
12 0 11 3544
12 0 12 0
12 0 13 6343
12 0 14 8453
12 0 15 8137
12 0 16 8391
12 0 17 6186
12 0 18 8213
12 1 0 4375
12 1 1 0
12 1 2 2012
12 1 3 4298
12 1 4 2611
12 1 5 2489
12 1 6 2457
12 1 7 2470
12 1 8 3770
12 1 9 5167
12 1 10 5588
12 1 11 4788
12 1 12 0
12 1 13 4192
12 1 14 4943
12 1 15 3737
12 1 16 7687
12 1 17 6968
12 1 18 4315
12 2 0 6828
12 2 1 4536
12 2 2 0
12 2 3 6917
12 2 4 7692
12 2 5 9072
12 2 6 8058
12 2 7 5973
12 2 8 7437
12 2 9 7200
12 2 10 4840
12 2 11 7269
12 2 12 0
12 2 13 2581
12 2 14 4546
12 2 15 2312
12 2 16 2933
12 2 17 4392
12 2 18 4042
12 3 0 2319
12 3 1 4111
12 3 2 1038
12 3 3 0
12 3 4 2468
12 3 5 1470
12 3 6 2873
12 3 7 1340
12 3 8 2717
12 3 9 4829
12 3 10 2893
12 3 11 5220
12 3 12 0
12 3 13 8978
12 3 14 5754
12 3 15 5779
12 3 16 5201
12 3 17 6540
12 3 18 6512
12 4 0 989
12 4 1 2131
12 4 2 4140
12 4 3 3891
12 4 4 0
12 4 5 1018
12 4 6 3742
12 4 7 2899
12 4 8 1468
12 4 9 2918
12 4 10 5530
12 4 11 4747
12 4 12 0
12 4 13 3783
12 4 14 4407
12 4 15 3789
12 4 16 5707
12 4 17 5031
12 4 18 6438
12 5 0 4121
12 5 1 6625
12 5 2 5975
12 5 3 7292
12 5 4 5087
12 5 5 0
12 5 6 2679
12 5 7 5717
12 5 8 2715
12 5 9 6282
12 5 10 3684
12 5 11 3256
12 5 12 0
12 5 13 5153
12 5 14 5027
12 5 15 3035
12 5 16 5929
12 5 17 2061
12 5 18 2576
12 6 0 5680
12 6 1 6361
12 6 2 3211
12 6 3 4512
12 6 4 4874
12 6 5 6045
12 6 6 0
12 6 7 5701
12 6 8 6988
12 6 9 3066
12 6 10 4231
12 6 11 6683
12 6 12 0
12 6 13 6870
12 6 14 4170
12 6 15 5036
12 6 16 7259
12 6 17 7450
12 6 18 7466
12 7 0 5776
12 7 1 6454
12 7 2 3950
12 7 3 4623
12 7 4 4137
12 7 5 3025
12 7 6 5634
12 7 7 0
12 7 8 4537
12 7 9 4131
12 7 10 7013
12 7 11 7462
12 7 12 0
12 7 13 4047
12 7 14 4024
12 7 15 3020
12 7 16 5040
12 7 17 5419
12 7 18 1913
12 8 0 6255
12 8 1 3601
12 8 2 5070
12 8 3 5587
12 8 4 2710
12 8 5 2803
12 8 6 6138
12 8 7 3000
12 8 8 0
12 8 9 6026
12 8 10 6890
12 8 11 5462
12 8 12 0
12 8 13 4313
12 8 14 2817
12 8 15 5105
12 8 16 5132
12 8 17 2689
12 8 18 3992
12 9 0 6001
12 9 1 6600
12 9 2 8736
12 9 3 8735
12 9 4 8780
12 9 5 5635
12 9 6 8071
12 9 7 8338
12 9 8 7125
12 9 9 0
12 9 10 5652
12 9 11 5801
12 9 12 0
12 9 13 8270
12 9 14 7225
12 9 15 6140
12 9 16 6943
12 9 17 6320
12 9 18 7685
12 10 0 6777
12 10 1 4418
12 10 2 6719
12 10 3 7708
12 10 4 5818
12 10 5 6777
12 10 6 8293
12 10 7 5124
12 10 8 4557
12 10 9 5444
12 10 10 0
12 10 11 5586
12 10 12 0
12 10 13 2556
12 10 14 5464
12 10 15 5773
12 10 16 4852
12 10 17 2546
12 10 18 3528
12 11 0 1844
12 11 1 3755
12 11 2 4823
12 11 3 1972
12 11 4 3307
12 11 5 2457
12 11 6 5063
12 11 7 2467
12 11 8 3493
12 11 9 5973
12 11 10 1752
12 11 11 0
12 11 12 0
12 11 13 3715
12 11 14 5088
12 11 15 5708
12 11 16 2937
12 11 17 3784
12 11 18 7194
12 12 0 0
12 12 1 0
12 12 2 0
12 12 3 0
12 12 4 0
12 12 5 0
12 12 6 0
12 12 7 0
12 12 8 0
12 12 9 0
12 12 10 0
12 12 11 0
12 12 12 0
12 12 13 0
12 12 14 0
12 12 15 0
12 12 16 0
12 12 17 0
12 12 18 0
12 13 0 4521
12 13 1 3289
12 13 2 4643
12 13 3 7252
12 13 4 4607
12 13 5 6204
12 13 6 6679
12 13 7 6242
12 13 8 6736
12 13 9 6735
12 13 10 2783
12 13 11 3619
12 13 12 0
12 13 13 0
12 13 14 6280
12 13 15 6234
12 13 16 5098
12 13 17 4420
12 13 18 7978
12 14 0 5807
12 14 1 3216
12 14 2 5784
12 14 3 3204
12 14 4 4407
12 14 5 5254
12 14 6 3155
12 14 7 5395
12 14 8 4416
12 14 9 4866
12 14 10 4867
12 14 11 4168
12 14 12 0
12 14 13 8525
12 14 14 0
12 14 15 7859
12 14 16 8550
12 14 17 6730
12 14 18 6153
12 15 0 4771
12 15 1 1290
12 15 2 2830
12 15 3 2509
12 15 4 3069
12 15 5 2542
12 15 6 3301
12 15 7 3671
12 15 8 5984
12 15 9 3061
12 15 10 4456
12 15 11 4068
12 15 12 0
12 15 13 9289
12 15 14 6157
12 15 15 0
12 15 16 5549
12 15 17 6278
12 15 18 5579
12 16 0 3864
12 16 1 4079
12 16 2 2290
12 16 3 770
12 16 4 3826
12 16 5 4275
12 16 6 4363
12 16 7 4530
12 16 8 4850
12 16 9 2703
12 16 10 2374
12 16 11 136
12 16 12 0
12 16 13 4001
12 16 14 4072
12 16 15 5952
12 16 16 0
12 16 17 4097
12 16 18 4755
12 17 0 5364
12 17 1 7065
12 17 2 7454
12 17 3 5814
12 17 4 6855
12 17 5 4112
12 17 6 8259
12 17 7 8614
12 17 8 6112
12 17 9 5785
12 17 10 3773
12 17 11 4688
12 17 12 0
12 17 13 5329
12 17 14 4316
12 17 15 6183
12 17 16 5534
12 17 17 0
12 17 18 5573
12 18 0 6560
12 18 1 3581
12 18 2 6273
12 18 3 4955
12 18 4 7431
12 18 5 3796
12 18 6 7444
12 18 7 4277
12 18 8 6584
12 18 9 6319
12 18 10 3924
12 18 11 7267
12 18 12 0
12 18 13 3446
12 18 14 6764
12 18 15 5662
12 18 16 3594
12 18 17 6834
12 18 18 0
13 0 0 0
13 0 1 3017
13 0 2 4637
13 0 3 5092
13 0 4 6058
13 0 5 3935
13 0 6 3601
13 0 7 4586
13 0 8 6209
13 0 9 2539
13 0 10 5749
13 0 11 4082
13 0 12 6343
13 0 13 0
13 0 14 4626
13 0 15 4310
13 0 16 4564
13 0 17 2359
13 0 18 4386
13 1 0 3342
13 1 1 0
13 1 2 979
13 1 3 3265
13 1 4 1578
13 1 5 1456
13 1 6 1424
13 1 7 1437
13 1 8 2737
13 1 9 4134
13 1 10 4555
13 1 11 3755
13 1 12 4192
13 1 13 0
13 1 14 2883
13 1 15 1677
13 1 16 5627
13 1 17 4908
13 1 18 2255
13 2 0 4208
13 2 1 1916
13 2 2 0
13 2 3 4297
13 2 4 5072
13 2 5 6452
13 2 6 5438
13 2 7 3353
13 2 8 4817
13 2 9 4580
13 2 10 2220
13 2 11 4649
13 2 12 2581
13 2 13 0
13 2 14 8749
13 2 15 6515
13 2 16 7136
13 2 17 8595
13 2 18 8245
13 3 0 5960
13 3 1 7752
13 3 2 4679
13 3 3 0
13 3 4 6109
13 3 5 5111
13 3 6 6514
13 3 7 4981
13 3 8 6358
13 3 9 8470
13 3 10 6534
13 3 11 8861
13 3 12 8978
13 3 13 0
13 3 14 5032
13 3 15 5057
13 3 16 4479
13 3 17 5818
13 3 18 5790
13 4 0 2268
13 4 1 3410
13 4 2 5419
13 4 3 5170
13 4 4 0
13 4 5 2297
13 4 6 5021
13 4 7 4178
13 4 8 2747
13 4 9 4197
13 4 10 6809
13 4 11 6026
13 4 12 3783
13 4 13 0
13 4 14 3558
13 4 15 2940
13 4 16 4858
13 4 17 4182
13 4 18 5589
13 5 0 4897
13 5 1 7401
13 5 2 6751
13 5 3 8068
13 5 4 5863
13 5 5 0
13 5 6 3455
13 5 7 6493
13 5 8 3491
13 5 9 7058
13 5 10 4460
13 5 11 4032
13 5 12 5153
13 5 13 0
13 5 14 6785
13 5 15 4793
13 5 16 7687
13 5 17 3819
13 5 18 4334
13 6 0 6841
13 6 1 7522
13 6 2 4372
13 6 3 5673
13 6 4 6035
13 6 5 7206
13 6 6 0
13 6 7 6862
13 6 8 8149
13 6 9 4227
13 6 10 5392
13 6 11 7844
13 6 12 6870
13 6 13 0
13 6 14 5105
13 6 15 5971
13 6 16 8194
13 6 17 8385
13 6 18 8401
13 7 0 6472
13 7 1 7150
13 7 2 4646
13 7 3 5319
13 7 4 4833
13 7 5 3721
13 7 6 6330
13 7 7 0
13 7 8 5233
13 7 9 4827
13 7 10 7709
13 7 11 8158
13 7 12 4047
13 7 13 0
13 7 14 5416
13 7 15 4412
13 7 16 6432
13 7 17 6811
13 7 18 3305
13 8 0 7753
13 8 1 5099
13 8 2 6568
13 8 3 7085
13 8 4 4208
13 8 5 4301
13 8 6 7636
13 8 7 4498
13 8 8 0
13 8 9 7524
13 8 10 8388
13 8 11 6960
13 8 12 4313
13 8 13 0
13 8 14 5171
13 8 15 7459
13 8 16 7486
13 8 17 5043
13 8 18 6346
13 9 0 6034
13 9 1 6633
13 9 2 8769
13 9 3 8768
13 9 4 8813
13 9 5 5668
13 9 6 8104
13 9 7 8371
13 9 8 7158
13 9 9 0
13 9 10 5685
13 9 11 5834
13 9 12 8270
13 9 13 0
13 9 14 6990
13 9 15 5905
13 9 16 6708
13 9 17 6085
13 9 18 7450
13 10 0 3100
13 10 1 741
13 10 2 3042
13 10 3 4031
13 10 4 2141
13 10 5 3100
13 10 6 4616
13 10 7 1447
13 10 8 880
13 10 9 1767
13 10 10 0
13 10 11 1909
13 10 12 2556
13 10 13 0
13 10 14 4121
13 10 15 4430
13 10 16 3509
13 10 17 1203
13 10 18 2185
13 11 0 1165
13 11 1 3076
13 11 2 4144
13 11 3 1293
13 11 4 2628
13 11 5 1778
13 11 6 4384
13 11 7 1788
13 11 8 2814
13 11 9 5294
13 11 10 1073
13 11 11 0
13 11 12 3715
13 11 13 0
13 11 14 4492
13 11 15 5112
13 11 16 2341
13 11 17 3188
13 11 18 6598
13 12 0 4716
13 12 1 5055
13 12 2 7996
13 12 3 4344
13 12 4 4061
13 12 5 6161
13 12 6 6251
13 12 7 6279
13 12 8 5971
13 12 9 7435
13 12 10 7193
13 12 11 5031
13 12 12 0
13 12 13 0
13 12 14 7380
13 12 15 7552
13 12 16 6193
13 12 17 5330
13 12 18 6067
13 13 0 0
13 13 1 0
13 13 2 0
13 13 3 0
13 13 4 0
13 13 5 0
13 13 6 0
13 13 7 0
13 13 8 0
13 13 9 0
13 13 10 0
13 13 11 0
13 13 12 0
13 13 13 0
13 13 14 0
13 13 15 0
13 13 16 0
13 13 17 0
13 13 18 0
13 14 0 7776
13 14 1 5185
13 14 2 7753
13 14 3 5173
13 14 4 6376
13 14 5 7223
13 14 6 5124
13 14 7 7364
13 14 8 6385
13 14 9 6835
13 14 10 6836
13 14 11 6137
13 14 12 8525
13 14 13 0
13 14 14 0
13 14 15 6026
13 14 16 6717
13 14 17 4897
13 14 18 4320
13 15 0 8052
13 15 1 4571
13 15 2 6111
13 15 3 5790
13 15 4 6350
13 15 5 5823
13 15 6 6582
13 15 7 6952
13 15 8 9265
13 15 9 6342
13 15 10 7737
13 15 11 7349
13 15 12 9289
13 15 13 0
13 15 14 4106
13 15 15 0
13 15 16 3498
13 15 17 4227
13 15 18 3528
13 16 0 4377
13 16 1 4592
13 16 2 2803
13 16 3 1283
13 16 4 4339
13 16 5 4788
13 16 6 4876
13 16 7 5043
13 16 8 5363
13 16 9 3216
13 16 10 2887
13 16 11 649
13 16 12 4001
13 16 13 0
13 16 14 2244
13 16 15 4124
13 16 16 0
13 16 17 2269
13 16 18 2927
13 17 0 4363
13 17 1 6064
13 17 2 6453
13 17 3 4813
13 17 4 5854
13 17 5 3111
13 17 6 7258
13 17 7 7613
13 17 8 5111
13 17 9 4784
13 17 10 2772
13 17 11 3687
13 17 12 5329
13 17 13 0
13 17 14 2673
13 17 15 4540
13 17 16 3891
13 17 17 0
13 17 18 3930
13 18 0 3770
13 18 1 791
13 18 2 3483
13 18 3 2165
13 18 4 4641
13 18 5 1006
13 18 6 4654
13 18 7 1487
13 18 8 3794
13 18 9 3529
13 18 10 1134
13 18 11 4477
13 18 12 3446
13 18 13 0
13 18 14 7942
13 18 15 6840
13 18 16 4772
13 18 17 8012
13 18 18 0
14 0 0 0
14 0 1 5127
14 0 2 6747
14 0 3 7202
14 0 4 8168
14 0 5 6045
14 0 6 5711
14 0 7 6696
14 0 8 8319
14 0 9 4649
14 0 10 7859
14 0 11 6192
14 0 12 8453
14 0 13 4626
14 0 14 0
14 0 15 4138
14 0 16 4392
14 0 17 2187
14 0 18 4214
14 1 0 4093
14 1 1 0
14 1 2 1730
14 1 3 4016
14 1 4 2329
14 1 5 2207
14 1 6 2175
14 1 7 2188
14 1 8 3488
14 1 9 4885
14 1 10 5306
14 1 11 4506
14 1 12 4943
14 1 13 2883
14 1 14 0
14 1 15 4045
14 1 16 7995
14 1 17 7276
14 1 18 4623
14 2 0 6173
14 2 1 3881
14 2 2 0
14 2 3 6262
14 2 4 7037
14 2 5 8417
14 2 6 7403
14 2 7 5318
14 2 8 6782
14 2 9 6545
14 2 10 4185
14 2 11 6614
14 2 12 4546
14 2 13 8749
14 2 14 0
14 2 15 1970
14 2 16 2591
14 2 17 4050
14 2 18 3700
14 3 0 2736
14 3 1 4528
14 3 2 1455
14 3 3 0
14 3 4 2885
14 3 5 1887
14 3 6 3290
14 3 7 1757
14 3 8 3134
14 3 9 5246
14 3 10 3310
14 3 11 5637
14 3 12 5754
14 3 13 5032
14 3 14 0
14 3 15 6168
14 3 16 5590
14 3 17 6929
14 3 18 6901
14 4 0 2892
14 4 1 4034
14 4 2 6043
14 4 3 5794
14 4 4 0
14 4 5 2921
14 4 6 5645
14 4 7 4802
14 4 8 3371
14 4 9 4821
14 4 10 7433
14 4 11 6650
14 4 12 4407
14 4 13 3558
14 4 14 0
14 4 15 5809
14 4 16 7727
14 4 17 7051
14 4 18 8458
14 5 0 4771
14 5 1 7275
14 5 2 6625
14 5 3 7942
14 5 4 5737
14 5 5 0
14 5 6 3329
14 5 7 6367
14 5 8 3365
14 5 9 6932
14 5 10 4334
14 5 11 3906
14 5 12 5027
14 5 13 6785
14 5 14 0
14 5 15 2629
14 5 16 5523
14 5 17 1655
14 5 18 2170
14 6 0 4141
14 6 1 4822
14 6 2 1672
14 6 3 2973
14 6 4 3335
14 6 5 4506
14 6 6 0
14 6 7 4162
14 6 8 5449
14 6 9 1527
14 6 10 2692
14 6 11 5144
14 6 12 4170
14 6 13 5105
14 6 14 0
14 6 15 6592
14 6 16 8815
14 6 17 9006
14 6 18 9022
14 7 0 6449
14 7 1 7127
14 7 2 4623
14 7 3 5296
14 7 4 4810
14 7 5 3698
14 7 6 6307
14 7 7 0
14 7 8 5210
14 7 9 4804
14 7 10 7686
14 7 11 8135
14 7 12 4024
14 7 13 5416
14 7 14 0
14 7 15 4073
14 7 16 6093
14 7 17 6472
14 7 18 2966
14 8 0 6257
14 8 1 3603
14 8 2 5072
14 8 3 5589
14 8 4 2712
14 8 5 2805
14 8 6 6140
14 8 7 3002
14 8 8 0
14 8 9 6028
14 8 10 6892
14 8 11 5464
14 8 12 2817
14 8 13 5171
14 8 14 0
14 8 15 7790
14 8 16 7817
14 8 17 5374
14 8 18 6677
14 9 0 4989
14 9 1 5588
14 9 2 7724
14 9 3 7723
14 9 4 7768
14 9 5 4623
14 9 6 7059
14 9 7 7326
14 9 8 6113
14 9 9 0
14 9 10 4640
14 9 11 4789
14 9 12 7225
14 9 13 6990
14 9 14 0
14 9 15 3667
14 9 16 4470
14 9 17 3847
14 9 18 5212
14 10 0 6008
14 10 1 3649
14 10 2 5950
14 10 3 6939
14 10 4 5049
14 10 5 6008
14 10 6 7524
14 10 7 4355
14 10 8 3788
14 10 9 4675
14 10 10 0
14 10 11 4817
14 10 12 5464
14 10 13 4121
14 10 14 0
14 10 15 7823
14 10 16 6902
14 10 17 4596
14 10 18 5578
14 11 0 2538
14 11 1 4449
14 11 2 5517
14 11 3 2666
14 11 4 4001
14 11 5 3151
14 11 6 5757
14 11 7 3161
14 11 8 4187
14 11 9 6667
14 11 10 2446
14 11 11 0
14 11 12 5088
14 11 13 4492
14 11 14 0
14 11 15 7817
14 11 16 5046
14 11 17 5893
14 11 18 9303
14 12 0 5841
14 12 1 6180
14 12 2 9121
14 12 3 5469
14 12 4 5186
14 12 5 7286
14 12 6 7376
14 12 7 7404
14 12 8 7096
14 12 9 8560
14 12 10 8318
14 12 11 6156
14 12 12 0
14 12 13 7380
14 12 14 0
14 12 15 6728
14 12 16 5369
14 12 17 4506
14 12 18 5243
14 13 0 4546
14 13 1 3314
14 13 2 4668
14 13 3 7277
14 13 4 4632
14 13 5 6229
14 13 6 6704
14 13 7 6267
14 13 8 6761
14 13 9 6760
14 13 10 2808
14 13 11 3644
14 13 12 6280
14 13 13 0
14 13 14 0
14 13 15 6646
14 13 16 5510
14 13 17 4832
14 13 18 8390
14 14 0 0
14 14 1 0
14 14 2 0
14 14 3 0
14 14 4 0
14 14 5 0
14 14 6 0
14 14 7 0
14 14 8 0
14 14 9 0
14 14 10 0
14 14 11 0
14 14 12 0
14 14 13 0
14 14 14 0
14 14 15 0
14 14 16 0
14 14 17 0
14 14 18 0
14 15 0 4920
14 15 1 1439
14 15 2 2979
14 15 3 2658
14 15 4 3218
14 15 5 2691
14 15 6 3450
14 15 7 3820
14 15 8 6133
14 15 9 3210
14 15 10 4605
14 15 11 4217
14 15 12 6157
14 15 13 4106
14 15 14 0
14 15 15 0
14 15 16 3998
14 15 17 4727
14 15 18 4028
14 16 0 4448
14 16 1 4663
14 16 2 2874
14 16 3 1354
14 16 4 4410
14 16 5 4859
14 16 6 4947
14 16 7 5114
14 16 8 5434
14 16 9 3287
14 16 10 2958
14 16 11 720
14 16 12 4072
14 16 13 2244
14 16 14 0
14 16 15 6451
14 16 16 0
14 16 17 4596
14 16 18 5254
14 17 0 3350
14 17 1 5051
14 17 2 5440
14 17 3 3800
14 17 4 4841
14 17 5 2098
14 17 6 6245
14 17 7 6600
14 17 8 4098
14 17 9 3771
14 17 10 1759
14 17 11 2674
14 17 12 4316
14 17 13 2673
14 17 14 0
14 17 15 5725
14 17 16 5076
14 17 17 0
14 17 18 5115
14 18 0 7088
14 18 1 4109
14 18 2 6801
14 18 3 5483
14 18 4 7959
14 18 5 4324
14 18 6 7972
14 18 7 4805
14 18 8 7112
14 18 9 6847
14 18 10 4452
14 18 11 7795
14 18 12 6764
14 18 13 7942
14 18 14 0
14 18 15 3890
14 18 16 1822
14 18 17 5062
14 18 18 0
15 0 0 0
15 0 1 4811
15 0 2 6431
15 0 3 6886
15 0 4 7852
15 0 5 5729
15 0 6 5395
15 0 7 6380
15 0 8 8003
15 0 9 4333
15 0 10 7543
15 0 11 5876
15 0 12 8137
15 0 13 4310
15 0 14 4138
15 0 15 0
15 0 16 6367
15 0 17 4162
15 0 18 6189
15 1 0 2887
15 1 1 0
15 1 2 524
15 1 3 2810
15 1 4 1123
15 1 5 1001
15 1 6 969
15 1 7 982
15 1 8 2282
15 1 9 3679
15 1 10 4100
15 1 11 3300
15 1 12 3737
15 1 13 1677
15 1 14 4045
15 1 15 0
15 1 16 5928
15 1 17 5209
15 1 18 2556
15 2 0 3939
15 2 1 1647
15 2 2 0
15 2 3 4028
15 2 4 4803
15 2 5 6183
15 2 6 5169
15 2 7 3084
15 2 8 4548
15 2 9 4311
15 2 10 1951
15 2 11 4380
15 2 12 2312
15 2 13 6515
15 2 14 1970
15 2 15 0
15 2 16 6056
15 2 17 7515
15 2 18 7165
15 3 0 2761
15 3 1 4553
15 3 2 1480
15 3 3 0
15 3 4 2910
15 3 5 1912
15 3 6 3315
15 3 7 1782
15 3 8 3159
15 3 9 5271
15 3 10 3335
15 3 11 5662
15 3 12 5779
15 3 13 5057
15 3 14 6168
15 3 15 0
15 3 16 862
15 3 17 2201
15 3 18 2173
15 4 0 2274
15 4 1 3416
15 4 2 5425
15 4 3 5176
15 4 4 0
15 4 5 2303
15 4 6 5027
15 4 7 4184
15 4 8 2753
15 4 9 4203
15 4 10 6815
15 4 11 6032
15 4 12 3789
15 4 13 2940
15 4 14 5809
15 4 15 0
15 4 16 3863
15 4 17 3187
15 4 18 4594
15 5 0 2779
15 5 1 5283
15 5 2 4633
15 5 3 5950
15 5 4 3745
15 5 5 0
15 5 6 1337
15 5 7 4375
15 5 8 1373
15 5 9 4940
15 5 10 2342
15 5 11 1914
15 5 12 3035
15 5 13 4793
15 5 14 2629
15 5 15 0
15 5 16 7151
15 5 17 3283
15 5 18 3798
15 6 0 5007
15 6 1 5688
15 6 2 2538
15 6 3 3839
15 6 4 4201
15 6 5 5372
15 6 6 0
15 6 7 5028
15 6 8 6315
15 6 9 2393
15 6 10 3558
15 6 11 6010
15 6 12 5036
15 6 13 5971
15 6 14 6592
15 6 15 0
15 6 16 8761
15 6 17 8952
15 6 18 8968
15 7 0 5445
15 7 1 6123
15 7 2 3619
15 7 3 4292
15 7 4 3806
15 7 5 2694
15 7 6 5303
15 7 7 0
15 7 8 4206
15 7 9 3800
15 7 10 6682
15 7 11 7131
15 7 12 3020
15 7 13 4412
15 7 14 4073
15 7 15 0
15 7 16 9357
15 7 17 9736
15 7 18 6230
15 8 0 8545
15 8 1 5891
15 8 2 7360
15 8 3 7877
15 8 4 5000
15 8 5 5093
15 8 6 8428
15 8 7 5290
15 8 8 0
15 8 9 8316
15 8 10 9180
15 8 11 7752
15 8 12 5105
15 8 13 7459
15 8 14 7790
15 8 15 0
15 8 16 6783
15 8 17 4340
15 8 18 5643
15 9 0 3904
15 9 1 4503
15 9 2 6639
15 9 3 6638
15 9 4 6683
15 9 5 3538
15 9 6 5974
15 9 7 6241
15 9 8 5028
15 9 9 0
15 9 10 3555
15 9 11 3704
15 9 12 6140
15 9 13 5905
15 9 14 3667
15 9 15 0
15 9 16 4175
15 9 17 3552
15 9 18 4917
15 10 0 6317
15 10 1 3958
15 10 2 6259
15 10 3 7248
15 10 4 5358
15 10 5 6317
15 10 6 7833
15 10 7 4664
15 10 8 4097
15 10 9 4984
15 10 10 0
15 10 11 5126
15 10 12 5773
15 10 13 4430
15 10 14 7823
15 10 15 0
15 10 16 5859
15 10 17 3553
15 10 18 4535
15 11 0 3158
15 11 1 5069
15 11 2 6137
15 11 3 3286
15 11 4 4621
15 11 5 3771
15 11 6 6377
15 11 7 3781
15 11 8 4807
15 11 9 7287
15 11 10 3066
15 11 11 0
15 11 12 5708
15 11 13 5112
15 11 14 7817
15 11 15 0
15 11 16 1501
15 11 17 2348
15 11 18 5758
15 12 0 6013
15 12 1 6352
15 12 2 9293
15 12 3 5641
15 12 4 5358
15 12 5 7458
15 12 6 7548
15 12 7 7576
15 12 8 7268
15 12 9 8732
15 12 10 8490
15 12 11 6328
15 12 12 0
15 12 13 7552
15 12 14 6728
15 12 15 0
15 12 16 4649
15 12 17 3786
15 12 18 4523
15 13 0 4500
15 13 1 3268
15 13 2 4622
15 13 3 7231
15 13 4 4586
15 13 5 6183
15 13 6 6658
15 13 7 6221
15 13 8 6715
15 13 9 6714
15 13 10 2762
15 13 11 3598
15 13 12 6234
15 13 13 0
15 13 14 6646
15 13 15 0
15 13 16 6102
15 13 17 5424
15 13 18 8982
15 14 0 7110
15 14 1 4519
15 14 2 7087
15 14 3 4507
15 14 4 5710
15 14 5 6557
15 14 6 4458
15 14 7 6698
15 14 8 5719
15 14 9 6169
15 14 10 6170
15 14 11 5471
15 14 12 7859
15 14 13 6026
15 14 14 0
15 14 15 0
15 14 16 5297
15 14 17 3477
15 14 18 2900
15 15 0 0
15 15 1 0
15 15 2 0
15 15 3 0
15 15 4 0
15 15 5 0
15 15 6 0
15 15 7 0
15 15 8 0
15 15 9 0
15 15 10 0
15 15 11 0
15 15 12 0
15 15 13 0
15 15 14 0
15 15 15 0
15 15 16 0
15 15 17 0
15 15 18 0
15 16 0 6328
15 16 1 6543
15 16 2 4754
15 16 3 3234
15 16 4 6290
15 16 5 6739
15 16 6 6827
15 16 7 6994
15 16 8 7314
15 16 9 5167
15 16 10 4838
15 16 11 2600
15 16 12 5952
15 16 13 4124
15 16 14 6451
15 16 15 0
15 16 16 0
15 16 17 1423
15 16 18 2081
15 17 0 5217
15 17 1 6918
15 17 2 7307
15 17 3 5667
15 17 4 6708
15 17 5 3965
15 17 6 8112
15 17 7 8467
15 17 8 5965
15 17 9 5638
15 17 10 3626
15 17 11 4541
15 17 12 6183
15 17 13 4540
15 17 14 5725
15 17 15 0
15 17 16 4452
15 17 17 0
15 17 18 4491
15 18 0 5986
15 18 1 3007
15 18 2 5699
15 18 3 4381
15 18 4 6857
15 18 5 3222
15 18 6 6870
15 18 7 3703
15 18 8 6010
15 18 9 5745
15 18 10 3350
15 18 11 6693
15 18 12 5662
15 18 13 6840
15 18 14 3890
15 18 15 0
15 18 16 1076
15 18 17 4316
15 18 18 0
16 0 0 0
16 0 1 5065
16 0 2 6685
16 0 3 7140
16 0 4 8106
16 0 5 5983
16 0 6 5649
16 0 7 6634
16 0 8 8257
16 0 9 4587
16 0 10 7797
16 0 11 6130
16 0 12 8391
16 0 13 4564
16 0 14 4392
16 0 15 6367
16 0 16 0
16 0 17 2446
16 0 18 4473
16 1 0 6837
16 1 1 0
16 1 2 4474
16 1 3 6760
16 1 4 5073
16 1 5 4951
16 1 6 4919
16 1 7 4932
16 1 8 6232
16 1 9 7629
16 1 10 8050
16 1 11 7250
16 1 12 7687
16 1 13 5627
16 1 14 7995
16 1 15 5928
16 1 16 0
16 1 17 6123
16 1 18 3470
16 2 0 4560
16 2 1 2268
16 2 2 0
16 2 3 4649
16 2 4 5424
16 2 5 6804
16 2 6 5790
16 2 7 3705
16 2 8 5169
16 2 9 4932
16 2 10 2572
16 2 11 5001
16 2 12 2933
16 2 13 7136
16 2 14 2591
16 2 15 6056
16 2 16 0
16 2 17 4610
16 2 18 4260
16 3 0 2183
16 3 1 3975
16 3 2 902
16 3 3 0
16 3 4 2332
16 3 5 1334
16 3 6 2737
16 3 7 1204
16 3 8 2581
16 3 9 4693
16 3 10 2757
16 3 11 5084
16 3 12 5201
16 3 13 4479
16 3 14 5590
16 3 15 862
16 3 16 0
16 3 17 6543
16 3 18 6515
16 4 0 4192
16 4 1 5334
16 4 2 7343
16 4 3 7094
16 4 4 0
16 4 5 4221
16 4 6 6945
16 4 7 6102
16 4 8 4671
16 4 9 6121
16 4 10 8733
16 4 11 7950
16 4 12 5707
16 4 13 4858
16 4 14 7727
16 4 15 3863
16 4 16 0
16 4 17 3338
16 4 18 4745
16 5 0 5673
16 5 1 8177
16 5 2 7527
16 5 3 8844
16 5 4 6639
16 5 5 0
16 5 6 4231
16 5 7 7269
16 5 8 4267
16 5 9 7834
16 5 10 5236
16 5 11 4808
16 5 12 5929
16 5 13 7687
16 5 14 5523
16 5 15 7151
16 5 16 0
16 5 17 2745
16 5 18 3260
16 6 0 7230
16 6 1 7911
16 6 2 4761
16 6 3 6062
16 6 4 6424
16 6 5 7595
16 6 6 0
16 6 7 7251
16 6 8 8538
16 6 9 4616
16 6 10 5781
16 6 11 8233
16 6 12 7259
16 6 13 8194
16 6 14 8815
16 6 15 8761
16 6 16 0
16 6 17 8918
16 6 18 8934
16 7 0 7465
16 7 1 8143
16 7 2 5639
16 7 3 6312
16 7 4 5826
16 7 5 4714
16 7 6 7323
16 7 7 0
16 7 8 6226
16 7 9 5820
16 7 10 8702
16 7 11 9151
16 7 12 5040
16 7 13 6432
16 7 14 6093
16 7 15 9357
16 7 16 0
16 7 17 6282
16 7 18 2776
16 8 0 8572
16 8 1 5918
16 8 2 7387
16 8 3 7904
16 8 4 5027
16 8 5 5120
16 8 6 8455
16 8 7 5317
16 8 8 0
16 8 9 8343
16 8 10 9207
16 8 11 7779
16 8 12 5132
16 8 13 7486
16 8 14 7817
16 8 15 6783
16 8 16 0
16 8 17 3131
16 8 18 4434
16 9 0 4707
16 9 1 5306
16 9 2 7442
16 9 3 7441
16 9 4 7486
16 9 5 4341
16 9 6 6777
16 9 7 7044
16 9 8 5831
16 9 9 0
16 9 10 4358
16 9 11 4507
16 9 12 6943
16 9 13 6708
16 9 14 4470
16 9 15 4175
16 9 16 0
16 9 17 5893
16 9 18 7258
16 10 0 5396
16 10 1 3037
16 10 2 5338
16 10 3 6327
16 10 4 4437
16 10 5 5396
16 10 6 6912
16 10 7 3743
16 10 8 3176
16 10 9 4063
16 10 10 0
16 10 11 4205
16 10 12 4852
16 10 13 3509
16 10 14 6902
16 10 15 5859
16 10 16 0
16 10 17 737
16 10 18 1719
16 11 0 387
16 11 1 2298
16 11 2 3366
16 11 3 515
16 11 4 1850
16 11 5 1000
16 11 6 3606
16 11 7 1010
16 11 8 2036
16 11 9 4516
16 11 10 295
16 11 11 0
16 11 12 2937
16 11 13 2341
16 11 14 5046
16 11 15 1501
16 11 16 0
16 11 17 3279
16 11 18 6689
16 12 0 4654
16 12 1 4993
16 12 2 7934
16 12 3 4282
16 12 4 3999
16 12 5 6099
16 12 6 6189
16 12 7 6217
16 12 8 5909
16 12 9 7373
16 12 10 7131
16 12 11 4969
16 12 12 0
16 12 13 6193
16 12 14 5369
16 12 15 4649
16 12 16 0
16 12 17 2625
16 12 18 3362
16 13 0 3364
16 13 1 2132
16 13 2 3486
16 13 3 6095
16 13 4 3450
16 13 5 5047
16 13 6 5522
16 13 7 5085
16 13 8 5579
16 13 9 5578
16 13 10 1626
16 13 11 2462
16 13 12 5098
16 13 13 0
16 13 14 5510
16 13 15 6102
16 13 16 0
16 13 17 1495
16 13 18 5053
16 14 0 7801
16 14 1 5210
16 14 2 7778
16 14 3 5198
16 14 4 6401
16 14 5 7248
16 14 6 5149
16 14 7 7389
16 14 8 6410
16 14 9 6860
16 14 10 6861
16 14 11 6162
16 14 12 8550
16 14 13 6717
16 14 14 0
16 14 15 5297
16 14 16 0
16 14 17 2751
16 14 18 2174
16 15 0 4312
16 15 1 831
16 15 2 2371
16 15 3 2050
16 15 4 2610
16 15 5 2083
16 15 6 2842
16 15 7 3212
16 15 8 5525
16 15 9 2602
16 15 10 3997
16 15 11 3609
16 15 12 5549
16 15 13 3498
16 15 14 3998
16 15 15 0
16 15 16 0
16 15 17 4007
16 15 18 3308
16 16 0 0
16 16 1 0
16 16 2 0
16 16 3 0
16 16 4 0
16 16 5 0
16 16 6 0
16 16 7 0
16 16 8 0
16 16 9 0
16 16 10 0
16 16 11 0
16 16 12 0
16 16 13 0
16 16 14 0
16 16 15 0
16 16 16 0
16 16 17 0
16 16 18 0
16 17 0 4568
16 17 1 6269
16 17 2 6658
16 17 3 5018
16 17 4 6059
16 17 5 3316
16 17 6 7463
16 17 7 7818
16 17 8 5316
16 17 9 4989
16 17 10 2977
16 17 11 3892
16 17 12 5534
16 17 13 3891
16 17 14 5076
16 17 15 4452
16 17 16 0
16 17 17 0
16 17 18 3669
16 18 0 3918
16 18 1 939
16 18 2 3631
16 18 3 2313
16 18 4 4789
16 18 5 1154
16 18 6 4802
16 18 7 1635
16 18 8 3942
16 18 9 3677
16 18 10 1282
16 18 11 4625
16 18 12 3594
16 18 13 4772
16 18 14 1822
16 18 15 1076
16 18 16 0
16 18 17 4851
16 18 18 0
17 0 0 0
17 0 1 2860
17 0 2 4480
17 0 3 4935
17 0 4 5901
17 0 5 3778
17 0 6 3444
17 0 7 4429
17 0 8 6052
17 0 9 2382
17 0 10 5592
17 0 11 3925
17 0 12 6186
17 0 13 2359
17 0 14 2187
17 0 15 4162
17 0 16 2446
17 0 17 0
17 0 18 5198
17 1 0 6118
17 1 1 0
17 1 2 3755
17 1 3 6041
17 1 4 4354
17 1 5 4232
17 1 6 4200
17 1 7 4213
17 1 8 5513
17 1 9 6910
17 1 10 7331
17 1 11 6531
17 1 12 6968
17 1 13 4908
17 1 14 7276
17 1 15 5209
17 1 16 6123
17 1 17 0
17 1 18 3173
17 2 0 6019
17 2 1 3727
17 2 2 0
17 2 3 6108
17 2 4 6883
17 2 5 8263
17 2 6 7249
17 2 7 5164
17 2 8 6628
17 2 9 6391
17 2 10 4031
17 2 11 6460
17 2 12 4392
17 2 13 8595
17 2 14 4050
17 2 15 7515
17 2 16 4610
17 2 17 0
17 2 18 7664
17 3 0 3522
17 3 1 5314
17 3 2 2241
17 3 3 0
17 3 4 3671
17 3 5 2673
17 3 6 4076
17 3 7 2543
17 3 8 3920
17 3 9 6032
17 3 10 4096
17 3 11 6423
17 3 12 6540
17 3 13 5818
17 3 14 6929
17 3 15 2201
17 3 16 6543
17 3 17 0
17 3 18 3997
17 4 0 3516
17 4 1 4658
17 4 2 6667
17 4 3 6418
17 4 4 0
17 4 5 3545
17 4 6 6269
17 4 7 5426
17 4 8 3995
17 4 9 5445
17 4 10 8057
17 4 11 7274
17 4 12 5031
17 4 13 4182
17 4 14 7051
17 4 15 3187
17 4 16 3338
17 4 17 0
17 4 18 5181
17 5 0 1805
17 5 1 4309
17 5 2 3659
17 5 3 4976
17 5 4 2771
17 5 5 0
17 5 6 363
17 5 7 3401
17 5 8 399
17 5 9 3966
17 5 10 1368
17 5 11 940
17 5 12 2061
17 5 13 3819
17 5 14 1655
17 5 15 3283
17 5 16 2745
17 5 17 0
17 5 18 2240
17 6 0 7421
17 6 1 8102
17 6 2 4952
17 6 3 6253
17 6 4 6615
17 6 5 7786
17 6 6 0
17 6 7 7442
17 6 8 8729
17 6 9 4807
17 6 10 5972
17 6 11 8424
17 6 12 7450
17 6 13 8385
17 6 14 9006
17 6 15 8952
17 6 16 8918
17 6 17 0
17 6 18 5492
17 7 0 7844
17 7 1 8522
17 7 2 6018
17 7 3 6691
17 7 4 6205
17 7 5 5093
17 7 6 7702
17 7 7 0
17 7 8 6605
17 7 9 6199
17 7 10 9081
17 7 11 9530
17 7 12 5419
17 7 13 6811
17 7 14 6472
17 7 15 9736
17 7 16 6282
17 7 17 0
17 7 18 3432
17 8 0 6129
17 8 1 3475
17 8 2 4944
17 8 3 5461
17 8 4 2584
17 8 5 2677
17 8 6 6012
17 8 7 2874
17 8 8 0
17 8 9 5900
17 8 10 6764
17 8 11 5336
17 8 12 2689
17 8 13 5043
17 8 14 5374
17 8 15 4340
17 8 16 3131
17 8 17 0
17 8 18 5938
17 9 0 4084
17 9 1 4683
17 9 2 6819
17 9 3 6818
17 9 4 6863
17 9 5 3718
17 9 6 6154
17 9 7 6421
17 9 8 5208
17 9 9 0
17 9 10 3735
17 9 11 3884
17 9 12 6320
17 9 13 6085
17 9 14 3847
17 9 15 3552
17 9 16 5893
17 9 17 0
17 9 18 5307
17 10 0 3090
17 10 1 731
17 10 2 3032
17 10 3 4021
17 10 4 2131
17 10 5 3090
17 10 6 4606
17 10 7 1437
17 10 8 870
17 10 9 1757
17 10 10 0
17 10 11 1899
17 10 12 2546
17 10 13 1203
17 10 14 4596
17 10 15 3553
17 10 16 737
17 10 17 0
17 10 18 2322
17 11 0 1234
17 11 1 3145
17 11 2 4213
17 11 3 1362
17 11 4 2697
17 11 5 1847
17 11 6 4453
17 11 7 1857
17 11 8 2883
17 11 9 5363
17 11 10 1142
17 11 11 0
17 11 12 3784
17 11 13 3188
17 11 14 5893
17 11 15 2348
17 11 16 3279
17 11 17 0
17 11 18 9194
17 12 0 3791
17 12 1 4130
17 12 2 7071
17 12 3 3419
17 12 4 3136
17 12 5 5236
17 12 6 5326
17 12 7 5354
17 12 8 5046
17 12 9 6510
17 12 10 6268
17 12 11 4106
17 12 12 0
17 12 13 5330
17 12 14 4506
17 12 15 3786
17 12 16 2625
17 12 17 0
17 12 18 7067
17 13 0 2686
17 13 1 1454
17 13 2 2808
17 13 3 5417
17 13 4 2772
17 13 5 4369
17 13 6 4844
17 13 7 4407
17 13 8 4901
17 13 9 4900
17 13 10 948
17 13 11 1784
17 13 12 4420
17 13 13 0
17 13 14 4832
17 13 15 5424
17 13 16 1495
17 13 17 0
17 13 18 7244
17 14 0 5981
17 14 1 3390
17 14 2 5958
17 14 3 3378
17 14 4 4581
17 14 5 5428
17 14 6 3329
17 14 7 5569
17 14 8 4590
17 14 9 5040
17 14 10 5041
17 14 11 4342
17 14 12 6730
17 14 13 4897
17 14 14 0
17 14 15 3477
17 14 16 2751
17 14 17 0
17 14 18 3281
17 15 0 5041
17 15 1 1560
17 15 2 3100
17 15 3 2779
17 15 4 3339
17 15 5 2812
17 15 6 3571
17 15 7 3941
17 15 8 6254
17 15 9 3331
17 15 10 4726
17 15 11 4338
17 15 12 6278
17 15 13 4227
17 15 14 4727
17 15 15 0
17 15 16 4007
17 15 17 0
17 15 18 4402
17 16 0 4473
17 16 1 4688
17 16 2 2899
17 16 3 1379
17 16 4 4435
17 16 5 4884
17 16 6 4972
17 16 7 5139
17 16 8 5459
17 16 9 3312
17 16 10 2983
17 16 11 745
17 16 12 4097
17 16 13 2269
17 16 14 4596
17 16 15 1423
17 16 16 0
17 16 17 0
17 16 18 4288
17 17 0 0
17 17 1 0
17 17 2 0
17 17 3 0
17 17 4 0
17 17 5 0
17 17 6 0
17 17 7 0
17 17 8 0
17 17 9 0
17 17 10 0
17 17 11 0
17 17 12 0
17 17 13 0
17 17 14 0
17 17 15 0
17 17 16 0
17 17 17 0
17 17 18 0
17 18 0 7158
17 18 1 4179
17 18 2 6871
17 18 3 5553
17 18 4 8029
17 18 5 4394
17 18 6 8042
17 18 7 4875
17 18 8 7182
17 18 9 6917
17 18 10 4522
17 18 11 7865
17 18 12 6834
17 18 13 8012
17 18 14 5062
17 18 15 4316
17 18 16 4851
17 18 17 0
17 18 18 0
18 0 0 0
18 0 1 4887
18 0 2 6507
18 0 3 6962
18 0 4 7928
18 0 5 5805
18 0 6 5471
18 0 7 6456
18 0 8 8079
18 0 9 4409
18 0 10 7619
18 0 11 5952
18 0 12 8213
18 0 13 4386
18 0 14 4214
18 0 15 6189
18 0 16 4473
18 0 17 5198
18 0 18 0
18 1 0 3465
18 1 1 0
18 1 2 1102
18 1 3 3388
18 1 4 1701
18 1 5 1579
18 1 6 1547
18 1 7 1560
18 1 8 2860
18 1 9 4257
18 1 10 4678
18 1 11 3878
18 1 12 4315
18 1 13 2255
18 1 14 4623
18 1 15 2556
18 1 16 3470
18 1 17 3173
18 1 18 0
18 2 0 5669
18 2 1 3377
18 2 2 0
18 2 3 5758
18 2 4 6533
18 2 5 7913
18 2 6 6899
18 2 7 4814
18 2 8 6278
18 2 9 6041
18 2 10 3681
18 2 11 6110
18 2 12 4042
18 2 13 8245
18 2 14 3700
18 2 15 7165
18 2 16 4260
18 2 17 7664
18 2 18 0
18 3 0 3494
18 3 1 5286
18 3 2 2213
18 3 3 0
18 3 4 3643
18 3 5 2645
18 3 6 4048
18 3 7 2515
18 3 8 3892
18 3 9 6004
18 3 10 4068
18 3 11 6395
18 3 12 6512
18 3 13 5790
18 3 14 6901
18 3 15 2173
18 3 16 6515
18 3 17 3997
18 3 18 0
18 4 0 4923
18 4 1 6065
18 4 2 8074
18 4 3 7825
18 4 4 0
18 4 5 4952
18 4 6 7676
18 4 7 6833
18 4 8 5402
18 4 9 6852
18 4 10 9464
18 4 11 8681
18 4 12 6438
18 4 13 5589
18 4 14 8458
18 4 15 4594
18 4 16 4745
18 4 17 5181
18 4 18 0
18 5 0 2320
18 5 1 4824
18 5 2 4174
18 5 3 5491
18 5 4 3286
18 5 5 0
18 5 6 878
18 5 7 3916
18 5 8 914
18 5 9 4481
18 5 10 1883
18 5 11 1455
18 5 12 2576
18 5 13 4334
18 5 14 2170
18 5 15 3798
18 5 16 3260
18 5 17 2240
18 5 18 0
18 6 0 7437
18 6 1 8118
18 6 2 4968
18 6 3 6269
18 6 4 6631
18 6 5 7802
18 6 6 0
18 6 7 7458
18 6 8 8745
18 6 9 4823
18 6 10 5988
18 6 11 8440
18 6 12 7466
18 6 13 8401
18 6 14 9022
18 6 15 8968
18 6 16 8934
18 6 17 5492
18 6 18 0
18 7 0 4338
18 7 1 5016
18 7 2 2512
18 7 3 3185
18 7 4 2699
18 7 5 1587
18 7 6 4196
18 7 7 0
18 7 8 3099
18 7 9 2693
18 7 10 5575
18 7 11 6024
18 7 12 1913
18 7 13 3305
18 7 14 2966
18 7 15 6230
18 7 16 2776
18 7 17 3432
18 7 18 0
18 8 0 7432
18 8 1 4778
18 8 2 6247
18 8 3 6764
18 8 4 3887
18 8 5 3980
18 8 6 7315
18 8 7 4177
18 8 8 0
18 8 9 7203
18 8 10 8067
18 8 11 6639
18 8 12 3992
18 8 13 6346
18 8 14 6677
18 8 15 5643
18 8 16 4434
18 8 17 5938
18 8 18 0
18 9 0 5449
18 9 1 6048
18 9 2 8184
18 9 3 8183
18 9 4 8228
18 9 5 5083
18 9 6 7519
18 9 7 7786
18 9 8 6573
18 9 9 0
18 9 10 5100
18 9 11 5249
18 9 12 7685
18 9 13 7450
18 9 14 5212
18 9 15 4917
18 9 16 7258
18 9 17 5307
18 9 18 0
18 10 0 4072
18 10 1 1713
18 10 2 4014
18 10 3 5003
18 10 4 3113
18 10 5 4072
18 10 6 5588
18 10 7 2419
18 10 8 1852
18 10 9 2739
18 10 10 0
18 10 11 2881
18 10 12 3528
18 10 13 2185
18 10 14 5578
18 10 15 4535
18 10 16 1719
18 10 17 2322
18 10 18 0
18 11 0 4644
18 11 1 6555
18 11 2 7623
18 11 3 4772
18 11 4 6107
18 11 5 5257
18 11 6 7863
18 11 7 5267
18 11 8 6293
18 11 9 8773
18 11 10 4552
18 11 11 0
18 11 12 7194
18 11 13 6598
18 11 14 9303
18 11 15 5758
18 11 16 6689
18 11 17 9194
18 11 18 0
18 12 0 4528
18 12 1 4867
18 12 2 7808
18 12 3 4156
18 12 4 3873
18 12 5 5973
18 12 6 6063
18 12 7 6091
18 12 8 5783
18 12 9 7247
18 12 10 7005
18 12 11 4843
18 12 12 0
18 12 13 6067
18 12 14 5243
18 12 15 4523
18 12 16 3362
18 12 17 7067
18 12 18 0
18 13 0 6244
18 13 1 5012
18 13 2 6366
18 13 3 8975
18 13 4 6330
18 13 5 7927
18 13 6 8402
18 13 7 7965
18 13 8 8459
18 13 9 8458
18 13 10 4506
18 13 11 5342
18 13 12 7978
18 13 13 0
18 13 14 8390
18 13 15 8982
18 13 16 5053
18 13 17 7244
18 13 18 0
18 14 0 5404
18 14 1 2813
18 14 2 5381
18 14 3 2801
18 14 4 4004
18 14 5 4851
18 14 6 2752
18 14 7 4992
18 14 8 4013
18 14 9 4463
18 14 10 4464
18 14 11 3765
18 14 12 6153
18 14 13 4320
18 14 14 0
18 14 15 2900
18 14 16 2174
18 14 17 3281
18 14 18 0
18 15 0 4342
18 15 1 861
18 15 2 2401
18 15 3 2080
18 15 4 2640
18 15 5 2113
18 15 6 2872
18 15 7 3242
18 15 8 5555
18 15 9 2632
18 15 10 4027
18 15 11 3639
18 15 12 5579
18 15 13 3528
18 15 14 4028
18 15 15 0
18 15 16 3308
18 15 17 4402
18 15 18 0
18 16 0 5131
18 16 1 5346
18 16 2 3557
18 16 3 2037
18 16 4 5093
18 16 5 5542
18 16 6 5630
18 16 7 5797
18 16 8 6117
18 16 9 3970
18 16 10 3641
18 16 11 1403
18 16 12 4755
18 16 13 2927
18 16 14 5254
18 16 15 2081
18 16 16 0
18 16 17 4288
18 16 18 0
18 17 0 4607
18 17 1 6308
18 17 2 6697
18 17 3 5057
18 17 4 6098
18 17 5 3355
18 17 6 7502
18 17 7 7857
18 17 8 5355
18 17 9 5028
18 17 10 3016
18 17 11 3931
18 17 12 5573
18 17 13 3930
18 17 14 5115
18 17 15 4491
18 17 16 3669
18 17 17 0
18 17 18 0
18 18 0 0
18 18 1 0
18 18 2 0
18 18 3 0
18 18 4 0
18 18 5 0
18 18 6 0
18 18 7 0
18 18 8 0
18 18 9 0
18 18 10 0
18 18 11 0
18 18 12 0
18 18 13 0
18 18 14 0
18 18 15 0
18 18 16 0
18 18 17 0
18 18 18 0
