11
0 0 0 0
0 0 1 0
0 0 2 0
0 0 3 0
0 0 4 0
0 0 5 0
0 0 6 0
0 0 7 0
0 0 8 0
0 0 9 0
0 0 10 0
0 1 0 0
0 1 1 0
0 1 2 3636
0 1 3 3587
0 1 4 2719
0 1 5 5029
0 1 6 5394
0 1 7 5798
0 1 8 7496
0 1 9 3192
0 1 10 5245
0 2 0 0
0 2 1 8035
0 2 2 0
0 2 3 3927
0 2 4 6238
0 2 5 6604
0 2 6 8314
0 2 7 4768
0 2 8 5164
0 2 9 6424
0 2 10 4060
0 3 0 0
0 3 1 5038
0 3 2 4337
0 3 3 0
0 3 4 4994
0 3 5 3431
0 3 6 6961
0 3 7 5688
0 3 8 3837
0 3 9 5610
0 3 10 4426
0 4 0 0
0 4 1 882
0 4 2 1473
0 4 3 3362
0 4 4 0
0 4 5 4295
0 4 6 678
0 4 7 4083
0 4 8 1884
0 4 9 3584
0 4 10 2822
0 5 0 0
0 5 1 5204
0 5 2 8643
0 5 3 4998
0 5 4 6205
0 5 5 0
0 5 6 6152
0 5 7 4668
0 5 8 8948
0 5 9 6507
0 5 10 6357
0 6 0 0
0 6 1 6023
0 6 2 6464
0 6 3 7462
0 6 4 6588
0 6 5 6668
0 6 6 0
0 6 7 6426
0 6 8 7454
0 6 9 4237
0 6 10 5221
0 7 0 0
0 7 1 8902
0 7 2 6312
0 7 3 8176
0 7 4 5760
0 7 5 6637
0 7 6 6332
0 7 7 0
0 7 8 8059
0 7 9 7673
0 7 10 5382
0 8 0 0
0 8 1 5238
0 8 2 9148
0 8 3 8818
0 8 4 4728
0 8 5 7138
0 8 6 6289
0 8 7 5004
0 8 8 0
0 8 9 8814
0 8 10 5470
0 9 0 0
0 9 1 3698
0 9 2 4310
0 9 3 5032
0 9 4 3857
0 9 5 1647
0 9 6 3728
0 9 7 2375
0 9 8 1974
0 9 9 0
0 9 10 3578
0 10 0 0
0 10 1 7338
0 10 2 4959
0 10 3 5398
0 10 4 6176
0 10 5 9586
0 10 6 5387
0 10 7 7639
0 10 8 9434
0 10 9 8558
0 10 10 0
1 0 0 0
1 0 1 0
1 0 2 6840
1 0 3 5755
1 0 4 3333
1 0 5 7529
1 0 6 6748
1 0 7 7854
1 0 8 7736
1 0 9 4706
1 0 10 7939
1 1 0 0
1 1 1 0
1 1 2 0
1 1 3 0
1 1 4 0
1 1 5 0
1 1 6 0
1 1 7 0
1 1 8 0
1 1 9 0
1 1 10 0
1 2 0 8035
1 2 1 0
1 2 2 0
1 2 3 1221
1 2 4 3532
1 2 5 3898
1 2 6 5608
1 2 7 2062
1 2 8 2458
1 2 9 3718
1 2 10 1354
1 3 0 5038
1 3 1 0
1 3 2 2667
1 3 3 0
1 3 4 3324
1 3 5 1761
1 3 6 5291
1 3 7 4018
1 3 8 2167
1 3 9 3940
1 3 10 2756
1 4 0 882
1 4 1 0
1 4 2 1357
1 4 3 3246
1 4 4 0
1 4 5 4179
1 4 6 562
1 4 7 3967
1 4 8 1768
1 4 9 3468
1 4 10 2706
1 5 0 5204
1 5 1 0
1 5 2 6641
1 5 3 2996
1 5 4 4203
1 5 5 0
1 5 6 4150
1 5 7 2666
1 5 8 6946
1 5 9 4505
1 5 10 4355
1 6 0 6023
1 6 1 0
1 6 2 5608
1 6 3 6606
1 6 4 5732
1 6 5 5812
1 6 6 0
1 6 7 5570
1 6 8 6598
1 6 9 3381
1 6 10 4365
1 7 0 8902
1 7 1 0
1 7 2 4754
1 7 3 6618
1 7 4 4202
1 7 5 5079
1 7 6 4774
1 7 7 0
1 7 8 6501
1 7 9 6115
1 7 10 3824
1 8 0 5238
1 8 1 0
1 8 2 9406
1 8 3 9076
1 8 4 4986
1 8 5 7396
1 8 6 6547
1 8 7 5262
1 8 8 0
1 8 9 9072
1 8 10 5728
1 9 0 3698
1 9 1 0
1 9 2 3294
1 9 3 4016
1 9 4 2841
1 9 5 631
1 9 6 2712
1 9 7 1359
1 9 8 958
1 9 9 0
1 9 10 2562
1 10 0 7338
1 10 1 0
1 10 2 2763
1 10 3 3202
1 10 4 3980
1 10 5 7390
1 10 6 3191
1 10 7 5443
1 10 8 7238
1 10 9 6362
1 10 10 0
2 0 0 0
2 0 1 6840
2 0 2 0
2 0 3 5364
2 0 4 2942
2 0 5 7138
2 0 6 6357
2 0 7 7463
2 0 8 7345
2 0 9 4315
2 0 10 7548
2 1 0 3636
2 1 1 0
2 1 2 0
2 1 3 5280
2 1 4 4412
2 1 5 6722
2 1 6 7087
2 1 7 7491
2 1 8 9189
2 1 9 4885
2 1 10 6938
2 2 0 0
2 2 1 0
2 2 2 0
2 2 3 0
2 2 4 0
2 2 5 0
2 2 6 0
2 2 7 0
2 2 8 0
2 2 9 0
2 2 10 0
2 3 0 4337
2 3 1 2667
2 3 2 0
2 3 3 0
2 3 4 2638
2 3 5 1075
2 3 6 4605
2 3 7 3332
2 3 8 1481
2 3 9 3254
2 3 10 2070
2 4 0 1473
2 4 1 1357
2 4 2 0
2 4 3 5739
2 4 4 0
2 4 5 6672
2 4 6 3055
2 4 7 6460
2 4 8 4261
2 4 9 5961
2 4 10 5199
2 5 0 8643
2 5 1 6641
2 5 2 0
2 5 3 3545
2 5 4 4752
2 5 5 0
2 5 6 4699
2 5 7 3215
2 5 8 7495
2 5 9 5054
2 5 10 4904
2 6 0 6464
2 6 1 5608
2 6 2 0
2 6 3 8500
2 6 4 7626
2 6 5 7706
2 6 6 0
2 6 7 7464
2 6 8 8492
2 6 9 5275
2 6 10 6259
2 7 0 6312
2 7 1 4754
2 7 2 0
2 7 3 4562
2 7 4 2146
2 7 5 3023
2 7 6 2718
2 7 7 0
2 7 8 4445
2 7 9 4059
2 7 10 1768
2 8 0 9148
2 8 1 9406
2 8 2 0
2 8 3 5718
2 8 4 1628
2 8 5 4038
2 8 6 3189
2 8 7 1904
2 8 8 0
2 8 9 5714
2 8 10 2370
2 9 0 4310
2 9 1 3294
2 9 2 0
2 9 3 6222
2 9 4 5047
2 9 5 2837
2 9 6 4918
2 9 7 3565
2 9 8 3164
2 9 9 0
2 9 10 4768
2 10 0 4959
2 10 1 2763
2 10 2 0
2 10 3 991
2 10 4 1769
2 10 5 5179
2 10 6 980
2 10 7 3232
2 10 8 5027
2 10 9 4151
2 10 10 0
3 0 0 0
3 0 1 5755
3 0 2 5364
3 0 3 0
3 0 4 510
3 0 5 4706
3 0 6 3925
3 0 7 5031
3 0 8 4913
3 0 9 1883
3 0 10 5116
3 1 0 3587
3 1 1 0
3 1 2 5280
3 1 3 0
3 1 4 2500
3 1 5 4810
3 1 6 5175
3 1 7 5579
3 1 8 7277
3 1 9 2973
3 1 10 5026
3 2 0 3927
3 2 1 1221
3 2 2 0
3 2 3 0
3 2 4 4292
3 2 5 4658
3 2 6 6368
3 2 7 2822
3 2 8 3218
3 2 9 4478
3 2 10 2114
3 3 0 0
3 3 1 0
3 3 2 0
3 3 3 0
3 3 4 0
3 3 5 0
3 3 6 0
3 3 7 0
3 3 8 0
3 3 9 0
3 3 10 0
3 4 0 3362
3 4 1 3246
3 4 2 5739
3 4 3 0
3 4 4 0
3 4 5 6513
3 4 6 2896
3 4 7 6301
3 4 8 4102
3 4 9 5802
3 4 10 5040
3 5 0 4998
3 5 1 2996
3 5 2 3545
3 5 3 0
3 5 4 2664
3 5 5 0
3 5 6 2611
3 5 7 1127
3 5 8 5407
3 5 9 2966
3 5 10 2816
3 6 0 7462
3 6 1 6606
3 6 2 8500
3 6 3 0
3 6 4 7358
3 6 5 7438
3 6 6 0
3 6 7 7196
3 6 8 8224
3 6 9 5007
3 6 10 5991
3 7 0 8176
3 7 1 6618
3 7 2 4562
3 7 3 0
3 7 4 4151
3 7 5 5028
3 7 6 4723
3 7 7 0
3 7 8 6450
3 7 9 6064
3 7 10 3773
3 8 0 8818
3 8 1 9076
3 8 2 5718
3 8 3 0
3 8 4 1386
3 8 5 3796
3 8 6 2947
3 8 7 1662
3 8 8 0
3 8 9 5472
3 8 10 2128
3 9 0 5032
3 9 1 4016
3 9 2 6222
3 9 3 0
3 9 4 5318
3 9 5 3108
3 9 6 5189
3 9 7 3836
3 9 8 3435
3 9 9 0
3 9 10 5039
3 10 0 5398
3 10 1 3202
3 10 2 991
3 10 3 0
3 10 4 3220
3 10 5 6630
3 10 6 2431
3 10 7 4683
3 10 8 6478
3 10 9 5602
3 10 10 0
4 0 0 0
4 0 1 3333
4 0 2 2942
4 0 3 510
4 0 4 0
4 0 5 6186
4 0 6 5405
4 0 7 6511
4 0 8 6393
4 0 9 3363
4 0 10 6596
4 1 0 2719
4 1 1 0
4 1 2 4412
4 1 3 2500
4 1 4 0
4 1 5 3076
4 1 6 3441
4 1 7 3845
4 1 8 5543
4 1 9 1239
4 1 10 3292
4 2 0 6238
4 2 1 3532
4 2 2 0
4 2 3 4292
4 2 4 0
4 2 5 4216
4 2 6 5926
4 2 7 2380
4 2 8 2776
4 2 9 4036
4 2 10 1672
4 3 0 4994
4 3 1 3324
4 3 2 2638
4 3 3 0
4 3 4 0
4 3 5 4017
4 3 6 7547
4 3 7 6274
4 3 8 4423
4 3 9 6196
4 3 10 5012
4 4 0 0
4 4 1 0
4 4 2 0
4 4 3 0
4 4 4 0
4 4 5 0
4 4 6 0
4 4 7 0
4 4 8 0
4 4 9 0
4 4 10 0
4 5 0 6205
4 5 1 4203
4 5 2 4752
4 5 3 2664
4 5 4 0
4 5 5 0
4 5 6 5897
4 5 7 4413
4 5 8 8693
4 5 9 6252
4 5 10 6102
4 6 0 6588
4 6 1 5732
4 6 2 7626
4 6 3 7358
4 6 4 0
4 6 5 3577
4 6 6 0
4 6 7 3335
4 6 8 4363
4 6 9 1146
4 6 10 2130
4 7 0 5760
4 7 1 4202
4 7 2 2146
4 7 3 4151
4 7 4 0
4 7 5 5845
4 7 6 5540
4 7 7 0
4 7 8 7267
4 7 9 6881
4 7 10 4590
4 8 0 4728
4 8 1 4986
4 8 2 1628
4 8 3 1386
4 8 4 0
4 8 5 4265
4 8 6 3416
4 8 7 2131
4 8 8 0
4 8 9 5941
4 8 10 2597
4 9 0 3857
4 9 1 2841
4 9 2 5047
4 9 3 5318
4 9 4 0
4 9 5 3504
4 9 6 5585
4 9 7 4232
4 9 8 3831
4 9 9 0
4 9 10 5435
4 10 0 6176
4 10 1 3980
4 10 2 1769
4 10 3 3220
4 10 4 0
4 10 5 7448
4 10 6 3249
4 10 7 5501
4 10 8 7296
4 10 9 6420
4 10 10 0
5 0 0 0
5 0 1 7529
5 0 2 7138
5 0 3 4706
5 0 4 6186
5 0 5 0
5 0 6 7599
5 0 7 8705
5 0 8 8587
5 0 9 5557
5 0 10 8790
5 1 0 5029
5 1 1 0
5 1 2 6722
5 1 3 4810
5 1 4 3076
5 1 5 0
5 1 6 3567
5 1 7 3971
5 1 8 5669
5 1 9 1365
5 1 10 3418
5 2 0 6604
5 2 1 3898
5 2 2 0
5 2 3 4658
5 2 4 4216
5 2 5 0
5 2 6 8900
5 2 7 5354
5 2 8 5750
5 2 9 7010
5 2 10 4646
5 3 0 3431
5 3 1 1761
5 3 2 1075
5 3 3 0
5 3 4 4017
5 3 5 0
5 3 6 4987
5 3 7 3714
5 3 8 1863
5 3 9 3636
5 3 10 2452
5 4 0 4295
5 4 1 4179
5 4 2 6672
5 4 3 6513
5 4 4 0
5 4 5 0
5 4 6 2333
5 4 7 5738
5 4 8 3539
5 4 9 5239
5 4 10 4477
5 5 0 0
5 5 1 0
5 5 2 0
5 5 3 0
5 5 4 0
5 5 5 0
5 5 6 0
5 5 7 0
5 5 8 0
5 5 9 0
5 5 10 0
5 6 0 6668
5 6 1 5812
5 6 2 7706
5 6 3 7438
5 6 4 3577
5 6 5 0
5 6 6 0
5 6 7 4613
5 6 8 5641
5 6 9 2424
5 6 10 3408
5 7 0 6637
5 7 1 5079
5 7 2 3023
5 7 3 5028
5 7 4 5845
5 7 5 0
5 7 6 1929
5 7 7 0
5 7 8 3656
5 7 9 3270
5 7 10 979
5 8 0 7138
5 8 1 7396
5 8 2 4038
5 8 3 3796
5 8 4 4265
5 8 5 0
5 8 6 6284
5 8 7 4999
5 8 8 0
5 8 9 8809
5 8 10 5465
5 9 0 1647
5 9 1 631
5 9 2 2837
5 9 3 3108
5 9 4 3504
5 9 5 0
5 9 6 4312
5 9 7 2959
5 9 8 2558
5 9 9 0
5 9 10 4162
5 10 0 9586
5 10 1 7390
5 10 2 5179
5 10 3 6630
5 10 4 7448
5 10 5 0
5 10 6 2588
5 10 7 4840
5 10 8 6635
5 10 9 5759
5 10 10 0
6 0 0 0
6 0 1 6748
6 0 2 6357
6 0 3 3925
6 0 4 5405
6 0 5 7599
6 0 6 0
6 0 7 9262
6 0 8 9144
6 0 9 6114
6 0 10 9347
6 1 0 5394
6 1 1 0
6 1 2 7087
6 1 3 5175
6 1 4 3441
6 1 5 3567
6 1 6 0
6 1 7 5571
6 1 8 7269
6 1 9 2965
6 1 10 5018
6 2 0 8314
6 2 1 5608
6 2 2 0
6 2 3 6368
6 2 4 5926
6 2 5 8900
6 2 6 0
6 2 7 3956
6 2 8 4352
6 2 9 5612
6 2 10 3248
6 3 0 6961
6 3 1 5291
6 3 2 4605
6 3 3 0
6 3 4 7547
6 3 5 4987
6 3 6 0
6 3 7 6959
6 3 8 5108
6 3 9 6881
6 3 10 5697
6 4 0 678
6 4 1 562
6 4 2 3055
6 4 3 2896
6 4 4 0
6 4 5 2333
6 4 6 0
6 4 7 6902
6 4 8 4703
6 4 9 6403
6 4 10 5641
6 5 0 6152
6 5 1 4150
6 5 2 4699
6 5 3 2611
6 5 4 5897
6 5 5 0
6 5 6 0
6 5 7 3371
6 5 8 7651
6 5 9 5210
6 5 10 5060
6 6 0 0
6 6 1 0
6 6 2 0
6 6 3 0
6 6 4 0
6 6 5 0
6 6 6 0
6 6 7 0
6 6 8 0
6 6 9 0
6 6 10 0
6 7 0 6332
6 7 1 4774
6 7 2 2718
6 7 3 4723
6 7 4 5540
6 7 5 1929
6 7 6 0
6 7 7 0
6 7 8 6195
6 7 9 5809
6 7 10 3518
6 8 0 6289
6 8 1 6547
6 8 2 3189
6 8 3 2947
6 8 4 3416
6 8 5 6284
6 8 6 0
6 8 7 4286
6 8 8 0
6 8 9 8096
6 8 10 4752
6 9 0 3728
6 9 1 2712
6 9 2 4918
6 9 3 5189
6 9 4 5585
6 9 5 4312
6 9 6 0
6 9 7 1470
6 9 8 1069
6 9 9 0
6 9 10 2673
6 10 0 5387
6 10 1 3191
6 10 2 980
6 10 3 2431
6 10 4 3249
6 10 5 2588
6 10 6 0
6 10 7 4485
6 10 8 6280
6 10 9 5404
6 10 10 0
7 0 0 0
7 0 1 7854
7 0 2 7463
7 0 3 5031
7 0 4 6511
7 0 5 8705
7 0 6 9262
7 0 7 0
7 0 8 8452
7 0 9 5422
7 0 10 8655
7 1 0 5798
7 1 1 0
7 1 2 7491
7 1 3 5579
7 1 4 3845
7 1 5 3971
7 1 6 5571
7 1 7 0
7 1 8 9042
7 1 9 4738
7 1 10 6791
7 2 0 4768
7 2 1 2062
7 2 2 0
7 2 3 2822
7 2 4 2380
7 2 5 5354
7 2 6 3956
7 2 7 0
7 2 8 3094
7 2 9 4354
7 2 10 1990
7 3 0 5688
7 3 1 4018
7 3 2 3332
7 3 3 0
7 3 4 6274
7 3 5 3714
7 3 6 6959
7 3 7 0
7 3 8 4716
7 3 9 6489
7 3 10 5305
7 4 0 4083
7 4 1 3967
7 4 2 6460
7 4 3 6301
7 4 4 0
7 4 5 5738
7 4 6 6902
7 4 7 0
7 4 8 2769
7 4 9 4469
7 4 10 3707
7 5 0 4668
7 5 1 2666
7 5 2 3215
7 5 3 1127
7 5 4 4413
7 5 5 0
7 5 6 3371
7 5 7 0
7 5 8 6514
7 5 9 4073
7 5 10 3923
7 6 0 6426
7 6 1 5570
7 6 2 7464
7 6 3 7196
7 6 4 3335
7 6 5 4613
7 6 6 0
7 6 7 0
7 6 8 5496
7 6 9 2279
7 6 10 3263
7 7 0 0
7 7 1 0
7 7 2 0
7 7 3 0
7 7 4 0
7 7 5 0
7 7 6 0
7 7 7 0
7 7 8 0
7 7 9 0
7 7 10 0
7 8 0 5004
7 8 1 5262
7 8 2 1904
7 8 3 1662
7 8 4 2131
7 8 5 4999
7 8 6 4286
7 8 7 0
7 8 8 0
7 8 9 7595
7 8 10 4251
7 9 0 2375
7 9 1 1359
7 9 2 3565
7 9 3 3836
7 9 4 4232
7 9 5 2959
7 9 6 1470
7 9 7 0
7 9 8 3399
7 9 9 0
7 9 10 5003
7 10 0 7639
7 10 1 5443
7 10 2 3232
7 10 3 4683
7 10 4 5501
7 10 5 4840
7 10 6 4485
7 10 7 0
7 10 8 5335
7 10 9 4459
7 10 10 0
8 0 0 0
8 0 1 7736
8 0 2 7345
8 0 3 4913
8 0 4 6393
8 0 5 8587
8 0 6 9144
8 0 7 8452
8 0 8 0
8 0 9 4188
8 0 10 7421
8 1 0 7496
8 1 1 0
8 1 2 9189
8 1 3 7277
8 1 4 5543
8 1 5 5669
8 1 6 7269
8 1 7 9042
8 1 8 0
8 1 9 1192
8 1 10 3245
8 2 0 5164
8 2 1 2458
8 2 2 0
8 2 3 3218
8 2 4 2776
8 2 5 5750
8 2 6 4352
8 2 7 3094
8 2 8 0
8 2 9 7308
8 2 10 4944
8 3 0 3837
8 3 1 2167
8 3 2 1481
8 3 3 0
8 3 4 4423
8 3 5 1863
8 3 6 5108
8 3 7 4716
8 3 8 0
8 3 9 7249
8 3 10 6065
8 4 0 1884
8 4 1 1768
8 4 2 4261
8 4 3 4102
8 4 4 0
8 4 5 3539
8 4 6 4703
8 4 7 2769
8 4 8 0
8 4 9 3555
8 4 10 2793
8 5 0 8948
8 5 1 6946
8 5 2 7495
8 5 3 5407
8 5 4 8693
8 5 5 0
8 5 6 7651
8 5 7 6514
8 5 8 0
8 5 9 4692
8 5 10 4542
8 6 0 7454
8 6 1 6598
8 6 2 8492
8 6 3 8224
8 6 4 4363
8 6 5 5641
8 6 6 0
8 6 7 5496
8 6 8 0
8 6 9 2354
8 6 10 3338
8 7 0 8059
8 7 1 6501
8 7 2 4445
8 7 3 6450
8 7 4 7267
8 7 5 3656
8 7 6 6195
8 7 7 0
8 7 8 0
8 7 9 3399
8 7 10 1108
8 8 0 0
8 8 1 0
8 8 2 0
8 8 3 0
8 8 4 0
8 8 5 0
8 8 6 0
8 8 7 0
8 8 8 0
8 8 9 0
8 8 10 0
8 9 0 1974
8 9 1 958
8 9 2 3164
8 9 3 3435
8 9 4 3831
8 9 5 2558
8 9 6 1069
8 9 7 3399
8 9 8 0
8 9 9 0
8 9 10 6262
8 10 0 9434
8 10 1 7238
8 10 2 5027
8 10 3 6478
8 10 4 7296
8 10 5 6635
8 10 6 6280
8 10 7 5335
8 10 8 0
8 10 9 4665
8 10 10 0
9 0 0 0
9 0 1 4706
9 0 2 4315
9 0 3 1883
9 0 4 3363
9 0 5 5557
9 0 6 6114
9 0 7 5422
9 0 8 4188
9 0 9 0
9 0 10 9356
9 1 0 3192
9 1 1 0
9 1 2 4885
9 1 3 2973
9 1 4 1239
9 1 5 1365
9 1 6 2965
9 1 7 4738
9 1 8 1192
9 1 9 0
9 1 10 4735
9 2 0 6424
9 2 1 3718
9 2 2 0
9 2 3 4478
9 2 4 4036
9 2 5 7010
9 2 6 5612
9 2 7 4354
9 2 8 7308
9 2 9 0
9 2 10 3136
9 3 0 5610
9 3 1 3940
9 3 2 3254
9 3 3 0
9 3 4 6196
9 3 5 3636
9 3 6 6881
9 3 7 6489
9 3 8 7249
9 3 9 0
9 3 10 5309
9 4 0 3584
9 4 1 3468
9 4 2 5961
9 4 3 5802
9 4 4 0
9 4 5 5239
9 4 6 6403
9 4 7 4469
9 4 8 3555
9 4 9 0
9 4 10 4952
9 5 0 6507
9 5 1 4505
9 5 2 5054
9 5 3 2966
9 5 4 6252
9 5 5 0
9 5 6 5210
9 5 7 4073
9 5 8 4692
9 5 9 0
9 5 10 2081
9 6 0 4237
9 6 1 3381
9 6 2 5275
9 6 3 5007
9 6 4 1146
9 6 5 2424
9 6 6 0
9 6 7 2279
9 6 8 2354
9 6 9 0
9 6 10 3807
9 7 0 7673
9 7 1 6115
9 7 2 4059
9 7 3 6064
9 7 4 6881
9 7 5 3270
9 7 6 5809
9 7 7 0
9 7 8 3399
9 7 9 0
9 7 10 1509
9 8 0 8814
9 8 1 9072
9 8 2 5714
9 8 3 5472
9 8 4 5941
9 8 5 8809
9 8 6 8096
9 8 7 7595
9 8 8 0
9 8 9 0
9 8 10 1314
9 9 0 0
9 9 1 0
9 9 2 0
9 9 3 0
9 9 4 0
9 9 5 0
9 9 6 0
9 9 7 0
9 9 8 0
9 9 9 0
9 9 10 0
9 10 0 8558
9 10 1 6362
9 10 2 4151
9 10 3 5602
9 10 4 6420
9 10 5 5759
9 10 6 5404
9 10 7 4459
9 10 8 4665
9 10 9 0
9 10 10 0
10 0 0 0
10 0 1 7939
10 0 2 7548
10 0 3 5116
10 0 4 6596
10 0 5 8790
10 0 6 9347
10 0 7 8655
10 0 8 7421
10 0 9 9356
10 0 10 0
10 1 0 5245
10 1 1 0
10 1 2 6938
10 1 3 5026
10 1 4 3292
10 1 5 3418
10 1 6 5018
10 1 7 6791
10 1 8 3245
10 1 9 4735
10 1 10 0
10 2 0 4060
10 2 1 1354
10 2 2 0
10 2 3 2114
10 2 4 1672
10 2 5 4646
10 2 6 3248
10 2 7 1990
10 2 8 4944
10 2 9 3136
10 2 10 0
10 3 0 4426
10 3 1 2756
10 3 2 2070
10 3 3 0
10 3 4 5012
10 3 5 2452
10 3 6 5697
10 3 7 5305
10 3 8 6065
10 3 9 5309
10 3 10 0
10 4 0 2822
10 4 1 2706
10 4 2 5199
10 4 3 5040
10 4 4 0
10 4 5 4477
10 4 6 5641
10 4 7 3707
10 4 8 2793
10 4 9 4952
10 4 10 0
10 5 0 6357
10 5 1 4355
10 5 2 4904
10 5 3 2816
10 5 4 6102
10 5 5 0
10 5 6 5060
10 5 7 3923
10 5 8 4542
10 5 9 2081
10 5 10 0
10 6 0 5221
10 6 1 4365
10 6 2 6259
10 6 3 5991
10 6 4 2130
10 6 5 3408
10 6 6 0
10 6 7 3263
10 6 8 3338
10 6 9 3807
10 6 10 0
10 7 0 5382
10 7 1 3824
10 7 2 1768
10 7 3 3773
10 7 4 4590
10 7 5 979
10 7 6 3518
10 7 7 0
10 7 8 1108
10 7 9 1509
10 7 10 0
10 8 0 5470
10 8 1 5728
10 8 2 2370
10 8 3 2128
10 8 4 2597
10 8 5 5465
10 8 6 4752
10 8 7 4251
10 8 8 0
10 8 9 1314
10 8 10 0
10 9 0 3578
10 9 1 2562
10 9 2 4768
10 9 3 5039
10 9 4 5435
10 9 5 4162
10 9 6 2673
10 9 7 5003
10 9 8 6262
10 9 9 0
10 9 10 0
10 10 0 0
10 10 1 0
10 10 2 0
10 10 3 0
10 10 4 0
10 10 5 0
10 10 6 0
10 10 7 0
10 10 8 0
10 10 9 0
10 10 10 0
