16
0 0 0 0
0 0 1 0
0 0 2 0
0 0 3 0
0 0 4 0
0 0 5 0
0 0 6 0
0 0 7 0
0 0 8 0
0 0 9 0
0 0 10 0
0 0 11 0
0 0 12 0
0 0 13 0
0 0 14 0
0 0 15 0
0 1 0 0
0 1 1 0
0 1 2 3200
0 1 3 6552
0 1 4 6657
0 1 5 6091
0 1 6 4641
0 1 7 7483
0 1 8 6869
0 1 9 5028
0 1 10 5055
0 1 11 7861
0 1 12 6241
0 1 13 3331
0 1 14 5010
0 1 15 3867
0 2 0 0
0 2 1 2146
0 2 2 0
0 2 3 3244
0 2 4 2652
0 2 5 3990
0 2 6 2766
0 2 7 5893
0 2 8 1865
0 2 9 4952
0 2 10 5330
0 2 11 3073
0 2 12 4652
0 2 13 5470
0 2 14 3354
0 2 15 5674
0 3 0 0
0 3 1 6043
0 3 2 5133
0 3 3 0
0 3 4 6701
0 3 5 6555
0 3 6 2132
0 3 7 4691
0 3 8 4870
0 3 9 6424
0 3 10 3529
0 3 11 6353
0 3 12 4866
0 3 13 5111
0 3 14 4211
0 3 15 3234
0 4 0 0
0 4 1 2892
0 4 2 4974
0 4 3 6564
0 4 4 0
0 4 5 6294
0 4 6 3711
0 4 7 3682
0 4 8 5833
0 4 9 6586
0 4 10 6719
0 4 11 5974
0 4 12 4457
0 4 13 5838
0 4 14 5512
0 4 15 2342
0 5 0 0
0 5 1 5469
0 5 2 5873
0 5 3 5114
0 5 4 6666
0 5 5 0
0 5 6 3098
0 5 7 6528
0 5 8 3298
0 5 9 6634
0 5 10 6735
0 5 11 5063
0 5 12 5489
0 5 13 6044
0 5 14 6747
0 5 15 4810
0 6 0 0
0 6 1 4800
0 6 2 5634
0 6 3 7079
0 6 4 8280
0 6 5 3550
0 6 6 0
0 6 7 6262
0 6 8 7471
0 6 9 5728
0 6 10 7982
0 6 11 7676
0 6 12 8150
0 6 13 6022
0 6 14 4417
0 6 15 3583
0 7 0 0
0 7 1 4458
0 7 2 2507
0 7 3 4804
0 7 4 6149
0 7 5 2607
0 7 6 5694
0 7 7 0
0 7 8 4349
0 7 9 3559
0 7 10 6058
0 7 11 5379
0 7 12 6876
0 7 13 5988
0 7 14 6275
0 7 15 2238
0 8 0 0
0 8 1 6210
0 8 2 5132
0 8 3 9471
0 8 4 8127
0 8 5 6691
0 8 6 7539
0 8 7 6128
0 8 8 0
0 8 9 5863
0 8 10 6559
0 8 11 5697
0 8 12 5930
0 8 13 5682
0 8 14 5431
0 8 15 9092
0 9 0 0
0 9 1 655
0 9 2 4866
0 9 3 3487
0 9 4 2780
0 9 5 4565
0 9 6 2701
0 9 7 477
0 9 8 2645
0 9 9 0
0 9 10 3763
0 9 11 1806
0 9 12 2839
0 9 13 4334
0 9 14 3104
0 9 15 2224
0 10 0 0
0 10 1 7799
0 10 2 7832
0 10 3 7434
0 10 4 9727
0 10 5 5736
0 10 6 5254
0 10 7 9061
0 10 8 8811
0 10 9 7579
0 10 10 0
0 10 11 7710
0 10 12 5312
0 10 13 7797
0 10 14 8139
0 10 15 8069
0 11 0 0
0 11 1 3416
0 11 2 5018
0 11 3 2342
0 11 4 3485
0 11 5 4586
0 11 6 3706
0 11 7 4767
0 11 8 2553
0 11 9 2491
0 11 10 4437
0 11 11 0
0 11 12 6920
0 11 13 4014
0 11 14 6885
0 11 15 6422
0 12 0 0
0 12 1 6066
0 12 2 7323
0 12 3 6998
0 12 4 5434
0 12 5 5912
0 12 6 3433
0 12 7 7888
0 12 8 8253
0 12 9 6557
0 12 10 3770
0 12 11 5011
0 12 12 0
0 12 13 7288
0 12 14 4947
0 12 15 6379
0 13 0 0
0 13 1 6211
0 13 2 4557
0 13 3 4459
0 13 4 4920
0 13 5 3200
0 13 6 5715
0 13 7 5741
0 13 8 7489
0 13 9 5187
0 13 10 6098
0 13 11 5120
0 13 12 3795
0 13 13 0
0 13 14 5241
0 13 15 7993
0 14 0 0
0 14 1 1780
0 14 2 544
0 14 3 3519
0 14 4 4855
0 14 5 4354
0 14 6 4197
0 14 7 1944
0 14 8 785
0 14 9 3092
0 14 10 824
0 14 11 3754
0 14 12 3553
0 14 13 1228
0 14 14 0
0 14 15 507
0 15 0 0
0 15 1 5850
0 15 2 7705
0 15 3 5724
0 15 4 8799
0 15 5 4960
0 15 6 8658
0 15 7 3914
0 15 8 6085
0 15 9 8604
0 15 10 4857
0 15 11 6642
0 15 12 6609
0 15 13 8320
0 15 14 6360
0 15 15 0
1 0 0 0
1 0 1 0
1 0 2 4226
1 0 3 4465
1 0 4 4693
1 0 5 5213
1 0 6 5873
1 0 7 4596
1 0 8 7012
1 0 9 2495
1 0 10 7260
1 0 11 4317
1 0 12 5732
1 0 13 5457
1 0 14 2536
1 0 15 6209
1 1 0 0
1 1 1 0
1 1 2 0
1 1 3 0
1 1 4 0
1 1 5 0
1 1 6 0
1 1 7 0
1 1 8 0
1 1 9 0
1 1 10 0
1 1 11 0
1 1 12 0
1 1 13 0
1 1 14 0
1 1 15 0
1 2 0 2146
1 2 1 0
1 2 2 0
1 2 3 1478
1 2 4 886
1 2 5 2224
1 2 6 1000
1 2 7 4127
1 2 8 99
1 2 9 3186
1 2 10 3564
1 2 11 1307
1 2 12 2886
1 2 13 3704
1 2 14 1588
1 2 15 3908
1 3 0 6043
1 3 1 0
1 3 2 6480
1 3 3 0
1 3 4 8048
1 3 5 7902
1 3 6 3479
1 3 7 6038
1 3 8 6217
1 3 9 7771
1 3 10 4876
1 3 11 7700
1 3 12 6213
1 3 13 6458
1 3 14 5558
1 3 15 4581
1 4 0 2892
1 4 1 0
1 4 2 6198
1 4 3 7788
1 4 4 0
1 4 5 7518
1 4 6 4935
1 4 7 4906
1 4 8 7057
1 4 9 7810
1 4 10 7943
1 4 11 7198
1 4 12 5681
1 4 13 7062
1 4 14 6736
1 4 15 3566
1 5 0 5469
1 5 1 0
1 5 2 6011
1 5 3 5252
1 5 4 6804
1 5 5 0
1 5 6 3236
1 5 7 6666
1 5 8 3436
1 5 9 6772
1 5 10 6873
1 5 11 5201
1 5 12 5627
1 5 13 6182
1 5 14 6885
1 5 15 4948
1 6 0 4800
1 6 1 0
1 6 2 3662
1 6 3 5107
1 6 4 6308
1 6 5 1578
1 6 6 0
1 6 7 4290
1 6 8 5499
1 6 9 3756
1 6 10 6010
1 6 11 5704
1 6 12 6178
1 6 13 4050
1 6 14 2445
1 6 15 1611
1 7 0 4458
1 7 1 0
1 7 2 4654
1 7 3 6951
1 7 4 8296
1 7 5 4754
1 7 6 7841
1 7 7 0
1 7 8 6496
1 7 9 5706
1 7 10 8205
1 7 11 7526
1 7 12 9023
1 7 13 8135
1 7 14 8422
1 7 15 4385
1 8 0 6210
1 8 1 0
1 8 2 4249
1 8 3 8588
1 8 4 7244
1 8 5 5808
1 8 6 6656
1 8 7 5245
1 8 8 0
1 8 9 4980
1 8 10 5676
1 8 11 4814
1 8 12 5047
1 8 13 4799
1 8 14 4548
1 8 15 8209
1 9 0 655
1 9 1 0
1 9 2 6659
1 9 3 5280
1 9 4 4573
1 9 5 6358
1 9 6 4494
1 9 7 2270
1 9 8 4438
1 9 9 0
1 9 10 5556
1 9 11 3599
1 9 12 4632
1 9 13 6127
1 9 14 4897
1 9 15 4017
1 10 0 7799
1 10 1 0
1 10 2 4887
1 10 3 4489
1 10 4 6782
1 10 5 2791
1 10 6 2309
1 10 7 6116
1 10 8 5866
1 10 9 4634
1 10 10 0
1 10 11 4765
1 10 12 2367
1 10 13 4852
1 10 14 5194
1 10 15 5124
1 11 0 3416
1 11 1 0
1 11 2 7822
1 11 3 5146
1 11 4 6289
1 11 5 7390
1 11 6 6510
1 11 7 7571
1 11 8 5357
1 11 9 5295
1 11 10 7241
1 11 11 0
1 11 12 9724
1 11 13 6818
1 11 14 9689
1 11 15 9226
1 12 0 6066
1 12 1 0
1 12 2 7092
1 12 3 6767
1 12 4 5203
1 12 5 5681
1 12 6 3202
1 12 7 7657
1 12 8 8022
1 12 9 6326
1 12 10 3539
1 12 11 4780
1 12 12 0
1 12 13 7057
1 12 14 4716
1 12 15 6148
1 13 0 6211
1 13 1 0
1 13 2 1691
1 13 3 1593
1 13 4 2054
1 13 5 334
1 13 6 2849
1 13 7 2875
1 13 8 4623
1 13 9 2321
1 13 10 3232
1 13 11 2254
1 13 12 929
1 13 13 0
1 13 14 2375
1 13 15 5127
1 14 0 1780
1 14 1 0
1 14 2 2278
1 14 3 5253
1 14 4 6589
1 14 5 6088
1 14 6 5931
1 14 7 3678
1 14 8 2519
1 14 9 4826
1 14 10 2558
1 14 11 5488
1 14 12 5287
1 14 13 2962
1 14 14 0
1 14 15 2241
1 15 0 5850
1 15 1 0
1 15 2 4623
1 15 3 2642
1 15 4 5717
1 15 5 1878
1 15 6 5576
1 15 7 832
1 15 8 3003
1 15 9 5522
1 15 10 1775
1 15 11 3560
1 15 12 3527
1 15 13 5238
1 15 14 3278
1 15 15 0
2 0 0 0
2 0 1 4226
2 0 2 0
2 0 3 2491
2 0 4 2719
2 0 5 3239
2 0 6 3899
2 0 7 2622
2 0 8 5038
2 0 9 521
2 0 10 5286
2 0 11 2343
2 0 12 3758
2 0 13 3483
2 0 14 562
2 0 15 4235
2 1 0 3200
2 1 1 0
2 1 2 0
2 1 3 3732
2 1 4 3837
2 1 5 3271
2 1 6 1821
2 1 7 4663
2 1 8 4049
2 1 9 2208
2 1 10 2235
2 1 11 5041
2 1 12 3421
2 1 13 511
2 1 14 2190
2 1 15 1047
2 2 0 0
2 2 1 0
2 2 2 0
2 2 3 0
2 2 4 0
2 2 5 0
2 2 6 0
2 2 7 0
2 2 8 0
2 2 9 0
2 2 10 0
2 2 11 0
2 2 12 0
2 2 13 0
2 2 14 0
2 2 15 0
2 3 0 5133
2 3 1 6480
2 3 2 0
2 3 3 0
2 3 4 5982
2 3 5 5836
2 3 6 1413
2 3 7 3972
2 3 8 4151
2 3 9 5705
2 3 10 2810
2 3 11 5634
2 3 12 4147
2 3 13 4392
2 3 14 3492
2 3 15 2515
2 4 0 4974
2 4 1 6198
2 4 2 0
2 4 3 5025
2 4 4 0
2 4 5 4755
2 4 6 2172
2 4 7 2143
2 4 8 4294
2 4 9 5047
2 4 10 5180
2 4 11 4435
2 4 12 2918
2 4 13 4299
2 4 14 3973
2 4 15 803
2 5 0 5873
2 5 1 6011
2 5 2 0
2 5 3 4393
2 5 4 5945
2 5 5 0
2 5 6 2377
2 5 7 5807
2 5 8 2577
2 5 9 5913
2 5 10 6014
2 5 11 4342
2 5 12 4768
2 5 13 5323
2 5 14 6026
2 5 15 4089
2 6 0 5634
2 6 1 3662
2 6 2 0
2 6 3 4474
2 6 4 5675
2 6 5 945
2 6 6 0
2 6 7 3657
2 6 8 4866
2 6 9 3123
2 6 10 5377
2 6 11 5071
2 6 12 5545
2 6 13 3417
2 6 14 1812
2 6 15 978
2 7 0 2507
2 7 1 4654
2 7 2 0
2 7 3 6603
2 7 4 7948
2 7 5 4406
2 7 6 7493
2 7 7 0
2 7 8 6148
2 7 9 5358
2 7 10 7857
2 7 11 7178
2 7 12 8675
2 7 13 7787
2 7 14 8074
2 7 15 4037
2 8 0 5132
2 8 1 4249
2 8 2 0
2 8 3 4826
2 8 4 3482
2 8 5 2046
2 8 6 2894
2 8 7 1483
2 8 8 0
2 8 9 1218
2 8 10 1914
2 8 11 1052
2 8 12 1285
2 8 13 1037
2 8 14 786
2 8 15 4447
2 9 0 4866
2 9 1 6659
2 9 2 0
2 9 3 6446
2 9 4 5739
2 9 5 7524
2 9 6 5660
2 9 7 3436
2 9 8 5604
2 9 9 0
2 9 10 6722
2 9 11 4765
2 9 12 5798
2 9 13 7293
2 9 14 6063
2 9 15 5183
2 10 0 7832
2 10 1 4887
2 10 2 0
2 10 3 6006
2 10 4 8299
2 10 5 4308
2 10 6 3826
2 10 7 7633
2 10 8 7383
2 10 9 6151
2 10 10 0
2 10 11 6282
2 10 12 3884
2 10 13 6369
2 10 14 6711
2 10 15 6641
2 11 0 5018
2 11 1 7822
2 11 2 0
2 11 3 1600
2 11 4 2743
2 11 5 3844
2 11 6 2964
2 11 7 4025
2 11 8 1811
2 11 9 1749
2 11 10 3695
2 11 11 0
2 11 12 6178
2 11 13 3272
2 11 14 6143
2 11 15 5680
2 12 0 7323
2 12 1 7092
2 12 2 0
2 12 3 6420
2 12 4 4856
2 12 5 5334
2 12 6 2855
2 12 7 7310
2 12 8 7675
2 12 9 5979
2 12 10 3192
2 12 11 4433
2 12 12 0
2 12 13 6710
2 12 14 4369
2 12 15 5801
2 13 0 4557
2 13 1 1691
2 13 2 0
2 13 3 4974
2 13 4 5435
2 13 5 3715
2 13 6 6230
2 13 7 6256
2 13 8 8004
2 13 9 5702
2 13 10 6613
2 13 11 5635
2 13 12 4310
2 13 13 0
2 13 14 5756
2 13 15 8508
2 14 0 544
2 14 1 2278
2 14 2 0
2 14 3 4839
2 14 4 6175
2 14 5 5674
2 14 6 5517
2 14 7 3264
2 14 8 2105
2 14 9 4412
2 14 10 2144
2 14 11 5074
2 14 12 4873
2 14 13 2548
2 14 14 0
2 14 15 1827
2 15 0 7705
2 15 1 4623
2 15 2 0
2 15 3 5691
2 15 4 8766
2 15 5 4927
2 15 6 8625
2 15 7 3881
2 15 8 6052
2 15 9 8571
2 15 10 4824
2 15 11 6609
2 15 12 6576
2 15 13 8287
2 15 14 6327
2 15 15 0
3 0 0 0
3 0 1 4465
3 0 2 2491
3 0 3 0
3 0 4 3100
3 0 5 3620
3 0 6 4280
3 0 7 3003
3 0 8 5419
3 0 9 902
3 0 10 5667
3 0 11 2724
3 0 12 4139
3 0 13 3864
3 0 14 943
3 0 15 4616
3 1 0 6552
3 1 1 0
3 1 2 3732
3 1 3 0
3 1 4 7495
3 1 5 6929
3 1 6 5479
3 1 7 8321
3 1 8 7707
3 1 9 5866
3 1 10 5893
3 1 11 8699
3 1 12 7079
3 1 13 4169
3 1 14 5848
3 1 15 4705
3 2 0 3244
3 2 1 1478
3 2 2 0
3 2 3 0
3 2 4 3822
3 2 5 5160
3 2 6 3936
3 2 7 7063
3 2 8 3035
3 2 9 6122
3 2 10 6500
3 2 11 4243
3 2 12 5822
3 2 13 6640
3 2 14 4524
3 2 15 6844
3 3 0 0
3 3 1 0
3 3 2 0
3 3 3 0
3 3 4 0
3 3 5 0
3 3 6 0
3 3 7 0
3 3 8 0
3 3 9 0
3 3 10 0
3 3 11 0
3 3 12 0
3 3 13 0
3 3 14 0
3 3 15 0
3 4 0 6564
3 4 1 7788
3 4 2 5025
3 4 3 0
3 4 4 0
3 4 5 8565
3 4 6 5982
3 4 7 5953
3 4 8 8104
3 4 9 8857
3 4 10 8990
3 4 11 8245
3 4 12 6728
3 4 13 8109
3 4 14 7783
3 4 15 4613
3 5 0 5114
3 5 1 5252
3 5 2 4393
3 5 3 0
3 5 4 8271
3 5 5 0
3 5 6 4703
3 5 7 8133
3 5 8 4903
3 5 9 8239
3 5 10 8340
3 5 11 6668
3 5 12 7094
3 5 13 7649
3 5 14 8352
3 5 15 6415
3 6 0 7079
3 6 1 5107
3 6 2 4474
3 6 3 0
3 6 4 4802
3 6 5 72
3 6 6 0
3 6 7 2784
3 6 8 3993
3 6 9 2250
3 6 10 4504
3 6 11 4198
3 6 12 4672
3 6 13 2544
3 6 14 939
3 6 15 105
3 7 0 4804
3 7 1 6951
3 7 2 6603
3 7 3 0
3 7 4 6507
3 7 5 2965
3 7 6 6052
3 7 7 0
3 7 8 4707
3 7 9 3917
3 7 10 6416
3 7 11 5737
3 7 12 7234
3 7 13 6346
3 7 14 6633
3 7 15 2596
3 8 0 9471
3 8 1 8588
3 8 2 4826
3 8 3 0
3 8 4 6248
3 8 5 4812
3 8 6 5660
3 8 7 4249
3 8 8 0
3 8 9 3984
3 8 10 4680
3 8 11 3818
3 8 12 4051
3 8 13 3803
3 8 14 3552
3 8 15 7213
3 9 0 3487
3 9 1 5280
3 9 2 6446
3 9 3 0
3 9 4 6972
3 9 5 8757
3 9 6 6893
3 9 7 4669
3 9 8 6837
3 9 9 0
3 9 10 7955
3 9 11 5998
3 9 12 7031
3 9 13 8526
3 9 14 7296
3 9 15 6416
3 10 0 7434
3 10 1 4489
3 10 2 6006
3 10 3 0
3 10 4 6259
3 10 5 2268
3 10 6 1786
3 10 7 5593
3 10 8 5343
3 10 9 4111
3 10 10 0
3 10 11 4242
3 10 12 1844
3 10 13 4329
3 10 14 4671
3 10 15 4601
3 11 0 2342
3 11 1 5146
3 11 2 1600
3 11 3 0
3 11 4 5784
3 11 5 6885
3 11 6 6005
3 11 7 7066
3 11 8 4852
3 11 9 4790
3 11 10 6736
3 11 11 0
3 11 12 9219
3 11 13 6313
3 11 14 9184
3 11 15 8721
3 12 0 6998
3 12 1 6767
3 12 2 6420
3 12 3 0
3 12 4 4831
3 12 5 5309
3 12 6 2830
3 12 7 7285
3 12 8 7650
3 12 9 5954
3 12 10 3167
3 12 11 4408
3 12 12 0
3 12 13 6685
3 12 14 4344
3 12 15 5776
3 13 0 4459
3 13 1 1593
3 13 2 4974
3 13 3 0
3 13 4 4837
3 13 5 3117
3 13 6 5632
3 13 7 5658
3 13 8 7406
3 13 9 5104
3 13 10 6015
3 13 11 5037
3 13 12 3712
3 13 13 0
3 13 14 5158
3 13 15 7910
3 14 0 3519
3 14 1 5253
3 14 2 4839
3 14 3 0
3 14 4 6793
3 14 5 6292
3 14 6 6135
3 14 7 3882
3 14 8 2723
3 14 9 5030
3 14 10 2762
3 14 11 5692
3 14 12 5491
3 14 13 3166
3 14 14 0
3 14 15 2445
3 15 0 5724
3 15 1 2642
3 15 2 5691
3 15 3 0
3 15 4 6087
3 15 5 2248
3 15 6 5946
3 15 7 1202
3 15 8 3373
3 15 9 5892
3 15 10 2145
3 15 11 3930
3 15 12 3897
3 15 13 5608
3 15 14 3648
3 15 15 0
4 0 0 0
4 0 1 4693
4 0 2 2719
4 0 3 3100
4 0 4 0
4 0 5 5628
4 0 6 6288
4 0 7 5011
4 0 8 7427
4 0 9 2910
4 0 10 7675
4 0 11 4732
4 0 12 6147
4 0 13 5872
4 0 14 2951
4 0 15 6624
4 1 0 6657
4 1 1 0
4 1 2 3837
4 1 3 7495
4 1 4 0
4 1 5 3550
4 1 6 2100
4 1 7 4942
4 1 8 4328
4 1 9 2487
4 1 10 2514
4 1 11 5320
4 1 12 3700
4 1 13 790
4 1 14 2469
4 1 15 1326
4 2 0 2652
4 2 1 886
4 2 2 0
4 2 3 3822
4 2 4 0
4 2 5 4773
4 2 6 3549
4 2 7 6676
4 2 8 2648
4 2 9 5735
4 2 10 6113
4 2 11 3856
4 2 12 5435
4 2 13 6253
4 2 14 4137
4 2 15 6457
4 3 0 6701
4 3 1 8048
4 3 2 5982
4 3 3 0
4 3 4 0
4 3 5 8689
4 3 6 4266
4 3 7 6825
4 3 8 7004
4 3 9 8558
4 3 10 5663
4 3 11 8487
4 3 12 7000
4 3 13 7245
4 3 14 6345
4 3 15 5368
4 4 0 0
4 4 1 0
4 4 2 0
4 4 3 0
4 4 4 0
4 4 5 0
4 4 6 0
4 4 7 0
4 4 8 0
4 4 9 0
4 4 10 0
4 4 11 0
4 4 12 0
4 4 13 0
4 4 14 0
4 4 15 0
4 5 0 6666
4 5 1 6804
4 5 2 5945
4 5 3 8271
4 5 4 0
4 5 5 0
4 5 6 4214
4 5 7 7644
4 5 8 4414
4 5 9 7750
4 5 10 7851
4 5 11 6179
4 5 12 6605
4 5 13 7160
4 5 14 7863
4 5 15 5926
4 6 0 8280
4 6 1 6308
4 6 2 5675
4 6 3 4802
4 6 4 0
4 6 5 1423
4 6 6 0
4 6 7 4135
4 6 8 5344
4 6 9 3601
4 6 10 5855
4 6 11 5549
4 6 12 6023
4 6 13 3895
4 6 14 2290
4 6 15 1456
4 7 0 6149
4 7 1 8296
4 7 2 7948
4 7 3 6507
4 7 4 0
4 7 5 1728
4 7 6 4815
4 7 7 0
4 7 8 3470
4 7 9 2680
4 7 10 5179
4 7 11 4500
4 7 12 5997
4 7 13 5109
4 7 14 5396
4 7 15 1359
4 8 0 8127
4 8 1 7244
4 8 2 3482
4 8 3 6248
4 8 4 0
4 8 5 5547
4 8 6 6395
4 8 7 4984
4 8 8 0
4 8 9 4719
4 8 10 5415
4 8 11 4553
4 8 12 4786
4 8 13 4538
4 8 14 4287
4 8 15 7948
4 9 0 2780
4 9 1 4573
4 9 2 5739
4 9 3 6972
4 9 4 0
4 9 5 8691
4 9 6 6827
4 9 7 4603
4 9 8 6771
4 9 9 0
4 9 10 7889
4 9 11 5932
4 9 12 6965
4 9 13 8460
4 9 14 7230
4 9 15 6350
4 10 0 9727
4 10 1 6782
4 10 2 8299
4 10 3 6259
4 10 4 0
4 10 5 5230
4 10 6 4748
4 10 7 8555
4 10 8 8305
4 10 9 7073
4 10 10 0
4 10 11 7204
4 10 12 4806
4 10 13 7291
4 10 14 7633
4 10 15 7563
4 11 0 3485
4 11 1 6289
4 11 2 2743
4 11 3 5784
4 11 4 0
4 11 5 6278
4 11 6 5398
4 11 7 6459
4 11 8 4245
4 11 9 4183
4 11 10 6129
4 11 11 0
4 11 12 8612
4 11 13 5706
4 11 14 8577
4 11 15 8114
4 12 0 5434
4 12 1 5203
4 12 2 4856
4 12 3 4831
4 12 4 0
4 12 5 4672
4 12 6 2193
4 12 7 6648
4 12 8 7013
4 12 9 5317
4 12 10 2530
4 12 11 3771
4 12 12 0
4 12 13 6048
4 12 14 3707
4 12 15 5139
4 13 0 4920
4 13 1 2054
4 13 2 5435
4 13 3 4837
4 13 4 0
4 13 5 3616
4 13 6 6131
4 13 7 6157
4 13 8 7905
4 13 9 5603
4 13 10 6514
4 13 11 5536
4 13 12 4211
4 13 13 0
4 13 14 5657
4 13 15 8409
4 14 0 4855
4 14 1 6589
4 14 2 6175
4 14 3 6793
4 14 4 0
4 14 5 7365
4 14 6 7208
4 14 7 4955
4 14 8 3796
4 14 9 6103
4 14 10 3835
4 14 11 6765
4 14 12 6564
4 14 13 4239
4 14 14 0
4 14 15 3518
4 15 0 8799
4 15 1 5717
4 15 2 8766
4 15 3 6087
4 15 4 0
4 15 5 1128
4 15 6 4826
4 15 7 82
4 15 8 2253
4 15 9 4772
4 15 10 1025
4 15 11 2810
4 15 12 2777
4 15 13 4488
4 15 14 2528
4 15 15 0
5 0 0 0
5 0 1 5213
5 0 2 3239
5 0 3 3620
5 0 4 5628
5 0 5 0
5 0 6 5003
5 0 7 3726
5 0 8 6142
5 0 9 1625
5 0 10 6390
5 0 11 3447
5 0 12 4862
5 0 13 4587
5 0 14 1666
5 0 15 5339
5 1 0 6091
5 1 1 0
5 1 2 3271
5 1 3 6929
5 1 4 3550
5 1 5 0
5 1 6 4157
5 1 7 6999
5 1 8 6385
5 1 9 4544
5 1 10 4571
5 1 11 7377
5 1 12 5757
5 1 13 2847
5 1 14 4526
5 1 15 3383
5 2 0 3990
5 2 1 2224
5 2 2 0
5 2 3 5160
5 2 4 4773
5 2 5 0
5 2 6 3928
5 2 7 7055
5 2 8 3027
5 2 9 6114
5 2 10 6492
5 2 11 4235
5 2 12 5814
5 2 13 6632
5 2 14 4516
5 2 15 6836
5 3 0 6555
5 3 1 7902
5 3 2 5836
5 3 3 0
5 3 4 8689
5 3 5 0
5 3 6 2296
5 3 7 4855
5 3 8 5034
5 3 9 6588
5 3 10 3693
5 3 11 6517
5 3 12 5030
5 3 13 5275
5 3 14 4375
5 3 15 3398
5 4 0 6294
5 4 1 7518
5 4 2 4755
5 4 3 8565
5 4 4 0
5 4 5 0
5 4 6 5199
5 4 7 5170
5 4 8 7321
5 4 9 8074
5 4 10 8207
5 4 11 7462
5 4 12 5945
5 4 13 7326
5 4 14 7000
5 4 15 3830
5 5 0 0
5 5 1 0
5 5 2 0
5 5 3 0
5 5 4 0
5 5 5 0
5 5 6 0
5 5 7 0
5 5 8 0
5 5 9 0
5 5 10 0
5 5 11 0
5 5 12 0
5 5 13 0
5 5 14 0
5 5 15 0
5 6 0 3550
5 6 1 1578
5 6 2 945
5 6 3 72
5 6 4 1423
5 6 5 0
5 6 6 0
5 6 7 3002
5 6 8 4211
5 6 9 2468
5 6 10 4722
5 6 11 4416
5 6 12 4890
5 6 13 2762
5 6 14 1157
5 6 15 323
5 7 0 2607
5 7 1 4754
5 7 2 4406
5 7 3 2965
5 7 4 1728
5 7 5 0
5 7 6 7141
5 7 7 0
5 7 8 5796
5 7 9 5006
5 7 10 7505
5 7 11 6826
5 7 12 8323
5 7 13 7435
5 7 14 7722
5 7 15 3685
5 8 0 6691
5 8 1 5808
5 8 2 2046
5 8 3 4812
5 8 4 5547
5 8 5 0
5 8 6 3340
5 8 7 1929
5 8 8 0
5 8 9 1664
5 8 10 2360
5 8 11 1498
5 8 12 1731
5 8 13 1483
5 8 14 1232
5 8 15 4893
5 9 0 4565
5 9 1 6358
5 9 2 7524
5 9 3 8757
5 9 4 8691
5 9 5 0
5 9 6 6355
5 9 7 4131
5 9 8 6299
5 9 9 0
5 9 10 7417
5 9 11 5460
5 9 12 6493
5 9 13 7988
5 9 14 6758
5 9 15 5878
5 10 0 5736
5 10 1 2791
5 10 2 4308
5 10 3 2268
5 10 4 5230
5 10 5 0
5 10 6 4244
5 10 7 8051
5 10 8 7801
5 10 9 6569
5 10 10 0
5 10 11 6700
5 10 12 4302
5 10 13 6787
5 10 14 7129
5 10 15 7059
5 11 0 4586
5 11 1 7390
5 11 2 3844
5 11 3 6885
5 11 4 6278
5 11 5 0
5 11 6 3967
5 11 7 5028
5 11 8 2814
5 11 9 2752
5 11 10 4698
5 11 11 0
5 11 12 7181
5 11 13 4275
5 11 14 7146
5 11 15 6683
5 12 0 5912
5 12 1 5681
5 12 2 5334
5 12 3 5309
5 12 4 4672
5 12 5 0
5 12 6 2705
5 12 7 7160
5 12 8 7525
5 12 9 5829
5 12 10 3042
5 12 11 4283
5 12 12 0
5 12 13 6560
5 12 14 4219
5 12 15 5651
5 13 0 3200
5 13 1 334
5 13 2 3715
5 13 3 3117
5 13 4 3616
5 13 5 0
5 13 6 5817
5 13 7 5843
5 13 8 7591
5 13 9 5289
5 13 10 6200
5 13 11 5222
5 13 12 3897
5 13 13 0
5 13 14 5343
5 13 15 8095
5 14 0 4354
5 14 1 6088
5 14 2 5674
5 14 3 6292
5 14 4 7365
5 14 5 0
5 14 6 7923
5 14 7 5670
5 14 8 4511
5 14 9 6818
5 14 10 4550
5 14 11 7480
5 14 12 7279
5 14 13 4954
5 14 14 0
5 14 15 4233
5 15 0 4960
5 15 1 1878
5 15 2 4927
5 15 3 2248
5 15 4 1128
5 15 5 0
5 15 6 6774
5 15 7 2030
5 15 8 4201
5 15 9 6720
5 15 10 2973
5 15 11 4758
5 15 12 4725
5 15 13 6436
5 15 14 4476
5 15 15 0
6 0 0 0
6 0 1 5873
6 0 2 3899
6 0 3 4280
6 0 4 6288
6 0 5 5003
6 0 6 0
6 0 7 3888
6 0 8 6304
6 0 9 1787
6 0 10 6552
6 0 11 3609
6 0 12 5024
6 0 13 4749
6 0 14 1828
6 0 15 5501
6 1 0 4641
6 1 1 0
6 1 2 1821
6 1 3 5479
6 1 4 2100
6 1 5 4157
6 1 6 0
6 1 7 5670
6 1 8 5056
6 1 9 3215
6 1 10 3242
6 1 11 6048
6 1 12 4428
6 1 13 1518
6 1 14 3197
6 1 15 2054
6 2 0 2766
6 2 1 1000
6 2 2 0
6 2 3 3936
6 2 4 3549
6 2 5 3928
6 2 6 0
6 2 7 6156
6 2 8 2128
6 2 9 5215
6 2 10 5593
6 2 11 3336
6 2 12 4915
6 2 13 5733
6 2 14 3617
6 2 15 5937
6 3 0 2132
6 3 1 3479
6 3 2 1413
6 3 3 0
6 3 4 4266
6 3 5 2296
6 3 6 0
6 3 7 6160
6 3 8 6339
6 3 9 7893
6 3 10 4998
6 3 11 7822
6 3 12 6335
6 3 13 6580
6 3 14 5680
6 3 15 4703
6 4 0 3711
6 4 1 4935
6 4 2 2172
6 4 3 5982
6 4 4 0
6 4 5 5199
6 4 6 0
6 4 7 6124
6 4 8 8275
6 4 9 9028
6 4 10 9161
6 4 11 8416
6 4 12 6899
6 4 13 8280
6 4 14 7954
6 4 15 4784
6 5 0 3098
6 5 1 3236
6 5 2 2377
6 5 3 4703
6 5 4 4214
6 5 5 0
6 5 6 0
6 5 7 3720
6 5 8 490
6 5 9 3826
6 5 10 3927
6 5 11 2255
6 5 12 2681
6 5 13 3236
6 5 14 3939
6 5 15 2002
6 6 0 0
6 6 1 0
6 6 2 0
6 6 3 0
6 6 4 0
6 6 5 0
6 6 6 0
6 6 7 0
6 6 8 0
6 6 9 0
6 6 10 0
6 6 11 0
6 6 12 0
6 6 13 0
6 6 14 0
6 6 15 0
6 7 0 5694
6 7 1 7841
6 7 2 7493
6 7 3 6052
6 7 4 4815
6 7 5 7141
6 7 6 0
6 7 7 0
6 7 8 4870
6 7 9 4080
6 7 10 6579
6 7 11 5900
6 7 12 7397
6 7 13 6509
6 7 14 6796
6 7 15 2759
6 8 0 7539
6 8 1 6656
6 8 2 2894
6 8 3 5660
6 8 4 6395
6 8 5 3340
6 8 6 0
6 8 7 5442
6 8 8 0
6 8 9 5177
6 8 10 5873
6 8 11 5011
6 8 12 5244
6 8 13 4996
6 8 14 4745
6 8 15 8406
6 9 0 2701
6 9 1 4494
6 9 2 5660
6 9 3 6893
6 9 4 6827
6 9 5 6355
6 9 6 0
6 9 7 2565
6 9 8 4733
6 9 9 0
6 9 10 5851
6 9 11 3894
6 9 12 4927
6 9 13 6422
6 9 14 5192
6 9 15 4312
6 10 0 5254
6 10 1 2309
6 10 2 3826
6 10 3 1786
6 10 4 4748
6 10 5 4244
6 10 6 0
6 10 7 8638
6 10 8 8388
6 10 9 7156
6 10 10 0
6 10 11 7287
6 10 12 4889
6 10 13 7374
6 10 14 7716
6 10 15 7646
6 11 0 3706
6 11 1 6510
6 11 2 2964
6 11 3 6005
6 11 4 5398
6 11 5 3967
6 11 6 0
6 11 7 6981
6 11 8 4767
6 11 9 4705
6 11 10 6651
6 11 11 0
6 11 12 9134
6 11 13 6228
6 11 14 9099
6 11 15 8636
6 12 0 3433
6 12 1 3202
6 12 2 2855
6 12 3 2830
6 12 4 2193
6 12 5 2705
6 12 6 0
6 12 7 9161
6 12 8 9526
6 12 9 7830
6 12 10 5043
6 12 11 6284
6 12 12 0
6 12 13 8561
6 12 14 6220
6 12 15 7652
6 13 0 5715
6 13 1 2849
6 13 2 6230
6 13 3 5632
6 13 4 6131
6 13 5 5817
6 13 6 0
6 13 7 5161
6 13 8 6909
6 13 9 4607
6 13 10 5518
6 13 11 4540
6 13 12 3215
6 13 13 0
6 13 14 4661
6 13 15 7413
6 14 0 4197
6 14 1 5931
6 14 2 5517
6 14 3 6135
6 14 4 7208
6 14 5 7923
6 14 6 0
6 14 7 2680
6 14 8 1521
6 14 9 3828
6 14 10 1560
6 14 11 4490
6 14 12 4289
6 14 13 1964
6 14 14 0
6 14 15 1243
6 15 0 8658
6 15 1 5576
6 15 2 8625
6 15 3 5946
6 15 4 4826
6 15 5 6774
6 15 6 0
6 15 7 143
6 15 8 2314
6 15 9 4833
6 15 10 1086
6 15 11 2871
6 15 12 2838
6 15 13 4549
6 15 14 2589
6 15 15 0
7 0 0 0
7 0 1 4596
7 0 2 2622
7 0 3 3003
7 0 4 5011
7 0 5 3726
7 0 6 3888
7 0 7 0
7 0 8 5535
7 0 9 1018
7 0 10 5783
7 0 11 2840
7 0 12 4255
7 0 13 3980
7 0 14 1059
7 0 15 4732
7 1 0 7483
7 1 1 0
7 1 2 4663
7 1 3 8321
7 1 4 4942
7 1 5 6999
7 1 6 5670
7 1 7 0
7 1 8 5991
7 1 9 4150
7 1 10 4177
7 1 11 6983
7 1 12 5363
7 1 13 2453
7 1 14 4132
7 1 15 2989
7 2 0 5893
7 2 1 4127
7 2 2 0
7 2 3 7063
7 2 4 6676
7 2 5 7055
7 2 6 6156
7 2 7 0
7 2 8 278
7 2 9 3365
7 2 10 3743
7 2 11 1486
7 2 12 3065
7 2 13 3883
7 2 14 1767
7 2 15 4087
7 3 0 4691
7 3 1 6038
7 3 2 3972
7 3 3 0
7 3 4 6825
7 3 5 4855
7 3 6 6160
7 3 7 0
7 3 8 5341
7 3 9 6895
7 3 10 4000
7 3 11 6824
7 3 12 5337
7 3 13 5582
7 3 14 4682
7 3 15 3705
7 4 0 3682
7 4 1 4906
7 4 2 2143
7 4 3 5953
7 4 4 0
7 4 5 5170
7 4 6 6124
7 4 7 0
7 4 8 7421
7 4 9 8174
7 4 10 8307
7 4 11 7562
7 4 12 6045
7 4 13 7426
7 4 14 7100
7 4 15 3930
7 5 0 6528
7 5 1 6666
7 5 2 5807
7 5 3 8133
7 5 4 7644
7 5 5 0
7 5 6 3720
7 5 7 0
7 5 8 824
7 5 9 4160
7 5 10 4261
7 5 11 2589
7 5 12 3015
7 5 13 3570
7 5 14 4273
7 5 15 2336
7 6 0 6262
7 6 1 4290
7 6 2 3657
7 6 3 2784
7 6 4 4135
7 6 5 3002
7 6 6 0
7 6 7 0
7 6 8 7424
7 6 9 5681
7 6 10 7935
7 6 11 7629
7 6 12 8103
7 6 13 5975
7 6 14 4370
7 6 15 3536
7 7 0 0
7 7 1 0
7 7 2 0
7 7 3 0
7 7 4 0
7 7 5 0
7 7 6 0
7 7 7 0
7 7 8 0
7 7 9 0
7 7 10 0
7 7 11 0
7 7 12 0
7 7 13 0
7 7 14 0
7 7 15 0
7 8 0 6128
7 8 1 5245
7 8 2 1483
7 8 3 4249
7 8 4 4984
7 8 5 1929
7 8 6 5442
7 8 7 0
7 8 8 0
7 8 9 3332
7 8 10 4028
7 8 11 3166
7 8 12 3399
7 8 13 3151
7 8 14 2900
7 8 15 6561
7 9 0 477
7 9 1 2270
7 9 2 3436
7 9 3 4669
7 9 4 4603
7 9 5 4131
7 9 6 2565
7 9 7 0
7 9 8 3841
7 9 9 0
7 9 10 4959
7 9 11 3002
7 9 12 4035
7 9 13 5530
7 9 14 4300
7 9 15 3420
7 10 0 9061
7 10 1 6116
7 10 2 7633
7 10 3 5593
7 10 4 8555
7 10 5 8051
7 10 6 8638
7 10 7 0
7 10 8 7741
7 10 9 6509
7 10 10 0
7 10 11 6640
7 10 12 4242
7 10 13 6727
7 10 14 7069
7 10 15 6999
7 11 0 4767
7 11 1 7571
7 11 2 4025
7 11 3 7066
7 11 4 6459
7 11 5 5028
7 11 6 6981
7 11 7 0
7 11 8 3747
7 11 9 3685
7 11 10 5631
7 11 11 0
7 11 12 8114
7 11 13 5208
7 11 14 8079
7 11 15 7616
7 12 0 7888
7 12 1 7657
7 12 2 7310
7 12 3 7285
7 12 4 6648
7 12 5 7160
7 12 6 9161
7 12 7 0
7 12 8 9529
7 12 9 7833
7 12 10 5046
7 12 11 6287
7 12 12 0
7 12 13 8564
7 12 14 6223
7 12 15 7655
7 13 0 5741
7 13 1 2875
7 13 2 6256
7 13 3 5658
7 13 4 6157
7 13 5 5843
7 13 6 5161
7 13 7 0
7 13 8 8152
7 13 9 5850
7 13 10 6761
7 13 11 5783
7 13 12 4458
7 13 13 0
7 13 14 5904
7 13 15 8656
7 14 0 1944
7 14 1 3678
7 14 2 3264
7 14 3 3882
7 14 4 4955
7 14 5 5670
7 14 6 2680
7 14 7 0
7 14 8 4656
7 14 9 6963
7 14 10 4695
7 14 11 7625
7 14 12 7424
7 14 13 5099
7 14 14 0
7 14 15 4378
7 15 0 3914
7 15 1 832
7 15 2 3881
7 15 3 1202
7 15 4 82
7 15 5 2030
7 15 6 143
7 15 7 0
7 15 8 2246
7 15 9 4765
7 15 10 1018
7 15 11 2803
7 15 12 2770
7 15 13 4481
7 15 14 2521
7 15 15 0
8 0 0 0
8 0 1 7012
8 0 2 5038
8 0 3 5419
8 0 4 7427
8 0 5 6142
8 0 6 6304
8 0 7 5535
8 0 8 0
8 0 9 3487
8 0 10 8252
8 0 11 5309
8 0 12 6724
8 0 13 6449
8 0 14 3528
8 0 15 7201
8 1 0 6869
8 1 1 0
8 1 2 4049
8 1 3 7707
8 1 4 4328
8 1 5 6385
8 1 6 5056
8 1 7 5991
8 1 8 0
8 1 9 3486
8 1 10 3513
8 1 11 6319
8 1 12 4699
8 1 13 1789
8 1 14 3468
8 1 15 2325
8 2 0 1865
8 2 1 99
8 2 2 0
8 2 3 3035
8 2 4 2648
8 2 5 3027
8 2 6 2128
8 2 7 278
8 2 8 0
8 2 9 3574
8 2 10 3952
8 2 11 1695
8 2 12 3274
8 2 13 4092
8 2 14 1976
8 2 15 4296
8 3 0 4870
8 3 1 6217
8 3 2 4151
8 3 3 0
8 3 4 7004
8 3 5 5034
8 3 6 6339
8 3 7 5341
8 3 8 0
8 3 9 9146
8 3 10 6251
8 3 11 9075
8 3 12 7588
8 3 13 7833
8 3 14 6933
8 3 15 5956
8 4 0 5833
8 4 1 7057
8 4 2 4294
8 4 3 8104
8 4 4 0
8 4 5 7321
8 4 6 8275
8 4 7 7421
8 4 8 0
8 4 9 7736
8 4 10 7869
8 4 11 7124
8 4 12 5607
8 4 13 6988
8 4 14 6662
8 4 15 3492
8 5 0 3298
8 5 1 3436
8 5 2 2577
8 5 3 4903
8 5 4 4414
8 5 5 0
8 5 6 490
8 5 7 824
8 5 8 0
8 5 9 5828
8 5 10 5929
8 5 11 4257
8 5 12 4683
8 5 13 5238
8 5 14 5941
8 5 15 4004
8 6 0 7471
8 6 1 5499
8 6 2 4866
8 6 3 3993
8 6 4 5344
8 6 5 4211
8 6 6 0
8 6 7 7424
8 6 8 0
8 6 9 5110
8 6 10 7364
8 6 11 7058
8 6 12 7532
8 6 13 5404
8 6 14 3799
8 6 15 2965
8 7 0 4349
8 7 1 6496
8 7 2 6148
8 7 3 4707
8 7 4 3470
8 7 5 5796
8 7 6 4870
8 7 7 0
8 7 8 0
8 7 9 2807
8 7 10 5306
8 7 11 4627
8 7 12 6124
8 7 13 5236
8 7 14 5523
8 7 15 1486
8 8 0 0
8 8 1 0
8 8 2 0
8 8 3 0
8 8 4 0
8 8 5 0
8 8 6 0
8 8 7 0
8 8 8 0
8 8 9 0
8 8 10 0
8 8 11 0
8 8 12 0
8 8 13 0
8 8 14 0
8 8 15 0
8 9 0 2645
8 9 1 4438
8 9 2 5604
8 9 3 6837
8 9 4 6771
8 9 5 6299
8 9 6 4733
8 9 7 3841
8 9 8 0
8 9 9 0
8 9 10 4847
8 9 11 2890
8 9 12 3923
8 9 13 5418
8 9 14 4188
8 9 15 3308
8 10 0 8811
8 10 1 5866
8 10 2 7383
8 10 3 5343
8 10 4 8305
8 10 5 7801
8 10 6 8388
8 10 7 7741
8 10 8 0
8 10 9 4594
8 10 10 0
8 10 11 4725
8 10 12 2327
8 10 13 4812
8 10 14 5154
8 10 15 5084
8 11 0 2553
8 11 1 5357
8 11 2 1811
8 11 3 4852
8 11 4 4245
8 11 5 2814
8 11 6 4767
8 11 7 3747
8 11 8 0
8 11 9 1587
8 11 10 3533
8 11 11 0
8 11 12 6016
8 11 13 3110
8 11 14 5981
8 11 15 5518
8 12 0 8253
8 12 1 8022
8 12 2 7675
8 12 3 7650
8 12 4 7013
8 12 5 7525
8 12 6 9526
8 12 7 9529
8 12 8 0
8 12 9 4471
8 12 10 1684
8 12 11 2925
8 12 12 0
8 12 13 5202
8 12 14 2861
8 12 15 4293
8 13 0 7489
8 13 1 4623
8 13 2 8004
8 13 3 7406
8 13 4 7905
8 13 5 7591
8 13 6 6909
8 13 7 8152
8 13 8 0
8 13 9 3128
8 13 10 4039
8 13 11 3061
8 13 12 1736
8 13 13 0
8 13 14 3182
8 13 15 5934
8 14 0 785
8 14 1 2519
8 14 2 2105
8 14 3 2723
8 14 4 3796
8 14 5 4511
8 14 6 1521
8 14 7 4656
8 14 8 0
8 14 9 3703
8 14 10 1435
8 14 11 4365
8 14 12 4164
8 14 13 1839
8 14 14 0
8 14 15 1118
8 15 0 6085
8 15 1 3003
8 15 2 6052
8 15 3 3373
8 15 4 2253
8 15 5 4201
8 15 6 2314
8 15 7 2246
8 15 8 0
8 15 9 9203
8 15 10 5456
8 15 11 7241
8 15 12 7208
8 15 13 8919
8 15 14 6959
8 15 15 0
9 0 0 0
9 0 1 2495
9 0 2 521
9 0 3 902
9 0 4 2910
9 0 5 1625
9 0 6 1787
9 0 7 1018
9 0 8 3487
9 0 9 0
9 0 10 6321
9 0 11 3378
9 0 12 4793
9 0 13 4518
9 0 14 1597
9 0 15 5270
9 1 0 5028
9 1 1 0
9 1 2 2208
9 1 3 5866
9 1 4 2487
9 1 5 4544
9 1 6 3215
9 1 7 4150
9 1 8 3486
9 1 9 0
9 1 10 2475
9 1 11 5281
9 1 12 3661
9 1 13 751
9 1 14 2430
9 1 15 1287
9 2 0 4952
9 2 1 3186
9 2 2 0
9 2 3 6122
9 2 4 5735
9 2 5 6114
9 2 6 5215
9 2 7 3365
9 2 8 3574
9 2 9 0
9 2 10 8203
9 2 11 5946
9 2 12 7525
9 2 13 8343
9 2 14 6227
9 2 15 8547
9 3 0 6424
9 3 1 7771
9 3 2 5705
9 3 3 0
9 3 4 8558
9 3 5 6588
9 3 6 7893
9 3 7 6895
9 3 8 9146
9 3 9 0
9 3 10 4784
9 3 11 7608
9 3 12 6121
9 3 13 6366
9 3 14 5466
9 3 15 4489
9 4 0 6586
9 4 1 7810
9 4 2 5047
9 4 3 8857
9 4 4 0
9 4 5 8074
9 4 6 9028
9 4 7 8174
9 4 8 7736
9 4 9 0
9 4 10 7039
9 4 11 6294
9 4 12 4777
9 4 13 6158
9 4 14 5832
9 4 15 2662
9 5 0 6634
9 5 1 6772
9 5 2 5913
9 5 3 8239
9 5 4 7750
9 5 5 0
9 5 6 3826
9 5 7 4160
9 5 8 5828
9 5 9 0
9 5 10 8320
9 5 11 6648
9 5 12 7074
9 5 13 7629
9 5 14 8332
9 5 15 6395
9 6 0 5728
9 6 1 3756
9 6 2 3123
9 6 3 2250
9 6 4 3601
9 6 5 2468
9 6 6 0
9 6 7 5681
9 6 8 5110
9 6 9 0
9 6 10 7043
9 6 11 6737
9 6 12 7211
9 6 13 5083
9 6 14 3478
9 6 15 2644
9 7 0 3559
9 7 1 5706
9 7 2 5358
9 7 3 3917
9 7 4 2680
9 7 5 5006
9 7 6 4080
9 7 7 0
9 7 8 2807
9 7 9 0
9 7 10 4172
9 7 11 3493
9 7 12 4990
9 7 13 4102
9 7 14 4389
9 7 15 352
9 8 0 5863
9 8 1 4980
9 8 2 1218
9 8 3 3984
9 8 4 4719
9 8 5 1664
9 8 6 5177
9 8 7 3332
9 8 8 0
9 8 9 0
9 8 10 4425
9 8 11 3563
9 8 12 3796
9 8 13 3548
9 8 14 3297
9 8 15 6958
9 9 0 0
9 9 1 0
9 9 2 0
9 9 3 0
9 9 4 0
9 9 5 0
9 9 6 0
9 9 7 0
9 9 8 0
9 9 9 0
9 9 10 0
9 9 11 0
9 9 12 0
9 9 13 0
9 9 14 0
9 9 15 0
9 10 0 7579
9 10 1 4634
9 10 2 6151
9 10 3 4111
9 10 4 7073
9 10 5 6569
9 10 6 7156
9 10 7 6509
9 10 8 4594
9 10 9 0
9 10 10 0
9 10 11 6446
9 10 12 4048
9 10 13 6533
9 10 14 6875
9 10 15 6805
9 11 0 2491
9 11 1 5295
9 11 2 1749
9 11 3 4790
9 11 4 4183
9 11 5 2752
9 11 6 4705
9 11 7 3685
9 11 8 1587
9 11 9 0
9 11 10 4159
9 11 11 0
9 11 12 6642
9 11 13 3736
9 11 14 6607
9 11 15 6144
9 12 0 6557
9 12 1 6326
9 12 2 5979
9 12 3 5954
9 12 4 5317
9 12 5 5829
9 12 6 7830
9 12 7 7833
9 12 8 4471
9 12 9 0
9 12 10 3110
9 12 11 4351
9 12 12 0
9 12 13 6628
9 12 14 4287
9 12 15 5719
9 13 0 5187
9 13 1 2321
9 13 2 5702
9 13 3 5104
9 13 4 5603
9 13 5 5289
9 13 6 4607
9 13 7 5850
9 13 8 3128
9 13 9 0
9 13 10 7208
9 13 11 6230
9 13 12 4905
9 13 13 0
9 13 14 6351
9 13 15 9103
9 14 0 3092
9 14 1 4826
9 14 2 4412
9 14 3 5030
9 14 4 6103
9 14 5 6818
9 14 6 3828
9 14 7 6963
9 14 8 3703
9 14 9 0
9 14 10 3625
9 14 11 6555
9 14 12 6354
9 14 13 4029
9 14 14 0
9 14 15 3308
9 15 0 8604
9 15 1 5522
9 15 2 8571
9 15 3 5892
9 15 4 4772
9 15 5 6720
9 15 6 4833
9 15 7 4765
9 15 8 9203
9 15 9 0
9 15 10 3105
9 15 11 4890
9 15 12 4857
9 15 13 6568
9 15 14 4608
9 15 15 0
10 0 0 0
10 0 1 7260
10 0 2 5286
10 0 3 5667
10 0 4 7675
10 0 5 6390
10 0 6 6552
10 0 7 5783
10 0 8 8252
10 0 9 6321
10 0 10 0
10 0 11 6106
10 0 12 7521
10 0 13 7246
10 0 14 4325
10 0 15 7998
10 1 0 5055
10 1 1 0
10 1 2 2235
10 1 3 5893
10 1 4 2514
10 1 5 4571
10 1 6 3242
10 1 7 4177
10 1 8 3513
10 1 9 2475
10 1 10 0
10 1 11 7660
10 1 12 6040
10 1 13 3130
10 1 14 4809
10 1 15 3666
10 2 0 5330
10 2 1 3564
10 2 2 0
10 2 3 6500
10 2 4 6113
10 2 5 6492
10 2 6 5593
10 2 7 3743
10 2 8 3952
10 2 9 8203
10 2 10 0
10 2 11 4147
10 2 12 5726
10 2 13 6544
10 2 14 4428
10 2 15 6748
10 3 0 3529
10 3 1 4876
10 3 2 2810
10 3 3 0
10 3 4 5663
10 3 5 3693
10 3 6 4998
10 3 7 4000
10 3 8 6251
10 3 9 4784
10 3 10 0
10 3 11 6790
10 3 12 5303
10 3 13 5548
10 3 14 4648
10 3 15 3671
10 4 0 6719
10 4 1 7943
10 4 2 5180
10 4 3 8990
10 4 4 0
10 4 5 8207
10 4 6 9161
10 4 7 8307
10 4 8 7869
10 4 9 7039
10 4 10 0
10 4 11 8476
10 4 12 6959
10 4 13 8340
10 4 14 8014
10 4 15 4844
10 5 0 6735
10 5 1 6873
10 5 2 6014
10 5 3 8340
10 5 4 7851
10 5 5 0
10 5 6 3927
10 5 7 4261
10 5 8 5929
10 5 9 8320
10 5 10 0
10 5 11 3054
10 5 12 3480
10 5 13 4035
10 5 14 4738
10 5 15 2801
10 6 0 7982
10 6 1 6010
10 6 2 5377
10 6 3 4504
10 6 4 5855
10 6 5 4722
10 6 6 0
10 6 7 7935
10 6 8 7364
10 6 9 7043
10 6 10 0
10 6 11 4525
10 6 12 4999
10 6 13 2871
10 6 14 1266
10 6 15 432
10 7 0 6058
10 7 1 8205
10 7 2 7857
10 7 3 6416
10 7 4 5179
10 7 5 7505
10 7 6 6579
10 7 7 0
10 7 8 5306
10 7 9 4172
10 7 10 0
10 7 11 7312
10 7 12 8809
10 7 13 7921
10 7 14 8208
10 7 15 4171
10 8 0 6559
10 8 1 5676
10 8 2 1914
10 8 3 4680
10 8 4 5415
10 8 5 2360
10 8 6 5873
10 8 7 4028
10 8 8 0
10 8 9 4425
10 8 10 0
10 8 11 4964
10 8 12 5197
10 8 13 4949
10 8 14 4698
10 8 15 8359
10 9 0 3763
10 9 1 5556
10 9 2 6722
10 9 3 7955
10 9 4 7889
10 9 5 7417
10 9 6 5851
10 9 7 4959
10 9 8 4847
10 9 9 0
10 9 10 0
10 9 11 4358
10 9 12 5391
10 9 13 6886
10 9 14 5656
10 9 15 4776
10 10 0 0
10 10 1 0
10 10 2 0
10 10 3 0
10 10 4 0
10 10 5 0
10 10 6 0
10 10 7 0
10 10 8 0
10 10 9 0
10 10 10 0
10 10 11 0
10 10 12 0
10 10 13 0
10 10 14 0
10 10 15 0
10 11 0 4437
10 11 1 7241
10 11 2 3695
10 11 3 6736
10 11 4 6129
10 11 5 4698
10 11 6 6651
10 11 7 5631
10 11 8 3533
10 11 9 4159
10 11 10 0
10 11 11 0
10 11 12 7781
10 11 13 4875
10 11 14 7746
10 11 15 7283
10 12 0 3770
10 12 1 3539
10 12 2 3192
10 12 3 3167
10 12 4 2530
10 12 5 3042
10 12 6 5043
10 12 7 5046
10 12 8 1684
10 12 9 3110
10 12 10 0
10 12 11 2059
10 12 12 0
10 12 13 4336
10 12 14 1995
10 12 15 3427
10 13 0 6098
10 13 1 3232
10 13 2 6613
10 13 3 6015
10 13 4 6514
10 13 5 6200
10 13 6 5518
10 13 7 6761
10 13 8 4039
10 13 9 7208
10 13 10 0
10 13 11 4928
10 13 12 3603
10 13 13 0
10 13 14 5049
10 13 15 7801
10 14 0 824
10 14 1 2558
10 14 2 2144
10 14 3 2762
10 14 4 3835
10 14 5 4550
10 14 6 1560
10 14 7 4695
10 14 8 1435
10 14 9 3625
10 14 10 0
10 14 11 6825
10 14 12 6624
10 14 13 4299
10 14 14 0
10 14 15 3578
10 15 0 4857
10 15 1 1775
10 15 2 4824
10 15 3 2145
10 15 4 1025
10 15 5 2973
10 15 6 1086
10 15 7 1018
10 15 8 5456
10 15 9 3105
10 15 10 0
10 15 11 5970
10 15 12 5937
10 15 13 7648
10 15 14 5688
10 15 15 0
11 0 0 0
11 0 1 4317
11 0 2 2343
11 0 3 2724
11 0 4 4732
11 0 5 3447
11 0 6 3609
11 0 7 2840
11 0 8 5309
11 0 9 3378
11 0 10 6106
11 0 11 0
11 0 12 3979
11 0 13 3704
11 0 14 783
11 0 15 4456
11 1 0 7861
11 1 1 0
11 1 2 5041
11 1 3 8699
11 1 4 5320
11 1 5 7377
11 1 6 6048
11 1 7 6983
11 1 8 6319
11 1 9 5281
11 1 10 7660
11 1 11 0
11 1 12 4600
11 1 13 1690
11 1 14 3369
11 1 15 2226
11 2 0 3073
11 2 1 1307
11 2 2 0
11 2 3 4243
11 2 4 3856
11 2 5 4235
11 2 6 3336
11 2 7 1486
11 2 8 1695
11 2 9 5946
11 2 10 4147
11 2 11 0
11 2 12 5855
11 2 13 6673
11 2 14 4557
11 2 15 6877
11 3 0 6353
11 3 1 7700
11 3 2 5634
11 3 3 0
11 3 4 8487
11 3 5 6517
11 3 6 7822
11 3 7 6824
11 3 8 9075
11 3 9 7608
11 3 10 6790
11 3 11 0
11 3 12 3154
11 3 13 3399
11 3 14 2499
11 3 15 1522
11 4 0 5974
11 4 1 7198
11 4 2 4435
11 4 3 8245
11 4 4 0
11 4 5 7462
11 4 6 8416
11 4 7 7562
11 4 8 7124
11 4 9 6294
11 4 10 8476
11 4 11 0
11 4 12 3660
11 4 13 5041
11 4 14 4715
11 4 15 1545
11 5 0 5063
11 5 1 5201
11 5 2 4342
11 5 3 6668
11 5 4 6179
11 5 5 0
11 5 6 2255
11 5 7 2589
11 5 8 4257
11 5 9 6648
11 5 10 3054
11 5 11 0
11 5 12 5273
11 5 13 5828
11 5 14 6531
11 5 15 4594
11 6 0 7676
11 6 1 5704
11 6 2 5071
11 6 3 4198
11 6 4 5549
11 6 5 4416
11 6 6 0
11 6 7 7629
11 6 8 7058
11 6 9 6737
11 6 10 4525
11 6 11 0
11 6 12 6394
11 6 13 4266
11 6 14 2661
11 6 15 1827
11 7 0 5379
11 7 1 7526
11 7 2 7178
11 7 3 5737
11 7 4 4500
11 7 5 6826
11 7 6 5900
11 7 7 0
11 7 8 4627
11 7 9 3493
11 7 10 7312
11 7 11 0
11 7 12 7458
11 7 13 6570
11 7 14 6857
11 7 15 2820
11 8 0 5697
11 8 1 4814
11 8 2 1052
11 8 3 3818
11 8 4 4553
11 8 5 1498
11 8 6 5011
11 8 7 3166
11 8 8 0
11 8 9 3563
11 8 10 4964
11 8 11 0
11 8 12 1882
11 8 13 1634
11 8 14 1383
11 8 15 5044
11 9 0 1806
11 9 1 3599
11 9 2 4765
11 9 3 5998
11 9 4 5932
11 9 5 5460
11 9 6 3894
11 9 7 3002
11 9 8 2890
11 9 9 0
11 9 10 4358
11 9 11 0
11 9 12 3246
11 9 13 4741
11 9 14 3511
11 9 15 2631
11 10 0 7710
11 10 1 4765
11 10 2 6282
11 10 3 4242
11 10 4 7204
11 10 5 6700
11 10 6 7287
11 10 7 6640
11 10 8 4725
11 10 9 6446
11 10 10 0
11 10 11 0
11 10 12 2900
11 10 13 5385
11 10 14 5727
11 10 15 5657
11 11 0 0
11 11 1 0
11 11 2 0
11 11 3 0
11 11 4 0
11 11 5 0
11 11 6 0
11 11 7 0
11 11 8 0
11 11 9 0
11 11 10 0
11 11 11 0
11 11 12 0
11 11 13 0
11 11 14 0
11 11 15 0
11 12 0 5011
11 12 1 4780
11 12 2 4433
11 12 3 4408
11 12 4 3771
11 12 5 4283
11 12 6 6284
11 12 7 6287
11 12 8 2925
11 12 9 4351
11 12 10 2059
11 12 11 0
11 12 12 0
11 12 13 8887
11 12 14 6546
11 12 15 7978
11 13 0 5120
11 13 1 2254
11 13 2 5635
11 13 3 5037
11 13 4 5536
11 13 5 5222
11 13 6 4540
11 13 7 5783
11 13 8 3061
11 13 9 6230
11 13 10 4928
11 13 11 0
11 13 12 2763
11 13 13 0
11 13 14 4209
11 13 15 6961
11 14 0 3754
11 14 1 5488
11 14 2 5074
11 14 3 5692
11 14 4 6765
11 14 5 7480
11 14 6 4490
11 14 7 7625
11 14 8 4365
11 14 9 6555
11 14 10 6825
11 14 11 0
11 14 12 8313
11 14 13 5988
11 14 14 0
11 14 15 5267
11 15 0 6642
11 15 1 3560
11 15 2 6609
11 15 3 3930
11 15 4 2810
11 15 5 4758
11 15 6 2871
11 15 7 2803
11 15 8 7241
11 15 9 4890
11 15 10 5970
11 15 11 0
11 15 12 7233
11 15 13 8944
11 15 14 6984
11 15 15 0
12 0 0 0
12 0 1 5732
12 0 2 3758
12 0 3 4139
12 0 4 6147
12 0 5 4862
12 0 6 5024
12 0 7 4255
12 0 8 6724
12 0 9 4793
12 0 10 7521
12 0 11 3979
12 0 12 0
12 0 13 8074
12 0 14 5153
12 0 15 8826
12 1 0 6241
12 1 1 0
12 1 2 3421
12 1 3 7079
12 1 4 3700
12 1 5 5757
12 1 6 4428
12 1 7 5363
12 1 8 4699
12 1 9 3661
12 1 10 6040
12 1 11 4600
12 1 12 0
12 1 13 2925
12 1 14 4604
12 1 15 3461
12 2 0 4652
12 2 1 2886
12 2 2 0
12 2 3 5822
12 2 4 5435
12 2 5 5814
12 2 6 4915
12 2 7 3065
12 2 8 3274
12 2 9 7525
12 2 10 5726
12 2 11 5855
12 2 12 0
12 2 13 7563
12 2 14 5447
12 2 15 7767
12 3 0 4866
12 3 1 6213
12 3 2 4147
12 3 3 0
12 3 4 7000
12 3 5 5030
12 3 6 6335
12 3 7 5337
12 3 8 7588
12 3 9 6121
12 3 10 5303
12 3 11 3154
12 3 12 0
12 3 13 6640
12 3 14 5740
12 3 15 4763
12 4 0 4457
12 4 1 5681
12 4 2 2918
12 4 3 6728
12 4 4 0
12 4 5 5945
12 4 6 6899
12 4 7 6045
12 4 8 5607
12 4 9 4777
12 4 10 6959
12 4 11 3660
12 4 12 0
12 4 13 5575
12 4 14 5249
12 4 15 2079
12 5 0 5489
12 5 1 5627
12 5 2 4768
12 5 3 7094
12 5 4 6605
12 5 5 0
12 5 6 2681
12 5 7 3015
12 5 8 4683
12 5 9 7074
12 5 10 3480
12 5 11 5273
12 5 12 0
12 5 13 5739
12 5 14 6442
12 5 15 4505
12 6 0 8150
12 6 1 6178
12 6 2 5545
12 6 3 4672
12 6 4 6023
12 6 5 4890
12 6 6 0
12 6 7 8103
12 6 8 7532
12 6 9 7211
12 6 10 4999
12 6 11 6394
12 6 12 0
12 6 13 2578
12 6 14 973
12 6 15 139
12 7 0 6876
12 7 1 9023
12 7 2 8675
12 7 3 7234
12 7 4 5997
12 7 5 8323
12 7 6 7397
12 7 7 0
12 7 8 6124
12 7 9 4990
12 7 10 8809
12 7 11 7458
12 7 12 0
12 7 13 8276
12 7 14 8563
12 7 15 4526
12 8 0 5930
12 8 1 5047
12 8 2 1285
12 8 3 4051
12 8 4 4786
12 8 5 1731
12 8 6 5244
12 8 7 3399
12 8 8 0
12 8 9 3796
12 8 10 5197
12 8 11 1882
12 8 12 0
12 8 13 5919
12 8 14 5668
12 8 15 9329
12 9 0 2839
12 9 1 4632
12 9 2 5798
12 9 3 7031
12 9 4 6965
12 9 5 6493
12 9 6 4927
12 9 7 4035
12 9 8 3923
12 9 9 0
12 9 10 5391
12 9 11 3246
12 9 12 0
12 9 13 7392
12 9 14 6162
12 9 15 5282
12 10 0 5312
12 10 1 2367
12 10 2 3884
12 10 3 1844
12 10 4 4806
12 10 5 4302
12 10 6 4889
12 10 7 4242
12 10 8 2327
12 10 9 4048
12 10 10 0
12 10 11 2900
12 10 12 0
12 10 13 3303
12 10 14 3645
12 10 15 3575
12 11 0 6920
12 11 1 9724
12 11 2 6178
12 11 3 9219
12 11 4 8612
12 11 5 7181
12 11 6 9134
12 11 7 8114
12 11 8 6016
12 11 9 6642
12 11 10 7781
12 11 11 0
12 11 12 0
12 11 13 3704
12 11 14 6575
12 11 15 6112
12 12 0 0
12 12 1 0
12 12 2 0
12 12 3 0
12 12 4 0
12 12 5 0
12 12 6 0
12 12 7 0
12 12 8 0
12 12 9 0
12 12 10 0
12 12 11 0
12 12 12 0
12 12 13 0
12 12 14 0
12 12 15 0
12 13 0 3795
12 13 1 929
12 13 2 4310
12 13 3 3712
12 13 4 4211
12 13 5 3897
12 13 6 3215
12 13 7 4458
12 13 8 1736
12 13 9 4905
12 13 10 3603
12 13 11 2763
12 13 12 0
12 13 13 0
12 13 14 6068
12 13 15 8820
12 14 0 3553
12 14 1 5287
12 14 2 4873
12 14 3 5491
12 14 4 6564
12 14 5 7279
12 14 6 4289
12 14 7 7424
12 14 8 4164
12 14 9 6354
12 14 10 6624
12 14 11 8313
12 14 12 0
12 14 13 2635
12 14 14 0
12 14 15 1914
12 15 0 6609
12 15 1 3527
12 15 2 6576
12 15 3 3897
12 15 4 2777
12 15 5 4725
12 15 6 2838
12 15 7 2770
12 15 8 7208
12 15 9 4857
12 15 10 5937
12 15 11 7233
12 15 12 0
12 15 13 7486
12 15 14 5526
12 15 15 0
13 0 0 0
13 0 1 5457
13 0 2 3483
13 0 3 3864
13 0 4 5872
13 0 5 4587
13 0 6 4749
13 0 7 3980
13 0 8 6449
13 0 9 4518
13 0 10 7246
13 0 11 3704
13 0 12 8074
13 0 13 0
13 0 14 4766
13 0 15 8439
13 1 0 3331
13 1 1 0
13 1 2 511
13 1 3 4169
13 1 4 790
13 1 5 2847
13 1 6 1518
13 1 7 2453
13 1 8 1789
13 1 9 751
13 1 10 3130
13 1 11 1690
13 1 12 2925
13 1 13 0
13 1 14 5024
13 1 15 3881
13 2 0 5470
13 2 1 3704
13 2 2 0
13 2 3 6640
13 2 4 6253
13 2 5 6632
13 2 6 5733
13 2 7 3883
13 2 8 4092
13 2 9 8343
13 2 10 6544
13 2 11 6673
13 2 12 7563
13 2 13 0
13 2 14 2956
13 2 15 5276
13 3 0 5111
13 3 1 6458
13 3 2 4392
13 3 3 0
13 3 4 7245
13 3 5 5275
13 3 6 6580
13 3 7 5582
13 3 8 7833
13 3 9 6366
13 3 10 5548
13 3 11 3399
13 3 12 6640
13 3 13 0
13 3 14 3476
13 3 15 2499
13 4 0 5838
13 4 1 7062
13 4 2 4299
13 4 3 8109
13 4 4 0
13 4 5 7326
13 4 6 8280
13 4 7 7426
13 4 8 6988
13 4 9 6158
13 4 10 8340
13 4 11 5041
13 4 12 5575
13 4 13 0
13 4 14 5010
13 4 15 1840
13 5 0 6044
13 5 1 6182
13 5 2 5323
13 5 3 7649
13 5 4 7160
13 5 5 0
13 5 6 3236
13 5 7 3570
13 5 8 5238
13 5 9 7629
13 5 10 4035
13 5 11 5828
13 5 12 5739
13 5 13 0
13 5 14 4005
13 5 15 2068
13 6 0 6022
13 6 1 4050
13 6 2 3417
13 6 3 2544
13 6 4 3895
13 6 5 2762
13 6 6 0
13 6 7 5975
13 6 8 5404
13 6 9 5083
13 6 10 2871
13 6 11 4266
13 6 12 2578
13 6 13 0
13 6 14 3530
13 6 15 2696
13 7 0 5988
13 7 1 8135
13 7 2 7787
13 7 3 6346
13 7 4 5109
13 7 5 7435
13 7 6 6509
13 7 7 0
13 7 8 5236
13 7 9 4102
13 7 10 7921
13 7 11 6570
13 7 12 8276
13 7 13 0
13 7 14 6691
13 7 15 2654
13 8 0 5682
13 8 1 4799
13 8 2 1037
13 8 3 3803
13 8 4 4538
13 8 5 1483
13 8 6 4996
13 8 7 3151
13 8 8 0
13 8 9 3548
13 8 10 4949
13 8 11 1634
13 8 12 5919
13 8 13 0
13 8 14 5179
13 8 15 8840
13 9 0 4334
13 9 1 6127
13 9 2 7293
13 9 3 8526
13 9 4 8460
13 9 5 7988
13 9 6 6422
13 9 7 5530
13 9 8 5418
13 9 9 0
13 9 10 6886
13 9 11 4741
13 9 12 7392
13 9 13 0
13 9 14 5067
13 9 15 4187
13 10 0 7797
13 10 1 4852
13 10 2 6369
13 10 3 4329
13 10 4 7291
13 10 5 6787
13 10 6 7374
13 10 7 6727
13 10 8 4812
13 10 9 6533
13 10 10 0
13 10 11 5385
13 10 12 3303
13 10 13 0
13 10 14 6248
13 10 15 6178
13 11 0 4014
13 11 1 6818
13 11 2 3272
13 11 3 6313
13 11 4 5706
13 11 5 4275
13 11 6 6228
13 11 7 5208
13 11 8 3110
13 11 9 3736
13 11 10 4875
13 11 11 0
13 11 12 3704
13 11 13 0
13 11 14 6959
13 11 15 6496
13 12 0 7288
13 12 1 7057
13 12 2 6710
13 12 3 6685
13 12 4 6048
13 12 5 6560
13 12 6 8561
13 12 7 8564
13 12 8 5202
13 12 9 6628
13 12 10 4336
13 12 11 8887
13 12 12 0
13 12 13 0
13 12 14 2281
13 12 15 3713
13 13 0 0
13 13 1 0
13 13 2 0
13 13 3 0
13 13 4 0
13 13 5 0
13 13 6 0
13 13 7 0
13 13 8 0
13 13 9 0
13 13 10 0
13 13 11 0
13 13 12 0
13 13 13 0
13 13 14 0
13 13 15 0
13 14 0 1228
13 14 1 2962
13 14 2 2548
13 14 3 3166
13 14 4 4239
13 14 5 4954
13 14 6 1964
13 14 7 5099
13 14 8 1839
13 14 9 4029
13 14 10 4299
13 14 11 5988
13 14 12 2635
13 14 13 0
13 14 14 0
13 14 15 2483
13 15 0 8320
13 15 1 5238
13 15 2 8287
13 15 3 5608
13 15 4 4488
13 15 5 6436
13 15 6 4549
13 15 7 4481
13 15 8 8919
13 15 9 6568
13 15 10 7648
13 15 11 8944
13 15 12 7486
13 15 13 0
13 15 14 7415
13 15 15 0
14 0 0 0
14 0 1 2536
14 0 2 562
14 0 3 943
14 0 4 2951
14 0 5 1666
14 0 6 1828
14 0 7 1059
14 0 8 3528
14 0 9 1597
14 0 10 4325
14 0 11 783
14 0 12 5153
14 0 13 4766
14 0 14 0
14 0 15 7241
14 1 0 5010
14 1 1 0
14 1 2 2190
14 1 3 5848
14 1 4 2469
14 1 5 4526
14 1 6 3197
14 1 7 4132
14 1 8 3468
14 1 9 2430
14 1 10 4809
14 1 11 3369
14 1 12 4604
14 1 13 5024
14 1 14 0
14 1 15 2371
14 2 0 3354
14 2 1 1588
14 2 2 0
14 2 3 4524
14 2 4 4137
14 2 5 4516
14 2 6 3617
14 2 7 1767
14 2 8 1976
14 2 9 6227
14 2 10 4428
14 2 11 4557
14 2 12 5447
14 2 13 2956
14 2 14 0
14 2 15 4184
14 3 0 4211
14 3 1 5558
14 3 2 3492
14 3 3 0
14 3 4 6345
14 3 5 4375
14 3 6 5680
14 3 7 4682
14 3 8 6933
14 3 9 5466
14 3 10 4648
14 3 11 2499
14 3 12 5740
14 3 13 3476
14 3 14 0
14 3 15 4480
14 4 0 5512
14 4 1 6736
14 4 2 3973
14 4 3 7783
14 4 4 0
14 4 5 7000
14 4 6 7954
14 4 7 7100
14 4 8 6662
14 4 9 5832
14 4 10 8014
14 4 11 4715
14 4 12 5249
14 4 13 5010
14 4 14 0
14 4 15 4696
14 5 0 6747
14 5 1 6885
14 5 2 6026
14 5 3 8352
14 5 4 7863
14 5 5 0
14 5 6 3939
14 5 7 4273
14 5 8 5941
14 5 9 8332
14 5 10 4738
14 5 11 6531
14 5 12 6442
14 5 13 4005
14 5 14 0
14 5 15 6143
14 6 0 4417
14 6 1 2445
14 6 2 1812
14 6 3 939
14 6 4 2290
14 6 5 1157
14 6 6 0
14 6 7 4370
14 6 8 3799
14 6 9 3478
14 6 10 1266
14 6 11 2661
14 6 12 973
14 6 13 3530
14 6 14 0
14 6 15 4099
14 7 0 6275
14 7 1 8422
14 7 2 8074
14 7 3 6633
14 7 4 5396
14 7 5 7722
14 7 6 6796
14 7 7 0
14 7 8 5523
14 7 9 4389
14 7 10 8208
14 7 11 6857
14 7 12 8563
14 7 13 6691
14 7 14 0
14 7 15 1778
14 8 0 5431
14 8 1 4548
14 8 2 786
14 8 3 3552
14 8 4 4287
14 8 5 1232
14 8 6 4745
14 8 7 2900
14 8 8 0
14 8 9 3297
14 8 10 4698
14 8 11 1383
14 8 12 5668
14 8 13 5179
14 8 14 0
14 8 15 5057
14 9 0 3104
14 9 1 4897
14 9 2 6063
14 9 3 7296
14 9 4 7230
14 9 5 6758
14 9 6 5192
14 9 7 4300
14 9 8 4188
14 9 9 0
14 9 10 5656
14 9 11 3511
14 9 12 6162
14 9 13 5067
14 9 14 0
14 9 15 5013
14 10 0 8139
14 10 1 5194
14 10 2 6711
14 10 3 4671
14 10 4 7633
14 10 5 7129
14 10 6 7716
14 10 7 7069
14 10 8 5154
14 10 9 6875
14 10 10 0
14 10 11 5727
14 10 12 3645
14 10 13 6248
14 10 14 0
14 10 15 3825
14 11 0 6885
14 11 1 9689
14 11 2 6143
14 11 3 9184
14 11 4 8577
14 11 5 7146
14 11 6 9099
14 11 7 8079
14 11 8 5981
14 11 9 6607
14 11 10 7746
14 11 11 0
14 11 12 6575
14 11 13 6959
14 11 14 0
14 11 15 8051
14 12 0 4947
14 12 1 4716
14 12 2 4369
14 12 3 4344
14 12 4 3707
14 12 5 4219
14 12 6 6220
14 12 7 6223
14 12 8 2861
14 12 9 4287
14 12 10 1995
14 12 11 6546
14 12 12 0
14 12 13 2281
14 12 14 0
14 12 15 6392
14 13 0 5241
14 13 1 2375
14 13 2 5756
14 13 3 5158
14 13 4 5657
14 13 5 5343
14 13 6 4661
14 13 7 5904
14 13 8 3182
14 13 9 6351
14 13 10 5049
14 13 11 4209
14 13 12 6068
14 13 13 0
14 13 14 0
14 13 15 5956
14 14 0 0
14 14 1 0
14 14 2 0
14 14 3 0
14 14 4 0
14 14 5 0
14 14 6 0
14 14 7 0
14 14 8 0
14 14 9 0
14 14 10 0
14 14 11 0
14 14 12 0
14 14 13 0
14 14 14 0
14 14 15 0
14 15 0 6360
14 15 1 3278
14 15 2 6327
14 15 3 3648
14 15 4 2528
14 15 5 4476
14 15 6 2589
14 15 7 2521
14 15 8 6959
14 15 9 4608
14 15 10 5688
14 15 11 6984
14 15 12 5526
14 15 13 7415
14 15 14 0
14 15 15 0
15 0 0 0
15 0 1 6209
15 0 2 4235
15 0 3 4616
15 0 4 6624
15 0 5 5339
15 0 6 5501
15 0 7 4732
15 0 8 7201
15 0 9 5270
15 0 10 7998
15 0 11 4456
15 0 12 8826
15 0 13 8439
15 0 14 7241
15 0 15 0
15 1 0 3867
15 1 1 0
15 1 2 1047
15 1 3 4705
15 1 4 1326
15 1 5 3383
15 1 6 2054
15 1 7 2989
15 1 8 2325
15 1 9 1287
15 1 10 3666
15 1 11 2226
15 1 12 3461
15 1 13 3881
15 1 14 2371
15 1 15 0
15 2 0 5674
15 2 1 3908
15 2 2 0
15 2 3 6844
15 2 4 6457
15 2 5 6836
15 2 6 5937
15 2 7 4087
15 2 8 4296
15 2 9 8547
15 2 10 6748
15 2 11 6877
15 2 12 7767
15 2 13 5276
15 2 14 4184
15 2 15 0
15 3 0 3234
15 3 1 4581
15 3 2 2515
15 3 3 0
15 3 4 5368
15 3 5 3398
15 3 6 4703
15 3 7 3705
15 3 8 5956
15 3 9 4489
15 3 10 3671
15 3 11 1522
15 3 12 4763
15 3 13 2499
15 3 14 4480
15 3 15 0
15 4 0 2342
15 4 1 3566
15 4 2 803
15 4 3 4613
15 4 4 0
15 4 5 3830
15 4 6 4784
15 4 7 3930
15 4 8 3492
15 4 9 2662
15 4 10 4844
15 4 11 1545
15 4 12 2079
15 4 13 1840
15 4 14 4696
15 4 15 0
15 5 0 4810
15 5 1 4948
15 5 2 4089
15 5 3 6415
15 5 4 5926
15 5 5 0
15 5 6 2002
15 5 7 2336
15 5 8 4004
15 5 9 6395
15 5 10 2801
15 5 11 4594
15 5 12 4505
15 5 13 2068
15 5 14 6143
15 5 15 0
15 6 0 3583
15 6 1 1611
15 6 2 978
15 6 3 105
15 6 4 1456
15 6 5 323
15 6 6 0
15 6 7 3536
15 6 8 2965
15 6 9 2644
15 6 10 432
15 6 11 1827
15 6 12 139
15 6 13 2696
15 6 14 4099
15 6 15 0
15 7 0 2238
15 7 1 4385
15 7 2 4037
15 7 3 2596
15 7 4 1359
15 7 5 3685
15 7 6 2759
15 7 7 0
15 7 8 1486
15 7 9 352
15 7 10 4171
15 7 11 2820
15 7 12 4526
15 7 13 2654
15 7 14 1778
15 7 15 0
15 8 0 9092
15 8 1 8209
15 8 2 4447
15 8 3 7213
15 8 4 7948
15 8 5 4893
15 8 6 8406
15 8 7 6561
15 8 8 0
15 8 9 6958
15 8 10 8359
15 8 11 5044
15 8 12 9329
15 8 13 8840
15 8 14 5057
15 8 15 0
15 9 0 2224
15 9 1 4017
15 9 2 5183
15 9 3 6416
15 9 4 6350
15 9 5 5878
15 9 6 4312
15 9 7 3420
15 9 8 3308
15 9 9 0
15 9 10 4776
15 9 11 2631
15 9 12 5282
15 9 13 4187
15 9 14 5013
15 9 15 0
15 10 0 8069
15 10 1 5124
15 10 2 6641
15 10 3 4601
15 10 4 7563
15 10 5 7059
15 10 6 7646
15 10 7 6999
15 10 8 5084
15 10 9 6805
15 10 10 0
15 10 11 5657
15 10 12 3575
15 10 13 6178
15 10 14 3825
15 10 15 0
15 11 0 6422
15 11 1 9226
15 11 2 5680
15 11 3 8721
15 11 4 8114
15 11 5 6683
15 11 6 8636
15 11 7 7616
15 11 8 5518
15 11 9 6144
15 11 10 7283
15 11 11 0
15 11 12 6112
15 11 13 6496
15 11 14 8051
15 11 15 0
15 12 0 6379
15 12 1 6148
15 12 2 5801
15 12 3 5776
15 12 4 5139
15 12 5 5651
15 12 6 7652
15 12 7 7655
15 12 8 4293
15 12 9 5719
15 12 10 3427
15 12 11 7978
15 12 12 0
15 12 13 3713
15 12 14 6392
15 12 15 0
15 13 0 7993
15 13 1 5127
15 13 2 8508
15 13 3 7910
15 13 4 8409
15 13 5 8095
15 13 6 7413
15 13 7 8656
15 13 8 5934
15 13 9 9103
15 13 10 7801
15 13 11 6961
15 13 12 8820
15 13 13 0
15 13 14 5956
15 13 15 0
15 14 0 507
15 14 1 2241
15 14 2 1827
15 14 3 2445
15 14 4 3518
15 14 5 4233
15 14 6 1243
15 14 7 4378
15 14 8 1118
15 14 9 3308
15 14 10 3578
15 14 11 5267
15 14 12 1914
15 14 13 2483
15 14 14 0
15 14 15 0
15 15 0 0
15 15 1 0
15 15 2 0
15 15 3 0
15 15 4 0
15 15 5 0
15 15 6 0
15 15 7 0
15 15 8 0
15 15 9 0
15 15 10 0
15 15 11 0
15 15 12 0
15 15 13 0
15 15 14 0
15 15 15 0
