20
0 0 0 0
0 0 1 0
0 0 2 0
0 0 3 0
0 0 4 0
0 0 5 0
0 0 6 0
0 0 7 0
0 0 8 0
0 0 9 0
0 0 10 0
0 0 11 0
0 0 12 0
0 0 13 0
0 0 14 0
0 0 15 0
0 0 16 0
0 0 17 0
0 0 18 0
0 0 19 0
0 1 0 0
0 1 1 0
0 1 2 1998
0 1 3 1201
0 1 4 3780
0 1 5 4909
0 1 6 3652
0 1 7 5237
0 1 8 4004
0 1 9 2113
0 1 10 5736
0 1 11 2177
0 1 12 3584
0 1 13 1271
0 1 14 1075
0 1 15 2694
0 1 16 3518
0 1 17 2737
0 1 18 5072
0 1 19 5074
0 2 0 0
0 2 1 3128
0 2 2 0
0 2 3 3701
0 2 4 4515
0 2 5 4350
0 2 6 5024
0 2 7 6350
0 2 8 5809
0 2 9 3456
0 2 10 3279
0 2 11 2702
0 2 12 6772
0 2 13 3773
0 2 14 4220
0 2 15 4651
0 2 16 6425
0 2 17 2573
0 2 18 4500
0 2 19 2993
0 3 0 0
0 3 1 4037
0 3 2 5664
0 3 3 0
0 3 4 6434
0 3 5 6253
0 3 6 5287
0 3 7 4524
0 3 8 5595
0 3 9 6508
0 3 10 5709
0 3 11 6046
0 3 12 3835
0 3 13 7205
0 3 14 7577
0 3 15 6666
0 3 16 5264
0 3 17 4477
0 3 18 7474
0 3 19 5049
0 4 0 0
0 4 1 3190
0 4 2 5181
0 4 3 1810
0 4 4 0
0 4 5 1775
0 4 6 1714
0 4 7 2575
0 4 8 2967
0 4 9 3965
0 4 10 964
0 4 11 255
0 4 12 3058
0 4 13 1444
0 4 14 2721
0 4 15 1648
0 4 16 5208
0 4 17 4841
0 4 18 2072
0 4 19 2002
0 5 0 0
0 5 1 1887
0 5 2 3552
0 5 3 4166
0 5 4 4880
0 5 5 0
0 5 6 5494
0 5 7 4456
0 5 8 1194
0 5 9 5228
0 5 10 1453
0 5 11 3619
0 5 12 4866
0 5 13 3423
0 5 14 939
0 5 15 3435
0 5 16 2478
0 5 17 4056
0 5 18 4229
0 5 19 4262
0 6 0 0
0 6 1 6077
0 6 2 6129
0 6 3 5338
0 6 4 7133
0 6 5 5334
0 6 6 0
0 6 7 5817
0 6 8 7494
0 6 9 6380
0 6 10 4176
0 6 11 7773
0 6 12 7332
0 6 13 7515
0 6 14 7083
0 6 15 8050
0 6 16 6371
0 6 17 3994
0 6 18 5861
0 6 19 3895
0 7 0 0
0 7 1 5027
0 7 2 2308
0 7 3 5048
0 7 4 1980
0 7 5 1894
0 7 6 3093
0 7 7 0
0 7 8 3744
0 7 9 6353
0 7 10 5143
0 7 11 4469
0 7 12 2944
0 7 13 3876
0 7 14 3446
0 7 15 6379
0 7 16 2448
0 7 17 3854
0 7 18 4420
0 7 19 3531
0 8 0 0
0 8 1 2096
0 8 2 1795
0 8 3 3774
0 8 4 3484
0 8 5 1146
0 8 6 722
0 8 7 5463
0 8 8 0
0 8 9 2299
0 8 10 4053
0 8 11 994
0 8 12 1470
0 8 13 2564
0 8 14 3837
0 8 15 2705
0 8 16 3554
0 8 17 1231
0 8 18 2375
0 8 19 4296
0 9 0 0
0 9 1 7755
0 9 2 4541
0 9 3 6379
0 9 4 6784
0 9 5 5172
0 9 6 5590
0 9 7 7105
0 9 8 5781
0 9 9 0
0 9 10 4770
0 9 11 4571
0 9 12 6342
0 9 13 7459
0 9 14 3664
0 9 15 4223
0 9 16 4628
0 9 17 7662
0 9 18 5240
0 9 19 6963
0 10 0 0
0 10 1 6711
0 10 2 7705
0 10 3 7792
0 10 4 8678
0 10 5 6937
0 10 6 7190
0 10 7 9473
0 10 8 8403
0 10 9 5723
0 10 10 0
0 10 11 5641
0 10 12 6607
0 10 13 7219
0 10 14 7464
0 10 15 7924
0 10 16 9162
0 10 17 6356
0 10 18 5391
0 10 19 5654
0 11 0 0
0 11 1 3221
0 11 2 7158
0 11 3 4533
0 11 4 6207
0 11 5 3560
0 11 6 5079
0 11 7 3838
0 11 8 4049
0 11 9 6042
0 11 10 3050
0 11 11 0
0 11 12 4121
0 11 13 7407
0 11 14 7567
0 11 15 7441
0 11 16 7213
0 11 17 6166
0 11 18 5088
0 11 19 4829
0 12 0 0
0 12 1 6020
0 12 2 5168
0 12 3 6348
0 12 4 5701
0 12 5 3218
0 12 6 7715
0 12 7 6823
0 12 8 5192
0 12 9 5253
0 12 10 5070
0 12 11 7519
0 12 12 0
0 12 13 6557
0 12 14 7289
0 12 15 5035
0 12 16 5264
0 12 17 5217
0 12 18 7284
0 12 19 7284
0 13 0 0
0 13 1 5687
0 13 2 5279
0 13 3 5250
0 13 4 6777
0 13 5 6083
0 13 6 6860
0 13 7 6235
0 13 8 5446
0 13 9 6317
0 13 10 3997
0 13 11 3795
0 13 12 7648
0 13 13 0
0 13 14 4476
0 13 15 7856
0 13 16 7646
0 13 17 4083
0 13 18 7494
0 13 19 5568
0 14 0 0
0 14 1 4619
0 14 2 2961
0 14 3 5821
0 14 4 5739
0 14 5 2983
0 14 6 1007
0 14 7 1810
0 14 8 3974
0 14 9 2610
0 14 10 1394
0 14 11 2250
0 14 12 3854
0 14 13 1299
0 14 14 0
0 14 15 2179
0 14 16 2221
0 14 17 5828
0 14 18 5193
0 14 19 2782
0 15 0 0
0 15 1 6666
0 15 2 8437
0 15 3 7977
0 15 4 6230
0 15 5 5379
0 15 6 6296
0 15 7 6316
0 15 8 4594
0 15 9 8306
0 15 10 7345
0 15 11 7729
0 15 12 7135
0 15 13 8959
0 15 14 5345
0 15 15 0
0 15 16 9135
0 15 17 9255
0 15 18 6775
0 15 19 7239
0 16 0 0
0 16 1 4410
0 16 2 6486
0 16 3 4721
0 16 4 5532
0 16 5 3099
0 16 6 5493
0 16 7 6530
0 16 8 4738
0 16 9 4954
0 16 10 6644
0 16 11 4957
0 16 12 5663
0 16 13 2970
0 16 14 6606
0 16 15 6124
0 16 16 0
0 16 17 5668
0 16 18 3770
0 16 19 5734
0 17 0 0
0 17 1 2493
0 17 2 3645
0 17 3 5908
0 17 4 4287
0 17 5 5023
0 17 6 2594
0 17 7 6358
0 17 8 3459
0 17 9 6033
0 17 10 2189
0 17 11 5394
0 17 12 5385
0 17 13 3265
0 17 14 3591
0 17 15 2947
0 17 16 6339
0 17 17 0
0 17 18 2147
0 17 19 1977
0 18 0 0
0 18 1 4760
0 18 2 6656
0 18 3 5566
0 18 4 3911
0 18 5 3961
0 18 6 3924
0 18 7 3345
0 18 8 2603
0 18 9 7290
0 18 10 3728
0 18 11 7277
0 18 12 4127
0 18 13 7097
0 18 14 4649
0 18 15 2767
0 18 16 5205
0 18 17 5374
0 18 18 0
0 18 19 2388
0 19 0 0
0 19 1 9658
0 19 2 6661
0 19 3 8767
0 19 4 7090
0 19 5 5520
0 19 6 6845
0 19 7 5918
0 19 8 7457
0 19 9 5966
0 19 10 7867
0 19 11 9034
0 19 12 9120
0 19 13 8491
0 19 14 5967
0 19 15 7481
0 19 16 6815
0 19 17 7303
0 19 18 7033
0 19 19 0
1 0 0 0
1 0 1 0
1 0 2 2889
1 0 3 3400
1 0 4 992
1 0 5 1368
1 0 6 4468
1 0 7 2197
1 0 8 1371
1 0 9 3532
1 0 10 5238
1 0 11 3547
1 0 12 3823
1 0 13 4346
1 0 14 1624
1 0 15 5129
1 0 16 2673
1 0 17 2352
1 0 18 3105
1 0 19 5704
1 1 0 0
1 1 1 0
1 1 2 0
1 1 3 0
1 1 4 0
1 1 5 0
1 1 6 0
1 1 7 0
1 1 8 0
1 1 9 0
1 1 10 0
1 1 11 0
1 1 12 0
1 1 13 0
1 1 14 0
1 1 15 0
1 1 16 0
1 1 17 0
1 1 18 0
1 1 19 0
1 2 0 3128
1 2 1 0
1 2 2 0
1 2 3 2527
1 2 4 3341
1 2 5 3176
1 2 6 3850
1 2 7 5176
1 2 8 4635
1 2 9 2282
1 2 10 2105
1 2 11 1528
1 2 12 5598
1 2 13 2599
1 2 14 3046
1 2 15 3477
1 2 16 5251
1 2 17 1399
1 2 18 3326
1 2 19 1819
1 3 0 4037
1 3 1 0
1 3 2 3182
1 3 3 0
1 3 4 3952
1 3 5 3771
1 3 6 2805
1 3 7 2042
1 3 8 3113
1 3 9 4026
1 3 10 3227
1 3 11 3564
1 3 12 1353
1 3 13 4723
1 3 14 5095
1 3 15 4184
1 3 16 2782
1 3 17 1995
1 3 18 4992
1 3 19 2567
1 4 0 3190
1 4 1 0
1 4 2 7686
1 4 3 4315
1 4 4 0
1 4 5 4280
1 4 6 4219
1 4 7 5080
1 4 8 5472
1 4 9 6470
1 4 10 3469
1 4 11 2760
1 4 12 5563
1 4 13 3949
1 4 14 5226
1 4 15 4153
1 4 16 7713
1 4 17 7346
1 4 18 4577
1 4 19 4507
1 5 0 1887
1 5 1 0
1 5 2 6810
1 5 3 7424
1 5 4 8138
1 5 5 0
1 5 6 8752
1 5 7 7714
1 5 8 4452
1 5 9 8486
1 5 10 4711
1 5 11 6877
1 5 12 8124
1 5 13 6681
1 5 14 4197
1 5 15 6693
1 5 16 5736
1 5 17 7314
1 5 18 7487
1 5 19 7520
1 6 0 6077
1 6 1 0
1 6 2 5030
1 6 3 4239
1 6 4 6034
1 6 5 4235
1 6 6 0
1 6 7 4718
1 6 8 6395
1 6 9 5281
1 6 10 3077
1 6 11 6674
1 6 12 6233
1 6 13 6416
1 6 14 5984
1 6 15 6951
1 6 16 5272
1 6 17 2895
1 6 18 4762
1 6 19 2796
1 7 0 5027
1 7 1 0
1 7 2 5065
1 7 3 7805
1 7 4 4737
1 7 5 4651
1 7 6 5850
1 7 7 0
1 7 8 6501
1 7 9 9110
1 7 10 7900
1 7 11 7226
1 7 12 5701
1 7 13 6633
1 7 14 6203
1 7 15 9136
1 7 16 5205
1 7 17 6611
1 7 18 7177
1 7 19 6288
1 8 0 2096
1 8 1 0
1 8 2 4145
1 8 3 6124
1 8 4 5834
1 8 5 3496
1 8 6 3072
1 8 7 7813
1 8 8 0
1 8 9 4649
1 8 10 6403
1 8 11 3344
1 8 12 3820
1 8 13 4914
1 8 14 6187
1 8 15 5055
1 8 16 5904
1 8 17 3581
1 8 18 4725
1 8 19 6646
1 9 0 7755
1 9 1 0
1 9 2 2839
1 9 3 4677
1 9 4 5082
1 9 5 3470
1 9 6 3888
1 9 7 5403
1 9 8 4079
1 9 9 0
1 9 10 3068
1 9 11 2869
1 9 12 4640
1 9 13 5757
1 9 14 1962
1 9 15 2521
1 9 16 2926
1 9 17 5960
1 9 18 3538
1 9 19 5261
1 10 0 6711
1 10 1 0
1 10 2 7920
1 10 3 8007
1 10 4 8893
1 10 5 7152
1 10 6 7405
1 10 7 9688
1 10 8 8618
1 10 9 5938
1 10 10 0
1 10 11 5856
1 10 12 6822
1 10 13 7434
1 10 14 7679
1 10 15 8139
1 10 16 9377
1 10 17 6571
1 10 18 5606
1 10 19 5869
1 11 0 3221
1 11 1 0
1 11 2 5505
1 11 3 2880
1 11 4 4554
1 11 5 1907
1 11 6 3426
1 11 7 2185
1 11 8 2396
1 11 9 4389
1 11 10 1397
1 11 11 0
1 11 12 2468
1 11 13 5754
1 11 14 5914
1 11 15 5788
1 11 16 5560
1 11 17 4513
1 11 18 3435
1 11 19 3176
1 12 0 6020
1 12 1 0
1 12 2 4646
1 12 3 5826
1 12 4 5179
1 12 5 2696
1 12 6 7193
1 12 7 6301
1 12 8 4670
1 12 9 4731
1 12 10 4548
1 12 11 6997
1 12 12 0
1 12 13 6035
1 12 14 6767
1 12 15 4513
1 12 16 4742
1 12 17 4695
1 12 18 6762
1 12 19 6762
1 13 0 5687
1 13 1 0
1 13 2 1921
1 13 3 1892
1 13 4 3419
1 13 5 2725
1 13 6 3502
1 13 7 2877
1 13 8 2088
1 13 9 2959
1 13 10 639
1 13 11 437
1 13 12 4290
1 13 13 0
1 13 14 1118
1 13 15 4498
1 13 16 4288
1 13 17 725
1 13 18 4136
1 13 19 2210
1 14 0 4619
1 14 1 0
1 14 2 2129
1 14 3 4989
1 14 4 4907
1 14 5 2151
1 14 6 175
1 14 7 978
1 14 8 3142
1 14 9 1778
1 14 10 562
1 14 11 1418
1 14 12 3022
1 14 13 467
1 14 14 0
1 14 15 1347
1 14 16 1389
1 14 17 4996
1 14 18 4361
1 14 19 1950
1 15 0 6666
1 15 1 0
1 15 2 5719
1 15 3 5259
1 15 4 3512
1 15 5 2661
1 15 6 3578
1 15 7 3598
1 15 8 1876
1 15 9 5588
1 15 10 4627
1 15 11 5011
1 15 12 4417
1 15 13 6241
1 15 14 2627
1 15 15 0
1 15 16 6417
1 15 17 6537
1 15 18 4057
1 15 19 4521
1 16 0 4410
1 16 1 0
1 16 2 7048
1 16 3 5283
1 16 4 6094
1 16 5 3661
1 16 6 6055
1 16 7 7092
1 16 8 5300
1 16 9 5516
1 16 10 7206
1 16 11 5519
1 16 12 6225
1 16 13 3532
1 16 14 7168
1 16 15 6686
1 16 16 0
1 16 17 6230
1 16 18 4332
1 16 19 6296
1 17 0 2493
1 17 1 0
1 17 2 3747
1 17 3 6010
1 17 4 4389
1 17 5 5125
1 17 6 2696
1 17 7 6460
1 17 8 3561
1 17 9 6135
1 17 10 2291
1 17 11 5496
1 17 12 5487
1 17 13 3367
1 17 14 3693
1 17 15 3049
1 17 16 6441
1 17 17 0
1 17 18 2249
1 17 19 2079
1 18 0 4760
1 18 1 0
1 18 2 8340
1 18 3 7250
1 18 4 5595
1 18 5 5645
1 18 6 5608
1 18 7 5029
1 18 8 4287
1 18 9 8974
1 18 10 5412
1 18 11 8961
1 18 12 5811
1 18 13 8781
1 18 14 6333
1 18 15 4451
1 18 16 6889
1 18 17 7058
1 18 18 0
1 18 19 4072
1 19 0 9658
1 19 1 0
1 19 2 5748
1 19 3 7854
1 19 4 6177
1 19 5 4607
1 19 6 5932
1 19 7 5005
1 19 8 6544
1 19 9 5053
1 19 10 6954
1 19 11 8121
1 19 12 8207
1 19 13 7578
1 19 14 5054
1 19 15 6568
1 19 16 5902
1 19 17 6390
1 19 18 6120
1 19 19 0
2 0 0 0
2 0 1 2889
2 0 2 0
2 0 3 7405
2 0 4 4997
2 0 5 5373
2 0 6 8473
2 0 7 6202
2 0 8 5376
2 0 9 7537
2 0 10 9243
2 0 11 7552
2 0 12 7828
2 0 13 8351
2 0 14 5629
2 0 15 9134
2 0 16 6678
2 0 17 6357
2 0 18 7110
2 0 19 9709
2 1 0 1998
2 1 1 0
2 1 2 0
2 1 3 1157
2 1 4 3736
2 1 5 4865
2 1 6 3608
2 1 7 5193
2 1 8 3960
2 1 9 2069
2 1 10 5692
2 1 11 2133
2 1 12 3540
2 1 13 1227
2 1 14 1031
2 1 15 2650
2 1 16 3474
2 1 17 2693
2 1 18 5028
2 1 19 5030
2 2 0 0
2 2 1 0
2 2 2 0
2 2 3 0
2 2 4 0
2 2 5 0
2 2 6 0
2 2 7 0
2 2 8 0
2 2 9 0
2 2 10 0
2 2 11 0
2 2 12 0
2 2 13 0
2 2 14 0
2 2 15 0
2 2 16 0
2 2 17 0
2 2 18 0
2 2 19 0
2 3 0 5664
2 3 1 3182
2 3 2 0
2 3 3 0
2 3 4 5334
2 3 5 5153
2 3 6 4187
2 3 7 3424
2 3 8 4495
2 3 9 5408
2 3 10 4609
2 3 11 4946
2 3 12 2735
2 3 13 6105
2 3 14 6477
2 3 15 5566
2 3 16 4164
2 3 17 3377
2 3 18 6374
2 3 19 3949
2 4 0 5181
2 4 1 7686
2 4 2 0
2 4 3 3932
2 4 4 0
2 4 5 3897
2 4 6 3836
2 4 7 4697
2 4 8 5089
2 4 9 6087
2 4 10 3086
2 4 11 2377
2 4 12 5180
2 4 13 3566
2 4 14 4843
2 4 15 3770
2 4 16 7330
2 4 17 6963
2 4 18 4194
2 4 19 4124
2 5 0 3552
2 5 1 6810
2 5 2 0
2 5 3 5747
2 5 4 6461
2 5 5 0
2 5 6 7075
2 5 7 6037
2 5 8 2775
2 5 9 6809
2 5 10 3034
2 5 11 5200
2 5 12 6447
2 5 13 5004
2 5 14 2520
2 5 15 5016
2 5 16 4059
2 5 17 5637
2 5 18 5810
2 5 19 5843
2 6 0 6129
2 6 1 5030
2 6 2 0
2 6 3 4493
2 6 4 6288
2 6 5 4489
2 6 6 0
2 6 7 4972
2 6 8 6649
2 6 9 5535
2 6 10 3331
2 6 11 6928
2 6 12 6487
2 6 13 6670
2 6 14 6238
2 6 15 7205
2 6 16 5526
2 6 17 3149
2 6 18 5016
2 6 19 3050
2 7 0 2308
2 7 1 5065
2 7 2 0
2 7 3 7800
2 7 4 4732
2 7 5 4646
2 7 6 5845
2 7 7 0
2 7 8 6496
2 7 9 9105
2 7 10 7895
2 7 11 7221
2 7 12 5696
2 7 13 6628
2 7 14 6198
2 7 15 9131
2 7 16 5200
2 7 17 6606
2 7 18 7172
2 7 19 6283
2 8 0 1795
2 8 1 4145
2 8 2 0
2 8 3 6811
2 8 4 6521
2 8 5 4183
2 8 6 3759
2 8 7 8500
2 8 8 0
2 8 9 5336
2 8 10 7090
2 8 11 4031
2 8 12 4507
2 8 13 5601
2 8 14 6874
2 8 15 5742
2 8 16 6591
2 8 17 4268
2 8 18 5412
2 8 19 7333
2 9 0 4541
2 9 1 2839
2 9 2 0
2 9 3 4902
2 9 4 5307
2 9 5 3695
2 9 6 4113
2 9 7 5628
2 9 8 4304
2 9 9 0
2 9 10 3293
2 9 11 3094
2 9 12 4865
2 9 13 5982
2 9 14 2187
2 9 15 2746
2 9 16 3151
2 9 17 6185
2 9 18 3763
2 9 19 5486
2 10 0 7705
2 10 1 7920
2 10 2 0
2 10 3 4432
2 10 4 5318
2 10 5 3577
2 10 6 3830
2 10 7 6113
2 10 8 5043
2 10 9 2363
2 10 10 0
2 10 11 2281
2 10 12 3247
2 10 13 3859
2 10 14 4104
2 10 15 4564
2 10 16 5802
2 10 17 2996
2 10 18 2031
2 10 19 2294
2 11 0 7158
2 11 1 5505
2 11 2 0
2 11 3 2287
2 11 4 3961
2 11 5 1314
2 11 6 2833
2 11 7 1592
2 11 8 1803
2 11 9 3796
2 11 10 804
2 11 11 0
2 11 12 1875
2 11 13 5161
2 11 14 5321
2 11 15 5195
2 11 16 4967
2 11 17 3920
2 11 18 2842
2 11 19 2583
2 12 0 5168
2 12 1 4646
2 12 2 0
2 12 3 7896
2 12 4 7249
2 12 5 4766
2 12 6 9263
2 12 7 8371
2 12 8 6740
2 12 9 6801
2 12 10 6618
2 12 11 9067
2 12 12 0
2 12 13 8105
2 12 14 8837
2 12 15 6583
2 12 16 6812
2 12 17 6765
2 12 18 8832
2 12 19 8832
2 13 0 5279
2 13 1 1921
2 13 2 0
2 13 3 3276
2 13 4 4803
2 13 5 4109
2 13 6 4886
2 13 7 4261
2 13 8 3472
2 13 9 4343
2 13 10 2023
2 13 11 1821
2 13 12 5674
2 13 13 0
2 13 14 2502
2 13 15 5882
2 13 16 5672
2 13 17 2109
2 13 18 5520
2 13 19 3594
2 14 0 2961
2 14 1 2129
2 14 2 0
2 14 3 7016
2 14 4 6934
2 14 5 4178
2 14 6 2202
2 14 7 3005
2 14 8 5169
2 14 9 3805
2 14 10 2589
2 14 11 3445
2 14 12 5049
2 14 13 2494
2 14 14 0
2 14 15 3374
2 14 16 3416
2 14 17 7023
2 14 18 6388
2 14 19 3977
2 15 0 8437
2 15 1 5719
2 15 2 0
2 15 3 6098
2 15 4 4351
2 15 5 3500
2 15 6 4417
2 15 7 4437
2 15 8 2715
2 15 9 6427
2 15 10 5466
2 15 11 5850
2 15 12 5256
2 15 13 7080
2 15 14 3466
2 15 15 0
2 15 16 7256
2 15 17 7376
2 15 18 4896
2 15 19 5360
2 16 0 6486
2 16 1 7048
2 16 2 0
2 16 3 7072
2 16 4 7883
2 16 5 5450
2 16 6 7844
2 16 7 8881
2 16 8 7089
2 16 9 7305
2 16 10 8995
2 16 11 7308
2 16 12 8014
2 16 13 5321
2 16 14 8957
2 16 15 8475
2 16 16 0
2 16 17 8019
2 16 18 6121
2 16 19 8085
2 17 0 3645
2 17 1 3747
2 17 2 0
2 17 3 4728
2 17 4 3107
2 17 5 3843
2 17 6 1414
2 17 7 5178
2 17 8 2279
2 17 9 4853
2 17 10 1009
2 17 11 4214
2 17 12 4205
2 17 13 2085
2 17 14 2411
2 17 15 1767
2 17 16 5159
2 17 17 0
2 17 18 967
2 17 19 797
2 18 0 6656
2 18 1 8340
2 18 2 0
2 18 3 5560
2 18 4 3905
2 18 5 3955
2 18 6 3918
2 18 7 3339
2 18 8 2597
2 18 9 7284
2 18 10 3722
2 18 11 7271
2 18 12 4121
2 18 13 7091
2 18 14 4643
2 18 15 2761
2 18 16 5199
2 18 17 5368
2 18 18 0
2 18 19 2382
2 19 0 6661
2 19 1 5748
2 19 2 0
2 19 3 4655
2 19 4 2978
2 19 5 1408
2 19 6 2733
2 19 7 1806
2 19 8 3345
2 19 9 1854
2 19 10 3755
2 19 11 4922
2 19 12 5008
2 19 13 4379
2 19 14 1855
2 19 15 3369
2 19 16 2703
2 19 17 3191
2 19 18 2921
2 19 19 0
3 0 0 0
3 0 1 3400
3 0 2 7405
3 0 3 0
3 0 4 3406
3 0 5 3782
3 0 6 6882
3 0 7 4611
3 0 8 3785
3 0 9 5946
3 0 10 7652
3 0 11 5961
3 0 12 6237
3 0 13 6760
3 0 14 4038
3 0 15 7543
3 0 16 5087
3 0 17 4766
3 0 18 5519
3 0 19 8118
3 1 0 1201
3 1 1 0
3 1 2 1157
3 1 3 0
3 1 4 4134
3 1 5 5263
3 1 6 4006
3 1 7 5591
3 1 8 4358
3 1 9 2467
3 1 10 6090
3 1 11 2531
3 1 12 3938
3 1 13 1625
3 1 14 1429
3 1 15 3048
3 1 16 3872
3 1 17 3091
3 1 18 5426
3 1 19 5428
3 2 0 3701
3 2 1 2527
3 2 2 0
3 2 3 0
3 2 4 5378
3 2 5 5213
3 2 6 5887
3 2 7 7213
3 2 8 6672
3 2 9 4319
3 2 10 4142
3 2 11 3565
3 2 12 7635
3 2 13 4636
3 2 14 5083
3 2 15 5514
3 2 16 7288
3 2 17 3436
3 2 18 5363
3 2 19 3856
3 3 0 0
3 3 1 0
3 3 2 0
3 3 3 0
3 3 4 0
3 3 5 0
3 3 6 0
3 3 7 0
3 3 8 0
3 3 9 0
3 3 10 0
3 3 11 0
3 3 12 0
3 3 13 0
3 3 14 0
3 3 15 0
3 3 16 0
3 3 17 0
3 3 18 0
3 3 19 0
3 4 0 1810
3 4 1 4315
3 4 2 3932
3 4 3 0
3 4 4 0
3 4 5 5305
3 4 6 5244
3 4 7 6105
3 4 8 6497
3 4 9 7495
3 4 10 4494
3 4 11 3785
3 4 12 6588
3 4 13 4974
3 4 14 6251
3 4 15 5178
3 4 16 8738
3 4 17 8371
3 4 18 5602
3 4 19 5532
3 5 0 4166
3 5 1 7424
3 5 2 5747
3 5 3 0
3 5 4 7853
3 5 5 0
3 5 6 8467
3 5 7 7429
3 5 8 4167
3 5 9 8201
3 5 10 4426
3 5 11 6592
3 5 12 7839
3 5 13 6396
3 5 14 3912
3 5 15 6408
3 5 16 5451
3 5 17 7029
3 5 18 7202
3 5 19 7235
3 6 0 5338
3 6 1 4239
3 6 2 4493
3 6 3 0
3 6 4 6040
3 6 5 4241
3 6 6 0
3 6 7 4724
3 6 8 6401
3 6 9 5287
3 6 10 3083
3 6 11 6680
3 6 12 6239
3 6 13 6422
3 6 14 5990
3 6 15 6957
3 6 16 5278
3 6 17 2901
3 6 18 4768
3 6 19 2802
3 7 0 5048
3 7 1 7805
3 7 2 7800
3 7 3 0
3 7 4 2395
3 7 5 2309
3 7 6 3508
3 7 7 0
3 7 8 4159
3 7 9 6768
3 7 10 5558
3 7 11 4884
3 7 12 3359
3 7 13 4291
3 7 14 3861
3 7 15 6794
3 7 16 2863
3 7 17 4269
3 7 18 4835
3 7 19 3946
3 8 0 3774
3 8 1 6124
3 8 2 6811
3 8 3 0
3 8 4 5796
3 8 5 3458
3 8 6 3034
3 8 7 7775
3 8 8 0
3 8 9 4611
3 8 10 6365
3 8 11 3306
3 8 12 3782
3 8 13 4876
3 8 14 6149
3 8 15 5017
3 8 16 5866
3 8 17 3543
3 8 18 4687
3 8 19 6608
3 9 0 6379
3 9 1 4677
3 9 2 4902
3 9 3 0
3 9 4 7848
3 9 5 6236
3 9 6 6654
3 9 7 8169
3 9 8 6845
3 9 9 0
3 9 10 5834
3 9 11 5635
3 9 12 7406
3 9 13 8523
3 9 14 4728
3 9 15 5287
3 9 16 5692
3 9 17 8726
3 9 18 6304
3 9 19 8027
3 10 0 7792
3 10 1 8007
3 10 2 4432
3 10 3 0
3 10 4 7237
3 10 5 5496
3 10 6 5749
3 10 7 8032
3 10 8 6962
3 10 9 4282
3 10 10 0
3 10 11 4200
3 10 12 5166
3 10 13 5778
3 10 14 6023
3 10 15 6483
3 10 16 7721
3 10 17 4915
3 10 18 3950
3 10 19 4213
3 11 0 4533
3 11 1 2880
3 11 2 2287
3 11 3 0
3 11 4 6794
3 11 5 4147
3 11 6 5666
3 11 7 4425
3 11 8 4636
3 11 9 6629
3 11 10 3637
3 11 11 0
3 11 12 4708
3 11 13 7994
3 11 14 8154
3 11 15 8028
3 11 16 7800
3 11 17 6753
3 11 18 5675
3 11 19 5416
3 12 0 6348
3 12 1 5826
3 12 2 7896
3 12 3 0
3 12 4 3801
3 12 5 1318
3 12 6 5815
3 12 7 4923
3 12 8 3292
3 12 9 3353
3 12 10 3170
3 12 11 5619
3 12 12 0
3 12 13 4657
3 12 14 5389
3 12 15 3135
3 12 16 3364
3 12 17 3317
3 12 18 5384
3 12 19 5384
3 13 0 5250
3 13 1 1892
3 13 2 3276
3 13 3 0
3 13 4 7724
3 13 5 7030
3 13 6 7807
3 13 7 7182
3 13 8 6393
3 13 9 7264
3 13 10 4944
3 13 11 4742
3 13 12 8595
3 13 13 0
3 13 14 5423
3 13 15 8803
3 13 16 8593
3 13 17 5030
3 13 18 8441
3 13 19 6515
3 14 0 5821
3 14 1 4989
3 14 2 7016
3 14 3 0
3 14 4 9780
3 14 5 7024
3 14 6 5048
3 14 7 5851
3 14 8 8015
3 14 9 6651
3 14 10 5435
3 14 11 6291
3 14 12 7895
3 14 13 5340
3 14 14 0
3 14 15 6220
3 14 16 6262
3 14 17 9869
3 14 18 9234
3 14 19 6823
3 15 0 7977
3 15 1 5259
3 15 2 6098
3 15 3 0
3 15 4 5855
3 15 5 5004
3 15 6 5921
3 15 7 5941
3 15 8 4219
3 15 9 7931
3 15 10 6970
3 15 11 7354
3 15 12 6760
3 15 13 8584
3 15 14 4970
3 15 15 0
3 15 16 8760
3 15 17 8880
3 15 18 6400
3 15 19 6864
3 16 0 4721
3 16 1 5283
3 16 2 7072
3 16 3 0
3 16 4 6211
3 16 5 3778
3 16 6 6172
3 16 7 7209
3 16 8 5417
3 16 9 5633
3 16 10 7323
3 16 11 5636
3 16 12 6342
3 16 13 3649
3 16 14 7285
3 16 15 6803
3 16 16 0
3 16 17 6347
3 16 18 4449
3 16 19 6413
3 17 0 5908
3 17 1 6010
3 17 2 4728
3 17 3 0
3 17 4 4500
3 17 5 5236
3 17 6 2807
3 17 7 6571
3 17 8 3672
3 17 9 6246
3 17 10 2402
3 17 11 5607
3 17 12 5598
3 17 13 3478
3 17 14 3804
3 17 15 3160
3 17 16 6552
3 17 17 0
3 17 18 2360
3 17 19 2190
3 18 0 5566
3 18 1 7250
3 18 2 5560
3 18 3 0
3 18 4 6368
3 18 5 6418
3 18 6 6381
3 18 7 5802
3 18 8 5060
3 18 9 9747
3 18 10 6185
3 18 11 9734
3 18 12 6584
3 18 13 9554
3 18 14 7106
3 18 15 5224
3 18 16 7662
3 18 17 7831
3 18 18 0
3 18 19 4845
3 19 0 8767
3 19 1 7854
3 19 2 4655
3 19 3 0
3 19 4 4523
3 19 5 2953
3 19 6 4278
3 19 7 3351
3 19 8 4890
3 19 9 3399
3 19 10 5300
3 19 11 6467
3 19 12 6553
3 19 13 5924
3 19 14 3400
3 19 15 4914
3 19 16 4248
3 19 17 4736
3 19 18 4466
3 19 19 0
4 0 0 0
4 0 1 992
4 0 2 4997
4 0 3 3406
4 0 4 0
4 0 5 3227
4 0 6 6327
4 0 7 4056
4 0 8 3230
4 0 9 5391
4 0 10 7097
4 0 11 5406
4 0 12 5682
4 0 13 6205
4 0 14 3483
4 0 15 6988
4 0 16 4532
4 0 17 4211
4 0 18 4964
4 0 19 7563
4 1 0 3780
4 1 1 0
4 1 2 3736
4 1 3 4134
4 1 4 0
4 1 5 6824
4 1 6 5567
4 1 7 7152
4 1 8 5919
4 1 9 4028
4 1 10 7651
4 1 11 4092
4 1 12 5499
4 1 13 3186
4 1 14 2990
4 1 15 4609
4 1 16 5433
4 1 17 4652
4 1 18 6987
4 1 19 6989
4 2 0 4515
4 2 1 3341
4 2 2 0
4 2 3 5378
4 2 4 0
4 2 5 7138
4 2 6 7812
4 2 7 9138
4 2 8 8597
4 2 9 6244
4 2 10 6067
4 2 11 5490
4 2 12 9560
4 2 13 6561
4 2 14 7008
4 2 15 7439
4 2 16 9213
4 2 17 5361
4 2 18 7288
4 2 19 5781
4 3 0 6434
4 3 1 3952
4 3 2 5334
4 3 3 0
4 3 4 0
4 3 5 5159
4 3 6 4193
4 3 7 3430
4 3 8 4501
4 3 9 5414
4 3 10 4615
4 3 11 4952
4 3 12 2741
4 3 13 6111
4 3 14 6483
4 3 15 5572
4 3 16 4170
4 3 17 3383
4 3 18 6380
4 3 19 3955
4 4 0 0
4 4 1 0
4 4 2 0
4 4 3 0
4 4 4 0
4 4 5 0
4 4 6 0
4 4 7 0
4 4 8 0
4 4 9 0
4 4 10 0
4 4 11 0
4 4 12 0
4 4 13 0
4 4 14 0
4 4 15 0
4 4 16 0
4 4 17 0
4 4 18 0
4 4 19 0
4 5 0 4880
4 5 1 8138
4 5 2 6461
4 5 3 7853
4 5 4 0
4 5 5 0
4 5 6 6397
4 5 7 5359
4 5 8 2097
4 5 9 6131
4 5 10 2356
4 5 11 4522
4 5 12 5769
4 5 13 4326
4 5 14 1842
4 5 15 4338
4 5 16 3381
4 5 17 4959
4 5 18 5132
4 5 19 5165
4 6 0 7133
4 6 1 6034
4 6 2 6288
4 6 3 6040
4 6 4 0
4 6 5 3076
4 6 6 0
4 6 7 3559
4 6 8 5236
4 6 9 4122
4 6 10 1918
4 6 11 5515
4 6 12 5074
4 6 13 5257
4 6 14 4825
4 6 15 5792
4 6 16 4113
4 6 17 1736
4 6 18 3603
4 6 19 1637
4 7 0 1980
4 7 1 4737
4 7 2 4732
4 7 3 2395
4 7 4 0
4 7 5 2768
4 7 6 3967
4 7 7 0
4 7 8 4618
4 7 9 7227
4 7 10 6017
4 7 11 5343
4 7 12 3818
4 7 13 4750
4 7 14 4320
4 7 15 7253
4 7 16 3322
4 7 17 4728
4 7 18 5294
4 7 19 4405
4 8 0 3484
4 8 1 5834
4 8 2 6521
4 8 3 5796
4 8 4 0
4 8 5 3238
4 8 6 2814
4 8 7 7555
4 8 8 0
4 8 9 4391
4 8 10 6145
4 8 11 3086
4 8 12 3562
4 8 13 4656
4 8 14 5929
4 8 15 4797
4 8 16 5646
4 8 17 3323
4 8 18 4467
4 8 19 6388
4 9 0 6784
4 9 1 5082
4 9 2 5307
4 9 3 7848
4 9 4 0
4 9 5 6101
4 9 6 6519
4 9 7 8034
4 9 8 6710
4 9 9 0
4 9 10 5699
4 9 11 5500
4 9 12 7271
4 9 13 8388
4 9 14 4593
4 9 15 5152
4 9 16 5557
4 9 17 8591
4 9 18 6169
4 9 19 7892
4 10 0 8678
4 10 1 8893
4 10 2 5318
4 10 3 7237
4 10 4 0
4 10 5 3159
4 10 6 3412
4 10 7 5695
4 10 8 4625
4 10 9 1945
4 10 10 0
4 10 11 1863
4 10 12 2829
4 10 13 3441
4 10 14 3686
4 10 15 4146
4 10 16 5384
4 10 17 2578
4 10 18 1613
4 10 19 1876
4 11 0 6207
4 11 1 4554
4 11 2 3961
4 11 3 6794
4 11 4 0
4 11 5 764
4 11 6 2283
4 11 7 1042
4 11 8 1253
4 11 9 3246
4 11 10 254
4 11 11 0
4 11 12 1325
4 11 13 4611
4 11 14 4771
4 11 15 4645
4 11 16 4417
4 11 17 3370
4 11 18 2292
4 11 19 2033
4 12 0 5701
4 12 1 5179
4 12 2 7249
4 12 3 3801
4 12 4 0
4 12 5 2949
4 12 6 7446
4 12 7 6554
4 12 8 4923
4 12 9 4984
4 12 10 4801
4 12 11 7250
4 12 12 0
4 12 13 6288
4 12 14 7020
4 12 15 4766
4 12 16 4995
4 12 17 4948
4 12 18 7015
4 12 19 7015
4 13 0 6777
4 13 1 3419
4 13 2 4803
4 13 3 7724
4 13 4 0
4 13 5 3677
4 13 6 4454
4 13 7 3829
4 13 8 3040
4 13 9 3911
4 13 10 1591
4 13 11 1389
4 13 12 5242
4 13 13 0
4 13 14 2070
4 13 15 5450
4 13 16 5240
4 13 17 1677
4 13 18 5088
4 13 19 3162
4 14 0 5739
4 14 1 4907
4 14 2 6934
4 14 3 9780
4 14 4 0
4 14 5 4576
4 14 6 2600
4 14 7 3403
4 14 8 5567
4 14 9 4203
4 14 10 2987
4 14 11 3843
4 14 12 5447
4 14 13 2892
4 14 14 0
4 14 15 3772
4 14 16 3814
4 14 17 7421
4 14 18 6786
4 14 19 4375
4 15 0 6230
4 15 1 3512
4 15 2 4351
4 15 3 5855
4 15 4 0
4 15 5 2394
4 15 6 3311
4 15 7 3331
4 15 8 1609
4 15 9 5321
4 15 10 4360
4 15 11 4744
4 15 12 4150
4 15 13 5974
4 15 14 2360
4 15 15 0
4 15 16 6150
4 15 17 6270
4 15 18 3790
4 15 19 4254
4 16 0 5532
4 16 1 6094
4 16 2 7883
4 16 3 6211
4 16 4 0
4 16 5 6130
4 16 6 8524
4 16 7 9561
4 16 8 7769
4 16 9 7985
4 16 10 9675
4 16 11 7988
4 16 12 8694
4 16 13 6001
4 16 14 9637
4 16 15 9155
4 16 16 0
4 16 17 8699
4 16 18 6801
4 16 19 8765
4 17 0 4287
4 17 1 4389
4 17 2 3107
4 17 3 4500
4 17 4 0
4 17 5 8008
4 17 6 5579
4 17 7 9343
4 17 8 6444
4 17 9 9018
4 17 10 5174
4 17 11 8379
4 17 12 8370
4 17 13 6250
4 17 14 6576
4 17 15 5932
4 17 16 9324
4 17 17 0
4 17 18 5132
4 17 19 4962
4 18 0 3911
4 18 1 5595
4 18 2 3905
4 18 3 6368
4 18 4 0
4 18 5 3424
4 18 6 3387
4 18 7 2808
4 18 8 2066
4 18 9 6753
4 18 10 3191
4 18 11 6740
4 18 12 3590
4 18 13 6560
4 18 14 4112
4 18 15 2230
4 18 16 4668
4 18 17 4837
4 18 18 0
4 18 19 1851
4 19 0 7090
4 19 1 6177
4 19 2 2978
4 19 3 4523
4 19 4 0
4 19 5 2314
4 19 6 3639
4 19 7 2712
4 19 8 4251
4 19 9 2760
4 19 10 4661
4 19 11 5828
4 19 12 5914
4 19 13 5285
4 19 14 2761
4 19 15 4275
4 19 16 3609
4 19 17 4097
4 19 18 3827
4 19 19 0
5 0 0 0
5 0 1 1368
5 0 2 5373
5 0 3 3782
5 0 4 3227
5 0 5 0
5 0 6 7654
5 0 7 5383
5 0 8 4557
5 0 9 6718
5 0 10 8424
5 0 11 6733
5 0 12 7009
5 0 13 7532
5 0 14 4810
5 0 15 8315
5 0 16 5859
5 0 17 5538
5 0 18 6291
5 0 19 8890
5 1 0 4909
5 1 1 0
5 1 2 4865
5 1 3 5263
5 1 4 6824
5 1 5 0
5 1 6 3888
5 1 7 5473
5 1 8 4240
5 1 9 2349
5 1 10 5972
5 1 11 2413
5 1 12 3820
5 1 13 1507
5 1 14 1311
5 1 15 2930
5 1 16 3754
5 1 17 2973
5 1 18 5308
5 1 19 5310
5 2 0 4350
5 2 1 3176
5 2 2 0
5 2 3 5213
5 2 4 7138
5 2 5 0
5 2 6 5807
5 2 7 7133
5 2 8 6592
5 2 9 4239
5 2 10 4062
5 2 11 3485
5 2 12 7555
5 2 13 4556
5 2 14 5003
5 2 15 5434
5 2 16 7208
5 2 17 3356
5 2 18 5283
5 2 19 3776
5 3 0 6253
5 3 1 3771
5 3 2 5153
5 3 3 0
5 3 4 5159
5 3 5 0
5 3 6 6173
5 3 7 5410
5 3 8 6481
5 3 9 7394
5 3 10 6595
5 3 11 6932
5 3 12 4721
5 3 13 8091
5 3 14 8463
5 3 15 7552
5 3 16 6150
5 3 17 5363
5 3 18 8360
5 3 19 5935
5 4 0 1775
5 4 1 4280
5 4 2 3897
5 4 3 5305
5 4 4 0
5 4 5 0
5 4 6 5722
5 4 7 6583
5 4 8 6975
5 4 9 7973
5 4 10 4972
5 4 11 4263
5 4 12 7066
5 4 13 5452
5 4 14 6729
5 4 15 5656
5 4 16 9216
5 4 17 8849
5 4 18 6080
5 4 19 6010
5 5 0 0
5 5 1 0
5 5 2 0
5 5 3 0
5 5 4 0
5 5 5 0
5 5 6 0
5 5 7 0
5 5 8 0
5 5 9 0
5 5 10 0
5 5 11 0
5 5 12 0
5 5 13 0
5 5 14 0
5 5 15 0
5 5 16 0
5 5 17 0
5 5 18 0
5 5 19 0
5 6 0 5334
5 6 1 4235
5 6 2 4489
5 6 3 4241
5 6 4 3076
5 6 5 0
5 6 6 0
5 6 7 6963
5 6 8 8640
5 6 9 7526
5 6 10 5322
5 6 11 8919
5 6 12 8478
5 6 13 8661
5 6 14 8229
5 6 15 9196
5 6 16 7517
5 6 17 5140
5 6 18 7007
5 6 19 5041
5 7 0 1894
5 7 1 4651
5 7 2 4646
5 7 3 2309
5 7 4 2768
5 7 5 0
5 7 6 5472
5 7 7 0
5 7 8 6123
5 7 9 8732
5 7 10 7522
5 7 11 6848
5 7 12 5323
5 7 13 6255
5 7 14 5825
5 7 15 8758
5 7 16 4827
5 7 17 6233
5 7 18 6799
5 7 19 5910
5 8 0 1146
5 8 1 3496
5 8 2 4183
5 8 3 3458
5 8 4 3238
5 8 5 0
5 8 6 665
5 8 7 5406
5 8 8 0
5 8 9 2242
5 8 10 3996
5 8 11 937
5 8 12 1413
5 8 13 2507
5 8 14 3780
5 8 15 2648
5 8 16 3497
5 8 17 1174
5 8 18 2318
5 8 19 4239
5 9 0 5172
5 9 1 3470
5 9 2 3695
5 9 3 6236
5 9 4 6101
5 9 5 0
5 9 6 7406
5 9 7 8921
5 9 8 7597
5 9 9 0
5 9 10 6586
5 9 11 6387
5 9 12 8158
5 9 13 9275
5 9 14 5480
5 9 15 6039
5 9 16 6444
5 9 17 9478
5 9 18 7056
5 9 19 8779
5 10 0 6937
5 10 1 7152
5 10 2 3577
5 10 3 5496
5 10 4 3159
5 10 5 0
5 10 6 3525
5 10 7 5808
5 10 8 4738
5 10 9 2058
5 10 10 0
5 10 11 1976
5 10 12 2942
5 10 13 3554
5 10 14 3799
5 10 15 4259
5 10 16 5497
5 10 17 2691
5 10 18 1726
5 10 19 1989
5 11 0 3560
5 11 1 1907
5 11 2 1314
5 11 3 4147
5 11 4 764
5 11 5 0
5 11 6 5271
5 11 7 4030
5 11 8 4241
5 11 9 6234
5 11 10 3242
5 11 11 0
5 11 12 4313
5 11 13 7599
5 11 14 7759
5 11 15 7633
5 11 16 7405
5 11 17 6358
5 11 18 5280
5 11 19 5021
5 12 0 3218
5 12 1 2696
5 12 2 4766
5 12 3 1318
5 12 4 2949
5 12 5 0
5 12 6 8878
5 12 7 7986
5 12 8 6355
5 12 9 6416
5 12 10 6233
5 12 11 8682
5 12 12 0
5 12 13 7720
5 12 14 8452
5 12 15 6198
5 12 16 6427
5 12 17 6380
5 12 18 8447
5 12 19 8447
5 13 0 6083
5 13 1 2725
5 13 2 4109
5 13 3 7030
5 13 4 3677
5 13 5 0
5 13 6 6057
5 13 7 5432
5 13 8 4643
5 13 9 5514
5 13 10 3194
5 13 11 2992
5 13 12 6845
5 13 13 0
5 13 14 3673
5 13 15 7053
5 13 16 6843
5 13 17 3280
5 13 18 6691
5 13 19 4765
5 14 0 2983
5 14 1 2151
5 14 2 4178
5 14 3 7024
5 14 4 4576
5 14 5 0
5 14 6 442
5 14 7 1245
5 14 8 3409
5 14 9 2045
5 14 10 829
5 14 11 1685
5 14 12 3289
5 14 13 734
5 14 14 0
5 14 15 1614
5 14 16 1656
5 14 17 5263
5 14 18 4628
5 14 19 2217
5 15 0 5379
5 15 1 2661
5 15 2 3500
5 15 3 5004
5 15 4 2394
5 15 5 0
5 15 6 4722
5 15 7 4742
5 15 8 3020
5 15 9 6732
5 15 10 5771
5 15 11 6155
5 15 12 5561
5 15 13 7385
5 15 14 3771
5 15 15 0
5 15 16 7561
5 15 17 7681
5 15 18 5201
5 15 19 5665
5 16 0 3099
5 16 1 3661
5 16 2 5450
5 16 3 3778
5 16 4 6130
5 16 5 0
5 16 6 5418
5 16 7 6455
5 16 8 4663
5 16 9 4879
5 16 10 6569
5 16 11 4882
5 16 12 5588
5 16 13 2895
5 16 14 6531
5 16 15 6049
5 16 16 0
5 16 17 5593
5 16 18 3695
5 16 19 5659
5 17 0 5023
5 17 1 5125
5 17 2 3843
5 17 3 5236
5 17 4 8008
5 17 5 0
5 17 6 4418
5 17 7 8182
5 17 8 5283
5 17 9 7857
5 17 10 4013
5 17 11 7218
5 17 12 7209
5 17 13 5089
5 17 14 5415
5 17 15 4771
5 17 16 8163
5 17 17 0
5 17 18 3971
5 17 19 3801
5 18 0 3961
5 18 1 5645
5 18 2 3955
5 18 3 6418
5 18 4 3424
5 18 5 0
5 18 6 5168
5 18 7 4589
5 18 8 3847
5 18 9 8534
5 18 10 4972
5 18 11 8521
5 18 12 5371
5 18 13 8341
5 18 14 5893
5 18 15 4011
5 18 16 6449
5 18 17 6618
5 18 18 0
5 18 19 3632
5 19 0 5520
5 19 1 4607
5 19 2 1408
5 19 3 2953
5 19 4 2314
5 19 5 0
5 19 6 5523
5 19 7 4596
5 19 8 6135
5 19 9 4644
5 19 10 6545
5 19 11 7712
5 19 12 7798
5 19 13 7169
5 19 14 4645
5 19 15 6159
5 19 16 5493
5 19 17 5981
5 19 18 5711
5 19 19 0
6 0 0 0
6 0 1 4468
6 0 2 8473
6 0 3 6882
6 0 4 6327
6 0 5 7654
6 0 6 0
6 0 7 5931
6 0 8 5105
6 0 9 7266
6 0 10 8972
6 0 11 7281
6 0 12 7557
6 0 13 8080
6 0 14 5358
6 0 15 8863
6 0 16 6407
6 0 17 6086
6 0 18 6839
6 0 19 9438
6 1 0 3652
6 1 1 0
6 1 2 3608
6 1 3 4006
6 1 4 5567
6 1 5 3888
6 1 6 0
6 1 7 6563
6 1 8 5330
6 1 9 3439
6 1 10 7062
6 1 11 3503
6 1 12 4910
6 1 13 2597
6 1 14 2401
6 1 15 4020
6 1 16 4844
6 1 17 4063
6 1 18 6398
6 1 19 6400
6 2 0 5024
6 2 1 3850
6 2 2 0
6 2 3 5887
6 2 4 7812
6 2 5 5807
6 2 6 0
6 2 7 6610
6 2 8 6069
6 2 9 3716
6 2 10 3539
6 2 11 2962
6 2 12 7032
6 2 13 4033
6 2 14 4480
6 2 15 4911
6 2 16 6685
6 2 17 2833
6 2 18 4760
6 2 19 3253
6 3 0 5287
6 3 1 2805
6 3 2 4187
6 3 3 0
6 3 4 4193
6 3 5 6173
6 3 6 0
6 3 7 3482
6 3 8 4553
6 3 9 5466
6 3 10 4667
6 3 11 5004
6 3 12 2793
6 3 13 6163
6 3 14 6535
6 3 15 5624
6 3 16 4222
6 3 17 3435
6 3 18 6432
6 3 19 4007
6 4 0 1714
6 4 1 4219
6 4 2 3836
6 4 3 5244
6 4 4 0
6 4 5 5722
6 4 6 0
6 4 7 5736
6 4 8 6128
6 4 9 7126
6 4 10 4125
6 4 11 3416
6 4 12 6219
6 4 13 4605
6 4 14 5882
6 4 15 4809
6 4 16 8369
6 4 17 8002
6 4 18 5233
6 4 19 5163
6 5 0 5494
6 5 1 8752
6 5 2 7075
6 5 3 8467
6 5 4 6397
6 5 5 0
6 5 6 0
6 5 7 5442
6 5 8 2180
6 5 9 6214
6 5 10 2439
6 5 11 4605
6 5 12 5852
6 5 13 4409
6 5 14 1925
6 5 15 4421
6 5 16 3464
6 5 17 5042
6 5 18 5215
6 5 19 5248
6 6 0 0
6 6 1 0
6 6 2 0
6 6 3 0
6 6 4 0
6 6 5 0
6 6 6 0
6 6 7 0
6 6 8 0
6 6 9 0
6 6 10 0
6 6 11 0
6 6 12 0
6 6 13 0
6 6 14 0
6 6 15 0
6 6 16 0
6 6 17 0
6 6 18 0
6 6 19 0
6 7 0 3093
6 7 1 5850
6 7 2 5845
6 7 3 3508
6 7 4 3967
6 7 5 5472
6 7 6 0
6 7 7 0
6 7 8 4384
6 7 9 6993
6 7 10 5783
6 7 11 5109
6 7 12 3584
6 7 13 4516
6 7 14 4086
6 7 15 7019
6 7 16 3088
6 7 17 4494
6 7 18 5060
6 7 19 4171
6 8 0 722
6 8 1 3072
6 8 2 3759
6 8 3 3034
6 8 4 2814
6 8 5 665
6 8 6 0
6 8 7 8606
6 8 8 0
6 8 9 5442
6 8 10 7196
6 8 11 4137
6 8 12 4613
6 8 13 5707
6 8 14 6980
6 8 15 5848
6 8 16 6697
6 8 17 4374
6 8 18 5518
6 8 19 7439
6 9 0 5590
6 9 1 3888
6 9 2 4113
6 9 3 6654
6 9 4 6519
6 9 5 7406
6 9 6 0
6 9 7 6973
6 9 8 5649
6 9 9 0
6 9 10 4638
6 9 11 4439
6 9 12 6210
6 9 13 7327
6 9 14 3532
6 9 15 4091
6 9 16 4496
6 9 17 7530
6 9 18 5108
6 9 19 6831
6 10 0 7190
6 10 1 7405
6 10 2 3830
6 10 3 5749
6 10 4 3412
6 10 5 3525
6 10 6 0
6 10 7 5431
6 10 8 4361
6 10 9 1681
6 10 10 0
6 10 11 1599
6 10 12 2565
6 10 13 3177
6 10 14 3422
6 10 15 3882
6 10 16 5120
6 10 17 2314
6 10 18 1349
6 10 19 1612
6 11 0 5079
6 11 1 3426
6 11 2 2833
6 11 3 5666
6 11 4 2283
6 11 5 5271
6 11 6 0
6 11 7 5084
6 11 8 5295
6 11 9 7288
6 11 10 4296
6 11 11 0
6 11 12 5367
6 11 13 8653
6 11 14 8813
6 11 15 8687
6 11 16 8459
6 11 17 7412
6 11 18 6334
6 11 19 6075
6 12 0 7715
6 12 1 7193
6 12 2 9263
6 12 3 5815
6 12 4 7446
6 12 5 8878
6 12 6 0
6 12 7 7352
6 12 8 5721
6 12 9 5782
6 12 10 5599
6 12 11 8048
6 12 12 0
6 12 13 7086
6 12 14 7818
6 12 15 5564
6 12 16 5793
6 12 17 5746
6 12 18 7813
6 12 19 7813
6 13 0 6860
6 13 1 3502
6 13 2 4886
6 13 3 7807
6 13 4 4454
6 13 5 6057
6 13 6 0
6 13 7 6424
6 13 8 5635
6 13 9 6506
6 13 10 4186
6 13 11 3984
6 13 12 7837
6 13 13 0
6 13 14 4665
6 13 15 8045
6 13 16 7835
6 13 17 4272
6 13 18 7683
6 13 19 5757
6 14 0 1007
6 14 1 175
6 14 2 2202
6 14 3 5048
6 14 4 2600
6 14 5 442
6 14 6 0
6 14 7 4289
6 14 8 6453
6 14 9 5089
6 14 10 3873
6 14 11 4729
6 14 12 6333
6 14 13 3778
6 14 14 0
6 14 15 4658
6 14 16 4700
6 14 17 8307
6 14 18 7672
6 14 19 5261
6 15 0 6296
6 15 1 3578
6 15 2 4417
6 15 3 5921
6 15 4 3311
6 15 5 4722
6 15 6 0
6 15 7 6257
6 15 8 4535
6 15 9 8247
6 15 10 7286
6 15 11 7670
6 15 12 7076
6 15 13 8900
6 15 14 5286
6 15 15 0
6 15 16 9076
6 15 17 9196
6 15 18 6716
6 15 19 7180
6 16 0 5493
6 16 1 6055
6 16 2 7844
6 16 3 6172
6 16 4 8524
6 16 5 5418
6 16 6 0
6 16 7 7248
6 16 8 5456
6 16 9 5672
6 16 10 7362
6 16 11 5675
6 16 12 6381
6 16 13 3688
6 16 14 7324
6 16 15 6842
6 16 16 0
6 16 17 6386
6 16 18 4488
6 16 19 6452
6 17 0 2594
6 17 1 2696
6 17 2 1414
6 17 3 2807
6 17 4 5579
6 17 5 4418
6 17 6 0
6 17 7 5020
6 17 8 2121
6 17 9 4695
6 17 10 851
6 17 11 4056
6 17 12 4047
6 17 13 1927
6 17 14 2253
6 17 15 1609
6 17 16 5001
6 17 17 0
6 17 18 809
6 17 19 639
6 18 0 3924
6 18 1 5608
6 18 2 3918
6 18 3 6381
6 18 4 3387
6 18 5 5168
6 18 6 0
6 18 7 3121
6 18 8 2379
6 18 9 7066
6 18 10 3504
6 18 11 7053
6 18 12 3903
6 18 13 6873
6 18 14 4425
6 18 15 2543
6 18 16 4981
6 18 17 5150
6 18 18 0
6 18 19 2164
6 19 0 6845
6 19 1 5932
6 19 2 2733
6 19 3 4278
6 19 4 3639
6 19 5 5523
6 19 6 0
6 19 7 1129
6 19 8 2668
6 19 9 1177
6 19 10 3078
6 19 11 4245
6 19 12 4331
6 19 13 3702
6 19 14 1178
6 19 15 2692
6 19 16 2026
6 19 17 2514
6 19 18 2244
6 19 19 0
7 0 0 0
7 0 1 2197
7 0 2 6202
7 0 3 4611
7 0 4 4056
7 0 5 5383
7 0 6 5931
7 0 7 0
7 0 8 1254
7 0 9 3415
7 0 10 5121
7 0 11 3430
7 0 12 3706
7 0 13 4229
7 0 14 1507
7 0 15 5012
7 0 16 2556
7 0 17 2235
7 0 18 2988
7 0 19 5587
7 1 0 5237
7 1 1 0
7 1 2 5193
7 1 3 5591
7 1 4 7152
7 1 5 5473
7 1 6 6563
7 1 7 0
7 1 8 6551
7 1 9 4660
7 1 10 8283
7 1 11 4724
7 1 12 6131
7 1 13 3818
7 1 14 3622
7 1 15 5241
7 1 16 6065
7 1 17 5284
7 1 18 7619
7 1 19 7621
7 2 0 6350
7 2 1 5176
7 2 2 0
7 2 3 7213
7 2 4 9138
7 2 5 7133
7 2 6 6610
7 2 7 0
7 2 8 4519
7 2 9 2166
7 2 10 1989
7 2 11 1412
7 2 12 5482
7 2 13 2483
7 2 14 2930
7 2 15 3361
7 2 16 5135
7 2 17 1283
7 2 18 3210
7 2 19 1703
7 3 0 4524
7 3 1 2042
7 3 2 3424
7 3 3 0
7 3 4 3430
7 3 5 5410
7 3 6 3482
7 3 7 0
7 3 8 6534
7 3 9 7447
7 3 10 6648
7 3 11 6985
7 3 12 4774
7 3 13 8144
7 3 14 8516
7 3 15 7605
7 3 16 6203
7 3 17 5416
7 3 18 8413
7 3 19 5988
7 4 0 2575
7 4 1 5080
7 4 2 4697
7 4 3 6105
7 4 4 0
7 4 5 6583
7 4 6 5736
7 4 7 0
7 4 8 3246
7 4 9 4244
7 4 10 1243
7 4 11 534
7 4 12 3337
7 4 13 1723
7 4 14 3000
7 4 15 1927
7 4 16 5487
7 4 17 5120
7 4 18 2351
7 4 19 2281
7 5 0 4456
7 5 1 7714
7 5 2 6037
7 5 3 7429
7 5 4 5359
7 5 5 0
7 5 6 5442
7 5 7 0
7 5 8 1011
7 5 9 5045
7 5 10 1270
7 5 11 3436
7 5 12 4683
7 5 13 3240
7 5 14 756
7 5 15 3252
7 5 16 2295
7 5 17 3873
7 5 18 4046
7 5 19 4079
7 6 0 5817
7 6 1 4718
7 6 2 4972
7 6 3 4724
7 6 4 3559
7 6 5 6963
7 6 6 0
7 6 7 0
7 6 8 5410
7 6 9 4296
7 6 10 2092
7 6 11 5689
7 6 12 5248
7 6 13 5431
7 6 14 4999
7 6 15 5966
7 6 16 4287
7 6 17 1910
7 6 18 3777
7 6 19 1811
7 7 0 0
7 7 1 0
7 7 2 0
7 7 3 0
7 7 4 0
7 7 5 0
7 7 6 0
7 7 7 0
7 7 8 0
7 7 9 0
7 7 10 0
7 7 11 0
7 7 12 0
7 7 13 0
7 7 14 0
7 7 15 0
7 7 16 0
7 7 17 0
7 7 18 0
7 7 19 0
7 8 0 5463
7 8 1 7813
7 8 2 8500
7 8 3 7775
7 8 4 7555
7 8 5 5406
7 8 6 8606
7 8 7 0
7 8 8 0
7 8 9 3963
7 8 10 5717
7 8 11 2658
7 8 12 3134
7 8 13 4228
7 8 14 5501
7 8 15 4369
7 8 16 5218
7 8 17 2895
7 8 18 4039
7 8 19 5960
7 9 0 7105
7 9 1 5403
7 9 2 5628
7 9 3 8169
7 9 4 8034
7 9 5 8921
7 9 6 6973
7 9 7 0
7 9 8 7893
7 9 9 0
7 9 10 6882
7 9 11 6683
7 9 12 8454
7 9 13 9571
7 9 14 5776
7 9 15 6335
7 9 16 6740
7 9 17 9774
7 9 18 7352
7 9 19 9075
7 10 0 9473
7 10 1 9688
7 10 2 6113
7 10 3 8032
7 10 4 5695
7 10 5 5808
7 10 6 5431
7 10 7 0
7 10 8 7599
7 10 9 4919
7 10 10 0
7 10 11 4837
7 10 12 5803
7 10 13 6415
7 10 14 6660
7 10 15 7120
7 10 16 8358
7 10 17 5552
7 10 18 4587
7 10 19 4850
7 11 0 3838
7 11 1 2185
7 11 2 1592
7 11 3 4425
7 11 4 1042
7 11 5 4030
7 11 6 5084
7 11 7 0
7 11 8 4262
7 11 9 6255
7 11 10 3263
7 11 11 0
7 11 12 4334
7 11 13 7620
7 11 14 7780
7 11 15 7654
7 11 16 7426
7 11 17 6379
7 11 18 5301
7 11 19 5042
7 12 0 6823
7 12 1 6301
7 12 2 8371
7 12 3 4923
7 12 4 6554
7 12 5 7986
7 12 6 7352
7 12 7 0
7 12 8 3604
7 12 9 3665
7 12 10 3482
7 12 11 5931
7 12 12 0
7 12 13 4969
7 12 14 5701
7 12 15 3447
7 12 16 3676
7 12 17 3629
7 12 18 5696
7 12 19 5696
7 13 0 6235
7 13 1 2877
7 13 2 4261
7 13 3 7182
7 13 4 3829
7 13 5 5432
7 13 6 6424
7 13 7 0
7 13 8 4267
7 13 9 5138
7 13 10 2818
7 13 11 2616
7 13 12 6469
7 13 13 0
7 13 14 3297
7 13 15 6677
7 13 16 6467
7 13 17 2904
7 13 18 6315
7 13 19 4389
7 14 0 1810
7 14 1 978
7 14 2 3005
7 14 3 5851
7 14 4 3403
7 14 5 1245
7 14 6 4289
7 14 7 0
7 14 8 5087
7 14 9 3723
7 14 10 2507
7 14 11 3363
7 14 12 4967
7 14 13 2412
7 14 14 0
7 14 15 3292
7 14 16 3334
7 14 17 6941
7 14 18 6306
7 14 19 3895
7 15 0 6316
7 15 1 3598
7 15 2 4437
7 15 3 5941
7 15 4 3331
7 15 5 4742
7 15 6 6257
7 15 7 0
7 15 8 5135
7 15 9 8847
7 15 10 7886
7 15 11 8270
7 15 12 7676
7 15 13 9500
7 15 14 5886
7 15 15 0
7 15 16 9676
7 15 17 9796
7 15 18 7316
7 15 19 7780
7 16 0 6530
7 16 1 7092
7 16 2 8881
7 16 3 7209
7 16 4 9561
7 16 5 6455
7 16 6 7248
7 16 7 0
7 16 8 3804
7 16 9 4020
7 16 10 5710
7 16 11 4023
7 16 12 4729
7 16 13 2036
7 16 14 5672
7 16 15 5190
7 16 16 0
7 16 17 4734
7 16 18 2836
7 16 19 4800
7 17 0 6358
7 17 1 6460
7 17 2 5178
7 17 3 6571
7 17 4 9343
7 17 5 8182
7 17 6 5020
7 17 7 0
7 17 8 4252
7 17 9 6826
7 17 10 2982
7 17 11 6187
7 17 12 6178
7 17 13 4058
7 17 14 4384
7 17 15 3740
7 17 16 7132
7 17 17 0
7 17 18 2940
7 17 19 2770
7 18 0 3345
7 18 1 5029
7 18 2 3339
7 18 3 5802
7 18 4 2808
7 18 5 4589
7 18 6 3121
7 18 7 0
7 18 8 3209
7 18 9 7896
7 18 10 4334
7 18 11 7883
7 18 12 4733
7 18 13 7703
7 18 14 5255
7 18 15 3373
7 18 16 5811
7 18 17 5980
7 18 18 0
7 18 19 2994
7 19 0 5918
7 19 1 5005
7 19 2 1806
7 19 3 3351
7 19 4 2712
7 19 5 4596
7 19 6 1129
7 19 7 0
7 19 8 4575
7 19 9 3084
7 19 10 4985
7 19 11 6152
7 19 12 6238
7 19 13 5609
7 19 14 3085
7 19 15 4599
7 19 16 3933
7 19 17 4421
7 19 18 4151
7 19 19 0
8 0 0 0
8 0 1 1371
8 0 2 5376
8 0 3 3785
8 0 4 3230
8 0 5 4557
8 0 6 5105
8 0 7 1254
8 0 8 0
8 0 9 3777
8 0 10 5483
8 0 11 3792
8 0 12 4068
8 0 13 4591
8 0 14 1869
8 0 15 5374
8 0 16 2918
8 0 17 2597
8 0 18 3350
8 0 19 5949
8 1 0 4004
8 1 1 0
8 1 2 3960
8 1 3 4358
8 1 4 5919
8 1 5 4240
8 1 6 5330
8 1 7 6551
8 1 8 0
8 1 9 2555
8 1 10 6178
8 1 11 2619
8 1 12 4026
8 1 13 1713
8 1 14 1517
8 1 15 3136
8 1 16 3960
8 1 17 3179
8 1 18 5514
8 1 19 5516
8 2 0 5809
8 2 1 4635
8 2 2 0
8 2 3 6672
8 2 4 8597
8 2 5 6592
8 2 6 6069
8 2 7 4519
8 2 8 0
8 2 9 2479
8 2 10 2302
8 2 11 1725
8 2 12 5795
8 2 13 2796
8 2 14 3243
8 2 15 3674
8 2 16 5448
8 2 17 1596
8 2 18 3523
8 2 19 2016
8 3 0 5595
8 3 1 3113
8 3 2 4495
8 3 3 0
8 3 4 4501
8 3 5 6481
8 3 6 4553
8 3 7 6534
8 3 8 0
8 3 9 6999
8 3 10 6200
8 3 11 6537
8 3 12 4326
8 3 13 7696
8 3 14 8068
8 3 15 7157
8 3 16 5755
8 3 17 4968
8 3 18 7965
8 3 19 5540
8 4 0 2967
8 4 1 5472
8 4 2 5089
8 4 3 6497
8 4 4 0
8 4 5 6975
8 4 6 6128
8 4 7 3246
8 4 8 0
8 4 9 6574
8 4 10 3573
8 4 11 2864
8 4 12 5667
8 4 13 4053
8 4 14 5330
8 4 15 4257
8 4 16 7817
8 4 17 7450
8 4 18 4681
8 4 19 4611
8 5 0 1194
8 5 1 4452
8 5 2 2775
8 5 3 4167
8 5 4 2097
8 5 5 0
8 5 6 2180
8 5 7 1011
8 5 8 0
8 5 9 5123
8 5 10 1348
8 5 11 3514
8 5 12 4761
8 5 13 3318
8 5 14 834
8 5 15 3330
8 5 16 2373
8 5 17 3951
8 5 18 4124
8 5 19 4157
8 6 0 7494
8 6 1 6395
8 6 2 6649
8 6 3 6401
8 6 4 5236
8 6 5 8640
8 6 6 0
8 6 7 5410
8 6 8 0
8 6 9 2751
8 6 10 547
8 6 11 4144
8 6 12 3703
8 6 13 3886
8 6 14 3454
8 6 15 4421
8 6 16 2742
8 6 17 365
8 6 18 2232
8 6 19 266
8 7 0 3744
8 7 1 6501
8 7 2 6496
8 7 3 4159
8 7 4 4618
8 7 5 6123
8 7 6 4384
8 7 7 0
8 7 8 0
8 7 9 9736
8 7 10 8526
8 7 11 7852
8 7 12 6327
8 7 13 7259
8 7 14 6829
8 7 15 9762
8 7 16 5831
8 7 17 7237
8 7 18 7803
8 7 19 6914
8 8 0 0
8 8 1 0
8 8 2 0
8 8 3 0
8 8 4 0
8 8 5 0
8 8 6 0
8 8 7 0
8 8 8 0
8 8 9 0
8 8 10 0
8 8 11 0
8 8 12 0
8 8 13 0
8 8 14 0
8 8 15 0
8 8 16 0
8 8 17 0
8 8 18 0
8 8 19 0
8 9 0 5781
8 9 1 4079
8 9 2 4304
8 9 3 6845
8 9 4 6710
8 9 5 7597
8 9 6 5649
8 9 7 7893
8 9 8 0
8 9 9 0
8 9 10 3654
8 9 11 3455
8 9 12 5226
8 9 13 6343
8 9 14 2548
8 9 15 3107
8 9 16 3512
8 9 17 6546
8 9 18 4124
8 9 19 5847
8 10 0 8403
8 10 1 8618
8 10 2 5043
8 10 3 6962
8 10 4 4625
8 10 5 4738
8 10 6 4361
8 10 7 7599
8 10 8 0
8 10 9 4655
8 10 10 0
8 10 11 4573
8 10 12 5539
8 10 13 6151
8 10 14 6396
8 10 15 6856
8 10 16 8094
8 10 17 5288
8 10 18 4323
8 10 19 4586
8 11 0 4049
8 11 1 2396
8 11 2 1803
8 11 3 4636
8 11 4 1253
8 11 5 4241
8 11 6 5295
8 11 7 4262
8 11 8 0
8 11 9 3606
8 11 10 614
8 11 11 0
8 11 12 1685
8 11 13 4971
8 11 14 5131
8 11 15 5005
8 11 16 4777
8 11 17 3730
8 11 18 2652
8 11 19 2393
8 12 0 5192
8 12 1 4670
8 12 2 6740
8 12 3 3292
8 12 4 4923
8 12 5 6355
8 12 6 5721
8 12 7 3604
8 12 8 0
8 12 9 3017
8 12 10 2834
8 12 11 5283
8 12 12 0
8 12 13 4321
8 12 14 5053
8 12 15 2799
8 12 16 3028
8 12 17 2981
8 12 18 5048
8 12 19 5048
8 13 0 5446
8 13 1 2088
8 13 2 3472
8 13 3 6393
8 13 4 3040
8 13 5 4643
8 13 6 5635
8 13 7 4267
8 13 8 0
8 13 9 4652
8 13 10 2332
8 13 11 2130
8 13 12 5983
8 13 13 0
8 13 14 2811
8 13 15 6191
8 13 16 5981
8 13 17 2418
8 13 18 5829
8 13 19 3903
8 14 0 3974
8 14 1 3142
8 14 2 5169
8 14 3 8015
8 14 4 5567
8 14 5 3409
8 14 6 6453
8 14 7 5087
8 14 8 0
8 14 9 4940
8 14 10 3724
8 14 11 4580
8 14 12 6184
8 14 13 3629
8 14 14 0
8 14 15 4509
8 14 16 4551
8 14 17 8158
8 14 18 7523
8 14 19 5112
8 15 0 4594
8 15 1 1876
8 15 2 2715
8 15 3 4219
8 15 4 1609
8 15 5 3020
8 15 6 4535
8 15 7 5135
8 15 8 0
8 15 9 5999
8 15 10 5038
8 15 11 5422
8 15 12 4828
8 15 13 6652
8 15 14 3038
8 15 15 0
8 15 16 6828
8 15 17 6948
8 15 18 4468
8 15 19 4932
8 16 0 4738
8 16 1 5300
8 16 2 7089
8 16 3 5417
8 16 4 7769
8 16 5 4663
8 16 6 5456
8 16 7 3804
8 16 8 0
8 16 9 5952
8 16 10 7642
8 16 11 5955
8 16 12 6661
8 16 13 3968
8 16 14 7604
8 16 15 7122
8 16 16 0
8 16 17 6666
8 16 18 4768
8 16 19 6732
8 17 0 3459
8 17 1 3561
8 17 2 2279
8 17 3 3672
8 17 4 6444
8 17 5 5283
8 17 6 2121
8 17 7 4252
8 17 8 0
8 17 9 5029
8 17 10 1185
8 17 11 4390
8 17 12 4381
8 17 13 2261
8 17 14 2587
8 17 15 1943
8 17 16 5335
8 17 17 0
8 17 18 1143
8 17 19 973
8 18 0 2603
8 18 1 4287
8 18 2 2597
8 18 3 5060
8 18 4 2066
8 18 5 3847
8 18 6 2379
8 18 7 3209
8 18 8 0
8 18 9 6677
8 18 10 3115
8 18 11 6664
8 18 12 3514
8 18 13 6484
8 18 14 4036
8 18 15 2154
8 18 16 4592
8 18 17 4761
8 18 18 0
8 18 19 1775
8 19 0 7457
8 19 1 6544
8 19 2 3345
8 19 3 4890
8 19 4 4251
8 19 5 6135
8 19 6 2668
8 19 7 4575
8 19 8 0
8 19 9 4675
8 19 10 6576
8 19 11 7743
8 19 12 7829
8 19 13 7200
8 19 14 4676
8 19 15 6190
8 19 16 5524
8 19 17 6012
8 19 18 5742
8 19 19 0
9 0 0 0
9 0 1 3532
9 0 2 7537
9 0 3 5946
9 0 4 5391
9 0 5 6718
9 0 6 7266
9 0 7 3415
9 0 8 3777
9 0 9 0
9 0 10 6857
9 0 11 5166
9 0 12 5442
9 0 13 5965
9 0 14 3243
9 0 15 6748
9 0 16 4292
9 0 17 3971
9 0 18 4724
9 0 19 7323
9 1 0 2113
9 1 1 0
9 1 2 2069
9 1 3 2467
9 1 4 4028
9 1 5 2349
9 1 6 3439
9 1 7 4660
9 1 8 2555
9 1 9 0
9 1 10 9676
9 1 11 6117
9 1 12 7524
9 1 13 5211
9 1 14 5015
9 1 15 6634
9 1 16 7458
9 1 17 6677
9 1 18 9012
9 1 19 9014
9 2 0 3456
9 2 1 2282
9 2 2 0
9 2 3 4319
9 2 4 6244
9 2 5 4239
9 2 6 3716
9 2 7 2166
9 2 8 2479
9 2 9 0
9 2 10 2887
9 2 11 2310
9 2 12 6380
9 2 13 3381
9 2 14 3828
9 2 15 4259
9 2 16 6033
9 2 17 2181
9 2 18 4108
9 2 19 2601
9 3 0 6508
9 3 1 4026
9 3 2 5408
9 3 3 0
9 3 4 5414
9 3 5 7394
9 3 6 5466
9 3 7 7447
9 3 8 6999
9 3 9 0
9 3 10 6644
9 3 11 6981
9 3 12 4770
9 3 13 8140
9 3 14 8512
9 3 15 7601
9 3 16 6199
9 3 17 5412
9 3 18 8409
9 3 19 5984
9 4 0 3965
9 4 1 6470
9 4 2 6087
9 4 3 7495
9 4 4 0
9 4 5 7973
9 4 6 7126
9 4 7 4244
9 4 8 6574
9 4 9 0
9 4 10 4712
9 4 11 4003
9 4 12 6806
9 4 13 5192
9 4 14 6469
9 4 15 5396
9 4 16 8956
9 4 17 8589
9 4 18 5820
9 4 19 5750
9 5 0 5228
9 5 1 8486
9 5 2 6809
9 5 3 8201
9 5 4 6131
9 5 5 0
9 5 6 6214
9 5 7 5045
9 5 8 5123
9 5 9 0
9 5 10 3213
9 5 11 5379
9 5 12 6626
9 5 13 5183
9 5 14 2699
9 5 15 5195
9 5 16 4238
9 5 17 5816
9 5 18 5989
9 5 19 6022
9 6 0 6380
9 6 1 5281
9 6 2 5535
9 6 3 5287
9 6 4 4122
9 6 5 7526
9 6 6 0
9 6 7 4296
9 6 8 2751
9 6 9 0
9 6 10 3254
9 6 11 6851
9 6 12 6410
9 6 13 6593
9 6 14 6161
9 6 15 7128
9 6 16 5449
9 6 17 3072
9 6 18 4939
9 6 19 2973
9 7 0 6353
9 7 1 9110
9 7 2 9105
9 7 3 6768
9 7 4 7227
9 7 5 8732
9 7 6 6993
9 7 7 0
9 7 8 9736
9 7 9 0
9 7 10 8007
9 7 11 7333
9 7 12 5808
9 7 13 6740
9 7 14 6310
9 7 15 9243
9 7 16 5312
9 7 17 6718
9 7 18 7284
9 7 19 6395
9 8 0 2299
9 8 1 4649
9 8 2 5336
9 8 3 4611
9 8 4 4391
9 8 5 2242
9 8 6 5442
9 8 7 3963
9 8 8 0
9 8 9 0
9 8 10 6419
9 8 11 3360
9 8 12 3836
9 8 13 4930
9 8 14 6203
9 8 15 5071
9 8 16 5920
9 8 17 3597
9 8 18 4741
9 8 19 6662
9 9 0 0
9 9 1 0
9 9 2 0
9 9 3 0
9 9 4 0
9 9 5 0
9 9 6 0
9 9 7 0
9 9 8 0
9 9 9 0
9 9 10 0
9 9 11 0
9 9 12 0
9 9 13 0
9 9 14 0
9 9 15 0
9 9 16 0
9 9 17 0
9 9 18 0
9 9 19 0
9 10 0 5723
9 10 1 5938
9 10 2 2363
9 10 3 4282
9 10 4 1945
9 10 5 2058
9 10 6 1681
9 10 7 4919
9 10 8 4655
9 10 9 0
9 10 10 0
9 10 11 3129
9 10 12 4095
9 10 13 4707
9 10 14 4952
9 10 15 5412
9 10 16 6650
9 10 17 3844
9 10 18 2879
9 10 19 3142
9 11 0 6042
9 11 1 4389
9 11 2 3796
9 11 3 6629
9 11 4 3246
9 11 5 6234
9 11 6 7288
9 11 7 6255
9 11 8 3606
9 11 9 0
9 11 10 2030
9 11 11 0
9 11 12 3101
9 11 13 6387
9 11 14 6547
9 11 15 6421
9 11 16 6193
9 11 17 5146
9 11 18 4068
9 11 19 3809
9 12 0 5253
9 12 1 4731
9 12 2 6801
9 12 3 3353
9 12 4 4984
9 12 5 6416
9 12 6 5782
9 12 7 3665
9 12 8 3017
9 12 9 0
9 12 10 5545
9 12 11 7994
9 12 12 0
9 12 13 7032
9 12 14 7764
9 12 15 5510
9 12 16 5739
9 12 17 5692
9 12 18 7759
9 12 19 7759
9 13 0 6317
9 13 1 2959
9 13 2 4343
9 13 3 7264
9 13 4 3911
9 13 5 5514
9 13 6 6506
9 13 7 5138
9 13 8 4652
9 13 9 0
9 13 10 5066
9 13 11 4864
9 13 12 8717
9 13 13 0
9 13 14 5545
9 13 15 8925
9 13 16 8715
9 13 17 5152
9 13 18 8563
9 13 19 6637
9 14 0 2610
9 14 1 1778
9 14 2 3805
9 14 3 6651
9 14 4 4203
9 14 5 2045
9 14 6 5089
9 14 7 3723
9 14 8 4940
9 14 9 0
9 14 10 1390
9 14 11 2246
9 14 12 3850
9 14 13 1295
9 14 14 0
9 14 15 2175
9 14 16 2217
9 14 17 5824
9 14 18 5189
9 14 19 2778
9 15 0 8306
9 15 1 5588
9 15 2 6427
9 15 3 7931
9 15 4 5321
9 15 5 6732
9 15 6 8247
9 15 7 8847
9 15 8 5999
9 15 9 0
9 15 10 4395
9 15 11 4779
9 15 12 4185
9 15 13 6009
9 15 14 2395
9 15 15 0
9 15 16 6185
9 15 17 6305
9 15 18 3825
9 15 19 4289
9 16 0 4954
9 16 1 5516
9 16 2 7305
9 16 3 5633
9 16 4 7985
9 16 5 4879
9 16 6 5672
9 16 7 4020
9 16 8 5952
9 16 9 0
9 16 10 6555
9 16 11 4868
9 16 12 5574
9 16 13 2881
9 16 14 6517
9 16 15 6035
9 16 16 0
9 16 17 5579
9 16 18 3681
9 16 19 5645
9 17 0 6033
9 17 1 6135
9 17 2 4853
9 17 3 6246
9 17 4 9018
9 17 5 7857
9 17 6 4695
9 17 7 6826
9 17 8 5029
9 17 9 0
9 17 10 5455
9 17 11 8660
9 17 12 8651
9 17 13 6531
9 17 14 6857
9 17 15 6213
9 17 16 9605
9 17 17 0
9 17 18 5413
9 17 19 5243
9 18 0 7290
9 18 1 8974
9 18 2 7284
9 18 3 9747
9 18 4 6753
9 18 5 8534
9 18 6 7066
9 18 7 7896
9 18 8 6677
9 18 9 0
9 18 10 3819
9 18 11 7368
9 18 12 4218
9 18 13 7188
9 18 14 4740
9 18 15 2858
9 18 16 5296
9 18 17 5465
9 18 18 0
9 18 19 2479
9 19 0 5966
9 19 1 5053
9 19 2 1854
9 19 3 3399
9 19 4 2760
9 19 5 4644
9 19 6 1177
9 19 7 3084
9 19 8 4675
9 19 9 0
9 19 10 7082
9 19 11 8249
9 19 12 8335
9 19 13 7706
9 19 14 5182
9 19 15 6696
9 19 16 6030
9 19 17 6518
9 19 18 6248
9 19 19 0
10 0 0 0
10 0 1 5238
10 0 2 9243
10 0 3 7652
10 0 4 7097
10 0 5 8424
10 0 6 8972
10 0 7 5121
10 0 8 5483
10 0 9 6857
10 0 10 0
10 0 11 7692
10 0 12 7968
10 0 13 8491
10 0 14 5769
10 0 15 9274
10 0 16 6818
10 0 17 6497
10 0 18 7250
10 0 19 9849
10 1 0 5736
10 1 1 0
10 1 2 5692
10 1 3 6090
10 1 4 7651
10 1 5 5972
10 1 6 7062
10 1 7 8283
10 1 8 6178
10 1 9 9676
10 1 10 0
10 1 11 3367
10 1 12 4774
10 1 13 2461
10 1 14 2265
10 1 15 3884
10 1 16 4708
10 1 17 3927
10 1 18 6262
10 1 19 6264
10 2 0 3279
10 2 1 2105
10 2 2 0
10 2 3 4142
10 2 4 6067
10 2 5 4062
10 2 6 3539
10 2 7 1989
10 2 8 2302
10 2 9 2887
10 2 10 0
10 2 11 3768
10 2 12 7838
10 2 13 4839
10 2 14 5286
10 2 15 5717
10 2 16 7491
10 2 17 3639
10 2 18 5566
10 2 19 4059
10 3 0 5709
10 3 1 3227
10 3 2 4609
10 3 3 0
10 3 4 4615
10 3 5 6595
10 3 6 4667
10 3 7 6648
10 3 8 6200
10 3 9 6644
10 3 10 0
10 3 11 6688
10 3 12 4477
10 3 13 7847
10 3 14 8219
10 3 15 7308
10 3 16 5906
10 3 17 5119
10 3 18 8116
10 3 19 5691
10 4 0 964
10 4 1 3469
10 4 2 3086
10 4 3 4494
10 4 4 0
10 4 5 4972
10 4 6 4125
10 4 7 1243
10 4 8 3573
10 4 9 4712
10 4 10 0
10 4 11 4191
10 4 12 6994
10 4 13 5380
10 4 14 6657
10 4 15 5584
10 4 16 9144
10 4 17 8777
10 4 18 6008
10 4 19 5938
10 5 0 1453
10 5 1 4711
10 5 2 3034
10 5 3 4426
10 5 4 2356
10 5 5 0
10 5 6 2439
10 5 7 1270
10 5 8 1348
10 5 9 3213
10 5 10 0
10 5 11 5438
10 5 12 6685
10 5 13 5242
10 5 14 2758
10 5 15 5254
10 5 16 4297
10 5 17 5875
10 5 18 6048
10 5 19 6081
10 6 0 4176
10 6 1 3077
10 6 2 3331
10 6 3 3083
10 6 4 1918
10 6 5 5322
10 6 6 0
10 6 7 2092
10 6 8 547
10 6 9 3254
10 6 10 0
10 6 11 6745
10 6 12 6304
10 6 13 6487
10 6 14 6055
10 6 15 7022
10 6 16 5343
10 6 17 2966
10 6 18 4833
10 6 19 2867
10 7 0 5143
10 7 1 7900
10 7 2 7895
10 7 3 5558
10 7 4 6017
10 7 5 7522
10 7 6 5783
10 7 7 0
10 7 8 8526
10 7 9 8007
10 7 10 0
10 7 11 7995
10 7 12 6470
10 7 13 7402
10 7 14 6972
10 7 15 9905
10 7 16 5974
10 7 17 7380
10 7 18 7946
10 7 19 7057
10 8 0 4053
10 8 1 6403
10 8 2 7090
10 8 3 6365
10 8 4 6145
10 8 5 3996
10 8 6 7196
10 8 7 5717
10 8 8 0
10 8 9 6419
10 8 10 0
10 8 11 4276
10 8 12 4752
10 8 13 5846
10 8 14 7119
10 8 15 5987
10 8 16 6836
10 8 17 4513
10 8 18 5657
10 8 19 7578
10 9 0 4770
10 9 1 3068
10 9 2 3293
10 9 3 5834
10 9 4 5699
10 9 5 6586
10 9 6 4638
10 9 7 6882
10 9 8 3654
10 9 9 0
10 9 10 0
10 9 11 3012
10 9 12 4783
10 9 13 5900
10 9 14 2105
10 9 15 2664
10 9 16 3069
10 9 17 6103
10 9 18 3681
10 9 19 5404
10 10 0 0
10 10 1 0
10 10 2 0
10 10 3 0
10 10 4 0
10 10 5 0
10 10 6 0
10 10 7 0
10 10 8 0
10 10 9 0
10 10 10 0
10 10 11 0
10 10 12 0
10 10 13 0
10 10 14 0
10 10 15 0
10 10 16 0
10 10 17 0
10 10 18 0
10 10 19 0
10 11 0 3050
10 11 1 1397
10 11 2 804
10 11 3 3637
10 11 4 254
10 11 5 3242
10 11 6 4296
10 11 7 3263
10 11 8 614
10 11 9 2030
10 11 10 0
10 11 11 0
10 11 12 2465
10 11 13 5751
10 11 14 5911
10 11 15 5785
10 11 16 5557
10 11 17 4510
10 11 18 3432
10 11 19 3173
10 12 0 5070
10 12 1 4548
10 12 2 6618
10 12 3 3170
10 12 4 4801
10 12 5 6233
10 12 6 5599
10 12 7 3482
10 12 8 2834
10 12 9 5545
10 12 10 0
10 12 11 6553
10 12 12 0
10 12 13 5591
10 12 14 6323
10 12 15 4069
10 12 16 4298
10 12 17 4251
10 12 18 6318
10 12 19 6318
10 13 0 3997
10 13 1 639
10 13 2 2023
10 13 3 4944
10 13 4 1591
10 13 5 3194
10 13 6 4186
10 13 7 2818
10 13 8 2332
10 13 9 5066
10 13 10 0
10 13 11 2918
10 13 12 6771
10 13 13 0
10 13 14 3599
10 13 15 6979
10 13 16 6769
10 13 17 3206
10 13 18 6617
10 13 19 4691
10 14 0 1394
10 14 1 562
10 14 2 2589
10 14 3 5435
10 14 4 2987
10 14 5 829
10 14 6 3873
10 14 7 2507
10 14 8 3724
10 14 9 1390
10 14 10 0
10 14 11 4340
10 14 12 5944
10 14 13 3389
10 14 14 0
10 14 15 4269
10 14 16 4311
10 14 17 7918
10 14 18 7283
10 14 19 4872
10 15 0 7345
10 15 1 4627
10 15 2 5466
10 15 3 6970
10 15 4 4360
10 15 5 5771
10 15 6 7286
10 15 7 7886
10 15 8 5038
10 15 9 4395
10 15 10 0
10 15 11 6774
10 15 12 6180
10 15 13 8004
10 15 14 4390
10 15 15 0
10 15 16 8180
10 15 17 8300
10 15 18 5820
10 15 19 6284
10 16 0 6644
10 16 1 7206
10 16 2 8995
10 16 3 7323
10 16 4 9675
10 16 5 6569
10 16 6 7362
10 16 7 5710
10 16 8 7642
10 16 9 6555
10 16 10 0
10 16 11 7696
10 16 12 8402
10 16 13 5709
10 16 14 9345
10 16 15 8863
10 16 16 0
10 16 17 8407
10 16 18 6509
10 16 19 8473
10 17 0 2189
10 17 1 2291
10 17 2 1009
10 17 3 2402
10 17 4 5174
10 17 5 4013
10 17 6 851
10 17 7 2982
10 17 8 1185
10 17 9 5455
10 17 10 0
10 17 11 5648
10 17 12 5639
10 17 13 3519
10 17 14 3845
10 17 15 3201
10 17 16 6593
10 17 17 0
10 17 18 2401
10 17 19 2231
10 18 0 3728
10 18 1 5412
10 18 2 3722
10 18 3 6185
10 18 4 3191
10 18 5 4972
10 18 6 3504
10 18 7 4334
10 18 8 3115
10 18 9 3819
10 18 10 0
10 18 11 5813
10 18 12 2663
10 18 13 5633
10 18 14 3185
10 18 15 1303
10 18 16 3741
10 18 17 3910
10 18 18 0
10 18 19 924
10 19 0 7867
10 19 1 6954
10 19 2 3755
10 19 3 5300
10 19 4 4661
10 19 5 6545
10 19 6 3078
10 19 7 4985
10 19 8 6576
10 19 9 7082
10 19 10 0
10 19 11 5234
10 19 12 5320
10 19 13 4691
10 19 14 2167
10 19 15 3681
10 19 16 3015
10 19 17 3503
10 19 18 3233
10 19 19 0
11 0 0 0
11 0 1 3547
11 0 2 7552
11 0 3 5961
11 0 4 5406
11 0 5 6733
11 0 6 7281
11 0 7 3430
11 0 8 3792
11 0 9 5166
11 0 10 7692
11 0 11 0
11 0 12 6329
11 0 13 6852
11 0 14 4130
11 0 15 7635
11 0 16 5179
11 0 17 4858
11 0 18 5611
11 0 19 8210
11 1 0 2177
11 1 1 0
11 1 2 2133
11 1 3 2531
11 1 4 4092
11 1 5 2413
11 1 6 3503
11 1 7 4724
11 1 8 2619
11 1 9 6117
11 1 10 3367
11 1 11 0
11 1 12 2975
11 1 13 662
11 1 14 466
11 1 15 2085
11 1 16 2909
11 1 17 2128
11 1 18 4463
11 1 19 4465
11 2 0 2702
11 2 1 1528
11 2 2 0
11 2 3 3565
11 2 4 5490
11 2 5 3485
11 2 6 2962
11 2 7 1412
11 2 8 1725
11 2 9 2310
11 2 10 3768
11 2 11 0
11 2 12 8982
11 2 13 5983
11 2 14 6430
11 2 15 6861
11 2 16 8635
11 2 17 4783
11 2 18 6710
11 2 19 5203
11 3 0 6046
11 3 1 3564
11 3 2 4946
11 3 3 0
11 3 4 4952
11 3 5 6932
11 3 6 5004
11 3 7 6985
11 3 8 6537
11 3 9 6981
11 3 10 6688
11 3 11 0
11 3 12 2909
11 3 13 6279
11 3 14 6651
11 3 15 5740
11 3 16 4338
11 3 17 3551
11 3 18 6548
11 3 19 4123
11 4 0 255
11 4 1 2760
11 4 2 2377
11 4 3 3785
11 4 4 0
11 4 5 4263
11 4 6 3416
11 4 7 534
11 4 8 2864
11 4 9 4003
11 4 10 4191
11 4 11 0
11 4 12 6214
11 4 13 4600
11 4 14 5877
11 4 15 4804
11 4 16 8364
11 4 17 7997
11 4 18 5228
11 4 19 5158
11 5 0 3619
11 5 1 6877
11 5 2 5200
11 5 3 6592
11 5 4 4522
11 5 5 0
11 5 6 4605
11 5 7 3436
11 5 8 3514
11 5 9 5379
11 5 10 5438
11 5 11 0
11 5 12 4999
11 5 13 3556
11 5 14 1072
11 5 15 3568
11 5 16 2611
11 5 17 4189
11 5 18 4362
11 5 19 4395
11 6 0 7773
11 6 1 6674
11 6 2 6928
11 6 3 6680
11 6 4 5515
11 6 5 8919
11 6 6 0
11 6 7 5689
11 6 8 4144
11 6 9 6851
11 6 10 6745
11 6 11 0
11 6 12 5884
11 6 13 6067
11 6 14 5635
11 6 15 6602
11 6 16 4923
11 6 17 2546
11 6 18 4413
11 6 19 2447
11 7 0 4469
11 7 1 7226
11 7 2 7221
11 7 3 4884
11 7 4 5343
11 7 5 6848
11 7 6 5109
11 7 7 0
11 7 8 7852
11 7 9 7333
11 7 10 7995
11 7 11 0
11 7 12 2526
11 7 13 3458
11 7 14 3028
11 7 15 5961
11 7 16 2030
11 7 17 3436
11 7 18 4002
11 7 19 3113
11 8 0 994
11 8 1 3344
11 8 2 4031
11 8 3 3306
11 8 4 3086
11 8 5 937
11 8 6 4137
11 8 7 2658
11 8 8 0
11 8 9 3360
11 8 10 4276
11 8 11 0
11 8 12 2089
11 8 13 3183
11 8 14 4456
11 8 15 3324
11 8 16 4173
11 8 17 1850
11 8 18 2994
11 8 19 4915
11 9 0 4571
11 9 1 2869
11 9 2 3094
11 9 3 5635
11 9 4 5500
11 9 5 6387
11 9 6 4439
11 9 7 6683
11 9 8 3455
11 9 9 0
11 9 10 3012
11 9 11 0
11 9 12 6793
11 9 13 7910
11 9 14 4115
11 9 15 4674
11 9 16 5079
11 9 17 8113
11 9 18 5691
11 9 19 7414
11 10 0 5641
11 10 1 5856
11 10 2 2281
11 10 3 4200
11 10 4 1863
11 10 5 1976
11 10 6 1599
11 10 7 4837
11 10 8 4573
11 10 9 3129
11 10 10 0
11 10 11 0
11 10 12 2360
11 10 13 2972
11 10 14 3217
11 10 15 3677
11 10 16 4915
11 10 17 2109
11 10 18 1144
11 10 19 1407
11 11 0 0
11 11 1 0
11 11 2 0
11 11 3 0
11 11 4 0
11 11 5 0
11 11 6 0
11 11 7 0
11 11 8 0
11 11 9 0
11 11 10 0
11 11 11 0
11 11 12 0
11 11 13 0
11 11 14 0
11 11 15 0
11 11 16 0
11 11 17 0
11 11 18 0
11 11 19 0
11 12 0 7519
11 12 1 6997
11 12 2 9067
11 12 3 5619
11 12 4 7250
11 12 5 8682
11 12 6 8048
11 12 7 5931
11 12 8 5283
11 12 9 7994
11 12 10 6553
11 12 11 0
11 12 12 0
11 12 13 4796
11 12 14 5528
11 12 15 3274
11 12 16 3503
11 12 17 3456
11 12 18 5523
11 12 19 5523
11 13 0 3795
11 13 1 437
11 13 2 1821
11 13 3 4742
11 13 4 1389
11 13 5 2992
11 13 6 3984
11 13 7 2616
11 13 8 2130
11 13 9 4864
11 13 10 2918
11 13 11 0
11 13 12 8650
11 13 13 0
11 13 14 5478
11 13 15 8858
11 13 16 8648
11 13 17 5085
11 13 18 8496
11 13 19 6570
11 14 0 2250
11 14 1 1418
11 14 2 3445
11 14 3 6291
11 14 4 3843
11 14 5 1685
11 14 6 4729
11 14 7 3363
11 14 8 4580
11 14 9 2246
11 14 10 4340
11 14 11 0
11 14 12 7738
11 14 13 5183
11 14 14 0
11 14 15 6063
11 14 16 6105
11 14 17 9712
11 14 18 9077
11 14 19 6666
11 15 0 7729
11 15 1 5011
11 15 2 5850
11 15 3 7354
11 15 4 4744
11 15 5 6155
11 15 6 7670
11 15 7 8270
11 15 8 5422
11 15 9 4779
11 15 10 6774
11 15 11 0
11 15 12 7388
11 15 13 9212
11 15 14 5598
11 15 15 0
11 15 16 9388
11 15 17 9508
11 15 18 7028
11 15 19 7492
11 16 0 4957
11 16 1 5519
11 16 2 7308
11 16 3 5636
11 16 4 7988
11 16 5 4882
11 16 6 5675
11 16 7 4023
11 16 8 5955
11 16 9 4868
11 16 10 7696
11 16 11 0
11 16 12 8144
11 16 13 5451
11 16 14 9087
11 16 15 8605
11 16 16 0
11 16 17 8149
11 16 18 6251
11 16 19 8215
11 17 0 5394
11 17 1 5496
11 17 2 4214
11 17 3 5607
11 17 4 8379
11 17 5 7218
11 17 6 4056
11 17 7 6187
11 17 8 4390
11 17 9 8660
11 17 10 5648
11 17 11 0
11 17 12 7140
11 17 13 5020
11 17 14 5346
11 17 15 4702
11 17 16 8094
11 17 17 0
11 17 18 3902
11 17 19 3732
11 18 0 7277
11 18 1 8961
11 18 2 7271
11 18 3 9734
11 18 4 6740
11 18 5 8521
11 18 6 7053
11 18 7 7883
11 18 8 6664
11 18 9 7368
11 18 10 5813
11 18 11 0
11 18 12 4051
11 18 13 7021
11 18 14 4573
11 18 15 2691
11 18 16 5129
11 18 17 5298
11 18 18 0
11 18 19 2312
11 19 0 9034
11 19 1 8121
11 19 2 4922
11 19 3 6467
11 19 4 5828
11 19 5 7712
11 19 6 4245
11 19 7 6152
11 19 8 7743
11 19 9 8249
11 19 10 5234
11 19 11 0
11 19 12 6186
11 19 13 5557
11 19 14 3033
11 19 15 4547
11 19 16 3881
11 19 17 4369
11 19 18 4099
11 19 19 0
12 0 0 0
12 0 1 3823
12 0 2 7828
12 0 3 6237
12 0 4 5682
12 0 5 7009
12 0 6 7557
12 0 7 3706
12 0 8 4068
12 0 9 5442
12 0 10 7968
12 0 11 6329
12 0 12 0
12 0 13 3610
12 0 14 888
12 0 15 4393
12 0 16 1937
12 0 17 1616
12 0 18 2369
12 0 19 4968
12 1 0 3584
12 1 1 0
12 1 2 3540
12 1 3 3938
12 1 4 5499
12 1 5 3820
12 1 6 4910
12 1 7 6131
12 1 8 4026
12 1 9 7524
12 1 10 4774
12 1 11 2975
12 1 12 0
12 1 13 3185
12 1 14 2989
12 1 15 4608
12 1 16 5432
12 1 17 4651
12 1 18 6986
12 1 19 6988
12 2 0 6772
12 2 1 5598
12 2 2 0
12 2 3 7635
12 2 4 9560
12 2 5 7555
12 2 6 7032
12 2 7 5482
12 2 8 5795
12 2 9 6380
12 2 10 7838
12 2 11 8982
12 2 12 0
12 2 13 3717
12 2 14 4164
12 2 15 4595
12 2 16 6369
12 2 17 2517
12 2 18 4444
12 2 19 2937
12 3 0 3835
12 3 1 1353
12 3 2 2735
12 3 3 0
12 3 4 2741
12 3 5 4721
12 3 6 2793
12 3 7 4774
12 3 8 4326
12 3 9 4770
12 3 10 4477
12 3 11 2909
12 3 12 0
12 3 13 7818
12 3 14 8190
12 3 15 7279
12 3 16 5877
12 3 17 5090
12 3 18 8087
12 3 19 5662
12 4 0 3058
12 4 1 5563
12 4 2 5180
12 4 3 6588
12 4 4 0
12 4 5 7066
12 4 6 6219
12 4 7 3337
12 4 8 5667
12 4 9 6806
12 4 10 6994
12 4 11 6214
12 4 12 0
12 4 13 3818
12 4 14 5095
12 4 15 4022
12 4 16 7582
12 4 17 7215
12 4 18 4446
12 4 19 4376
12 5 0 4866
12 5 1 8124
12 5 2 6447
12 5 3 7839
12 5 4 5769
12 5 5 0
12 5 6 5852
12 5 7 4683
12 5 8 4761
12 5 9 6626
12 5 10 6685
12 5 11 4999
12 5 12 0
12 5 13 2938
12 5 14 454
12 5 15 2950
12 5 16 1993
12 5 17 3571
12 5 18 3744
12 5 19 3777
12 6 0 7332
12 6 1 6233
12 6 2 6487
12 6 3 6239
12 6 4 5074
12 6 5 8478
12 6 6 0
12 6 7 5248
12 6 8 3703
12 6 9 6410
12 6 10 6304
12 6 11 5884
12 6 12 0
12 6 13 8427
12 6 14 7995
12 6 15 8962
12 6 16 7283
12 6 17 4906
12 6 18 6773
12 6 19 4807
12 7 0 2944
12 7 1 5701
12 7 2 5696
12 7 3 3359
12 7 4 3818
12 7 5 5323
12 7 6 3584
12 7 7 0
12 7 8 6327
12 7 9 5808
12 7 10 6470
12 7 11 2526
12 7 12 0
12 7 13 6167
12 7 14 5737
12 7 15 8670
12 7 16 4739
12 7 17 6145
12 7 18 6711
12 7 19 5822
12 8 0 1470
12 8 1 3820
12 8 2 4507
12 8 3 3782
12 8 4 3562
12 8 5 1413
12 8 6 4613
12 8 7 3134
12 8 8 0
12 8 9 3836
12 8 10 4752
12 8 11 2089
12 8 12 0
12 8 13 4050
12 8 14 5323
12 8 15 4191
12 8 16 5040
12 8 17 2717
12 8 18 3861
12 8 19 5782
12 9 0 6342
12 9 1 4640
12 9 2 4865
12 9 3 7406
12 9 4 7271
12 9 5 8158
12 9 6 6210
12 9 7 8454
12 9 8 5226
12 9 9 0
12 9 10 4783
12 9 11 6793
12 9 12 0
12 9 13 6845
12 9 14 3050
12 9 15 3609
12 9 16 4014
12 9 17 7048
12 9 18 4626
12 9 19 6349
12 10 0 6607
12 10 1 6822
12 10 2 3247
12 10 3 5166
12 10 4 2829
12 10 5 2942
12 10 6 2565
12 10 7 5803
12 10 8 5539
12 10 9 4095
12 10 10 0
12 10 11 2360
12 10 12 0
12 10 13 4716
12 10 14 4961
12 10 15 5421
12 10 16 6659
12 10 17 3853
12 10 18 2888
12 10 19 3151
12 11 0 4121
12 11 1 2468
12 11 2 1875
12 11 3 4708
12 11 4 1325
12 11 5 4313
12 11 6 5367
12 11 7 4334
12 11 8 1685
12 11 9 3101
12 11 10 2465
12 11 11 0
12 11 12 0
12 11 13 9044
12 11 14 9204
12 11 15 9078
12 11 16 8850
12 11 17 7803
12 11 18 6725
12 11 19 6466
12 12 0 0
12 12 1 0
12 12 2 0
12 12 3 0
12 12 4 0
12 12 5 0
12 12 6 0
12 12 7 0
12 12 8 0
12 12 9 0
12 12 10 0
12 12 11 0
12 12 12 0
12 12 13 0
12 12 14 0
12 12 15 0
12 12 16 0
12 12 17 0
12 12 18 0
12 12 19 0
12 13 0 7648
12 13 1 4290
12 13 2 5674
12 13 3 8595
12 13 4 5242
12 13 5 6845
12 13 6 7837
12 13 7 6469
12 13 8 5983
12 13 9 8717
12 13 10 6771
12 13 11 8650
12 13 12 0
12 13 13 0
12 13 14 4352
12 13 15 7732
12 13 16 7522
12 13 17 3959
12 13 18 7370
12 13 19 5444
12 14 0 3854
12 14 1 3022
12 14 2 5049
12 14 3 7895
12 14 4 5447
12 14 5 3289
12 14 6 6333
12 14 7 4967
12 14 8 6184
12 14 9 3850
12 14 10 5944
12 14 11 7738
12 14 12 0
12 14 13 4629
12 14 14 0
12 14 15 5509
12 14 16 5551
12 14 17 9158
12 14 18 8523
12 14 19 6112
12 15 0 7135
12 15 1 4417
12 15 2 5256
12 15 3 6760
12 15 4 4150
12 15 5 5561
12 15 6 7076
12 15 7 7676
12 15 8 4828
12 15 9 4185
12 15 10 6180
12 15 11 7388
12 15 12 0
12 15 13 6530
12 15 14 2916
12 15 15 0
12 15 16 6706
12 15 17 6826
12 15 18 4346
12 15 19 4810
12 16 0 5663
12 16 1 6225
12 16 2 8014
12 16 3 6342
12 16 4 8694
12 16 5 5588
12 16 6 6381
12 16 7 4729
12 16 8 6661
12 16 9 5574
12 16 10 8402
12 16 11 8144
12 16 12 0
12 16 13 3226
12 16 14 6862
12 16 15 6380
12 16 16 0
12 16 17 5924
12 16 18 4026
12 16 19 5990
12 17 0 5385
12 17 1 5487
12 17 2 4205
12 17 3 5598
12 17 4 8370
12 17 5 7209
12 17 6 4047
12 17 7 6178
12 17 8 4381
12 17 9 8651
12 17 10 5639
12 17 11 7140
12 17 12 0
12 17 13 3795
12 17 14 4121
12 17 15 3477
12 17 16 6869
12 17 17 0
12 17 18 2677
12 17 19 2507
12 18 0 4127
12 18 1 5811
12 18 2 4121
12 18 3 6584
12 18 4 3590
12 18 5 5371
12 18 6 3903
12 18 7 4733
12 18 8 3514
12 18 9 4218
12 18 10 2663
12 18 11 4051
12 18 12 0
12 18 13 8941
12 18 14 6493
12 18 15 4611
12 18 16 7049
12 18 17 7218
12 18 18 0
12 18 19 4232
12 19 0 9120
12 19 1 8207
12 19 2 5008
12 19 3 6553
12 19 4 5914
12 19 5 7798
12 19 6 4331
12 19 7 6238
12 19 8 7829
12 19 9 8335
12 19 10 5320
12 19 11 6186
12 19 12 0
12 19 13 7736
12 19 14 5212
12 19 15 6726
12 19 16 6060
12 19 17 6548
12 19 18 6278
12 19 19 0
13 0 0 0
13 0 1 4346
13 0 2 8351
13 0 3 6760
13 0 4 6205
13 0 5 7532
13 0 6 8080
13 0 7 4229
13 0 8 4591
13 0 9 5965
13 0 10 8491
13 0 11 6852
13 0 12 3610
13 0 13 0
13 0 14 3017
13 0 15 6522
13 0 16 4066
13 0 17 3745
13 0 18 4498
13 0 19 7097
13 1 0 1271
13 1 1 0
13 1 2 1227
13 1 3 1625
13 1 4 3186
13 1 5 1507
13 1 6 2597
13 1 7 3818
13 1 8 1713
13 1 9 5211
13 1 10 2461
13 1 11 662
13 1 12 3185
13 1 13 0
13 1 14 2133
13 1 15 3752
13 1 16 4576
13 1 17 3795
13 1 18 6130
13 1 19 6132
13 2 0 3773
13 2 1 2599
13 2 2 0
13 2 3 4636
13 2 4 6561
13 2 5 4556
13 2 6 4033
13 2 7 2483
13 2 8 2796
13 2 9 3381
13 2 10 4839
13 2 11 5983
13 2 12 3717
13 2 13 0
13 2 14 3752
13 2 15 4183
13 2 16 5957
13 2 17 2105
13 2 18 4032
13 2 19 2525
13 3 0 7205
13 3 1 4723
13 3 2 6105
13 3 3 0
13 3 4 6111
13 3 5 8091
13 3 6 6163
13 3 7 8144
13 3 8 7696
13 3 9 8140
13 3 10 7847
13 3 11 6279
13 3 12 7818
13 3 13 0
13 3 14 6569
13 3 15 5658
13 3 16 4256
13 3 17 3469
13 3 18 6466
13 3 19 4041
13 4 0 1444
13 4 1 3949
13 4 2 3566
13 4 3 4974
13 4 4 0
13 4 5 5452
13 4 6 4605
13 4 7 1723
13 4 8 4053
13 4 9 5192
13 4 10 5380
13 4 11 4600
13 4 12 3818
13 4 13 0
13 4 14 5648
13 4 15 4575
13 4 16 8135
13 4 17 7768
13 4 18 4999
13 4 19 4929
13 5 0 3423
13 5 1 6681
13 5 2 5004
13 5 3 6396
13 5 4 4326
13 5 5 0
13 5 6 4409
13 5 7 3240
13 5 8 3318
13 5 9 5183
13 5 10 5242
13 5 11 3556
13 5 12 2938
13 5 13 0
13 5 14 2796
13 5 15 5292
13 5 16 4335
13 5 17 5913
13 5 18 6086
13 5 19 6119
13 6 0 7515
13 6 1 6416
13 6 2 6670
13 6 3 6422
13 6 4 5257
13 6 5 8661
13 6 6 0
13 6 7 5431
13 6 8 3886
13 6 9 6593
13 6 10 6487
13 6 11 6067
13 6 12 8427
13 6 13 0
13 6 14 6617
13 6 15 7584
13 6 16 5905
13 6 17 3528
13 6 18 5395
13 6 19 3429
13 7 0 3876
13 7 1 6633
13 7 2 6628
13 7 3 4291
13 7 4 4750
13 7 5 6255
13 7 6 4516
13 7 7 0
13 7 8 7259
13 7 9 6740
13 7 10 7402
13 7 11 3458
13 7 12 6167
13 7 13 0
13 7 14 4626
13 7 15 7559
13 7 16 3628
13 7 17 5034
13 7 18 5600
13 7 19 4711
13 8 0 2564
13 8 1 4914
13 8 2 5601
13 8 3 4876
13 8 4 4656
13 8 5 2507
13 8 6 5707
13 8 7 4228
13 8 8 0
13 8 9 4930
13 8 10 5846
13 8 11 3183
13 8 12 4050
13 8 13 0
13 8 14 5054
13 8 15 3922
13 8 16 4771
13 8 17 2448
13 8 18 3592
13 8 19 5513
13 9 0 7459
13 9 1 5757
13 9 2 5982
13 9 3 8523
13 9 4 8388
13 9 5 9275
13 9 6 7327
13 9 7 9571
13 9 8 6343
13 9 9 0
13 9 10 5900
13 9 11 7910
13 9 12 6845
13 9 13 0
13 9 14 3591
13 9 15 4150
13 9 16 4555
13 9 17 7589
13 9 18 5167
13 9 19 6890
13 10 0 7219
13 10 1 7434
13 10 2 3859
13 10 3 5778
13 10 4 3441
13 10 5 3554
13 10 6 3177
13 10 7 6415
13 10 8 6151
13 10 9 4707
13 10 10 0
13 10 11 2972
13 10 12 4716
13 10 13 0
13 10 14 3365
13 10 15 3825
13 10 16 5063
13 10 17 2257
13 10 18 1292
13 10 19 1555
13 11 0 7407
13 11 1 5754
13 11 2 5161
13 11 3 7994
13 11 4 4611
13 11 5 7599
13 11 6 8653
13 11 7 7620
13 11 8 4971
13 11 9 6387
13 11 10 5751
13 11 11 0
13 11 12 9044
13 11 13 0
13 11 14 4957
13 11 15 4831
13 11 16 4603
13 11 17 3556
13 11 18 2478
13 11 19 2219
13 12 0 6557
13 12 1 6035
13 12 2 8105
13 12 3 4657
13 12 4 6288
13 12 5 7720
13 12 6 7086
13 12 7 4969
13 12 8 4321
13 12 9 7032
13 12 10 5591
13 12 11 4796
13 12 12 0
13 12 13 0
13 12 14 8256
13 12 15 6002
13 12 16 6231
13 12 17 6184
13 12 18 8251
13 12 19 8251
13 13 0 0
13 13 1 0
13 13 2 0
13 13 3 0
13 13 4 0
13 13 5 0
13 13 6 0
13 13 7 0
13 13 8 0
13 13 9 0
13 13 10 0
13 13 11 0
13 13 12 0
13 13 13 0
13 13 14 0
13 13 15 0
13 13 16 0
13 13 17 0
13 13 18 0
13 13 19 0
13 14 0 1299
13 14 1 467
13 14 2 2494
13 14 3 5340
13 14 4 2892
13 14 5 734
13 14 6 3778
13 14 7 2412
13 14 8 3629
13 14 9 1295
13 14 10 3389
13 14 11 5183
13 14 12 4629
13 14 13 0
13 14 14 0
13 14 15 2173
13 14 16 2215
13 14 17 5822
13 14 18 5187
13 14 19 2776
13 15 0 8959
13 15 1 6241
13 15 2 7080
13 15 3 8584
13 15 4 5974
13 15 5 7385
13 15 6 8900
13 15 7 9500
13 15 8 6652
13 15 9 6009
13 15 10 8004
13 15 11 9212
13 15 12 6530
13 15 13 0
13 15 14 5214
13 15 15 0
13 15 16 9004
13 15 17 9124
13 15 18 6644
13 15 19 7108
13 16 0 2970
13 16 1 3532
13 16 2 5321
13 16 3 3649
13 16 4 6001
13 16 5 2895
13 16 6 3688
13 16 7 2036
13 16 8 3968
13 16 9 2881
13 16 10 5709
13 16 11 5451
13 16 12 3226
13 16 13 0
13 16 14 8721
13 16 15 8239
13 16 16 0
13 16 17 7783
13 16 18 5885
13 16 19 7849
13 17 0 3265
13 17 1 3367
13 17 2 2085
13 17 3 3478
13 17 4 6250
13 17 5 5089
13 17 6 1927
13 17 7 4058
13 17 8 2261
13 17 9 6531
13 17 10 3519
13 17 11 5020
13 17 12 3795
13 17 13 0
13 17 14 2464
13 17 15 1820
13 17 16 5212
13 17 17 0
13 17 18 1020
13 17 19 850
13 18 0 7097
13 18 1 8781
13 18 2 7091
13 18 3 9554
13 18 4 6560
13 18 5 8341
13 18 6 6873
13 18 7 7703
13 18 8 6484
13 18 9 7188
13 18 10 5633
13 18 11 7021
13 18 12 8941
13 18 13 0
13 18 14 6180
13 18 15 4298
13 18 16 6736
13 18 17 6905
13 18 18 0
13 18 19 3919
13 19 0 8491
13 19 1 7578
13 19 2 4379
13 19 3 5924
13 19 4 5285
13 19 5 7169
13 19 6 3702
13 19 7 5609
13 19 8 7200
13 19 9 7706
13 19 10 4691
13 19 11 5557
13 19 12 7736
13 19 13 0
13 19 14 2973
13 19 15 4487
13 19 16 3821
13 19 17 4309
13 19 18 4039
13 19 19 0
14 0 0 0
14 0 1 1624
14 0 2 5629
14 0 3 4038
14 0 4 3483
14 0 5 4810
14 0 6 5358
14 0 7 1507
14 0 8 1869
14 0 9 3243
14 0 10 5769
14 0 11 4130
14 0 12 888
14 0 13 3017
14 0 14 0
14 0 15 9373
14 0 16 6917
14 0 17 6596
14 0 18 7349
14 0 19 9948
14 1 0 1075
14 1 1 0
14 1 2 1031
14 1 3 1429
14 1 4 2990
14 1 5 1311
14 1 6 2401
14 1 7 3622
14 1 8 1517
14 1 9 5015
14 1 10 2265
14 1 11 466
14 1 12 2989
14 1 13 2133
14 1 14 0
14 1 15 5406
14 1 16 6230
14 1 17 5449
14 1 18 7784
14 1 19 7786
14 2 0 4220
14 2 1 3046
14 2 2 0
14 2 3 5083
14 2 4 7008
14 2 5 5003
14 2 6 4480
14 2 7 2930
14 2 8 3243
14 2 9 3828
14 2 10 5286
14 2 11 6430
14 2 12 4164
14 2 13 3752
14 2 14 0
14 2 15 4587
14 2 16 6361
14 2 17 2509
14 2 18 4436
14 2 19 2929
14 3 0 7577
14 3 1 5095
14 3 2 6477
14 3 3 0
14 3 4 6483
14 3 5 8463
14 3 6 6535
14 3 7 8516
14 3 8 8068
14 3 9 8512
14 3 10 8219
14 3 11 6651
14 3 12 8190
14 3 13 6569
14 3 14 0
14 3 15 8951
14 3 16 7549
14 3 17 6762
14 3 18 9759
14 3 19 7334
14 4 0 2721
14 4 1 5226
14 4 2 4843
14 4 3 6251
14 4 4 0
14 4 5 6729
14 4 6 5882
14 4 7 3000
14 4 8 5330
14 4 9 6469
14 4 10 6657
14 4 11 5877
14 4 12 5095
14 4 13 5648
14 4 14 0
14 4 15 6259
14 4 16 9819
14 4 17 9452
14 4 18 6683
14 4 19 6613
14 5 0 939
14 5 1 4197
14 5 2 2520
14 5 3 3912
14 5 4 1842
14 5 5 0
14 5 6 1925
14 5 7 756
14 5 8 834
14 5 9 2699
14 5 10 2758
14 5 11 1072
14 5 12 454
14 5 13 2796
14 5 14 0
14 5 15 4914
14 5 16 3957
14 5 17 5535
14 5 18 5708
14 5 19 5741
14 6 0 7083
14 6 1 5984
14 6 2 6238
14 6 3 5990
14 6 4 4825
14 6 5 8229
14 6 6 0
14 6 7 4999
14 6 8 3454
14 6 9 6161
14 6 10 6055
14 6 11 5635
14 6 12 7995
14 6 13 6617
14 6 14 0
14 6 15 4453
14 6 16 2774
14 6 17 397
14 6 18 2264
14 6 19 298
14 7 0 3446
14 7 1 6203
14 7 2 6198
14 7 3 3861
14 7 4 4320
14 7 5 5825
14 7 6 4086
14 7 7 0
14 7 8 6829
14 7 9 6310
14 7 10 6972
14 7 11 3028
14 7 12 5737
14 7 13 4626
14 7 14 0
14 7 15 5856
14 7 16 1925
14 7 17 3331
14 7 18 3897
14 7 19 3008
14 8 0 3837
14 8 1 6187
14 8 2 6874
14 8 3 6149
14 8 4 5929
14 8 5 3780
14 8 6 6980
14 8 7 5501
14 8 8 0
14 8 9 6203
14 8 10 7119
14 8 11 4456
14 8 12 5323
14 8 13 5054
14 8 14 0
14 8 15 5172
14 8 16 6021
14 8 17 3698
14 8 18 4842
14 8 19 6763
14 9 0 3664
14 9 1 1962
14 9 2 2187
14 9 3 4728
14 9 4 4593
14 9 5 5480
14 9 6 3532
14 9 7 5776
14 9 8 2548
14 9 9 0
14 9 10 2105
14 9 11 4115
14 9 12 3050
14 9 13 3591
14 9 14 0
14 9 15 3165
14 9 16 3570
14 9 17 6604
14 9 18 4182
14 9 19 5905
14 10 0 7464
14 10 1 7679
14 10 2 4104
14 10 3 6023
14 10 4 3686
14 10 5 3799
14 10 6 3422
14 10 7 6660
14 10 8 6396
14 10 9 4952
14 10 10 0
14 10 11 3217
14 10 12 4961
14 10 13 3365
14 10 14 0
14 10 15 3944
14 10 16 5182
14 10 17 2376
14 10 18 1411
14 10 19 1674
14 11 0 7567
14 11 1 5914
14 11 2 5321
14 11 3 8154
14 11 4 4771
14 11 5 7759
14 11 6 8813
14 11 7 7780
14 11 8 5131
14 11 9 6547
14 11 10 5911
14 11 11 0
14 11 12 9204
14 11 13 4957
14 11 14 0
14 11 15 6008
14 11 16 5780
14 11 17 4733
14 11 18 3655
14 11 19 3396
14 12 0 7289
14 12 1 6767
14 12 2 8837
14 12 3 5389
14 12 4 7020
14 12 5 8452
14 12 6 7818
14 12 7 5701
14 12 8 5053
14 12 9 7764
14 12 10 6323
14 12 11 5528
14 12 12 0
14 12 13 8256
14 12 14 0
14 12 15 4930
14 12 16 5159
14 12 17 5112
14 12 18 7179
14 12 19 7179
14 13 0 4476
14 13 1 1118
14 13 2 2502
14 13 3 5423
14 13 4 2070
14 13 5 3673
14 13 6 4665
14 13 7 3297
14 13 8 2811
14 13 9 5545
14 13 10 3599
14 13 11 5478
14 13 12 4352
14 13 13 0
14 13 14 0
14 13 15 4673
14 13 16 4463
14 13 17 900
14 13 18 4311
14 13 19 2385
14 14 0 0
14 14 1 0
14 14 2 0
14 14 3 0
14 14 4 0
14 14 5 0
14 14 6 0
14 14 7 0
14 14 8 0
14 14 9 0
14 14 10 0
14 14 11 0
14 14 12 0
14 14 13 0
14 14 14 0
14 14 15 0
14 14 16 0
14 14 17 0
14 14 18 0
14 14 19 0
14 15 0 5345
14 15 1 2627
14 15 2 3466
14 15 3 4970
14 15 4 2360
14 15 5 3771
14 15 6 5286
14 15 7 5886
14 15 8 3038
14 15 9 2395
14 15 10 4390
14 15 11 5598
14 15 12 2916
14 15 13 5214
14 15 14 0
14 15 15 0
14 15 16 6049
14 15 17 6169
14 15 18 3689
14 15 19 4153
14 16 0 6606
14 16 1 7168
14 16 2 8957
14 16 3 7285
14 16 4 9637
14 16 5 6531
14 16 6 7324
14 16 7 5672
14 16 8 7604
14 16 9 6517
14 16 10 9345
14 16 11 9087
14 16 12 6862
14 16 13 8721
14 16 14 0
14 16 15 5536
14 16 16 0
14 16 17 5080
14 16 18 3182
14 16 19 5146
14 17 0 3591
14 17 1 3693
14 17 2 2411
14 17 3 3804
14 17 4 6576
14 17 5 5415
14 17 6 2253
14 17 7 4384
14 17 8 2587
14 17 9 6857
14 17 10 3845
14 17 11 5346
14 17 12 4121
14 17 13 2464
14 17 14 0
14 17 15 6287
14 17 16 9679
14 17 17 0
14 17 18 5487
14 17 19 5317
14 18 0 4649
14 18 1 6333
14 18 2 4643
14 18 3 7106
14 18 4 4112
14 18 5 5893
14 18 6 4425
14 18 7 5255
14 18 8 4036
14 18 9 4740
14 18 10 3185
14 18 11 4573
14 18 12 6493
14 18 13 6180
14 18 14 0
14 18 15 4719
14 18 16 7157
14 18 17 7326
14 18 18 0
14 18 19 4340
14 19 0 5967
14 19 1 5054
14 19 2 1855
14 19 3 3400
14 19 4 2761
14 19 5 4645
14 19 6 1178
14 19 7 3085
14 19 8 4676
14 19 9 5182
14 19 10 2167
14 19 11 3033
14 19 12 5212
14 19 13 2973
14 19 14 0
14 19 15 4423
14 19 16 3757
14 19 17 4245
14 19 18 3975
14 19 19 0
15 0 0 0
15 0 1 5129
15 0 2 9134
15 0 3 7543
15 0 4 6988
15 0 5 8315
15 0 6 8863
15 0 7 5012
15 0 8 5374
15 0 9 6748
15 0 10 9274
15 0 11 7635
15 0 12 4393
15 0 13 6522
15 0 14 9373
15 0 15 0
15 0 16 3190
15 0 17 2869
15 0 18 3622
15 0 19 6221
15 1 0 2694
15 1 1 0
15 1 2 2650
15 1 3 3048
15 1 4 4609
15 1 5 2930
15 1 6 4020
15 1 7 5241
15 1 8 3136
15 1 9 6634
15 1 10 3884
15 1 11 2085
15 1 12 4608
15 1 13 3752
15 1 14 5406
15 1 15 0
15 1 16 4772
15 1 17 3991
15 1 18 6326
15 1 19 6328
15 2 0 4651
15 2 1 3477
15 2 2 0
15 2 3 5514
15 2 4 7439
15 2 5 5434
15 2 6 4911
15 2 7 3361
15 2 8 3674
15 2 9 4259
15 2 10 5717
15 2 11 6861
15 2 12 4595
15 2 13 4183
15 2 14 4587
15 2 15 0
15 2 16 8332
15 2 17 4480
15 2 18 6407
15 2 19 4900
15 3 0 6666
15 3 1 4184
15 3 2 5566
15 3 3 0
15 3 4 5572
15 3 5 7552
15 3 6 5624
15 3 7 7605
15 3 8 7157
15 3 9 7601
15 3 10 7308
15 3 11 5740
15 3 12 7279
15 3 13 5658
15 3 14 8951
15 3 15 0
15 3 16 6200
15 3 17 5413
15 3 18 8410
15 3 19 5985
15 4 0 1648
15 4 1 4153
15 4 2 3770
15 4 3 5178
15 4 4 0
15 4 5 5656
15 4 6 4809
15 4 7 1927
15 4 8 4257
15 4 9 5396
15 4 10 5584
15 4 11 4804
15 4 12 4022
15 4 13 4575
15 4 14 6259
15 4 15 0
15 4 16 6805
15 4 17 6438
15 4 18 3669
15 4 19 3599
15 5 0 3435
15 5 1 6693
15 5 2 5016
15 5 3 6408
15 5 4 4338
15 5 5 0
15 5 6 4421
15 5 7 3252
15 5 8 3330
15 5 9 5195
15 5 10 5254
15 5 11 3568
15 5 12 2950
15 5 13 5292
15 5 14 4914
15 5 15 0
15 5 16 2848
15 5 17 4426
15 5 18 4599
15 5 19 4632
15 6 0 8050
15 6 1 6951
15 6 2 7205
15 6 3 6957
15 6 4 5792
15 6 5 9196
15 6 6 0
15 6 7 5966
15 6 8 4421
15 6 9 7128
15 6 10 7022
15 6 11 6602
15 6 12 8962
15 6 13 7584
15 6 14 4453
15 6 15 0
15 6 16 4558
15 6 17 2181
15 6 18 4048
15 6 19 2082
15 7 0 6379
15 7 1 9136
15 7 2 9131
15 7 3 6794
15 7 4 7253
15 7 5 8758
15 7 6 7019
15 7 7 0
15 7 8 9762
15 7 9 9243
15 7 10 9905
15 7 11 5961
15 7 12 8670
15 7 13 7559
15 7 14 5856
15 7 15 0
15 7 16 2926
15 7 17 4332
15 7 18 4898
15 7 19 4009
15 8 0 2705
15 8 1 5055
15 8 2 5742
15 8 3 5017
15 8 4 4797
15 8 5 2648
15 8 6 5848
15 8 7 4369
15 8 8 0
15 8 9 5071
15 8 10 5987
15 8 11 3324
15 8 12 4191
15 8 13 3922
15 8 14 5172
15 8 15 0
15 8 16 3136
15 8 17 813
15 8 18 1957
15 8 19 3878
15 9 0 4223
15 9 1 2521
15 9 2 2746
15 9 3 5287
15 9 4 5152
15 9 5 6039
15 9 6 4091
15 9 7 6335
15 9 8 3107
15 9 9 0
15 9 10 2664
15 9 11 4674
15 9 12 3609
15 9 13 4150
15 9 14 3165
15 9 15 0
15 9 16 5761
15 9 17 8795
15 9 18 6373
15 9 19 8096
15 10 0 7924
15 10 1 8139
15 10 2 4564
15 10 3 6483
15 10 4 4146
15 10 5 4259
15 10 6 3882
15 10 7 7120
15 10 8 6856
15 10 9 5412
15 10 10 0
15 10 11 3677
15 10 12 5421
15 10 13 3825
15 10 14 3944
15 10 15 0
15 10 16 7628
15 10 17 4822
15 10 18 3857
15 10 19 4120
15 11 0 7441
15 11 1 5788
15 11 2 5195
15 11 3 8028
15 11 4 4645
15 11 5 7633
15 11 6 8687
15 11 7 7654
15 11 8 5005
15 11 9 6421
15 11 10 5785
15 11 11 0
15 11 12 9078
15 11 13 4831
15 11 14 6008
15 11 15 0
15 11 16 7754
15 11 17 6707
15 11 18 5629
15 11 19 5370
15 12 0 5035
15 12 1 4513
15 12 2 6583
15 12 3 3135
15 12 4 4766
15 12 5 6198
15 12 6 5564
15 12 7 3447
15 12 8 2799
15 12 9 5510
15 12 10 4069
15 12 11 3274
15 12 12 0
15 12 13 6002
15 12 14 4930
15 12 15 0
15 12 16 4935
15 12 17 4888
15 12 18 6955
15 12 19 6955
15 13 0 7856
15 13 1 4498
15 13 2 5882
15 13 3 8803
15 13 4 5450
15 13 5 7053
15 13 6 8045
15 13 7 6677
15 13 8 6191
15 13 9 8925
15 13 10 6979
15 13 11 8858
15 13 12 7732
15 13 13 0
15 13 14 4673
15 13 15 0
15 13 16 8618
15 13 17 5055
15 13 18 8466
15 13 19 6540
15 14 0 2179
15 14 1 1347
15 14 2 3374
15 14 3 6220
15 14 4 3772
15 14 5 1614
15 14 6 4658
15 14 7 3292
15 14 8 4509
15 14 9 2175
15 14 10 4269
15 14 11 6063
15 14 12 5509
15 14 13 2173
15 14 14 0
15 14 15 0
15 14 16 2301
15 14 17 5908
15 14 18 5273
15 14 19 2862
15 15 0 0
15 15 1 0
15 15 2 0
15 15 3 0
15 15 4 0
15 15 5 0
15 15 6 0
15 15 7 0
15 15 8 0
15 15 9 0
15 15 10 0
15 15 11 0
15 15 12 0
15 15 13 0
15 15 14 0
15 15 15 0
15 15 16 0
15 15 17 0
15 15 18 0
15 15 19 0
15 16 0 6124
15 16 1 6686
15 16 2 8475
15 16 3 6803
15 16 4 9155
15 16 5 6049
15 16 6 6842
15 16 7 5190
15 16 8 7122
15 16 9 6035
15 16 10 8863
15 16 11 8605
15 16 12 6380
15 16 13 8239
15 16 14 5536
15 16 15 0
15 16 16 0
15 16 17 8489
15 16 18 6591
15 16 19 8555
15 17 0 2947
15 17 1 3049
15 17 2 1767
15 17 3 3160
15 17 4 5932
15 17 5 4771
15 17 6 1609
15 17 7 3740
15 17 8 1943
15 17 9 6213
15 17 10 3201
15 17 11 4702
15 17 12 3477
15 17 13 1820
15 17 14 6287
15 17 15 0
15 17 16 9601
15 17 17 0
15 17 18 5409
15 17 19 5239
15 18 0 2767
15 18 1 4451
15 18 2 2761
15 18 3 5224
15 18 4 2230
15 18 5 4011
15 18 6 2543
15 18 7 3373
15 18 8 2154
15 18 9 2858
15 18 10 1303
15 18 11 2691
15 18 12 4611
15 18 13 4298
15 18 14 4719
15 18 15 0
15 18 16 5234
15 18 17 5403
15 18 18 0
15 18 19 2417
15 19 0 7481
15 19 1 6568
15 19 2 3369
15 19 3 4914
15 19 4 4275
15 19 5 6159
15 19 6 2692
15 19 7 4599
15 19 8 6190
15 19 9 6696
15 19 10 3681
15 19 11 4547
15 19 12 6726
15 19 13 4487
15 19 14 4423
15 19 15 0
15 19 16 4709
15 19 17 5197
15 19 18 4927
15 19 19 0
16 0 0 0
16 0 1 2673
16 0 2 6678
16 0 3 5087
16 0 4 4532
16 0 5 5859
16 0 6 6407
16 0 7 2556
16 0 8 2918
16 0 9 4292
16 0 10 6818
16 0 11 5179
16 0 12 1937
16 0 13 4066
16 0 14 6917
16 0 15 3190
16 0 16 0
16 0 17 1707
16 0 18 2460
16 0 19 5059
16 1 0 3518
16 1 1 0
16 1 2 3474
16 1 3 3872
16 1 4 5433
16 1 5 3754
16 1 6 4844
16 1 7 6065
16 1 8 3960
16 1 9 7458
16 1 10 4708
16 1 11 2909
16 1 12 5432
16 1 13 4576
16 1 14 6230
16 1 15 4772
16 1 16 0
16 1 17 4191
16 1 18 6526
16 1 19 6528
16 2 0 6425
16 2 1 5251
16 2 2 0
16 2 3 7288
16 2 4 9213
16 2 5 7208
16 2 6 6685
16 2 7 5135
16 2 8 5448
16 2 9 6033
16 2 10 7491
16 2 11 8635
16 2 12 6369
16 2 13 5957
16 2 14 6361
16 2 15 8332
16 2 16 0
16 2 17 4985
16 2 18 6912
16 2 19 5405
16 3 0 5264
16 3 1 2782
16 3 2 4164
16 3 3 0
16 3 4 4170
16 3 5 6150
16 3 6 4222
16 3 7 6203
16 3 8 5755
16 3 9 6199
16 3 10 5906
16 3 11 4338
16 3 12 5877
16 3 13 4256
16 3 14 7549
16 3 15 6200
16 3 16 0
16 3 17 4613
16 3 18 7610
16 3 19 5185
16 4 0 5208
16 4 1 7713
16 4 2 7330
16 4 3 8738
16 4 4 0
16 4 5 9216
16 4 6 8369
16 4 7 5487
16 4 8 7817
16 4 9 8956
16 4 10 9144
16 4 11 8364
16 4 12 7582
16 4 13 8135
16 4 14 9819
16 4 15 6805
16 4 16 0
16 4 17 8196
16 4 18 5427
16 4 19 5357
16 5 0 2478
16 5 1 5736
16 5 2 4059
16 5 3 5451
16 5 4 3381
16 5 5 0
16 5 6 3464
16 5 7 2295
16 5 8 2373
16 5 9 4238
16 5 10 4297
16 5 11 2611
16 5 12 1993
16 5 13 4335
16 5 14 3957
16 5 15 2848
16 5 16 0
16 5 17 4602
16 5 18 4775
16 5 19 4808
16 6 0 6371
16 6 1 5272
16 6 2 5526
16 6 3 5278
16 6 4 4113
16 6 5 7517
16 6 6 0
16 6 7 4287
16 6 8 2742
16 6 9 5449
16 6 10 5343
16 6 11 4923
16 6 12 7283
16 6 13 5905
16 6 14 2774
16 6 15 4558
16 6 16 0
16 6 17 3834
16 6 18 5701
16 6 19 3735
16 7 0 2448
16 7 1 5205
16 7 2 5200
16 7 3 2863
16 7 4 3322
16 7 5 4827
16 7 6 3088
16 7 7 0
16 7 8 5831
16 7 9 5312
16 7 10 5974
16 7 11 2030
16 7 12 4739
16 7 13 3628
16 7 14 1925
16 7 15 2926
16 7 16 0
16 7 17 7002
16 7 18 7568
16 7 19 6679
16 8 0 3554
16 8 1 5904
16 8 2 6591
16 8 3 5866
16 8 4 5646
16 8 5 3497
16 8 6 6697
16 8 7 5218
16 8 8 0
16 8 9 5920
16 8 10 6836
16 8 11 4173
16 8 12 5040
16 8 13 4771
16 8 14 6021
16 8 15 3136
16 8 16 0
16 8 17 3413
16 8 18 4557
16 8 19 6478
16 9 0 4628
16 9 1 2926
16 9 2 3151
16 9 3 5692
16 9 4 5557
16 9 5 6444
16 9 6 4496
16 9 7 6740
16 9 8 3512
16 9 9 0
16 9 10 3069
16 9 11 5079
16 9 12 4014
16 9 13 4555
16 9 14 3570
16 9 15 5761
16 9 16 0
16 9 17 7899
16 9 18 5477
16 9 19 7200
16 10 0 9162
16 10 1 9377
16 10 2 5802
16 10 3 7721
16 10 4 5384
16 10 5 5497
16 10 6 5120
16 10 7 8358
16 10 8 8094
16 10 9 6650
16 10 10 0
16 10 11 4915
16 10 12 6659
16 10 13 5063
16 10 14 5182
16 10 15 7628
16 10 16 0
16 10 17 6577
16 10 18 5612
16 10 19 5875
16 11 0 7213
16 11 1 5560
16 11 2 4967
16 11 3 7800
16 11 4 4417
16 11 5 7405
16 11 6 8459
16 11 7 7426
16 11 8 4777
16 11 9 6193
16 11 10 5557
16 11 11 0
16 11 12 8850
16 11 13 4603
16 11 14 5780
16 11 15 7754
16 11 16 0
16 11 17 6391
16 11 18 5313
16 11 19 5054
16 12 0 5264
16 12 1 4742
16 12 2 6812
16 12 3 3364
16 12 4 4995
16 12 5 6427
16 12 6 5793
16 12 7 3676
16 12 8 3028
16 12 9 5739
16 12 10 4298
16 12 11 3503
16 12 12 0
16 12 13 6231
16 12 14 5159
16 12 15 4935
16 12 16 0
16 12 17 5872
16 12 18 7939
16 12 19 7939
16 13 0 7646
16 13 1 4288
16 13 2 5672
16 13 3 8593
16 13 4 5240
16 13 5 6843
16 13 6 7835
16 13 7 6467
16 13 8 5981
16 13 9 8715
16 13 10 6769
16 13 11 8648
16 13 12 7522
16 13 13 0
16 13 14 4463
16 13 15 8618
16 13 16 0
16 13 17 1522
16 13 18 4933
16 13 19 3007
16 14 0 2221
16 14 1 1389
16 14 2 3416
16 14 3 6262
16 14 4 3814
16 14 5 1656
16 14 6 4700
16 14 7 3334
16 14 8 4551
16 14 9 2217
16 14 10 4311
16 14 11 6105
16 14 12 5551
16 14 13 2215
16 14 14 0
16 14 15 2301
16 14 16 0
16 14 17 9625
16 14 18 8990
16 14 19 6579
16 15 0 9135
16 15 1 6417
16 15 2 7256
16 15 3 8760
16 15 4 6150
16 15 5 7561
16 15 6 9076
16 15 7 9676
16 15 8 6828
16 15 9 6185
16 15 10 8180
16 15 11 9388
16 15 12 6706
16 15 13 9004
16 15 14 6049
16 15 15 0
16 15 16 0
16 15 17 9065
16 15 18 6585
16 15 19 7049
16 16 0 0
16 16 1 0
16 16 2 0
16 16 3 0
16 16 4 0
16 16 5 0
16 16 6 0
16 16 7 0
16 16 8 0
16 16 9 0
16 16 10 0
16 16 11 0
16 16 12 0
16 16 13 0
16 16 14 0
16 16 15 0
16 16 16 0
16 16 17 0
16 16 18 0
16 16 19 0
16 17 0 6339
16 17 1 6441
16 17 2 5159
16 17 3 6552
16 17 4 9324
16 17 5 8163
16 17 6 5001
16 17 7 7132
16 17 8 5335
16 17 9 9605
16 17 10 6593
16 17 11 8094
16 17 12 6869
16 17 13 5212
16 17 14 9679
16 17 15 9601
16 17 16 0
16 17 17 0
16 17 18 4278
16 17 19 4108
16 18 0 5205
16 18 1 6889
16 18 2 5199
16 18 3 7662
16 18 4 4668
16 18 5 6449
16 18 6 4981
16 18 7 5811
16 18 8 4592
16 18 9 5296
16 18 10 3741
16 18 11 5129
16 18 12 7049
16 18 13 6736
16 18 14 7157
16 18 15 5234
16 18 16 0
16 18 17 4854
16 18 18 0
16 18 19 1868
16 19 0 6815
16 19 1 5902
16 19 2 2703
16 19 3 4248
16 19 4 3609
16 19 5 5493
16 19 6 2026
16 19 7 3933
16 19 8 5524
16 19 9 6030
16 19 10 3015
16 19 11 3881
16 19 12 6060
16 19 13 3821
16 19 14 3757
16 19 15 4709
16 19 16 0
16 19 17 6148
16 19 18 5878
16 19 19 0
17 0 0 0
17 0 1 2352
17 0 2 6357
17 0 3 4766
17 0 4 4211
17 0 5 5538
17 0 6 6086
17 0 7 2235
17 0 8 2597
17 0 9 3971
17 0 10 6497
17 0 11 4858
17 0 12 1616
17 0 13 3745
17 0 14 6596
17 0 15 2869
17 0 16 1707
17 0 17 0
17 0 18 3396
17 0 19 5995
17 1 0 2737
17 1 1 0
17 1 2 2693
17 1 3 3091
17 1 4 4652
17 1 5 2973
17 1 6 4063
17 1 7 5284
17 1 8 3179
17 1 9 6677
17 1 10 3927
17 1 11 2128
17 1 12 4651
17 1 13 3795
17 1 14 5449
17 1 15 3991
17 1 16 4191
17 1 17 0
17 1 18 4930
17 1 19 4932
17 2 0 2573
17 2 1 1399
17 2 2 0
17 2 3 3436
17 2 4 5361
17 2 5 3356
17 2 6 2833
17 2 7 1283
17 2 8 1596
17 2 9 2181
17 2 10 3639
17 2 11 4783
17 2 12 2517
17 2 13 2105
17 2 14 2509
17 2 15 4480
17 2 16 4985
17 2 17 0
17 2 18 4392
17 2 19 2885
17 3 0 4477
17 3 1 1995
17 3 2 3377
17 3 3 0
17 3 4 3383
17 3 5 5363
17 3 6 3435
17 3 7 5416
17 3 8 4968
17 3 9 5412
17 3 10 5119
17 3 11 3551
17 3 12 5090
17 3 13 3469
17 3 14 6762
17 3 15 5413
17 3 16 4613
17 3 17 0
17 3 18 9118
17 3 19 6693
17 4 0 4841
17 4 1 7346
17 4 2 6963
17 4 3 8371
17 4 4 0
17 4 5 8849
17 4 6 8002
17 4 7 5120
17 4 8 7450
17 4 9 8589
17 4 10 8777
17 4 11 7997
17 4 12 7215
17 4 13 7768
17 4 14 9452
17 4 15 6438
17 4 16 8196
17 4 17 0
17 4 18 4503
17 4 19 4433
17 5 0 4056
17 5 1 7314
17 5 2 5637
17 5 3 7029
17 5 4 4959
17 5 5 0
17 5 6 5042
17 5 7 3873
17 5 8 3951
17 5 9 5816
17 5 10 5875
17 5 11 4189
17 5 12 3571
17 5 13 5913
17 5 14 5535
17 5 15 4426
17 5 16 4602
17 5 17 0
17 5 18 7020
17 5 19 7053
17 6 0 3994
17 6 1 2895
17 6 2 3149
17 6 3 2901
17 6 4 1736
17 6 5 5140
17 6 6 0
17 6 7 1910
17 6 8 365
17 6 9 3072
17 6 10 2966
17 6 11 2546
17 6 12 4906
17 6 13 3528
17 6 14 397
17 6 15 2181
17 6 16 3834
17 6 17 0
17 6 18 3123
17 6 19 1157
17 7 0 3854
17 7 1 6611
17 7 2 6606
17 7 3 4269
17 7 4 4728
17 7 5 6233
17 7 6 4494
17 7 7 0
17 7 8 7237
17 7 9 6718
17 7 10 7380
17 7 11 3436
17 7 12 6145
17 7 13 5034
17 7 14 3331
17 7 15 4332
17 7 16 7002
17 7 17 0
17 7 18 7717
17 7 19 6828
17 8 0 1231
17 8 1 3581
17 8 2 4268
17 8 3 3543
17 8 4 3323
17 8 5 1174
17 8 6 4374
17 8 7 2895
17 8 8 0
17 8 9 3597
17 8 10 4513
17 8 11 1850
17 8 12 2717
17 8 13 2448
17 8 14 3698
17 8 15 813
17 8 16 3413
17 8 17 0
17 8 18 3599
17 8 19 5520
17 9 0 7662
17 9 1 5960
17 9 2 6185
17 9 3 8726
17 9 4 8591
17 9 5 9478
17 9 6 7530
17 9 7 9774
17 9 8 6546
17 9 9 0
17 9 10 6103
17 9 11 8113
17 9 12 7048
17 9 13 7589
17 9 14 6604
17 9 15 8795
17 9 16 7899
17 9 17 0
17 9 18 6877
17 9 19 8600
17 10 0 6356
17 10 1 6571
17 10 2 2996
17 10 3 4915
17 10 4 2578
17 10 5 2691
17 10 6 2314
17 10 7 5552
17 10 8 5288
17 10 9 3844
17 10 10 0
17 10 11 2109
17 10 12 3853
17 10 13 2257
17 10 14 2376
17 10 15 4822
17 10 16 6577
17 10 17 0
17 10 18 1478
17 10 19 1741
17 11 0 6166
17 11 1 4513
17 11 2 3920
17 11 3 6753
17 11 4 3370
17 11 5 6358
17 11 6 7412
17 11 7 6379
17 11 8 3730
17 11 9 5146
17 11 10 4510
17 11 11 0
17 11 12 7803
17 11 13 3556
17 11 14 4733
17 11 15 6707
17 11 16 6391
17 11 17 0
17 11 18 6071
17 11 19 5812
17 12 0 5217
17 12 1 4695
17 12 2 6765
17 12 3 3317
17 12 4 4948
17 12 5 6380
17 12 6 5746
17 12 7 3629
17 12 8 2981
17 12 9 5692
17 12 10 4251
17 12 11 3456
17 12 12 0
17 12 13 6184
17 12 14 5112
17 12 15 4888
17 12 16 5872
17 12 17 0
17 12 18 7982
17 12 19 7982
17 13 0 4083
17 13 1 725
17 13 2 2109
17 13 3 5030
17 13 4 1677
17 13 5 3280
17 13 6 4272
17 13 7 2904
17 13 8 2418
17 13 9 5152
17 13 10 3206
17 13 11 5085
17 13 12 3959
17 13 13 0
17 13 14 900
17 13 15 5055
17 13 16 1522
17 13 17 0
17 13 18 5549
17 13 19 3623
17 14 0 5828
17 14 1 4996
17 14 2 7023
17 14 3 9869
17 14 4 7421
17 14 5 5263
17 14 6 8307
17 14 7 6941
17 14 8 8158
17 14 9 5824
17 14 10 7918
17 14 11 9712
17 14 12 9158
17 14 13 5822
17 14 14 0
17 14 15 5908
17 14 16 9625
17 14 17 0
17 14 18 6296
17 14 19 3885
17 15 0 9255
17 15 1 6537
17 15 2 7376
17 15 3 8880
17 15 4 6270
17 15 5 7681
17 15 6 9196
17 15 7 9796
17 15 8 6948
17 15 9 6305
17 15 10 8300
17 15 11 9508
17 15 12 6826
17 15 13 9124
17 15 14 6169
17 15 15 0
17 15 16 9065
17 15 17 0
17 15 18 3729
17 15 19 4193
17 16 0 5668
17 16 1 6230
17 16 2 8019
17 16 3 6347
17 16 4 8699
17 16 5 5593
17 16 6 6386
17 16 7 4734
17 16 8 6666
17 16 9 5579
17 16 10 8407
17 16 11 8149
17 16 12 5924
17 16 13 7783
17 16 14 5080
17 16 15 8489
17 16 16 0
17 16 17 0
17 16 18 6572
17 16 19 8536
17 17 0 0
17 17 1 0
17 17 2 0
17 17 3 0
17 17 4 0
17 17 5 0
17 17 6 0
17 17 7 0
17 17 8 0
17 17 9 0
17 17 10 0
17 17 11 0
17 17 12 0
17 17 13 0
17 17 14 0
17 17 15 0
17 17 16 0
17 17 17 0
17 17 18 0
17 17 19 0
17 18 0 5374
17 18 1 7058
17 18 2 5368
17 18 3 7831
17 18 4 4837
17 18 5 6618
17 18 6 5150
17 18 7 5980
17 18 8 4761
17 18 9 5465
17 18 10 3910
17 18 11 5298
17 18 12 7218
17 18 13 6905
17 18 14 7326
17 18 15 5403
17 18 16 4854
17 18 17 0
17 18 18 0
17 18 19 566
17 19 0 7303
17 19 1 6390
17 19 2 3191
17 19 3 4736
17 19 4 4097
17 19 5 5981
17 19 6 2514
17 19 7 4421
17 19 8 6012
17 19 9 6518
17 19 10 3503
17 19 11 4369
17 19 12 6548
17 19 13 4309
17 19 14 4245
17 19 15 5197
17 19 16 6148
17 19 17 0
17 19 18 2442
17 19 19 0
18 0 0 0
18 0 1 3105
18 0 2 7110
18 0 3 5519
18 0 4 4964
18 0 5 6291
18 0 6 6839
18 0 7 2988
18 0 8 3350
18 0 9 4724
18 0 10 7250
18 0 11 5611
18 0 12 2369
18 0 13 4498
18 0 14 7349
18 0 15 3622
18 0 16 2460
18 0 17 3396
18 0 18 0
18 0 19 5096
18 1 0 5072
18 1 1 0
18 1 2 5028
18 1 3 5426
18 1 4 6987
18 1 5 5308
18 1 6 6398
18 1 7 7619
18 1 8 5514
18 1 9 9012
18 1 10 6262
18 1 11 4463
18 1 12 6986
18 1 13 6130
18 1 14 7784
18 1 15 6326
18 1 16 6526
18 1 17 4930
18 1 18 0
18 1 19 6446
18 2 0 4500
18 2 1 3326
18 2 2 0
18 2 3 5363
18 2 4 7288
18 2 5 5283
18 2 6 4760
18 2 7 3210
18 2 8 3523
18 2 9 4108
18 2 10 5566
18 2 11 6710
18 2 12 4444
18 2 13 4032
18 2 14 4436
18 2 15 6407
18 2 16 6912
18 2 17 4392
18 2 18 0
18 2 19 5143
18 3 0 7474
18 3 1 4992
18 3 2 6374
18 3 3 0
18 3 4 6380
18 3 5 8360
18 3 6 6432
18 3 7 8413
18 3 8 7965
18 3 9 8409
18 3 10 8116
18 3 11 6548
18 3 12 8087
18 3 13 6466
18 3 14 9759
18 3 15 8410
18 3 16 7610
18 3 17 9118
18 3 18 0
18 3 19 5598
18 4 0 2072
18 4 1 4577
18 4 2 4194
18 4 3 5602
18 4 4 0
18 4 5 6080
18 4 6 5233
18 4 7 2351
18 4 8 4681
18 4 9 5820
18 4 10 6008
18 4 11 5228
18 4 12 4446
18 4 13 4999
18 4 14 6683
18 4 15 3669
18 4 16 5427
18 4 17 4503
18 4 18 0
18 4 19 3304
18 5 0 4229
18 5 1 7487
18 5 2 5810
18 5 3 7202
18 5 4 5132
18 5 5 0
18 5 6 5215
18 5 7 4046
18 5 8 4124
18 5 9 5989
18 5 10 6048
18 5 11 4362
18 5 12 3744
18 5 13 6086
18 5 14 5708
18 5 15 4599
18 5 16 4775
18 5 17 7020
18 5 18 0
18 5 19 5238
18 6 0 5861
18 6 1 4762
18 6 2 5016
18 6 3 4768
18 6 4 3603
18 6 5 7007
18 6 6 0
18 6 7 3777
18 6 8 2232
18 6 9 4939
18 6 10 4833
18 6 11 4413
18 6 12 6773
18 6 13 5395
18 6 14 2264
18 6 15 4048
18 6 16 5701
18 6 17 3123
18 6 18 0
18 6 19 1734
18 7 0 4420
18 7 1 7177
18 7 2 7172
18 7 3 4835
18 7 4 5294
18 7 5 6799
18 7 6 5060
18 7 7 0
18 7 8 7803
18 7 9 7284
18 7 10 7946
18 7 11 4002
18 7 12 6711
18 7 13 5600
18 7 14 3897
18 7 15 4898
18 7 16 7568
18 7 17 7717
18 7 18 0
18 7 19 3062
18 8 0 2375
18 8 1 4725
18 8 2 5412
18 8 3 4687
18 8 4 4467
18 8 5 2318
18 8 6 5518
18 8 7 4039
18 8 8 0
18 8 9 4741
18 8 10 5657
18 8 11 2994
18 8 12 3861
18 8 13 3592
18 8 14 4842
18 8 15 1957
18 8 16 4557
18 8 17 3599
18 8 18 0
18 8 19 3911
18 9 0 5240
18 9 1 3538
18 9 2 3763
18 9 3 6304
18 9 4 6169
18 9 5 7056
18 9 6 5108
18 9 7 7352
18 9 8 4124
18 9 9 0
18 9 10 3681
18 9 11 5691
18 9 12 4626
18 9 13 5167
18 9 14 4182
18 9 15 6373
18 9 16 5477
18 9 17 6877
18 9 18 0
18 9 19 9104
18 10 0 5391
18 10 1 5606
18 10 2 2031
18 10 3 3950
18 10 4 1613
18 10 5 1726
18 10 6 1349
18 10 7 4587
18 10 8 4323
18 10 9 2879
18 10 10 0
18 10 11 1144
18 10 12 2888
18 10 13 1292
18 10 14 1411
18 10 15 3857
18 10 16 5612
18 10 17 1478
18 10 18 0
18 10 19 2527
18 11 0 5088
18 11 1 3435
18 11 2 2842
18 11 3 5675
18 11 4 2292
18 11 5 5280
18 11 6 6334
18 11 7 5301
18 11 8 2652
18 11 9 4068
18 11 10 3432
18 11 11 0
18 11 12 6725
18 11 13 2478
18 11 14 3655
18 11 15 5629
18 11 16 5313
18 11 17 6071
18 11 18 0
18 11 19 6942
18 12 0 7284
18 12 1 6762
18 12 2 8832
18 12 3 5384
18 12 4 7015
18 12 5 8447
18 12 6 7813
18 12 7 5696
18 12 8 5048
18 12 9 7759
18 12 10 6318
18 12 11 5523
18 12 12 0
18 12 13 8251
18 12 14 7179
18 12 15 6955
18 12 16 7939
18 12 17 7982
18 12 18 0
18 12 19 5971
18 13 0 7494
18 13 1 4136
18 13 2 5520
18 13 3 8441
18 13 4 5088
18 13 5 6691
18 13 6 7683
18 13 7 6315
18 13 8 5829
18 13 9 8563
18 13 10 6617
18 13 11 8496
18 13 12 7370
18 13 13 0
18 13 14 4311
18 13 15 8466
18 13 16 4933
18 13 17 5549
18 13 18 0
18 13 19 6702
18 14 0 5193
18 14 1 4361
18 14 2 6388
18 14 3 9234
18 14 4 6786
18 14 5 4628
18 14 6 7672
18 14 7 6306
18 14 8 7523
18 14 9 5189
18 14 10 7283
18 14 11 9077
18 14 12 8523
18 14 13 5187
18 14 14 0
18 14 15 5273
18 14 16 8990
18 14 17 6296
18 14 18 0
18 14 19 4190
18 15 0 6775
18 15 1 4057
18 15 2 4896
18 15 3 6400
18 15 4 3790
18 15 5 5201
18 15 6 6716
18 15 7 7316
18 15 8 4468
18 15 9 3825
18 15 10 5820
18 15 11 7028
18 15 12 4346
18 15 13 6644
18 15 14 3689
18 15 15 0
18 15 16 6585
18 15 17 3729
18 15 18 0
18 15 19 3260
18 16 0 3770
18 16 1 4332
18 16 2 6121
18 16 3 4449
18 16 4 6801
18 16 5 3695
18 16 6 4488
18 16 7 2836
18 16 8 4768
18 16 9 3681
18 16 10 6509
18 16 11 6251
18 16 12 4026
18 16 13 5885
18 16 14 3182
18 16 15 6591
18 16 16 0
18 16 17 6572
18 16 18 0
18 16 19 6649
18 17 0 2147
18 17 1 2249
18 17 2 967
18 17 3 2360
18 17 4 5132
18 17 5 3971
18 17 6 809
18 17 7 2940
18 17 8 1143
18 17 9 5413
18 17 10 2401
18 17 11 3902
18 17 12 2677
18 17 13 1020
18 17 14 5487
18 17 15 5409
18 17 16 4278
18 17 17 0
18 17 18 0
18 17 19 3382
18 18 0 0
18 18 1 0
18 18 2 0
18 18 3 0
18 18 4 0
18 18 5 0
18 18 6 0
18 18 7 0
18 18 8 0
18 18 9 0
18 18 10 0
18 18 11 0
18 18 12 0
18 18 13 0
18 18 14 0
18 18 15 0
18 18 16 0
18 18 17 0
18 18 18 0
18 18 19 0
18 19 0 7033
18 19 1 6120
18 19 2 2921
18 19 3 4466
18 19 4 3827
18 19 5 5711
18 19 6 2244
18 19 7 4151
18 19 8 5742
18 19 9 6248
18 19 10 3233
18 19 11 4099
18 19 12 6278
18 19 13 4039
18 19 14 3975
18 19 15 4927
18 19 16 5878
18 19 17 2442
18 19 18 0
18 19 19 0
19 0 0 0
19 0 1 5704
19 0 2 9709
19 0 3 8118
19 0 4 7563
19 0 5 8890
19 0 6 9438
19 0 7 5587
19 0 8 5949
19 0 9 7323
19 0 10 9849
19 0 11 8210
19 0 12 4968
19 0 13 7097
19 0 14 9948
19 0 15 6221
19 0 16 5059
19 0 17 5995
19 0 18 5096
19 0 19 0
19 1 0 5074
19 1 1 0
19 1 2 5030
19 1 3 5428
19 1 4 6989
19 1 5 5310
19 1 6 6400
19 1 7 7621
19 1 8 5516
19 1 9 9014
19 1 10 6264
19 1 11 4465
19 1 12 6988
19 1 13 6132
19 1 14 7786
19 1 15 6328
19 1 16 6528
19 1 17 4932
19 1 18 6446
19 1 19 0
19 2 0 2993
19 2 1 1819
19 2 2 0
19 2 3 3856
19 2 4 5781
19 2 5 3776
19 2 6 3253
19 2 7 1703
19 2 8 2016
19 2 9 2601
19 2 10 4059
19 2 11 5203
19 2 12 2937
19 2 13 2525
19 2 14 2929
19 2 15 4900
19 2 16 5405
19 2 17 2885
19 2 18 5143
19 2 19 0
19 3 0 5049
19 3 1 2567
19 3 2 3949
19 3 3 0
19 3 4 3955
19 3 5 5935
19 3 6 4007
19 3 7 5988
19 3 8 5540
19 3 9 5984
19 3 10 5691
19 3 11 4123
19 3 12 5662
19 3 13 4041
19 3 14 7334
19 3 15 5985
19 3 16 5185
19 3 17 6693
19 3 18 5598
19 3 19 0
19 4 0 2002
19 4 1 4507
19 4 2 4124
19 4 3 5532
19 4 4 0
19 4 5 6010
19 4 6 5163
19 4 7 2281
19 4 8 4611
19 4 9 5750
19 4 10 5938
19 4 11 5158
19 4 12 4376
19 4 13 4929
19 4 14 6613
19 4 15 3599
19 4 16 5357
19 4 17 4433
19 4 18 3304
19 4 19 0
19 5 0 4262
19 5 1 7520
19 5 2 5843
19 5 3 7235
19 5 4 5165
19 5 5 0
19 5 6 5248
19 5 7 4079
19 5 8 4157
19 5 9 6022
19 5 10 6081
19 5 11 4395
19 5 12 3777
19 5 13 6119
19 5 14 5741
19 5 15 4632
19 5 16 4808
19 5 17 7053
19 5 18 5238
19 5 19 0
19 6 0 3895
19 6 1 2796
19 6 2 3050
19 6 3 2802
19 6 4 1637
19 6 5 5041
19 6 6 0
19 6 7 1811
19 6 8 266
19 6 9 2973
19 6 10 2867
19 6 11 2447
19 6 12 4807
19 6 13 3429
19 6 14 298
19 6 15 2082
19 6 16 3735
19 6 17 1157
19 6 18 1734
19 6 19 0
19 7 0 3531
19 7 1 6288
19 7 2 6283
19 7 3 3946
19 7 4 4405
19 7 5 5910
19 7 6 4171
19 7 7 0
19 7 8 6914
19 7 9 6395
19 7 10 7057
19 7 11 3113
19 7 12 5822
19 7 13 4711
19 7 14 3008
19 7 15 4009
19 7 16 6679
19 7 17 6828
19 7 18 3062
19 7 19 0
19 8 0 4296
19 8 1 6646
19 8 2 7333
19 8 3 6608
19 8 4 6388
19 8 5 4239
19 8 6 7439
19 8 7 5960
19 8 8 0
19 8 9 6662
19 8 10 7578
19 8 11 4915
19 8 12 5782
19 8 13 5513
19 8 14 6763
19 8 15 3878
19 8 16 6478
19 8 17 5520
19 8 18 3911
19 8 19 0
19 9 0 6963
19 9 1 5261
19 9 2 5486
19 9 3 8027
19 9 4 7892
19 9 5 8779
19 9 6 6831
19 9 7 9075
19 9 8 5847
19 9 9 0
19 9 10 5404
19 9 11 7414
19 9 12 6349
19 9 13 6890
19 9 14 5905
19 9 15 8096
19 9 16 7200
19 9 17 8600
19 9 18 9104
19 9 19 0
19 10 0 5654
19 10 1 5869
19 10 2 2294
19 10 3 4213
19 10 4 1876
19 10 5 1989
19 10 6 1612
19 10 7 4850
19 10 8 4586
19 10 9 3142
19 10 10 0
19 10 11 1407
19 10 12 3151
19 10 13 1555
19 10 14 1674
19 10 15 4120
19 10 16 5875
19 10 17 1741
19 10 18 2527
19 10 19 0
19 11 0 4829
19 11 1 3176
19 11 2 2583
19 11 3 5416
19 11 4 2033
19 11 5 5021
19 11 6 6075
19 11 7 5042
19 11 8 2393
19 11 9 3809
19 11 10 3173
19 11 11 0
19 11 12 6466
19 11 13 2219
19 11 14 3396
19 11 15 5370
19 11 16 5054
19 11 17 5812
19 11 18 6942
19 11 19 0
19 12 0 7284
19 12 1 6762
19 12 2 8832
19 12 3 5384
19 12 4 7015
19 12 5 8447
19 12 6 7813
19 12 7 5696
19 12 8 5048
19 12 9 7759
19 12 10 6318
19 12 11 5523
19 12 12 0
19 12 13 8251
19 12 14 7179
19 12 15 6955
19 12 16 7939
19 12 17 7982
19 12 18 5971
19 12 19 0
19 13 0 5568
19 13 1 2210
19 13 2 3594
19 13 3 6515
19 13 4 3162
19 13 5 4765
19 13 6 5757
19 13 7 4389
19 13 8 3903
19 13 9 6637
19 13 10 4691
19 13 11 6570
19 13 12 5444
19 13 13 0
19 13 14 2385
19 13 15 6540
19 13 16 3007
19 13 17 3623
19 13 18 6702
19 13 19 0
19 14 0 2782
19 14 1 1950
19 14 2 3977
19 14 3 6823
19 14 4 4375
19 14 5 2217
19 14 6 5261
19 14 7 3895
19 14 8 5112
19 14 9 2778
19 14 10 4872
19 14 11 6666
19 14 12 6112
19 14 13 2776
19 14 14 0
19 14 15 2862
19 14 16 6579
19 14 17 3885
19 14 18 4190
19 14 19 0
19 15 0 7239
19 15 1 4521
19 15 2 5360
19 15 3 6864
19 15 4 4254
19 15 5 5665
19 15 6 7180
19 15 7 7780
19 15 8 4932
19 15 9 4289
19 15 10 6284
19 15 11 7492
19 15 12 4810
19 15 13 7108
19 15 14 4153
19 15 15 0
19 15 16 7049
19 15 17 4193
19 15 18 3260
19 15 19 0
19 16 0 5734
19 16 1 6296
19 16 2 8085
19 16 3 6413
19 16 4 8765
19 16 5 5659
19 16 6 6452
19 16 7 4800
19 16 8 6732
19 16 9 5645
19 16 10 8473
19 16 11 8215
19 16 12 5990
19 16 13 7849
19 16 14 5146
19 16 15 8555
19 16 16 0
19 16 17 8536
19 16 18 6649
19 16 19 0
19 17 0 1977
19 17 1 2079
19 17 2 797
19 17 3 2190
19 17 4 4962
19 17 5 3801
19 17 6 639
19 17 7 2770
19 17 8 973
19 17 9 5243
19 17 10 2231
19 17 11 3732
19 17 12 2507
19 17 13 850
19 17 14 5317
19 17 15 5239
19 17 16 4108
19 17 17 0
19 17 18 3382
19 17 19 0
19 18 0 2388
19 18 1 4072
19 18 2 2382
19 18 3 4845
19 18 4 1851
19 18 5 3632
19 18 6 2164
19 18 7 2994
19 18 8 1775
19 18 9 2479
19 18 10 924
19 18 11 2312
19 18 12 4232
19 18 13 3919
19 18 14 4340
19 18 15 2417
19 18 16 1868
19 18 17 566
19 18 18 0
19 18 19 0
19 19 0 0
19 19 1 0
19 19 2 0
19 19 3 0
19 19 4 0
19 19 5 0
19 19 6 0
19 19 7 0
19 19 8 0
19 19 9 0
19 19 10 0
19 19 11 0
19 19 12 0
19 19 13 0
19 19 14 0
19 19 15 0
19 19 16 0
19 19 17 0
19 19 18 0
19 19 19 0
