20
0 0 0 0
0 0 1 0
0 0 2 0
0 0 3 0
0 0 4 0
0 0 5 0
0 0 6 0
0 0 7 0
0 0 8 0
0 0 9 0
0 0 10 0
0 0 11 0
0 0 12 0
0 0 13 0
0 0 14 0
0 0 15 0
0 0 16 0
0 0 17 0
0 0 18 0
0 0 19 0
0 1 0 0
0 1 1 0
0 1 2 6906
0 1 3 7609
0 1 4 3671
0 1 5 4448
0 1 6 3970
0 1 7 5236
0 1 8 6521
0 1 9 3716
0 1 10 4762
0 1 11 3718
0 1 12 3794
0 1 13 6546
0 1 14 6405
0 1 15 3094
0 1 16 7793
0 1 17 7655
0 1 18 6771
0 1 19 5296
0 2 0 0
0 2 1 6339
0 2 2 0
0 2 3 5975
0 2 4 4194
0 2 5 7765
0 2 6 8088
0 2 7 4874
0 2 8 7636
0 2 9 5537
0 2 10 4761
0 2 11 8571
0 2 12 7540
0 2 13 5986
0 2 14 8354
0 2 15 4262
0 2 16 3985
0 2 17 6608
0 2 18 5946
0 2 19 7214
0 3 0 0
0 3 1 3258
0 3 2 6970
0 3 3 0
0 3 4 4526
0 3 5 6936
0 3 6 5233
0 3 7 3051
0 3 8 7599
0 3 9 3741
0 3 10 5289
0 3 11 6815
0 3 12 7138
0 3 13 4172
0 3 14 2793
0 3 15 5388
0 3 16 6812
0 3 17 3084
0 3 18 4952
0 3 19 4009
0 4 0 0
0 4 1 6532
0 4 2 7992
0 4 3 6534
0 4 4 0
0 4 5 6483
0 4 6 4912
0 4 7 5253
0 4 8 6910
0 4 9 8650
0 4 10 5376
0 4 11 7451
0 4 12 6039
0 4 13 7280
0 4 14 5814
0 4 15 7464
0 4 16 8504
0 4 17 8194
0 4 18 8019
0 4 19 7308
0 5 0 0
0 5 1 8044
0 5 2 5947
0 5 3 4413
0 5 4 8109
0 5 5 0
0 5 6 6871
0 5 7 3668
0 5 8 3653
0 5 9 8060
0 5 10 7487
0 5 11 4702
0 5 12 3825
0 5 13 5163
0 5 14 3529
0 5 15 7521
0 5 16 5134
0 5 17 7175
0 5 18 3598
0 5 19 7592
0 6 0 0
0 6 1 9230
0 6 2 6043
0 6 3 7200
0 6 4 5576
0 6 5 5165
0 6 6 0
0 6 7 8078
0 6 8 9592
0 6 9 8424
0 6 10 5159
0 6 11 5474
0 6 12 5917
0 6 13 9569
0 6 14 7290
0 6 15 8790
0 6 16 6719
0 6 17 5667
0 6 18 5352
0 6 19 7871
0 7 0 0
0 7 1 2814
0 7 2 4094
0 7 3 5970
0 7 4 2826
0 7 5 2206
0 7 6 5257
0 7 7 0
0 7 8 4420
0 7 9 4653
0 7 10 2981
0 7 11 5887
0 7 12 2608
0 7 13 6239
0 7 14 2013
0 7 15 1722
0 7 16 4862
0 7 17 4813
0 7 18 2528
0 7 19 1867
0 8 0 0
0 8 1 5218
0 8 2 7305
0 8 3 5292
0 8 4 5035
0 8 5 6544
0 8 6 5178
0 8 7 4597
0 8 8 0
0 8 9 4821
0 8 10 6926
0 8 11 5926
0 8 12 7258
0 8 13 8085
0 8 14 5829
0 8 15 6139
0 8 16 8711
0 8 17 5189
0 8 18 5137
0 8 19 9358
0 9 0 0
0 9 1 6414
0 9 2 6520
0 9 3 9326
0 9 4 8074
0 9 5 5817
0 9 6 6188
0 9 7 9732
0 9 8 9292
0 9 9 0
0 9 10 8861
0 9 11 7425
0 9 12 7508
0 9 13 7963
0 9 14 9429
0 9 15 9089
0 9 16 5762
0 9 17 7971
0 9 18 5355
0 9 19 8634
0 10 0 0
0 10 1 1038
0 10 2 1605
0 10 3 3775
0 10 4 4533
0 10 5 4300
0 10 6 4377
0 10 7 2606
0 10 8 2731
0 10 9 1811
0 10 10 0
0 10 11 4422
0 10 12 2591
0 10 13 1267
0 10 14 4096
0 10 15 2381
0 10 16 3084
0 10 17 859
0 10 18 4994
0 10 19 1026
0 11 0 0
0 11 1 6733
0 11 2 7003
0 11 3 2996
0 11 4 6646
0 11 5 6056
0 11 6 3762
0 11 7 5563
0 11 8 6252
0 11 9 5656
0 11 10 6293
0 11 11 0
0 11 12 4883
0 11 13 4689
0 11 14 3712
0 11 15 4597
0 11 16 5598
0 11 17 7138
0 11 18 6241
0 11 19 3072
0 12 0 0
0 12 1 5421
0 12 2 7613
0 12 3 6477
0 12 4 5011
0 12 5 9314
0 12 6 5476
0 12 7 7747
0 12 8 7703
0 12 9 9005
0 12 10 5402
0 12 11 9758
0 12 12 0
0 12 13 8713
0 12 14 8213
0 12 15 6541
0 12 16 7757
0 12 17 8637
0 12 18 9548
0 12 19 9477
0 13 0 0
0 13 1 4085
0 13 2 3743
0 13 3 5415
0 13 4 6974
0 13 5 5664
0 13 6 7188
0 13 7 6263
0 13 8 5151
0 13 9 4314
0 13 10 7423
0 13 11 7461
0 13 12 5106
0 13 13 0
0 13 14 5474
0 13 15 6684
0 13 16 5792
0 13 17 3736
0 13 18 6597
0 13 19 5459
0 14 0 0
0 14 1 7149
0 14 2 4874
0 14 3 9335
0 14 4 6300
0 14 5 7585
0 14 6 5967
0 14 7 9677
0 14 8 5372
0 14 9 5553
0 14 10 5731
0 14 11 9669
0 14 12 5033
0 14 13 4779
0 14 14 0
0 14 15 5567
0 14 16 7806
0 14 17 6549
0 14 18 8751
0 14 19 9614
0 15 0 0
0 15 1 1874
0 15 2 1279
0 15 3 1000
0 15 4 2815
0 15 5 4949
0 15 6 3932
0 15 7 2530
0 15 8 2960
0 15 9 4815
0 15 10 5194
0 15 11 904
0 15 12 886
0 15 13 4215
0 15 14 2935
0 15 15 0
0 15 16 5496
0 15 17 2910
0 15 18 2302
0 15 19 2004
0 16 0 0
0 16 1 4513
0 16 2 6162
0 16 3 7788
0 16 4 7757
0 16 5 3517
0 16 6 4114
0 16 7 7865
0 16 8 7870
0 16 9 7346
0 16 10 3503
0 16 11 3967
0 16 12 5291
0 16 13 4838
0 16 14 5359
0 16 15 7188
0 16 16 0
0 16 17 7144
0 16 18 6548
0 16 19 7325
0 17 0 0
0 17 1 5068
0 17 2 3163
0 17 3 4482
0 17 4 4025
0 17 5 2712
0 17 6 3214
0 17 7 5729
0 17 8 4072
0 17 9 3111
0 17 10 2173
0 17 11 2473
0 17 12 1312
0 17 13 5163
0 17 14 1681
0 17 15 4807
0 17 16 1509
0 17 17 0
0 17 18 4446
0 17 19 3413
0 18 0 0
0 18 1 7435
0 18 2 7143
0 18 3 5692
0 18 4 3296
0 18 5 6611
0 18 6 6390
0 18 7 2582
0 18 8 7329
0 18 9 7166
0 18 10 4218
0 18 11 6498
0 18 12 6746
0 18 13 3788
0 18 14 6306
0 18 15 6609
0 18 16 3013
0 18 17 2556
0 18 18 0
0 18 19 3722
0 19 0 0
0 19 1 6338
0 19 2 4366
0 19 3 4610
0 19 4 3891
0 19 5 4280
0 19 6 3614
0 19 7 6757
0 19 8 6757
0 19 9 7567
0 19 10 5261
0 19 11 6929
0 19 12 6524
0 19 13 4997
0 19 14 4622
0 19 15 4778
0 19 16 4210
0 19 17 5750
0 19 18 4223
0 19 19 0
1 0 0 0
1 0 1 0
1 0 2 5340
1 0 3 4437
1 0 4 6086
1 0 5 5099
1 0 6 6614
1 0 7 2967
1 0 8 6303
1 0 9 6608
1 0 10 2115
1 0 11 4516
1 0 12 6471
1 0 13 5349
1 0 14 6413
1 0 15 2348
1 0 16 4619
1 0 17 2876
1 0 18 4229
1 0 19 5062
1 1 0 0
1 1 1 0
1 1 2 0
1 1 3 0
1 1 4 0
1 1 5 0
1 1 6 0
1 1 7 0
1 1 8 0
1 1 9 0
1 1 10 0
1 1 11 0
1 1 12 0
1 1 13 0
1 1 14 0
1 1 15 0
1 1 16 0
1 1 17 0
1 1 18 0
1 1 19 0
1 2 0 6339
1 2 1 0
1 2 2 0
1 2 3 6433
1 2 4 4652
1 2 5 8223
1 2 6 8546
1 2 7 5332
1 2 8 8094
1 2 9 5995
1 2 10 5219
1 2 11 9029
1 2 12 7998
1 2 13 6444
1 2 14 8812
1 2 15 4720
1 2 16 4443
1 2 17 7066
1 2 18 6404
1 2 19 7672
1 3 0 3258
1 3 1 0
1 3 2 9034
1 3 3 0
1 3 4 6590
1 3 5 9000
1 3 6 7297
1 3 7 5115
1 3 8 9663
1 3 9 5805
1 3 10 7353
1 3 11 8879
1 3 12 9202
1 3 13 6236
1 3 14 4857
1 3 15 7452
1 3 16 8876
1 3 17 5148
1 3 18 7016
1 3 19 6073
1 4 0 6532
1 4 1 0
1 4 2 4469
1 4 3 3011
1 4 4 0
1 4 5 2960
1 4 6 1389
1 4 7 1730
1 4 8 3387
1 4 9 5127
1 4 10 1853
1 4 11 3928
1 4 12 2516
1 4 13 3757
1 4 14 2291
1 4 15 3941
1 4 16 4981
1 4 17 4671
1 4 18 4496
1 4 19 3785
1 5 0 8044
1 5 1 0
1 5 2 4188
1 5 3 2654
1 5 4 6350
1 5 5 0
1 5 6 5112
1 5 7 1909
1 5 8 1894
1 5 9 6301
1 5 10 5728
1 5 11 2943
1 5 12 2066
1 5 13 3404
1 5 14 1770
1 5 15 5762
1 5 16 3375
1 5 17 5416
1 5 18 1839
1 5 19 5833
1 6 0 9230
1 6 1 0
1 6 2 2291
1 6 3 3448
1 6 4 1824
1 6 5 1413
1 6 6 0
1 6 7 4326
1 6 8 5840
1 6 9 4672
1 6 10 1407
1 6 11 1722
1 6 12 2165
1 6 13 5817
1 6 14 3538
1 6 15 5038
1 6 16 2967
1 6 17 1915
1 6 18 1600
1 6 19 4119
1 7 0 2814
1 7 1 0
1 7 2 5255
1 7 3 7131
1 7 4 3987
1 7 5 3367
1 7 6 6418
1 7 7 0
1 7 8 5581
1 7 9 5814
1 7 10 4142
1 7 11 7048
1 7 12 3769
1 7 13 7400
1 7 14 3174
1 7 15 2883
1 7 16 6023
1 7 17 5974
1 7 18 3689
1 7 19 3028
1 8 0 5218
1 8 1 0
1 8 2 6415
1 8 3 4402
1 8 4 4145
1 8 5 5654
1 8 6 4288
1 8 7 3707
1 8 8 0
1 8 9 3931
1 8 10 6036
1 8 11 5036
1 8 12 6368
1 8 13 7195
1 8 14 4939
1 8 15 5249
1 8 16 7821
1 8 17 4299
1 8 18 4247
1 8 19 8468
1 9 0 6414
1 9 1 0
1 9 2 2520
1 9 3 5326
1 9 4 4074
1 9 5 1817
1 9 6 2188
1 9 7 5732
1 9 8 5292
1 9 9 0
1 9 10 4861
1 9 11 3425
1 9 12 3508
1 9 13 3963
1 9 14 5429
1 9 15 5089
1 9 16 1762
1 9 17 3971
1 9 18 1355
1 9 19 4634
1 10 0 1038
1 10 1 0
1 10 2 3144
1 10 3 5314
1 10 4 6072
1 10 5 5839
1 10 6 5916
1 10 7 4145
1 10 8 4270
1 10 9 3350
1 10 10 0
1 10 11 5961
1 10 12 4130
1 10 13 2806
1 10 14 5635
1 10 15 3920
1 10 16 4623
1 10 17 2398
1 10 18 6533
1 10 19 2565
1 11 0 6733
1 11 1 0
1 11 2 5097
1 11 3 1090
1 11 4 4740
1 11 5 4150
1 11 6 1856
1 11 7 3657
1 11 8 4346
1 11 9 3750
1 11 10 4387
1 11 11 0
1 11 12 2977
1 11 13 2783
1 11 14 1806
1 11 15 2691
1 11 16 3692
1 11 17 5232
1 11 18 4335
1 11 19 1166
1 12 0 5421
1 12 1 0
1 12 2 3828
1 12 3 2692
1 12 4 1226
1 12 5 5529
1 12 6 1691
1 12 7 3962
1 12 8 3918
1 12 9 5220
1 12 10 1617
1 12 11 5973
1 12 12 0
1 12 13 4928
1 12 14 4428
1 12 15 2756
1 12 16 3972
1 12 17 4852
1 12 18 5763
1 12 19 5692
1 13 0 4085
1 13 1 0
1 13 2 3832
1 13 3 5504
1 13 4 7063
1 13 5 5753
1 13 6 7277
1 13 7 6352
1 13 8 5240
1 13 9 4403
1 13 10 7512
1 13 11 7550
1 13 12 5195
1 13 13 0
1 13 14 5563
1 13 15 6773
1 13 16 5881
1 13 17 3825
1 13 18 6686
1 13 19 5548
1 14 0 7149
1 14 1 0
1 14 2 3758
1 14 3 8219
1 14 4 5184
1 14 5 6469
1 14 6 4851
1 14 7 8561
1 14 8 4256
1 14 9 4437
1 14 10 4615
1 14 11 8553
1 14 12 3917
1 14 13 3663
1 14 14 0
1 14 15 4451
1 14 16 6690
1 14 17 5433
1 14 18 7635
1 14 19 8498
1 15 0 1874
1 15 1 0
1 15 2 917
1 15 3 638
1 15 4 2453
1 15 5 4587
1 15 6 3570
1 15 7 2168
1 15 8 2598
1 15 9 4453
1 15 10 4832
1 15 11 542
1 15 12 524
1 15 13 3853
1 15 14 2573
1 15 15 0
1 15 16 5134
1 15 17 2548
1 15 18 1940
1 15 19 1642
1 16 0 4513
1 16 1 0
1 16 2 8228
1 16 3 9854
1 16 4 9823
1 16 5 5583
1 16 6 6180
1 16 7 9931
1 16 8 9936
1 16 9 9412
1 16 10 5569
1 16 11 6033
1 16 12 7357
1 16 13 6904
1 16 14 7425
1 16 15 9254
1 16 16 0
1 16 17 9210
1 16 18 8614
1 16 19 9391
1 17 0 5068
1 17 1 0
1 17 2 6834
1 17 3 8153
1 17 4 7696
1 17 5 6383
1 17 6 6885
1 17 7 9400
1 17 8 7743
1 17 9 6782
1 17 10 5844
1 17 11 6144
1 17 12 4983
1 17 13 8834
1 17 14 5352
1 17 15 8478
1 17 16 5180
1 17 17 0
1 17 18 8117
1 17 19 7084
1 18 0 7435
1 18 1 0
1 18 2 8577
1 18 3 7126
1 18 4 4730
1 18 5 8045
1 18 6 7824
1 18 7 4016
1 18 8 8763
1 18 9 8600
1 18 10 5652
1 18 11 7932
1 18 12 8180
1 18 13 5222
1 18 14 7740
1 18 15 8043
1 18 16 4447
1 18 17 3990
1 18 18 0
1 18 19 5156
1 19 0 6338
1 19 1 0
1 19 2 3492
1 19 3 3736
1 19 4 3017
1 19 5 3406
1 19 6 2740
1 19 7 5883
1 19 8 5883
1 19 9 6693
1 19 10 4387
1 19 11 6055
1 19 12 5650
1 19 13 4123
1 19 14 3748
1 19 15 3904
1 19 16 3336
1 19 17 4876
1 19 18 3349
1 19 19 0
2 0 0 0
2 0 1 5340
2 0 2 0
2 0 3 3541
2 0 4 5190
2 0 5 4203
2 0 6 5718
2 0 7 2071
2 0 8 5407
2 0 9 5712
2 0 10 1219
2 0 11 3620
2 0 12 5575
2 0 13 4453
2 0 14 5517
2 0 15 1452
2 0 16 3723
2 0 17 1980
2 0 18 3333
2 0 19 4166
2 1 0 6906
2 1 1 0
2 1 2 0
2 1 3 7500
2 1 4 3562
2 1 5 4339
2 1 6 3861
2 1 7 5127
2 1 8 6412
2 1 9 3607
2 1 10 4653
2 1 11 3609
2 1 12 3685
2 1 13 6437
2 1 14 6296
2 1 15 2985
2 1 16 7684
2 1 17 7546
2 1 18 6662
2 1 19 5187
2 2 0 0
2 2 1 0
2 2 2 0
2 2 3 0
2 2 4 0
2 2 5 0
2 2 6 0
2 2 7 0
2 2 8 0
2 2 9 0
2 2 10 0
2 2 11 0
2 2 12 0
2 2 13 0
2 2 14 0
2 2 15 0
2 2 16 0
2 2 17 0
2 2 18 0
2 2 19 0
2 3 0 6970
2 3 1 9034
2 3 2 0
2 3 3 0
2 3 4 4142
2 3 5 6552
2 3 6 4849
2 3 7 2667
2 3 8 7215
2 3 9 3357
2 3 10 4905
2 3 11 6431
2 3 12 6754
2 3 13 3788
2 3 14 2409
2 3 15 5004
2 3 16 6428
2 3 17 2700
2 3 18 4568
2 3 19 3625
2 4 0 7992
2 4 1 4469
2 4 2 0
2 4 3 2720
2 4 4 0
2 4 5 2669
2 4 6 1098
2 4 7 1439
2 4 8 3096
2 4 9 4836
2 4 10 1562
2 4 11 3637
2 4 12 2225
2 4 13 3466
2 4 14 2000
2 4 15 3650
2 4 16 4690
2 4 17 4380
2 4 18 4205
2 4 19 3494
2 5 0 5947
2 5 1 4188
2 5 2 0
2 5 3 5157
2 5 4 8853
2 5 5 0
2 5 6 7615
2 5 7 4412
2 5 8 4397
2 5 9 8804
2 5 10 8231
2 5 11 5446
2 5 12 4569
2 5 13 5907
2 5 14 4273
2 5 15 8265
2 5 16 5878
2 5 17 7919
2 5 18 4342
2 5 19 8336
2 6 0 6043
2 6 1 2291
2 6 2 0
2 6 3 6752
2 6 4 5128
2 6 5 4717
2 6 6 0
2 6 7 7630
2 6 8 9144
2 6 9 7976
2 6 10 4711
2 6 11 5026
2 6 12 5469
2 6 13 9121
2 6 14 6842
2 6 15 8342
2 6 16 6271
2 6 17 5219
2 6 18 4904
2 6 19 7423
2 7 0 4094
2 7 1 5255
2 7 2 0
2 7 3 5955
2 7 4 2811
2 7 5 2191
2 7 6 5242
2 7 7 0
2 7 8 4405
2 7 9 4638
2 7 10 2966
2 7 11 5872
2 7 12 2593
2 7 13 6224
2 7 14 1998
2 7 15 1707
2 7 16 4847
2 7 17 4798
2 7 18 2513
2 7 19 1852
2 8 0 7305
2 8 1 6415
2 8 2 0
2 8 3 4703
2 8 4 4446
2 8 5 5955
2 8 6 4589
2 8 7 4008
2 8 8 0
2 8 9 4232
2 8 10 6337
2 8 11 5337
2 8 12 6669
2 8 13 7496
2 8 14 5240
2 8 15 5550
2 8 16 8122
2 8 17 4600
2 8 18 4548
2 8 19 8769
2 9 0 6520
2 9 1 2520
2 9 2 0
2 9 3 6333
2 9 4 5081
2 9 5 2824
2 9 6 3195
2 9 7 6739
2 9 8 6299
2 9 9 0
2 9 10 5868
2 9 11 4432
2 9 12 4515
2 9 13 4970
2 9 14 6436
2 9 15 6096
2 9 16 2769
2 9 17 4978
2 9 18 2362
2 9 19 5641
2 10 0 1605
2 10 1 3144
2 10 2 0
2 10 3 4499
2 10 4 5257
2 10 5 5024
2 10 6 5101
2 10 7 3330
2 10 8 3455
2 10 9 2535
2 10 10 0
2 10 11 5146
2 10 12 3315
2 10 13 1991
2 10 14 4820
2 10 15 3105
2 10 16 3808
2 10 17 1583
2 10 18 5718
2 10 19 1750
2 11 0 7003
2 11 1 5097
2 11 2 0
2 11 3 5129
2 11 4 8779
2 11 5 8189
2 11 6 5895
2 11 7 7696
2 11 8 8385
2 11 9 7789
2 11 10 8426
2 11 11 0
2 11 12 7016
2 11 13 6822
2 11 14 5845
2 11 15 6730
2 11 16 7731
2 11 17 9271
2 11 18 8374
2 11 19 5205
2 12 0 7613
2 12 1 3828
2 12 2 0
2 12 3 5624
2 12 4 4158
2 12 5 8461
2 12 6 4623
2 12 7 6894
2 12 8 6850
2 12 9 8152
2 12 10 4549
2 12 11 8905
2 12 12 0
2 12 13 7860
2 12 14 7360
2 12 15 5688
2 12 16 6904
2 12 17 7784
2 12 18 8695
2 12 19 8624
2 13 0 3743
2 13 1 3832
2 13 2 0
2 13 3 4130
2 13 4 5689
2 13 5 4379
2 13 6 5903
2 13 7 4978
2 13 8 3866
2 13 9 3029
2 13 10 6138
2 13 11 6176
2 13 12 3821
2 13 13 0
2 13 14 4189
2 13 15 5399
2 13 16 4507
2 13 17 2451
2 13 18 5312
2 13 19 4174
2 14 0 4874
2 14 1 3758
2 14 2 0
2 14 3 9354
2 14 4 6319
2 14 5 7604
2 14 6 5986
2 14 7 9696
2 14 8 5391
2 14 9 5572
2 14 10 5750
2 14 11 9688
2 14 12 5052
2 14 13 4798
2 14 14 0
2 14 15 5586
2 14 16 7825
2 14 17 6568
2 14 18 8770
2 14 19 9633
2 15 0 1279
2 15 1 917
2 15 2 0
2 15 3 992
2 15 4 2807
2 15 5 4941
2 15 6 3924
2 15 7 2522
2 15 8 2952
2 15 9 4807
2 15 10 5186
2 15 11 896
2 15 12 878
2 15 13 4207
2 15 14 2927
2 15 15 0
2 15 16 5488
2 15 17 2902
2 15 18 2294
2 15 19 1996
2 16 0 6162
2 16 1 8228
2 16 2 0
2 16 3 5232
2 16 4 5201
2 16 5 961
2 16 6 1558
2 16 7 5309
2 16 8 5314
2 16 9 4790
2 16 10 947
2 16 11 1411
2 16 12 2735
2 16 13 2282
2 16 14 2803
2 16 15 4632
2 16 16 0
2 16 17 4588
2 16 18 3992
2 16 19 4769
2 17 0 3163
2 17 1 6834
2 17 2 0
2 17 3 6292
2 17 4 5835
2 17 5 4522
2 17 6 5024
2 17 7 7539
2 17 8 5882
2 17 9 4921
2 17 10 3983
2 17 11 4283
2 17 12 3122
2 17 13 6973
2 17 14 3491
2 17 15 6617
2 17 16 3319
2 17 17 0
2 17 18 6256
2 17 19 5223
2 18 0 7143
2 18 1 8577
2 18 2 0
2 18 3 5487
2 18 4 3091
2 18 5 6406
2 18 6 6185
2 18 7 2377
2 18 8 7124
2 18 9 6961
2 18 10 4013
2 18 11 6293
2 18 12 6541
2 18 13 3583
2 18 14 6101
2 18 15 6404
2 18 16 2808
2 18 17 2351
2 18 18 0
2 18 19 3517
2 19 0 4366
2 19 1 3492
2 19 2 0
2 19 3 4840
2 19 4 4121
2 19 5 4510
2 19 6 3844
2 19 7 6987
2 19 8 6987
2 19 9 7797
2 19 10 5491
2 19 11 7159
2 19 12 6754
2 19 13 5227
2 19 14 4852
2 19 15 5008
2 19 16 4440
2 19 17 5980
2 19 18 4453
2 19 19 0
3 0 0 0
3 0 1 4437
3 0 2 3541
3 0 3 0
3 0 4 7664
3 0 5 6677
3 0 6 8192
3 0 7 4545
3 0 8 7881
3 0 9 8186
3 0 10 3693
3 0 11 6094
3 0 12 8049
3 0 13 6927
3 0 14 7991
3 0 15 3926
3 0 16 6197
3 0 17 4454
3 0 18 5807
3 0 19 6640
3 1 0 7609
3 1 1 0
3 1 2 7500
3 1 3 0
3 1 4 1384
3 1 5 2161
3 1 6 1683
3 1 7 2949
3 1 8 4234
3 1 9 1429
3 1 10 2475
3 1 11 1431
3 1 12 1507
3 1 13 4259
3 1 14 4118
3 1 15 807
3 1 16 5506
3 1 17 5368
3 1 18 4484
3 1 19 3009
3 2 0 5975
3 2 1 6433
3 2 2 0
3 2 3 0
3 2 4 4805
3 2 5 8376
3 2 6 8699
3 2 7 5485
3 2 8 8247
3 2 9 6148
3 2 10 5372
3 2 11 9182
3 2 12 8151
3 2 13 6597
3 2 14 8965
3 2 15 4873
3 2 16 4596
3 2 17 7219
3 2 18 6557
3 2 19 7825
3 3 0 0
3 3 1 0
3 3 2 0
3 3 3 0
3 3 4 0
3 3 5 0
3 3 6 0
3 3 7 0
3 3 8 0
3 3 9 0
3 3 10 0
3 3 11 0
3 3 12 0
3 3 13 0
3 3 14 0
3 3 15 0
3 3 16 0
3 3 17 0
3 3 18 0
3 3 19 0
3 4 0 6534
3 4 1 3011
3 4 2 2720
3 4 3 0
3 4 4 0
3 4 5 3904
3 4 6 2333
3 4 7 2674
3 4 8 4331
3 4 9 6071
3 4 10 2797
3 4 11 4872
3 4 12 3460
3 4 13 4701
3 4 14 3235
3 4 15 4885
3 4 16 5925
3 4 17 5615
3 4 18 5440
3 4 19 4729
3 5 0 4413
3 5 1 2654
3 5 2 5157
3 5 3 0
3 5 4 8927
3 5 5 0
3 5 6 7689
3 5 7 4486
3 5 8 4471
3 5 9 8878
3 5 10 8305
3 5 11 5520
3 5 12 4643
3 5 13 5981
3 5 14 4347
3 5 15 8339
3 5 16 5952
3 5 17 7993
3 5 18 4416
3 5 19 8410
3 6 0 7200
3 6 1 3448
3 6 2 6752
3 6 3 0
3 6 4 3176
3 6 5 2765
3 6 6 0
3 6 7 5678
3 6 8 7192
3 6 9 6024
3 6 10 2759
3 6 11 3074
3 6 12 3517
3 6 13 7169
3 6 14 4890
3 6 15 6390
3 6 16 4319
3 6 17 3267
3 6 18 2952
3 6 19 5471
3 7 0 5970
3 7 1 7131
3 7 2 5955
3 7 3 0
3 7 4 1891
3 7 5 1271
3 7 6 4322
3 7 7 0
3 7 8 3485
3 7 9 3718
3 7 10 2046
3 7 11 4952
3 7 12 1673
3 7 13 5304
3 7 14 1078
3 7 15 787
3 7 16 3927
3 7 17 3878
3 7 18 1593
3 7 19 932
3 8 0 5292
3 8 1 4402
3 8 2 4703
3 8 3 0
3 8 4 5312
3 8 5 6821
3 8 6 5455
3 8 7 4874
3 8 8 0
3 8 9 5098
3 8 10 7203
3 8 11 6203
3 8 12 7535
3 8 13 8362
3 8 14 6106
3 8 15 6416
3 8 16 8988
3 8 17 5466
3 8 18 5414
3 8 19 9635
3 9 0 9326
3 9 1 5326
3 9 2 6333
3 9 3 0
3 9 4 4188
3 9 5 1931
3 9 6 2302
3 9 7 5846
3 9 8 5406
3 9 9 0
3 9 10 4975
3 9 11 3539
3 9 12 3622
3 9 13 4077
3 9 14 5543
3 9 15 5203
3 9 16 1876
3 9 17 4085
3 9 18 1469
3 9 19 4748
3 10 0 3775
3 10 1 5314
3 10 2 4499
3 10 3 0
3 10 4 6688
3 10 5 6455
3 10 6 6532
3 10 7 4761
3 10 8 4886
3 10 9 3966
3 10 10 0
3 10 11 6577
3 10 12 4746
3 10 13 3422
3 10 14 6251
3 10 15 4536
3 10 16 5239
3 10 17 3014
3 10 18 7149
3 10 19 3181
3 11 0 2996
3 11 1 1090
3 11 2 5129
3 11 3 0
3 11 4 7926
3 11 5 7336
3 11 6 5042
3 11 7 6843
3 11 8 7532
3 11 9 6936
3 11 10 7573
3 11 11 0
3 11 12 6163
3 11 13 5969
3 11 14 4992
3 11 15 5877
3 11 16 6878
3 11 17 8418
3 11 18 7521
3 11 19 4352
3 12 0 6477
3 12 1 2692
3 12 2 5624
3 12 3 0
3 12 4 4659
3 12 5 8962
3 12 6 5124
3 12 7 7395
3 12 8 7351
3 12 9 8653
3 12 10 5050
3 12 11 9406
3 12 12 0
3 12 13 8361
3 12 14 7861
3 12 15 6189
3 12 16 7405
3 12 17 8285
3 12 18 9196
3 12 19 9125
3 13 0 5415
3 13 1 5504
3 13 2 4130
3 13 3 0
3 13 4 4778
3 13 5 3468
3 13 6 4992
3 13 7 4067
3 13 8 2955
3 13 9 2118
3 13 10 5227
3 13 11 5265
3 13 12 2910
3 13 13 0
3 13 14 3278
3 13 15 4488
3 13 16 3596
3 13 17 1540
3 13 18 4401
3 13 19 3263
3 14 0 9335
3 14 1 8219
3 14 2 9354
3 14 3 0
3 14 4 1661
3 14 5 2946
3 14 6 1328
3 14 7 5038
3 14 8 733
3 14 9 914
3 14 10 1092
3 14 11 5030
3 14 12 394
3 14 13 140
3 14 14 0
3 14 15 928
3 14 16 3167
3 14 17 1910
3 14 18 4112
3 14 19 4975
3 15 0 1000
3 15 1 638
3 15 2 992
3 15 3 0
3 15 4 4836
3 15 5 6970
3 15 6 5953
3 15 7 4551
3 15 8 4981
3 15 9 6836
3 15 10 7215
3 15 11 2925
3 15 12 2907
3 15 13 6236
3 15 14 4956
3 15 15 0
3 15 16 7517
3 15 17 4931
3 15 18 4323
3 15 19 4025
3 16 0 7788
3 16 1 9854
3 16 2 5232
3 16 3 0
3 16 4 8931
3 16 5 4691
3 16 6 5288
3 16 7 9039
3 16 8 9044
3 16 9 8520
3 16 10 4677
3 16 11 5141
3 16 12 6465
3 16 13 6012
3 16 14 6533
3 16 15 8362
3 16 16 0
3 16 17 8318
3 16 18 7722
3 16 19 8499
3 17 0 4482
3 17 1 8153
3 17 2 6292
3 17 3 0
3 17 4 3214
3 17 5 1901
3 17 6 2403
3 17 7 4918
3 17 8 3261
3 17 9 2300
3 17 10 1362
3 17 11 1662
3 17 12 501
3 17 13 4352
3 17 14 870
3 17 15 3996
3 17 16 698
3 17 17 0
3 17 18 3635
3 17 19 2602
3 18 0 5692
3 18 1 7126
3 18 2 5487
3 18 3 0
3 18 4 3000
3 18 5 6315
3 18 6 6094
3 18 7 2286
3 18 8 7033
3 18 9 6870
3 18 10 3922
3 18 11 6202
3 18 12 6450
3 18 13 3492
3 18 14 6010
3 18 15 6313
3 18 16 2717
3 18 17 2260
3 18 18 0
3 18 19 3426
3 19 0 4610
3 19 1 3736
3 19 2 4840
3 19 3 0
3 19 4 1819
3 19 5 2208
3 19 6 1542
3 19 7 4685
3 19 8 4685
3 19 9 5495
3 19 10 3189
3 19 11 4857
3 19 12 4452
3 19 13 2925
3 19 14 2550
3 19 15 2706
3 19 16 2138
3 19 17 3678
3 19 18 2151
3 19 19 0
4 0 0 0
4 0 1 6086
4 0 2 5190
4 0 3 7664
4 0 4 0
4 0 5 5814
4 0 6 7329
4 0 7 3682
4 0 8 7018
4 0 9 7323
4 0 10 2830
4 0 11 5231
4 0 12 7186
4 0 13 6064
4 0 14 7128
4 0 15 3063
4 0 16 5334
4 0 17 3591
4 0 18 4944
4 0 19 5777
4 1 0 3671
4 1 1 0
4 1 2 3562
4 1 3 1384
4 1 4 0
4 1 5 3786
4 1 6 3308
4 1 7 4574
4 1 8 5859
4 1 9 3054
4 1 10 4100
4 1 11 3056
4 1 12 3132
4 1 13 5884
4 1 14 5743
4 1 15 2432
4 1 16 7131
4 1 17 6993
4 1 18 6109
4 1 19 4634
4 2 0 4194
4 2 1 4652
4 2 2 0
4 2 3 4805
4 2 4 0
4 2 5 7749
4 2 6 8072
4 2 7 4858
4 2 8 7620
4 2 9 5521
4 2 10 4745
4 2 11 8555
4 2 12 7524
4 2 13 5970
4 2 14 8338
4 2 15 4246
4 2 16 3969
4 2 17 6592
4 2 18 5930
4 2 19 7198
4 3 0 4526
4 3 1 6590
4 3 2 4142
4 3 3 0
4 3 4 0
4 3 5 6365
4 3 6 4662
4 3 7 2480
4 3 8 7028
4 3 9 3170
4 3 10 4718
4 3 11 6244
4 3 12 6567
4 3 13 3601
4 3 14 2222
4 3 15 4817
4 3 16 6241
4 3 17 2513
4 3 18 4381
4 3 19 3438
4 4 0 0
4 4 1 0
4 4 2 0
4 4 3 0
4 4 4 0
4 4 5 0
4 4 6 0
4 4 7 0
4 4 8 0
4 4 9 0
4 4 10 0
4 4 11 0
4 4 12 0
4 4 13 0
4 4 14 0
4 4 15 0
4 4 16 0
4 4 17 0
4 4 18 0
4 4 19 0
4 5 0 8109
4 5 1 6350
4 5 2 8853
4 5 3 8927
4 5 4 0
4 5 5 0
4 5 6 5587
4 5 7 2384
4 5 8 2369
4 5 9 6776
4 5 10 6203
4 5 11 3418
4 5 12 2541
4 5 13 3879
4 5 14 2245
4 5 15 6237
4 5 16 3850
4 5 17 5891
4 5 18 2314
4 5 19 6308
4 6 0 5576
4 6 1 1824
4 6 2 5128
4 6 3 3176
4 6 4 0
4 6 5 795
4 6 6 0
4 6 7 3708
4 6 8 5222
4 6 9 4054
4 6 10 789
4 6 11 1104
4 6 12 1547
4 6 13 5199
4 6 14 2920
4 6 15 4420
4 6 16 2349
4 6 17 1297
4 6 18 982
4 6 19 3501
4 7 0 2826
4 7 1 3987
4 7 2 2811
4 7 3 1891
4 7 4 0
4 7 5 1824
4 7 6 4875
4 7 7 0
4 7 8 4038
4 7 9 4271
4 7 10 2599
4 7 11 5505
4 7 12 2226
4 7 13 5857
4 7 14 1631
4 7 15 1340
4 7 16 4480
4 7 17 4431
4 7 18 2146
4 7 19 1485
4 8 0 5035
4 8 1 4145
4 8 2 4446
4 8 3 5312
4 8 4 0
4 8 5 4483
4 8 6 3117
4 8 7 2536
4 8 8 0
4 8 9 2760
4 8 10 4865
4 8 11 3865
4 8 12 5197
4 8 13 6024
4 8 14 3768
4 8 15 4078
4 8 16 6650
4 8 17 3128
4 8 18 3076
4 8 19 7297
4 9 0 8074
4 9 1 4074
4 9 2 5081
4 9 3 4188
4 9 4 0
4 9 5 5191
4 9 6 5562
4 9 7 9106
4 9 8 8666
4 9 9 0
4 9 10 8235
4 9 11 6799
4 9 12 6882
4 9 13 7337
4 9 14 8803
4 9 15 8463
4 9 16 5136
4 9 17 7345
4 9 18 4729
4 9 19 8008
4 10 0 4533
4 10 1 6072
4 10 2 5257
4 10 3 6688
4 10 4 0
4 10 5 4893
4 10 6 4970
4 10 7 3199
4 10 8 3324
4 10 9 2404
4 10 10 0
4 10 11 5015
4 10 12 3184
4 10 13 1860
4 10 14 4689
4 10 15 2974
4 10 16 3677
4 10 17 1452
4 10 18 5587
4 10 19 1619
4 11 0 6646
4 11 1 4740
4 11 2 8779
4 11 3 7926
4 11 4 0
4 11 5 6323
4 11 6 4029
4 11 7 5830
4 11 8 6519
4 11 9 5923
4 11 10 6560
4 11 11 0
4 11 12 5150
4 11 13 4956
4 11 14 3979
4 11 15 4864
4 11 16 5865
4 11 17 7405
4 11 18 6508
4 11 19 3339
4 12 0 5011
4 12 1 1226
4 12 2 4158
4 12 3 4659
4 12 4 0
4 12 5 6214
4 12 6 2376
4 12 7 4647
4 12 8 4603
4 12 9 5905
4 12 10 2302
4 12 11 6658
4 12 12 0
4 12 13 5613
4 12 14 5113
4 12 15 3441
4 12 16 4657
4 12 17 5537
4 12 18 6448
4 12 19 6377
4 13 0 6974
4 13 1 7063
4 13 2 5689
4 13 3 4778
4 13 4 0
4 13 5 4927
4 13 6 6451
4 13 7 5526
4 13 8 4414
4 13 9 3577
4 13 10 6686
4 13 11 6724
4 13 12 4369
4 13 13 0
4 13 14 4737
4 13 15 5947
4 13 16 5055
4 13 17 2999
4 13 18 5860
4 13 19 4722
4 14 0 6300
4 14 1 5184
4 14 2 6319
4 14 3 1661
4 14 4 0
4 14 5 4318
4 14 6 2700
4 14 7 6410
4 14 8 2105
4 14 9 2286
4 14 10 2464
4 14 11 6402
4 14 12 1766
4 14 13 1512
4 14 14 0
4 14 15 2300
4 14 16 4539
4 14 17 3282
4 14 18 5484
4 14 19 6347
4 15 0 2815
4 15 1 2453
4 15 2 2807
4 15 3 4836
4 15 4 0
4 15 5 7397
4 15 6 6380
4 15 7 4978
4 15 8 5408
4 15 9 7263
4 15 10 7642
4 15 11 3352
4 15 12 3334
4 15 13 6663
4 15 14 5383
4 15 15 0
4 15 16 7944
4 15 17 5358
4 15 18 4750
4 15 19 4452
4 16 0 7757
4 16 1 9823
4 16 2 5201
4 16 3 8931
4 16 4 0
4 16 5 4734
4 16 6 5331
4 16 7 9082
4 16 8 9087
4 16 9 8563
4 16 10 4720
4 16 11 5184
4 16 12 6508
4 16 13 6055
4 16 14 6576
4 16 15 8405
4 16 16 0
4 16 17 8361
4 16 18 7765
4 16 19 8542
4 17 0 4025
4 17 1 7696
4 17 2 5835
4 17 3 3214
4 17 4 0
4 17 5 5362
4 17 6 5864
4 17 7 8379
4 17 8 6722
4 17 9 5761
4 17 10 4823
4 17 11 5123
4 17 12 3962
4 17 13 7813
4 17 14 4331
4 17 15 7457
4 17 16 4159
4 17 17 0
4 17 18 7096
4 17 19 6063
4 18 0 3296
4 18 1 4730
4 18 2 3091
4 18 3 3000
4 18 4 0
4 18 5 7733
4 18 6 7512
4 18 7 3704
4 18 8 8451
4 18 9 8288
4 18 10 5340
4 18 11 7620
4 18 12 7868
4 18 13 4910
4 18 14 7428
4 18 15 7731
4 18 16 4135
4 18 17 3678
4 18 18 0
4 18 19 4844
4 19 0 3891
4 19 1 3017
4 19 2 4121
4 19 3 1819
4 19 4 0
4 19 5 3858
4 19 6 3192
4 19 7 6335
4 19 8 6335
4 19 9 7145
4 19 10 4839
4 19 11 6507
4 19 12 6102
4 19 13 4575
4 19 14 4200
4 19 15 4356
4 19 16 3788
4 19 17 5328
4 19 18 3801
4 19 19 0
5 0 0 0
5 0 1 5099
5 0 2 4203
5 0 3 6677
5 0 4 5814
5 0 5 0
5 0 6 7672
5 0 7 4025
5 0 8 7361
5 0 9 7666
5 0 10 3173
5 0 11 5574
5 0 12 7529
5 0 13 6407
5 0 14 7471
5 0 15 3406
5 0 16 5677
5 0 17 3934
5 0 18 5287
5 0 19 6120
5 1 0 4448
5 1 1 0
5 1 2 4339
5 1 3 2161
5 1 4 3786
5 1 5 0
5 1 6 5807
5 1 7 7073
5 1 8 8358
5 1 9 5553
5 1 10 6599
5 1 11 5555
5 1 12 5631
5 1 13 8383
5 1 14 8242
5 1 15 4931
5 1 16 9630
5 1 17 9492
5 1 18 8608
5 1 19 7133
5 2 0 7765
5 2 1 8223
5 2 2 0
5 2 3 8376
5 2 4 7749
5 2 5 0
5 2 6 7014
5 2 7 3800
5 2 8 6562
5 2 9 4463
5 2 10 3687
5 2 11 7497
5 2 12 6466
5 2 13 4912
5 2 14 7280
5 2 15 3188
5 2 16 2911
5 2 17 5534
5 2 18 4872
5 2 19 6140
5 3 0 6936
5 3 1 9000
5 3 2 6552
5 3 3 0
5 3 4 6365
5 3 5 0
5 3 6 3528
5 3 7 1346
5 3 8 5894
5 3 9 2036
5 3 10 3584
5 3 11 5110
5 3 12 5433
5 3 13 2467
5 3 14 1088
5 3 15 3683
5 3 16 5107
5 3 17 1379
5 3 18 3247
5 3 19 2304
5 4 0 6483
5 4 1 2960
5 4 2 2669
5 4 3 3904
5 4 4 0
5 4 5 0
5 4 6 5254
5 4 7 5595
5 4 8 7252
5 4 9 8992
5 4 10 5718
5 4 11 7793
5 4 12 6381
5 4 13 7622
5 4 14 6156
5 4 15 7806
5 4 16 8846
5 4 17 8536
5 4 18 8361
5 4 19 7650
5 5 0 0
5 5 1 0
5 5 2 0
5 5 3 0
5 5 4 0
5 5 5 0
5 5 6 0
5 5 7 0
5 5 8 0
5 5 9 0
5 5 10 0
5 5 11 0
5 5 12 0
5 5 13 0
5 5 14 0
5 5 15 0
5 5 16 0
5 5 17 0
5 5 18 0
5 5 19 0
5 6 0 5165
5 6 1 1413
5 6 2 4717
5 6 3 2765
5 6 4 795
5 6 5 0
5 6 6 0
5 6 7 6654
5 6 8 8168
5 6 9 7000
5 6 10 3735
5 6 11 4050
5 6 12 4493
5 6 13 8145
5 6 14 5866
5 6 15 7366
5 6 16 5295
5 6 17 4243
5 6 18 3928
5 6 19 6447
5 7 0 2206
5 7 1 3367
5 7 2 2191
5 7 3 1271
5 7 4 1824
5 7 5 0
5 7 6 4277
5 7 7 0
5 7 8 3440
5 7 9 3673
5 7 10 2001
5 7 11 4907
5 7 12 1628
5 7 13 5259
5 7 14 1033
5 7 15 742
5 7 16 3882
5 7 17 3833
5 7 18 1548
5 7 19 887
5 8 0 6544
5 8 1 5654
5 8 2 5955
5 8 3 6821
5 8 4 4483
5 8 5 0
5 8 6 847
5 8 7 266
5 8 8 0
5 8 9 490
5 8 10 2595
5 8 11 1595
5 8 12 2927
5 8 13 3754
5 8 14 1498
5 8 15 1808
5 8 16 4380
5 8 17 858
5 8 18 806
5 8 19 5027
5 9 0 5817
5 9 1 1817
5 9 2 2824
5 9 3 1931
5 9 4 5191
5 9 5 0
5 9 6 5959
5 9 7 9503
5 9 8 9063
5 9 9 0
5 9 10 8632
5 9 11 7196
5 9 12 7279
5 9 13 7734
5 9 14 9200
5 9 15 8860
5 9 16 5533
5 9 17 7742
5 9 18 5126
5 9 19 8405
5 10 0 4300
5 10 1 5839
5 10 2 5024
5 10 3 6455
5 10 4 4893
5 10 5 0
5 10 6 8068
5 10 7 6297
5 10 8 6422
5 10 9 5502
5 10 10 0
5 10 11 8113
5 10 12 6282
5 10 13 4958
5 10 14 7787
5 10 15 6072
5 10 16 6775
5 10 17 4550
5 10 18 8685
5 10 19 4717
5 11 0 6056
5 11 1 4150
5 11 2 8189
5 11 3 7336
5 11 4 6323
5 11 5 0
5 11 6 2267
5 11 7 4068
5 11 8 4757
5 11 9 4161
5 11 10 4798
5 11 11 0
5 11 12 3388
5 11 13 3194
5 11 14 2217
5 11 15 3102
5 11 16 4103
5 11 17 5643
5 11 18 4746
5 11 19 1577
5 12 0 9314
5 12 1 5529
5 12 2 8461
5 12 3 8962
5 12 4 6214
5 12 5 0
5 12 6 1149
5 12 7 3420
5 12 8 3376
5 12 9 4678
5 12 10 1075
5 12 11 5431
5 12 12 0
5 12 13 4386
5 12 14 3886
5 12 15 2214
5 12 16 3430
5 12 17 4310
5 12 18 5221
5 12 19 5150
5 13 0 5664
5 13 1 5753
5 13 2 4379
5 13 3 3468
5 13 4 4927
5 13 5 0
5 13 6 5321
5 13 7 4396
5 13 8 3284
5 13 9 2447
5 13 10 5556
5 13 11 5594
5 13 12 3239
5 13 13 0
5 13 14 3607
5 13 15 4817
5 13 16 3925
5 13 17 1869
5 13 18 4730
5 13 19 3592
5 14 0 7585
5 14 1 6469
5 14 2 7604
5 14 3 2946
5 14 4 4318
5 14 5 0
5 14 6 1402
5 14 7 5112
5 14 8 807
5 14 9 988
5 14 10 1166
5 14 11 5104
5 14 12 468
5 14 13 214
5 14 14 0
5 14 15 1002
5 14 16 3241
5 14 17 1984
5 14 18 4186
5 14 19 5049
5 15 0 4949
5 15 1 4587
5 15 2 4941
5 15 3 6970
5 15 4 7397
5 15 5 0
5 15 6 7424
5 15 7 6022
5 15 8 6452
5 15 9 8307
5 15 10 8686
5 15 11 4396
5 15 12 4378
5 15 13 7707
5 15 14 6427
5 15 15 0
5 15 16 8988
5 15 17 6402
5 15 18 5794
5 15 19 5496
5 16 0 3517
5 16 1 5583
5 16 2 961
5 16 3 4691
5 16 4 4734
5 16 5 0
5 16 6 2948
5 16 7 6699
5 16 8 6704
5 16 9 6180
5 16 10 2337
5 16 11 2801
5 16 12 4125
5 16 13 3672
5 16 14 4193
5 16 15 6022
5 16 16 0
5 16 17 5978
5 16 18 5382
5 16 19 6159
5 17 0 2712
5 17 1 6383
5 17 2 4522
5 17 3 1901
5 17 4 5362
5 17 5 0
5 17 6 5832
5 17 7 8347
5 17 8 6690
5 17 9 5729
5 17 10 4791
5 17 11 5091
5 17 12 3930
5 17 13 7781
5 17 14 4299
5 17 15 7425
5 17 16 4127
5 17 17 0
5 17 18 7064
5 17 19 6031
5 18 0 6611
5 18 1 8045
5 18 2 6406
5 18 3 6315
5 18 4 7733
5 18 5 0
5 18 6 4078
5 18 7 270
5 18 8 5017
5 18 9 4854
5 18 10 1906
5 18 11 4186
5 18 12 4434
5 18 13 1476
5 18 14 3994
5 18 15 4297
5 18 16 701
5 18 17 244
5 18 18 0
5 18 19 1410
5 19 0 4280
5 19 1 3406
5 19 2 4510
5 19 3 2208
5 19 4 3858
5 19 5 0
5 19 6 4463
5 19 7 7606
5 19 8 7606
5 19 9 8416
5 19 10 6110
5 19 11 7778
5 19 12 7373
5 19 13 5846
5 19 14 5471
5 19 15 5627
5 19 16 5059
5 19 17 6599
5 19 18 5072
5 19 19 0
6 0 0 0
6 0 1 6614
6 0 2 5718
6 0 3 8192
6 0 4 7329
6 0 5 7672
6 0 6 0
6 0 7 3629
6 0 8 6965
6 0 9 7270
6 0 10 2777
6 0 11 5178
6 0 12 7133
6 0 13 6011
6 0 14 7075
6 0 15 3010
6 0 16 5281
6 0 17 3538
6 0 18 4891
6 0 19 5724
6 1 0 3970
6 1 1 0
6 1 2 3861
6 1 3 1683
6 1 4 3308
6 1 5 5807
6 1 6 0
6 1 7 6744
6 1 8 8029
6 1 9 5224
6 1 10 6270
6 1 11 5226
6 1 12 5302
6 1 13 8054
6 1 14 7913
6 1 15 4602
6 1 16 9301
6 1 17 9163
6 1 18 8279
6 1 19 6804
6 2 0 8088
6 2 1 8546
6 2 2 0
6 2 3 8699
6 2 4 8072
6 2 5 7014
6 2 6 0
6 2 7 2381
6 2 8 5143
6 2 9 3044
6 2 10 2268
6 2 11 6078
6 2 12 5047
6 2 13 3493
6 2 14 5861
6 2 15 1769
6 2 16 1492
6 2 17 4115
6 2 18 3453
6 2 19 4721
6 3 0 5233
6 3 1 7297
6 3 2 4849
6 3 3 0
6 3 4 4662
6 3 5 3528
6 3 6 0
6 3 7 2618
6 3 8 7166
6 3 9 3308
6 3 10 4856
6 3 11 6382
6 3 12 6705
6 3 13 3739
6 3 14 2360
6 3 15 4955
6 3 16 6379
6 3 17 2651
6 3 18 4519
6 3 19 3576
6 4 0 4912
6 4 1 1389
6 4 2 1098
6 4 3 2333
6 4 4 0
6 4 5 5254
6 4 6 0
6 4 7 1547
6 4 8 3204
6 4 9 4944
6 4 10 1670
6 4 11 3745
6 4 12 2333
6 4 13 3574
6 4 14 2108
6 4 15 3758
6 4 16 4798
6 4 17 4488
6 4 18 4313
6 4 19 3602
6 5 0 6871
6 5 1 5112
6 5 2 7615
6 5 3 7689
6 5 4 5587
6 5 5 0
6 5 6 0
6 5 7 538
6 5 8 523
6 5 9 4930
6 5 10 4357
6 5 11 1572
6 5 12 695
6 5 13 2033
6 5 14 399
6 5 15 4391
6 5 16 2004
6 5 17 4045
6 5 18 468
6 5 19 4462
6 6 0 0
6 6 1 0
6 6 2 0
6 6 3 0
6 6 4 0
6 6 5 0
6 6 6 0
6 6 7 0
6 6 8 0
6 6 9 0
6 6 10 0
6 6 11 0
6 6 12 0
6 6 13 0
6 6 14 0
6 6 15 0
6 6 16 0
6 6 17 0
6 6 18 0
6 6 19 0
6 7 0 5257
6 7 1 6418
6 7 2 5242
6 7 3 4322
6 7 4 4875
6 7 5 4277
6 7 6 0
6 7 7 0
6 7 8 6335
6 7 9 6568
6 7 10 4896
6 7 11 7802
6 7 12 4523
6 7 13 8154
6 7 14 3928
6 7 15 3637
6 7 16 6777
6 7 17 6728
6 7 18 4443
6 7 19 3782
6 8 0 5178
6 8 1 4288
6 8 2 4589
6 8 3 5455
6 8 4 3117
6 8 5 847
6 8 6 0
6 8 7 4690
6 8 8 0
6 8 9 4914
6 8 10 7019
6 8 11 6019
6 8 12 7351
6 8 13 8178
6 8 14 5922
6 8 15 6232
6 8 16 8804
6 8 17 5282
6 8 18 5230
6 8 19 9451
6 9 0 6188
6 9 1 2188
6 9 2 3195
6 9 3 2302
6 9 4 5562
6 9 5 5959
6 9 6 0
6 9 7 8352
6 9 8 7912
6 9 9 0
6 9 10 7481
6 9 11 6045
6 9 12 6128
6 9 13 6583
6 9 14 8049
6 9 15 7709
6 9 16 4382
6 9 17 6591
6 9 18 3975
6 9 19 7254
6 10 0 4377
6 10 1 5916
6 10 2 5101
6 10 3 6532
6 10 4 4970
6 10 5 8068
6 10 6 0
6 10 7 2454
6 10 8 2579
6 10 9 1659
6 10 10 0
6 10 11 4270
6 10 12 2439
6 10 13 1115
6 10 14 3944
6 10 15 2229
6 10 16 2932
6 10 17 707
6 10 18 4842
6 10 19 874
6 11 0 3762
6 11 1 1856
6 11 2 5895
6 11 3 5042
6 11 4 4029
6 11 5 2267
6 11 6 0
6 11 7 3325
6 11 8 4014
6 11 9 3418
6 11 10 4055
6 11 11 0
6 11 12 2645
6 11 13 2451
6 11 14 1474
6 11 15 2359
6 11 16 3360
6 11 17 4900
6 11 18 4003
6 11 19 834
6 12 0 5476
6 12 1 1691
6 12 2 4623
6 12 3 5124
6 12 4 2376
6 12 5 1149
6 12 6 0
6 12 7 3997
6 12 8 3953
6 12 9 5255
6 12 10 1652
6 12 11 6008
6 12 12 0
6 12 13 4963
6 12 14 4463
6 12 15 2791
6 12 16 4007
6 12 17 4887
6 12 18 5798
6 12 19 5727
6 13 0 7188
6 13 1 7277
6 13 2 5903
6 13 3 4992
6 13 4 6451
6 13 5 5321
6 13 6 0
6 13 7 7287
6 13 8 6175
6 13 9 5338
6 13 10 8447
6 13 11 8485
6 13 12 6130
6 13 13 0
6 13 14 6498
6 13 15 7708
6 13 16 6816
6 13 17 4760
6 13 18 7621
6 13 19 6483
6 14 0 5967
6 14 1 4851
6 14 2 5986
6 14 3 1328
6 14 4 2700
6 14 5 1402
6 14 6 0
6 14 7 7358
6 14 8 3053
6 14 9 3234
6 14 10 3412
6 14 11 7350
6 14 12 2714
6 14 13 2460
6 14 14 0
6 14 15 3248
6 14 16 5487
6 14 17 4230
6 14 18 6432
6 14 19 7295
6 15 0 3932
6 15 1 3570
6 15 2 3924
6 15 3 5953
6 15 4 6380
6 15 5 7424
6 15 6 0
6 15 7 5776
6 15 8 6206
6 15 9 8061
6 15 10 8440
6 15 11 4150
6 15 12 4132
6 15 13 7461
6 15 14 6181
6 15 15 0
6 15 16 8742
6 15 17 6156
6 15 18 5548
6 15 19 5250
6 16 0 4114
6 16 1 6180
6 16 2 1558
6 16 3 5288
6 16 4 5331
6 16 5 2948
6 16 6 0
6 16 7 6769
6 16 8 6774
6 16 9 6250
6 16 10 2407
6 16 11 2871
6 16 12 4195
6 16 13 3742
6 16 14 4263
6 16 15 6092
6 16 16 0
6 16 17 6048
6 16 18 5452
6 16 19 6229
6 17 0 3214
6 17 1 6885
6 17 2 5024
6 17 3 2403
6 17 4 5864
6 17 5 5832
6 17 6 0
6 17 7 5324
6 17 8 3667
6 17 9 2706
6 17 10 1768
6 17 11 2068
6 17 12 907
6 17 13 4758
6 17 14 1276
6 17 15 4402
6 17 16 1104
6 17 17 0
6 17 18 4041
6 17 19 3008
6 18 0 6390
6 18 1 7824
6 18 2 6185
6 18 3 6094
6 18 4 7512
6 18 5 4078
6 18 6 0
6 18 7 509
6 18 8 5256
6 18 9 5093
6 18 10 2145
6 18 11 4425
6 18 12 4673
6 18 13 1715
6 18 14 4233
6 18 15 4536
6 18 16 940
6 18 17 483
6 18 18 0
6 18 19 1649
6 19 0 3614
6 19 1 2740
6 19 2 3844
6 19 3 1542
6 19 4 3192
6 19 5 4463
6 19 6 0
6 19 7 6370
6 19 8 6370
6 19 9 7180
6 19 10 4874
6 19 11 6542
6 19 12 6137
6 19 13 4610
6 19 14 4235
6 19 15 4391
6 19 16 3823
6 19 17 5363
6 19 18 3836
6 19 19 0
7 0 0 0
7 0 1 2967
7 0 2 2071
7 0 3 4545
7 0 4 3682
7 0 5 4025
7 0 6 3629
7 0 7 0
7 0 8 6411
7 0 9 6716
7 0 10 2223
7 0 11 4624
7 0 12 6579
7 0 13 5457
7 0 14 6521
7 0 15 2456
7 0 16 4727
7 0 17 2984
7 0 18 4337
7 0 19 5170
7 1 0 5236
7 1 1 0
7 1 2 5127
7 1 3 2949
7 1 4 4574
7 1 5 7073
7 1 6 6744
7 1 7 0
7 1 8 5260
7 1 9 2455
7 1 10 3501
7 1 11 2457
7 1 12 2533
7 1 13 5285
7 1 14 5144
7 1 15 1833
7 1 16 6532
7 1 17 6394
7 1 18 5510
7 1 19 4035
7 2 0 4874
7 2 1 5332
7 2 2 0
7 2 3 5485
7 2 4 4858
7 2 5 3800
7 2 6 2381
7 2 7 0
7 2 8 6841
7 2 9 4742
7 2 10 3966
7 2 11 7776
7 2 12 6745
7 2 13 5191
7 2 14 7559
7 2 15 3467
7 2 16 3190
7 2 17 5813
7 2 18 5151
7 2 19 6419
7 3 0 3051
7 3 1 5115
7 3 2 2667
7 3 3 0
7 3 4 2480
7 3 5 1346
7 3 6 2618
7 3 7 0
7 3 8 9583
7 3 9 5725
7 3 10 7273
7 3 11 8799
7 3 12 9122
7 3 13 6156
7 3 14 4777
7 3 15 7372
7 3 16 8796
7 3 17 5068
7 3 18 6936
7 3 19 5993
7 4 0 5253
7 4 1 1730
7 4 2 1439
7 4 3 2674
7 4 4 0
7 4 5 5595
7 4 6 1547
7 4 7 0
7 4 8 4101
7 4 9 5841
7 4 10 2567
7 4 11 4642
7 4 12 3230
7 4 13 4471
7 4 14 3005
7 4 15 4655
7 4 16 5695
7 4 17 5385
7 4 18 5210
7 4 19 4499
7 5 0 3668
7 5 1 1909
7 5 2 4412
7 5 3 4486
7 5 4 2384
7 5 5 0
7 5 6 538
7 5 7 0
7 5 8 1211
7 5 9 5618
7 5 10 5045
7 5 11 2260
7 5 12 1383
7 5 13 2721
7 5 14 1087
7 5 15 5079
7 5 16 2692
7 5 17 4733
7 5 18 1156
7 5 19 5150
7 6 0 8078
7 6 1 4326
7 6 2 7630
7 6 3 5678
7 6 4 3708
7 6 5 6654
7 6 6 0
7 6 7 0
7 6 8 8686
7 6 9 7518
7 6 10 4253
7 6 11 4568
7 6 12 5011
7 6 13 8663
7 6 14 6384
7 6 15 7884
7 6 16 5813
7 6 17 4761
7 6 18 4446
7 6 19 6965
7 7 0 0
7 7 1 0
7 7 2 0
7 7 3 0
7 7 4 0
7 7 5 0
7 7 6 0
7 7 7 0
7 7 8 0
7 7 9 0
7 7 10 0
7 7 11 0
7 7 12 0
7 7 13 0
7 7 14 0
7 7 15 0
7 7 16 0
7 7 17 0
7 7 18 0
7 7 19 0
7 8 0 4597
7 8 1 3707
7 8 2 4008
7 8 3 4874
7 8 4 2536
7 8 5 266
7 8 6 4690
7 8 7 0
7 8 8 0
7 8 9 3389
7 8 10 5494
7 8 11 4494
7 8 12 5826
7 8 13 6653
7 8 14 4397
7 8 15 4707
7 8 16 7279
7 8 17 3757
7 8 18 3705
7 8 19 7926
7 9 0 9732
7 9 1 5732
7 9 2 6739
7 9 3 5846
7 9 4 9106
7 9 5 9503
7 9 6 8352
7 9 7 0
7 9 8 7788
7 9 9 0
7 9 10 7357
7 9 11 5921
7 9 12 6004
7 9 13 6459
7 9 14 7925
7 9 15 7585
7 9 16 4258
7 9 17 6467
7 9 18 3851
7 9 19 7130
7 10 0 2606
7 10 1 4145
7 10 2 3330
7 10 3 4761
7 10 4 3199
7 10 5 6297
7 10 6 2454
7 10 7 0
7 10 8 4048
7 10 9 3128
7 10 10 0
7 10 11 5739
7 10 12 3908
7 10 13 2584
7 10 14 5413
7 10 15 3698
7 10 16 4401
7 10 17 2176
7 10 18 6311
7 10 19 2343
7 11 0 5563
7 11 1 3657
7 11 2 7696
7 11 3 6843
7 11 4 5830
7 11 5 4068
7 11 6 3325
7 11 7 0
7 11 8 8074
7 11 9 7478
7 11 10 8115
7 11 11 0
7 11 12 6705
7 11 13 6511
7 11 14 5534
7 11 15 6419
7 11 16 7420
7 11 17 8960
7 11 18 8063
7 11 19 4894
7 12 0 7747
7 12 1 3962
7 12 2 6894
7 12 3 7395
7 12 4 4647
7 12 5 3420
7 12 6 3997
7 12 7 0
7 12 8 4291
7 12 9 5593
7 12 10 1990
7 12 11 6346
7 12 12 0
7 12 13 5301
7 12 14 4801
7 12 15 3129
7 12 16 4345
7 12 17 5225
7 12 18 6136
7 12 19 6065
7 13 0 6263
7 13 1 6352
7 13 2 4978
7 13 3 4067
7 13 4 5526
7 13 5 4396
7 13 6 7287
7 13 7 0
7 13 8 6492
7 13 9 5655
7 13 10 8764
7 13 11 8802
7 13 12 6447
7 13 13 0
7 13 14 6815
7 13 15 8025
7 13 16 7133
7 13 17 5077
7 13 18 7938
7 13 19 6800
7 14 0 9677
7 14 1 8561
7 14 2 9696
7 14 3 5038
7 14 4 6410
7 14 5 5112
7 14 6 7358
7 14 7 0
7 14 8 1423
7 14 9 1604
7 14 10 1782
7 14 11 5720
7 14 12 1084
7 14 13 830
7 14 14 0
7 14 15 1618
7 14 16 3857
7 14 17 2600
7 14 18 4802
7 14 19 5665
7 15 0 2530
7 15 1 2168
7 15 2 2522
7 15 3 4551
7 15 4 4978
7 15 5 6022
7 15 6 5776
7 15 7 0
7 15 8 2785
7 15 9 4640
7 15 10 5019
7 15 11 729
7 15 12 711
7 15 13 4040
7 15 14 2760
7 15 15 0
7 15 16 5321
7 15 17 2735
7 15 18 2127
7 15 19 1829
7 16 0 7865
7 16 1 9931
7 16 2 5309
7 16 3 9039
7 16 4 9082
7 16 5 6699
7 16 6 6769
7 16 7 0
7 16 8 8564
7 16 9 8040
7 16 10 4197
7 16 11 4661
7 16 12 5985
7 16 13 5532
7 16 14 6053
7 16 15 7882
7 16 16 0
7 16 17 7838
7 16 18 7242
7 16 19 8019
7 17 0 5729
7 17 1 9400
7 17 2 7539
7 17 3 4918
7 17 4 8379
7 17 5 8347
7 17 6 5324
7 17 7 0
7 17 8 6460
7 17 9 5499
7 17 10 4561
7 17 11 4861
7 17 12 3700
7 17 13 7551
7 17 14 4069
7 17 15 7195
7 17 16 3897
7 17 17 0
7 17 18 6834
7 17 19 5801
7 18 0 2582
7 18 1 4016
7 18 2 2377
7 18 3 2286
7 18 4 3704
7 18 5 270
7 18 6 509
7 18 7 0
7 18 8 6079
7 18 9 5916
7 18 10 2968
7 18 11 5248
7 18 12 5496
7 18 13 2538
7 18 14 5056
7 18 15 5359
7 18 16 1763
7 18 17 1306
7 18 18 0
7 18 19 2472
7 19 0 6757
7 19 1 5883
7 19 2 6987
7 19 3 4685
7 19 4 6335
7 19 5 7606
7 19 6 6370
7 19 7 0
7 19 8 4013
7 19 9 4823
7 19 10 2517
7 19 11 4185
7 19 12 3780
7 19 13 2253
7 19 14 1878
7 19 15 2034
7 19 16 1466
7 19 17 3006
7 19 18 1479
7 19 19 0
8 0 0 0
8 0 1 6303
8 0 2 5407
8 0 3 7881
8 0 4 7018
8 0 5 7361
8 0 6 6965
8 0 7 6411
8 0 8 0
8 0 9 8228
8 0 10 3735
8 0 11 6136
8 0 12 8091
8 0 13 6969
8 0 14 8033
8 0 15 3968
8 0 16 6239
8 0 17 4496
8 0 18 5849
8 0 19 6682
8 1 0 6521
8 1 1 0
8 1 2 6412
8 1 3 4234
8 1 4 5859
8 1 5 8358
8 1 6 8029
8 1 7 5260
8 1 8 0
8 1 9 1523
8 1 10 2569
8 1 11 1525
8 1 12 1601
8 1 13 4353
8 1 14 4212
8 1 15 901
8 1 16 5600
8 1 17 5462
8 1 18 4578
8 1 19 3103
8 2 0 7636
8 2 1 8094
8 2 2 0
8 2 3 8247
8 2 4 7620
8 2 5 6562
8 2 6 5143
8 2 7 6841
8 2 8 0
8 2 9 4617
8 2 10 3841
8 2 11 7651
8 2 12 6620
8 2 13 5066
8 2 14 7434
8 2 15 3342
8 2 16 3065
8 2 17 5688
8 2 18 5026
8 2 19 6294
8 3 0 7599
8 3 1 9663
8 3 2 7215
8 3 3 0
8 3 4 7028
8 3 5 5894
8 3 6 7166
8 3 7 9583
8 3 8 0
8 3 9 1711
8 3 10 3259
8 3 11 4785
8 3 12 5108
8 3 13 2142
8 3 14 763
8 3 15 3358
8 3 16 4782
8 3 17 1054
8 3 18 2922
8 3 19 1979
8 4 0 6910
8 4 1 3387
8 4 2 3096
8 4 3 4331
8 4 4 0
8 4 5 7252
8 4 6 3204
8 4 7 4101
8 4 8 0
8 4 9 4714
8 4 10 1440
8 4 11 3515
8 4 12 2103
8 4 13 3344
8 4 14 1878
8 4 15 3528
8 4 16 4568
8 4 17 4258
8 4 18 4083
8 4 19 3372
8 5 0 3653
8 5 1 1894
8 5 2 4397
8 5 3 4471
8 5 4 2369
8 5 5 0
8 5 6 523
8 5 7 1211
8 5 8 0
8 5 9 6620
8 5 10 6047
8 5 11 3262
8 5 12 2385
8 5 13 3723
8 5 14 2089
8 5 15 6081
8 5 16 3694
8 5 17 5735
8 5 18 2158
8 5 19 6152
8 6 0 9592
8 6 1 5840
8 6 2 9144
8 6 3 7192
8 6 4 5222
8 6 5 8168
8 6 6 0
8 6 7 8686
8 6 8 0
8 6 9 4103
8 6 10 838
8 6 11 1153
8 6 12 1596
8 6 13 5248
8 6 14 2969
8 6 15 4469
8 6 16 2398
8 6 17 1346
8 6 18 1031
8 6 19 3550
8 7 0 4420
8 7 1 5581
8 7 2 4405
8 7 3 3485
8 7 4 4038
8 7 5 3440
8 7 6 6335
8 7 7 0
8 7 8 0
8 7 9 3398
8 7 10 1726
8 7 11 4632
8 7 12 1353
8 7 13 4984
8 7 14 758
8 7 15 467
8 7 16 3607
8 7 17 3558
8 7 18 1273
8 7 19 612
8 8 0 0
8 8 1 0
8 8 2 0
8 8 3 0
8 8 4 0
8 8 5 0
8 8 6 0
8 8 7 0
8 8 8 0
8 8 9 0
8 8 10 0
8 8 11 0
8 8 12 0
8 8 13 0
8 8 14 0
8 8 15 0
8 8 16 0
8 8 17 0
8 8 18 0
8 8 19 0
8 9 0 9292
8 9 1 5292
8 9 2 6299
8 9 3 5406
8 9 4 8666
8 9 5 9063
8 9 6 7912
8 9 7 7788
8 9 8 0
8 9 9 0
8 9 10 4189
8 9 11 2753
8 9 12 2836
8 9 13 3291
8 9 14 4757
8 9 15 4417
8 9 16 1090
8 9 17 3299
8 9 18 683
8 9 19 3962
8 10 0 2731
8 10 1 4270
8 10 2 3455
8 10 3 4886
8 10 4 3324
8 10 5 6422
8 10 6 2579
8 10 7 4048
8 10 8 0
8 10 9 3737
8 10 10 0
8 10 11 6348
8 10 12 4517
8 10 13 3193
8 10 14 6022
8 10 15 4307
8 10 16 5010
8 10 17 2785
8 10 18 6920
8 10 19 2952
8 11 0 6252
8 11 1 4346
8 11 2 8385
8 11 3 7532
8 11 4 6519
8 11 5 4757
8 11 6 4014
8 11 7 8074
8 11 8 0
8 11 9 4181
8 11 10 4818
8 11 11 0
8 11 12 3408
8 11 13 3214
8 11 14 2237
8 11 15 3122
8 11 16 4123
8 11 17 5663
8 11 18 4766
8 11 19 1597
8 12 0 7703
8 12 1 3918
8 12 2 6850
8 12 3 7351
8 12 4 4603
8 12 5 3376
8 12 6 3953
8 12 7 4291
8 12 8 0
8 12 9 6907
8 12 10 3304
8 12 11 7660
8 12 12 0
8 12 13 6615
8 12 14 6115
8 12 15 4443
8 12 16 5659
8 12 17 6539
8 12 18 7450
8 12 19 7379
8 13 0 5151
8 13 1 5240
8 13 2 3866
8 13 3 2955
8 13 4 4414
8 13 5 3284
8 13 6 6175
8 13 7 6492
8 13 8 0
8 13 9 4165
8 13 10 7274
8 13 11 7312
8 13 12 4957
8 13 13 0
8 13 14 5325
8 13 15 6535
8 13 16 5643
8 13 17 3587
8 13 18 6448
8 13 19 5310
8 14 0 5372
8 14 1 4256
8 14 2 5391
8 14 3 733
8 14 4 2105
8 14 5 807
8 14 6 3053
8 14 7 1423
8 14 8 0
8 14 9 2084
8 14 10 2262
8 14 11 6200
8 14 12 1564
8 14 13 1310
8 14 14 0
8 14 15 2098
8 14 16 4337
8 14 17 3080
8 14 18 5282
8 14 19 6145
8 15 0 2960
8 15 1 2598
8 15 2 2952
8 15 3 4981
8 15 4 5408
8 15 5 6452
8 15 6 6206
8 15 7 2785
8 15 8 0
8 15 9 5721
8 15 10 6100
8 15 11 1810
8 15 12 1792
8 15 13 5121
8 15 14 3841
8 15 15 0
8 15 16 6402
8 15 17 3816
8 15 18 3208
8 15 19 2910
8 16 0 7870
8 16 1 9936
8 16 2 5314
8 16 3 9044
8 16 4 9087
8 16 5 6704
8 16 6 6774
8 16 7 8564
8 16 8 0
8 16 9 8553
8 16 10 4710
8 16 11 5174
8 16 12 6498
8 16 13 6045
8 16 14 6566
8 16 15 8395
8 16 16 0
8 16 17 8351
8 16 18 7755
8 16 19 8532
8 17 0 4072
8 17 1 7743
8 17 2 5882
8 17 3 3261
8 17 4 6722
8 17 5 6690
8 17 6 3667
8 17 7 6460
8 17 8 0
8 17 9 2539
8 17 10 1601
8 17 11 1901
8 17 12 740
8 17 13 4591
8 17 14 1109
8 17 15 4235
8 17 16 937
8 17 17 0
8 17 18 3874
8 17 19 2841
8 18 0 7329
8 18 1 8763
8 18 2 7124
8 18 3 7033
8 18 4 8451
8 18 5 5017
8 18 6 5256
8 18 7 6079
8 18 8 0
8 18 9 5189
8 18 10 2241
8 18 11 4521
8 18 12 4769
8 18 13 1811
8 18 14 4329
8 18 15 4632
8 18 16 1036
8 18 17 579
8 18 18 0
8 18 19 1745
8 19 0 6757
8 19 1 5883
8 19 2 6987
8 19 3 4685
8 19 4 6335
8 19 5 7606
8 19 6 6370
8 19 7 4013
8 19 8 0
8 19 9 8978
8 19 10 6672
8 19 11 8340
8 19 12 7935
8 19 13 6408
8 19 14 6033
8 19 15 6189
8 19 16 5621
8 19 17 7161
8 19 18 5634
8 19 19 0
9 0 0 0
9 0 1 6608
9 0 2 5712
9 0 3 8186
9 0 4 7323
9 0 5 7666
9 0 6 7270
9 0 7 6716
9 0 8 8228
9 0 9 0
9 0 10 3243
9 0 11 5644
9 0 12 7599
9 0 13 6477
9 0 14 7541
9 0 15 3476
9 0 16 5747
9 0 17 4004
9 0 18 5357
9 0 19 6190
9 1 0 3716
9 1 1 0
9 1 2 3607
9 1 3 1429
9 1 4 3054
9 1 5 5553
9 1 6 5224
9 1 7 2455
9 1 8 1523
9 1 9 0
9 1 10 3460
9 1 11 2416
9 1 12 2492
9 1 13 5244
9 1 14 5103
9 1 15 1792
9 1 16 6491
9 1 17 6353
9 1 18 5469
9 1 19 3994
9 2 0 5537
9 2 1 5995
9 2 2 0
9 2 3 6148
9 2 4 5521
9 2 5 4463
9 2 6 3044
9 2 7 4742
9 2 8 4617
9 2 9 0
9 2 10 2751
9 2 11 6561
9 2 12 5530
9 2 13 3976
9 2 14 6344
9 2 15 2252
9 2 16 1975
9 2 17 4598
9 2 18 3936
9 2 19 5204
9 3 0 3741
9 3 1 5805
9 3 2 3357
9 3 3 0
9 3 4 3170
9 3 5 2036
9 3 6 3308
9 3 7 5725
9 3 8 1711
9 3 9 0
9 3 10 6988
9 3 11 8514
9 3 12 8837
9 3 13 5871
9 3 14 4492
9 3 15 7087
9 3 16 8511
9 3 17 4783
9 3 18 6651
9 3 19 5708
9 4 0 8650
9 4 1 5127
9 4 2 4836
9 4 3 6071
9 4 4 0
9 4 5 8992
9 4 6 4944
9 4 7 5841
9 4 8 4714
9 4 9 0
9 4 10 4174
9 4 11 6249
9 4 12 4837
9 4 13 6078
9 4 14 4612
9 4 15 6262
9 4 16 7302
9 4 17 6992
9 4 18 6817
9 4 19 6106
9 5 0 8060
9 5 1 6301
9 5 2 8804
9 5 3 8878
9 5 4 6776
9 5 5 0
9 5 6 4930
9 5 7 5618
9 5 8 6620
9 5 9 0
9 5 10 5015
9 5 11 2230
9 5 12 1353
9 5 13 2691
9 5 14 1057
9 5 15 5049
9 5 16 2662
9 5 17 4703
9 5 18 1126
9 5 19 5120
9 6 0 8424
9 6 1 4672
9 6 2 7976
9 6 3 6024
9 6 4 4054
9 6 5 7000
9 6 6 0
9 6 7 7518
9 6 8 4103
9 6 9 0
9 6 10 1543
9 6 11 1858
9 6 12 2301
9 6 13 5953
9 6 14 3674
9 6 15 5174
9 6 16 3103
9 6 17 2051
9 6 18 1736
9 6 19 4255
9 7 0 4653
9 7 1 5814
9 7 2 4638
9 7 3 3718
9 7 4 4271
9 7 5 3673
9 7 6 6568
9 7 7 0
9 7 8 3398
9 7 9 0
9 7 10 6556
9 7 11 9462
9 7 12 6183
9 7 13 9814
9 7 14 5588
9 7 15 5297
9 7 16 8437
9 7 17 8388
9 7 18 6103
9 7 19 5442
9 8 0 4821
9 8 1 3931
9 8 2 4232
9 8 3 5098
9 8 4 2760
9 8 5 490
9 8 6 4914
9 8 7 3389
9 8 8 0
9 8 9 0
9 8 10 6725
9 8 11 5725
9 8 12 7057
9 8 13 7884
9 8 14 5628
9 8 15 5938
9 8 16 8510
9 8 17 4988
9 8 18 4936
9 8 19 9157
9 9 0 0
9 9 1 0
9 9 2 0
9 9 3 0
9 9 4 0
9 9 5 0
9 9 6 0
9 9 7 0
9 9 8 0
9 9 9 0
9 9 10 0
9 9 11 0
9 9 12 0
9 9 13 0
9 9 14 0
9 9 15 0
9 9 16 0
9 9 17 0
9 9 18 0
9 9 19 0
9 10 0 1811
9 10 1 3350
9 10 2 2535
9 10 3 3966
9 10 4 2404
9 10 5 5502
9 10 6 1659
9 10 7 3128
9 10 8 3737
9 10 9 0
9 10 10 0
9 10 11 7978
9 10 12 6147
9 10 13 4823
9 10 14 7652
9 10 15 5937
9 10 16 6640
9 10 17 4415
9 10 18 8550
9 10 19 4582
9 11 0 5656
9 11 1 3750
9 11 2 7789
9 11 3 6936
9 11 4 5923
9 11 5 4161
9 11 6 3418
9 11 7 7478
9 11 8 4181
9 11 9 0
9 11 10 6012
9 11 11 0
9 11 12 4602
9 11 13 4408
9 11 14 3431
9 11 15 4316
9 11 16 5317
9 11 17 6857
9 11 18 5960
9 11 19 2791
9 12 0 9005
9 12 1 5220
9 12 2 8152
9 12 3 8653
9 12 4 5905
9 12 5 4678
9 12 6 5255
9 12 7 5593
9 12 8 6907
9 12 9 0
9 12 10 3249
9 12 11 7605
9 12 12 0
9 12 13 6560
9 12 14 6060
9 12 15 4388
9 12 16 5604
9 12 17 6484
9 12 18 7395
9 12 19 7324
9 13 0 4314
9 13 1 4403
9 13 2 3029
9 13 3 2118
9 13 4 3577
9 13 5 2447
9 13 6 5338
9 13 7 5655
9 13 8 4165
9 13 9 0
9 13 10 6847
9 13 11 6885
9 13 12 4530
9 13 13 0
9 13 14 4898
9 13 15 6108
9 13 16 5216
9 13 17 3160
9 13 18 6021
9 13 19 4883
9 14 0 5553
9 14 1 4437
9 14 2 5572
9 14 3 914
9 14 4 2286
9 14 5 988
9 14 6 3234
9 14 7 1604
9 14 8 2084
9 14 9 0
9 14 10 5557
9 14 11 9495
9 14 12 4859
9 14 13 4605
9 14 14 0
9 14 15 5393
9 14 16 7632
9 14 17 6375
9 14 18 8577
9 14 19 9440
9 15 0 4815
9 15 1 4453
9 15 2 4807
9 15 3 6836
9 15 4 7263
9 15 5 8307
9 15 6 8061
9 15 7 4640
9 15 8 5721
9 15 9 0
9 15 10 8745
9 15 11 4455
9 15 12 4437
9 15 13 7766
9 15 14 6486
9 15 15 0
9 15 16 9047
9 15 17 6461
9 15 18 5853
9 15 19 5555
9 16 0 7346
9 16 1 9412
9 16 2 4790
9 16 3 8520
9 16 4 8563
9 16 5 6180
9 16 6 6250
9 16 7 8040
9 16 8 8553
9 16 9 0
9 16 10 1456
9 16 11 1920
9 16 12 3244
9 16 13 2791
9 16 14 3312
9 16 15 5141
9 16 16 0
9 16 17 5097
9 16 18 4501
9 16 19 5278
9 17 0 3111
9 17 1 6782
9 17 2 4921
9 17 3 2300
9 17 4 5761
9 17 5 5729
9 17 6 2706
9 17 7 5499
9 17 8 2539
9 17 9 0
9 17 10 4078
9 17 11 4378
9 17 12 3217
9 17 13 7068
9 17 14 3586
9 17 15 6712
9 17 16 3414
9 17 17 0
9 17 18 6351
9 17 19 5318
9 18 0 7166
9 18 1 8600
9 18 2 6961
9 18 3 6870
9 18 4 8288
9 18 5 4854
9 18 6 5093
9 18 7 5916
9 18 8 5189
9 18 9 0
9 18 10 2154
9 18 11 4434
9 18 12 4682
9 18 13 1724
9 18 14 4242
9 18 15 4545
9 18 16 949
9 18 17 492
9 18 18 0
9 18 19 1658
9 19 0 7567
9 19 1 6693
9 19 2 7797
9 19 3 5495
9 19 4 7145
9 19 5 8416
9 19 6 7180
9 19 7 4823
9 19 8 8978
9 19 9 0
9 19 10 5643
9 19 11 7311
9 19 12 6906
9 19 13 5379
9 19 14 5004
9 19 15 5160
9 19 16 4592
9 19 17 6132
9 19 18 4605
9 19 19 0
10 0 0 0
10 0 1 2115
10 0 2 1219
10 0 3 3693
10 0 4 2830
10 0 5 3173
10 0 6 2777
10 0 7 2223
10 0 8 3735
10 0 9 3243
10 0 10 0
10 0 11 5090
10 0 12 7045
10 0 13 5923
10 0 14 6987
10 0 15 2922
10 0 16 5193
10 0 17 3450
10 0 18 4803
10 0 19 5636
10 1 0 4762
10 1 1 0
10 1 2 4653
10 1 3 2475
10 1 4 4100
10 1 5 6599
10 1 6 6270
10 1 7 3501
10 1 8 2569
10 1 9 3460
10 1 10 0
10 1 11 1533
10 1 12 1609
10 1 13 4361
10 1 14 4220
10 1 15 909
10 1 16 5608
10 1 17 5470
10 1 18 4586
10 1 19 3111
10 2 0 4761
10 2 1 5219
10 2 2 0
10 2 3 5372
10 2 4 4745
10 2 5 3687
10 2 6 2268
10 2 7 3966
10 2 8 3841
10 2 9 2751
10 2 10 0
10 2 11 6139
10 2 12 5108
10 2 13 3554
10 2 14 5922
10 2 15 1830
10 2 16 1553
10 2 17 4176
10 2 18 3514
10 2 19 4782
10 3 0 5289
10 3 1 7353
10 3 2 4905
10 3 3 0
10 3 4 4718
10 3 5 3584
10 3 6 4856
10 3 7 7273
10 3 8 3259
10 3 9 6988
10 3 10 0
10 3 11 7456
10 3 12 7779
10 3 13 4813
10 3 14 3434
10 3 15 6029
10 3 16 7453
10 3 17 3725
10 3 18 5593
10 3 19 4650
10 4 0 5376
10 4 1 1853
10 4 2 1562
10 4 3 2797
10 4 4 0
10 4 5 5718
10 4 6 1670
10 4 7 2567
10 4 8 1440
10 4 9 4174
10 4 10 0
10 4 11 7201
10 4 12 5789
10 4 13 7030
10 4 14 5564
10 4 15 7214
10 4 16 8254
10 4 17 7944
10 4 18 7769
10 4 19 7058
10 5 0 7487
10 5 1 5728
10 5 2 8231
10 5 3 8305
10 5 4 6203
10 5 5 0
10 5 6 4357
10 5 7 5045
10 5 8 6047
10 5 9 5015
10 5 10 0
10 5 11 5206
10 5 12 4329
10 5 13 5667
10 5 14 4033
10 5 15 8025
10 5 16 5638
10 5 17 7679
10 5 18 4102
10 5 19 8096
10 6 0 5159
10 6 1 1407
10 6 2 4711
10 6 3 2759
10 6 4 789
10 6 5 3735
10 6 6 0
10 6 7 4253
10 6 8 838
10 6 9 1543
10 6 10 0
10 6 11 4540
10 6 12 4983
10 6 13 8635
10 6 14 6356
10 6 15 7856
10 6 16 5785
10 6 17 4733
10 6 18 4418
10 6 19 6937
10 7 0 2981
10 7 1 4142
10 7 2 2966
10 7 3 2046
10 7 4 2599
10 7 5 2001
10 7 6 4896
10 7 7 0
10 7 8 1726
10 7 9 6556
10 7 10 0
10 7 11 6829
10 7 12 3550
10 7 13 7181
10 7 14 2955
10 7 15 2664
10 7 16 5804
10 7 17 5755
10 7 18 3470
10 7 19 2809
10 8 0 6926
10 8 1 6036
10 8 2 6337
10 8 3 7203
10 8 4 4865
10 8 5 2595
10 8 6 7019
10 8 7 5494
10 8 8 0
10 8 9 6725
10 8 10 0
10 8 11 3657
10 8 12 4989
10 8 13 5816
10 8 14 3560
10 8 15 3870
10 8 16 6442
10 8 17 2920
10 8 18 2868
10 8 19 7089
10 9 0 8861
10 9 1 4861
10 9 2 5868
10 9 3 4975
10 9 4 8235
10 9 5 8632
10 9 6 7481
10 9 7 7357
10 9 8 4189
10 9 9 0
10 9 10 0
10 9 11 3931
10 9 12 4014
10 9 13 4469
10 9 14 5935
10 9 15 5595
10 9 16 2268
10 9 17 4477
10 9 18 1861
10 9 19 5140
10 10 0 0
10 10 1 0
10 10 2 0
10 10 3 0
10 10 4 0
10 10 5 0
10 10 6 0
10 10 7 0
10 10 8 0
10 10 9 0
10 10 10 0
10 10 11 0
10 10 12 0
10 10 13 0
10 10 14 0
10 10 15 0
10 10 16 0
10 10 17 0
10 10 18 0
10 10 19 0
10 11 0 6293
10 11 1 4387
10 11 2 8426
10 11 3 7573
10 11 4 6560
10 11 5 4798
10 11 6 4055
10 11 7 8115
10 11 8 4818
10 11 9 6012
10 11 10 0
10 11 11 0
10 11 12 6092
10 11 13 5898
10 11 14 4921
10 11 15 5806
10 11 16 6807
10 11 17 8347
10 11 18 7450
10 11 19 4281
10 12 0 5402
10 12 1 1617
10 12 2 4549
10 12 3 5050
10 12 4 2302
10 12 5 1075
10 12 6 1652
10 12 7 1990
10 12 8 3304
10 12 9 3249
10 12 10 0
10 12 11 7181
10 12 12 0
10 12 13 6136
10 12 14 5636
10 12 15 3964
10 12 16 5180
10 12 17 6060
10 12 18 6971
10 12 19 6900
10 13 0 7423
10 13 1 7512
10 13 2 6138
10 13 3 5227
10 13 4 6686
10 13 5 5556
10 13 6 8447
10 13 7 8764
10 13 8 7274
10 13 9 6847
10 13 10 0
10 13 11 4682
10 13 12 2327
10 13 13 0
10 13 14 2695
10 13 15 3905
10 13 16 3013
10 13 17 957
10 13 18 3818
10 13 19 2680
10 14 0 5731
10 14 1 4615
10 14 2 5750
10 14 3 1092
10 14 4 2464
10 14 5 1166
10 14 6 3412
10 14 7 1782
10 14 8 2262
10 14 9 5557
10 14 10 0
10 14 11 8655
10 14 12 4019
10 14 13 3765
10 14 14 0
10 14 15 4553
10 14 16 6792
10 14 17 5535
10 14 18 7737
10 14 19 8600
10 15 0 5194
10 15 1 4832
10 15 2 5186
10 15 3 7215
10 15 4 7642
10 15 5 8686
10 15 6 8440
10 15 7 5019
10 15 8 6100
10 15 9 8745
10 15 10 0
10 15 11 2240
10 15 12 2222
10 15 13 5551
10 15 14 4271
10 15 15 0
10 15 16 6832
10 15 17 4246
10 15 18 3638
10 15 19 3340
10 16 0 3503
10 16 1 5569
10 16 2 947
10 16 3 4677
10 16 4 4720
10 16 5 2337
10 16 6 2407
10 16 7 4197
10 16 8 4710
10 16 9 1456
10 16 10 0
10 16 11 3735
10 16 12 5059
10 16 13 4606
10 16 14 5127
10 16 15 6956
10 16 16 0
10 16 17 6912
10 16 18 6316
10 16 19 7093
10 17 0 2173
10 17 1 5844
10 17 2 3983
10 17 3 1362
10 17 4 4823
10 17 5 4791
10 17 6 1768
10 17 7 4561
10 17 8 1601
10 17 9 4078
10 17 10 0
10 17 11 1759
10 17 12 598
10 17 13 4449
10 17 14 967
10 17 15 4093
10 17 16 795
10 17 17 0
10 17 18 3732
10 17 19 2699
10 18 0 4218
10 18 1 5652
10 18 2 4013
10 18 3 3922
10 18 4 5340
10 18 5 1906
10 18 6 2145
10 18 7 2968
10 18 8 2241
10 18 9 2154
10 18 10 0
10 18 11 8566
10 18 12 8814
10 18 13 5856
10 18 14 8374
10 18 15 8677
10 18 16 5081
10 18 17 4624
10 18 18 0
10 18 19 5790
10 19 0 5261
10 19 1 4387
10 19 2 5491
10 19 3 3189
10 19 4 4839
10 19 5 6110
10 19 6 4874
10 19 7 2517
10 19 8 6672
10 19 9 5643
10 19 10 0
10 19 11 4196
10 19 12 3791
10 19 13 2264
10 19 14 1889
10 19 15 2045
10 19 16 1477
10 19 17 3017
10 19 18 1490
10 19 19 0
11 0 0 0
11 0 1 4516
11 0 2 3620
11 0 3 6094
11 0 4 5231
11 0 5 5574
11 0 6 5178
11 0 7 4624
11 0 8 6136
11 0 9 5644
11 0 10 5090
11 0 11 0
11 0 12 5000
11 0 13 3878
11 0 14 4942
11 0 15 877
11 0 16 3148
11 0 17 1405
11 0 18 2758
11 0 19 3591
11 1 0 3718
11 1 1 0
11 1 2 3609
11 1 3 1431
11 1 4 3056
11 1 5 5555
11 1 6 5226
11 1 7 2457
11 1 8 1525
11 1 9 2416
11 1 10 1533
11 1 11 0
11 1 12 4903
11 1 13 7655
11 1 14 7514
11 1 15 4203
11 1 16 8902
11 1 17 8764
11 1 18 7880
11 1 19 6405
11 2 0 8571
11 2 1 9029
11 2 2 0
11 2 3 9182
11 2 4 8555
11 2 5 7497
11 2 6 6078
11 2 7 7776
11 2 8 7651
11 2 9 6561
11 2 10 6139
11 2 11 0
11 2 12 8105
11 2 13 6551
11 2 14 8919
11 2 15 4827
11 2 16 4550
11 2 17 7173
11 2 18 6511
11 2 19 7779
11 3 0 6815
11 3 1 8879
11 3 2 6431
11 3 3 0
11 3 4 6244
11 3 5 5110
11 3 6 6382
11 3 7 8799
11 3 8 4785
11 3 9 8514
11 3 10 7456
11 3 11 0
11 3 12 4599
11 3 13 1633
11 3 14 254
11 3 15 2849
11 3 16 4273
11 3 17 545
11 3 18 2413
11 3 19 1470
11 4 0 7451
11 4 1 3928
11 4 2 3637
11 4 3 4872
11 4 4 0
11 4 5 7793
11 4 6 3745
11 4 7 4642
11 4 8 3515
11 4 9 6249
11 4 10 7201
11 4 11 0
11 4 12 5501
11 4 13 6742
11 4 14 5276
11 4 15 6926
11 4 16 7966
11 4 17 7656
11 4 18 7481
11 4 19 6770
11 5 0 4702
11 5 1 2943
11 5 2 5446
11 5 3 5520
11 5 4 3418
11 5 5 0
11 5 6 1572
11 5 7 2260
11 5 8 3262
11 5 9 2230
11 5 10 5206
11 5 11 0
11 5 12 3684
11 5 13 5022
11 5 14 3388
11 5 15 7380
11 5 16 4993
11 5 17 7034
11 5 18 3457
11 5 19 7451
11 6 0 5474
11 6 1 1722
11 6 2 5026
11 6 3 3074
11 6 4 1104
11 6 5 4050
11 6 6 0
11 6 7 4568
11 6 8 1153
11 6 9 1858
11 6 10 4540
11 6 11 0
11 6 12 1967
11 6 13 5619
11 6 14 3340
11 6 15 4840
11 6 16 2769
11 6 17 1717
11 6 18 1402
11 6 19 3921
11 7 0 5887
11 7 1 7048
11 7 2 5872
11 7 3 4952
11 7 4 5505
11 7 5 4907
11 7 6 7802
11 7 7 0
11 7 8 4632
11 7 9 9462
11 7 10 6829
11 7 11 0
11 7 12 4106
11 7 13 7737
11 7 14 3511
11 7 15 3220
11 7 16 6360
11 7 17 6311
11 7 18 4026
11 7 19 3365
11 8 0 5926
11 8 1 5036
11 8 2 5337
11 8 3 6203
11 8 4 3865
11 8 5 1595
11 8 6 6019
11 8 7 4494
11 8 8 0
11 8 9 5725
11 8 10 3657
11 8 11 0
11 8 12 6109
11 8 13 6936
11 8 14 4680
11 8 15 4990
11 8 16 7562
11 8 17 4040
11 8 18 3988
11 8 19 8209
11 9 0 7425
11 9 1 3425
11 9 2 4432
11 9 3 3539
11 9 4 6799
11 9 5 7196
11 9 6 6045
11 9 7 5921
11 9 8 2753
11 9 9 0
11 9 10 3931
11 9 11 0
11 9 12 5458
11 9 13 5913
11 9 14 7379
11 9 15 7039
11 9 16 3712
11 9 17 5921
11 9 18 3305
11 9 19 6584
11 10 0 4422
11 10 1 5961
11 10 2 5146
11 10 3 6577
11 10 4 5015
11 10 5 8113
11 10 6 4270
11 10 7 5739
11 10 8 6348
11 10 9 7978
11 10 10 0
11 10 11 0
11 10 12 5671
11 10 13 4347
11 10 14 7176
11 10 15 5461
11 10 16 6164
11 10 17 3939
11 10 18 8074
11 10 19 4106
11 11 0 0
11 11 1 0
11 11 2 0
11 11 3 0
11 11 4 0
11 11 5 0
11 11 6 0
11 11 7 0
11 11 8 0
11 11 9 0
11 11 10 0
11 11 11 0
11 11 12 0
11 11 13 0
11 11 14 0
11 11 15 0
11 11 16 0
11 11 17 0
11 11 18 0
11 11 19 0
11 12 0 9758
11 12 1 5973
11 12 2 8905
11 12 3 9406
11 12 4 6658
11 12 5 5431
11 12 6 6008
11 12 7 6346
11 12 8 7660
11 12 9 7605
11 12 10 7181
11 12 11 0
11 12 12 0
11 12 13 6027
11 12 14 5527
11 12 15 3855
11 12 16 5071
11 12 17 5951
11 12 18 6862
11 12 19 6791
11 13 0 7461
11 13 1 7550
11 13 2 6176
11 13 3 5265
11 13 4 6724
11 13 5 5594
11 13 6 8485
11 13 7 8802
11 13 8 7312
11 13 9 6885
11 13 10 4682
11 13 11 0
11 13 12 3348
11 13 13 0
11 13 14 3716
11 13 15 4926
11 13 16 4034
11 13 17 1978
11 13 18 4839
11 13 19 3701
11 14 0 9669
11 14 1 8553
11 14 2 9688
11 14 3 5030
11 14 4 6402
11 14 5 5104
11 14 6 7350
11 14 7 5720
11 14 8 6200
11 14 9 9495
11 14 10 8655
11 14 11 0
11 14 12 1234
11 14 13 980
11 14 14 0
11 14 15 1768
11 14 16 4007
11 14 17 2750
11 14 18 4952
11 14 19 5815
11 15 0 904
11 15 1 542
11 15 2 896
11 15 3 2925
11 15 4 3352
11 15 5 4396
11 15 6 4150
11 15 7 729
11 15 8 1810
11 15 9 4455
11 15 10 2240
11 15 11 0
11 15 12 2037
11 15 13 5366
11 15 14 4086
11 15 15 0
11 15 16 6647
11 15 17 4061
11 15 18 3453
11 15 19 3155
11 16 0 3967
11 16 1 6033
11 16 2 1411
11 16 3 5141
11 16 4 5184
11 16 5 2801
11 16 6 2871
11 16 7 4661
11 16 8 5174
11 16 9 1920
11 16 10 3735
11 16 11 0
11 16 12 5172
11 16 13 4719
11 16 14 5240
11 16 15 7069
11 16 16 0
11 16 17 7025
11 16 18 6429
11 16 19 7206
11 17 0 2473
11 17 1 6144
11 17 2 4283
11 17 3 1662
11 17 4 5123
11 17 5 5091
11 17 6 2068
11 17 7 4861
11 17 8 1901
11 17 9 4378
11 17 10 1759
11 17 11 0
11 17 12 4476
11 17 13 8327
11 17 14 4845
11 17 15 7971
11 17 16 4673
11 17 17 0
11 17 18 7610
11 17 19 6577
11 18 0 6498
11 18 1 7932
11 18 2 6293
11 18 3 6202
11 18 4 7620
11 18 5 4186
11 18 6 4425
11 18 7 5248
11 18 8 4521
11 18 9 4434
11 18 10 8566
11 18 11 0
11 18 12 7660
11 18 13 4702
11 18 14 7220
11 18 15 7523
11 18 16 3927
11 18 17 3470
11 18 18 0
11 18 19 4636
11 19 0 6929
11 19 1 6055
11 19 2 7159
11 19 3 4857
11 19 4 6507
11 19 5 7778
11 19 6 6542
11 19 7 4185
11 19 8 8340
11 19 9 7311
11 19 10 4196
11 19 11 0
11 19 12 3436
11 19 13 1909
11 19 14 1534
11 19 15 1690
11 19 16 1122
11 19 17 2662
11 19 18 1135
11 19 19 0
12 0 0 0
12 0 1 6471
12 0 2 5575
12 0 3 8049
12 0 4 7186
12 0 5 7529
12 0 6 7133
12 0 7 6579
12 0 8 8091
12 0 9 7599
12 0 10 7045
12 0 11 5000
12 0 12 0
12 0 13 5327
12 0 14 6391
12 0 15 2326
12 0 16 4597
12 0 17 2854
12 0 18 4207
12 0 19 5040
12 1 0 3794
12 1 1 0
12 1 2 3685
12 1 3 1507
12 1 4 3132
12 1 5 5631
12 1 6 5302
12 1 7 2533
12 1 8 1601
12 1 9 2492
12 1 10 1609
12 1 11 4903
12 1 12 0
12 1 13 4388
12 1 14 4247
12 1 15 936
12 1 16 5635
12 1 17 5497
12 1 18 4613
12 1 19 3138
12 2 0 7540
12 2 1 7998
12 2 2 0
12 2 3 8151
12 2 4 7524
12 2 5 6466
12 2 6 5047
12 2 7 6745
12 2 8 6620
12 2 9 5530
12 2 10 5108
12 2 11 8105
12 2 12 0
12 2 13 5206
12 2 14 7574
12 2 15 3482
12 2 16 3205
12 2 17 5828
12 2 18 5166
12 2 19 6434
12 3 0 7138
12 3 1 9202
12 3 2 6754
12 3 3 0
12 3 4 6567
12 3 5 5433
12 3 6 6705
12 3 7 9122
12 3 8 5108
12 3 9 8837
12 3 10 7779
12 3 11 4599
12 3 12 0
12 3 13 3159
12 3 14 1780
12 3 15 4375
12 3 16 5799
12 3 17 2071
12 3 18 3939
12 3 19 2996
12 4 0 6039
12 4 1 2516
12 4 2 2225
12 4 3 3460
12 4 4 0
12 4 5 6381
12 4 6 2333
12 4 7 3230
12 4 8 2103
12 4 9 4837
12 4 10 5789
12 4 11 5501
12 4 12 0
12 4 13 3152
12 4 14 1686
12 4 15 3336
12 4 16 4376
12 4 17 4066
12 4 18 3891
12 4 19 3180
12 5 0 3825
12 5 1 2066
12 5 2 4569
12 5 3 4643
12 5 4 2541
12 5 5 0
12 5 6 695
12 5 7 1383
12 5 8 2385
12 5 9 1353
12 5 10 4329
12 5 11 3684
12 5 12 0
12 5 13 6325
12 5 14 4691
12 5 15 8683
12 5 16 6296
12 5 17 8337
12 5 18 4760
12 5 19 8754
12 6 0 5917
12 6 1 2165
12 6 2 5469
12 6 3 3517
12 6 4 1547
12 6 5 4493
12 6 6 0
12 6 7 5011
12 6 8 1596
12 6 9 2301
12 6 10 4983
12 6 11 1967
12 6 12 0
12 6 13 5378
12 6 14 3099
12 6 15 4599
12 6 16 2528
12 6 17 1476
12 6 18 1161
12 6 19 3680
12 7 0 2608
12 7 1 3769
12 7 2 2593
12 7 3 1673
12 7 4 2226
12 7 5 1628
12 7 6 4523
12 7 7 0
12 7 8 1353
12 7 9 6183
12 7 10 3550
12 7 11 4106
12 7 12 0
12 7 13 7966
12 7 14 3740
12 7 15 3449
12 7 16 6589
12 7 17 6540
12 7 18 4255
12 7 19 3594
12 8 0 7258
12 8 1 6368
12 8 2 6669
12 8 3 7535
12 8 4 5197
12 8 5 2927
12 8 6 7351
12 8 7 5826
12 8 8 0
12 8 9 7057
12 8 10 4989
12 8 11 6109
12 8 12 0
12 8 13 6432
12 8 14 4176
12 8 15 4486
12 8 16 7058
12 8 17 3536
12 8 18 3484
12 8 19 7705
12 9 0 7508
12 9 1 3508
12 9 2 4515
12 9 3 3622
12 9 4 6882
12 9 5 7279
12 9 6 6128
12 9 7 6004
12 9 8 2836
12 9 9 0
12 9 10 4014
12 9 11 5458
12 9 12 0
12 9 13 7307
12 9 14 8773
12 9 15 8433
12 9 16 5106
12 9 17 7315
12 9 18 4699
12 9 19 7978
12 10 0 2591
12 10 1 4130
12 10 2 3315
12 10 3 4746
12 10 4 3184
12 10 5 6282
12 10 6 2439
12 10 7 3908
12 10 8 4517
12 10 9 6147
12 10 10 0
12 10 11 5671
12 10 12 0
12 10 13 1501
12 10 14 4330
12 10 15 2615
12 10 16 3318
12 10 17 1093
12 10 18 5228
12 10 19 1260
12 11 0 4883
12 11 1 2977
12 11 2 7016
12 11 3 6163
12 11 4 5150
12 11 5 3388
12 11 6 2645
12 11 7 6705
12 11 8 3408
12 11 9 4602
12 11 10 6092
12 11 11 0
12 11 12 0
12 11 13 6878
12 11 14 5901
12 11 15 6786
12 11 16 7787
12 11 17 9327
12 11 18 8430
12 11 19 5261
12 12 0 0
12 12 1 0
12 12 2 0
12 12 3 0
12 12 4 0
12 12 5 0
12 12 6 0
12 12 7 0
12 12 8 0
12 12 9 0
12 12 10 0
12 12 11 0
12 12 12 0
12 12 13 0
12 12 14 0
12 12 15 0
12 12 16 0
12 12 17 0
12 12 18 0
12 12 19 0
12 13 0 5106
12 13 1 5195
12 13 2 3821
12 13 3 2910
12 13 4 4369
12 13 5 3239
12 13 6 6130
12 13 7 6447
12 13 8 4957
12 13 9 4530
12 13 10 2327
12 13 11 3348
12 13 12 0
12 13 13 0
12 13 14 5785
12 13 15 6995
12 13 16 6103
12 13 17 4047
12 13 18 6908
12 13 19 5770
12 14 0 5033
12 14 1 3917
12 14 2 5052
12 14 3 394
12 14 4 1766
12 14 5 468
12 14 6 2714
12 14 7 1084
12 14 8 1564
12 14 9 4859
12 14 10 4019
12 14 11 1234
12 14 12 0
12 14 13 3526
12 14 14 0
12 14 15 4314
12 14 16 6553
12 14 17 5296
12 14 18 7498
12 14 19 8361
12 15 0 886
12 15 1 524
12 15 2 878
12 15 3 2907
12 15 4 3334
12 15 5 4378
12 15 6 4132
12 15 7 711
12 15 8 1792
12 15 9 4437
12 15 10 2222
12 15 11 2037
12 15 12 0
12 15 13 5355
12 15 14 4075
12 15 15 0
12 15 16 6636
12 15 17 4050
12 15 18 3442
12 15 19 3144
12 16 0 5291
12 16 1 7357
12 16 2 2735
12 16 3 6465
12 16 4 6508
12 16 5 4125
12 16 6 4195
12 16 7 5985
12 16 8 6498
12 16 9 3244
12 16 10 5059
12 16 11 5172
12 16 12 0
12 16 13 4923
12 16 14 5444
12 16 15 7273
12 16 16 0
12 16 17 7229
12 16 18 6633
12 16 19 7410
12 17 0 1312
12 17 1 4983
12 17 2 3122
12 17 3 501
12 17 4 3962
12 17 5 3930
12 17 6 907
12 17 7 3700
12 17 8 740
12 17 9 3217
12 17 10 598
12 17 11 4476
12 17 12 0
12 17 13 7871
12 17 14 4389
12 17 15 7515
12 17 16 4217
12 17 17 0
12 17 18 7154
12 17 19 6121
12 18 0 6746
12 18 1 8180
12 18 2 6541
12 18 3 6450
12 18 4 7868
12 18 5 4434
12 18 6 4673
12 18 7 5496
12 18 8 4769
12 18 9 4682
12 18 10 8814
12 18 11 7660
12 18 12 0
12 18 13 6054
12 18 14 8572
12 18 15 8875
12 18 16 5279
12 18 17 4822
12 18 18 0
12 18 19 5988
12 19 0 6524
12 19 1 5650
12 19 2 6754
12 19 3 4452
12 19 4 6102
12 19 5 7373
12 19 6 6137
12 19 7 3780
12 19 8 7935
12 19 9 6906
12 19 10 3791
12 19 11 3436
12 19 12 0
12 19 13 6359
12 19 14 5984
12 19 15 6140
12 19 16 5572
12 19 17 7112
12 19 18 5585
12 19 19 0
13 0 0 0
13 0 1 5349
13 0 2 4453
13 0 3 6927
13 0 4 6064
13 0 5 6407
13 0 6 6011
13 0 7 5457
13 0 8 6969
13 0 9 6477
13 0 10 5923
13 0 11 3878
13 0 12 5327
13 0 13 0
13 0 14 9093
13 0 15 5028
13 0 16 7299
13 0 17 5556
13 0 18 6909
13 0 19 7742
13 1 0 6546
13 1 1 0
13 1 2 6437
13 1 3 4259
13 1 4 5884
13 1 5 8383
13 1 6 8054
13 1 7 5285
13 1 8 4353
13 1 9 5244
13 1 10 4361
13 1 11 7655
13 1 12 4388
13 1 13 0
13 1 14 4033
13 1 15 722
13 1 16 5421
13 1 17 5283
13 1 18 4399
13 1 19 2924
13 2 0 5986
13 2 1 6444
13 2 2 0
13 2 3 6597
13 2 4 5970
13 2 5 4912
13 2 6 3493
13 2 7 5191
13 2 8 5066
13 2 9 3976
13 2 10 3554
13 2 11 6551
13 2 12 5206
13 2 13 0
13 2 14 4826
13 2 15 734
13 2 16 457
13 2 17 3080
13 2 18 2418
13 2 19 3686
13 3 0 4172
13 3 1 6236
13 3 2 3788
13 3 3 0
13 3 4 3601
13 3 5 2467
13 3 6 3739
13 3 7 6156
13 3 8 2142
13 3 9 5871
13 3 10 4813
13 3 11 1633
13 3 12 3159
13 3 13 0
13 3 14 1840
13 3 15 4435
13 3 16 5859
13 3 17 2131
13 3 18 3999
13 3 19 3056
13 4 0 7280
13 4 1 3757
13 4 2 3466
13 4 3 4701
13 4 4 0
13 4 5 7622
13 4 6 3574
13 4 7 4471
13 4 8 3344
13 4 9 6078
13 4 10 7030
13 4 11 6742
13 4 12 3152
13 4 13 0
13 4 14 4771
13 4 15 6421
13 4 16 7461
13 4 17 7151
13 4 18 6976
13 4 19 6265
13 5 0 5163
13 5 1 3404
13 5 2 5907
13 5 3 5981
13 5 4 3879
13 5 5 0
13 5 6 2033
13 5 7 2721
13 5 8 3723
13 5 9 2691
13 5 10 5667
13 5 11 5022
13 5 12 6325
13 5 13 0
13 5 14 2163
13 5 15 6155
13 5 16 3768
13 5 17 5809
13 5 18 2232
13 5 19 6226
13 6 0 9569
13 6 1 5817
13 6 2 9121
13 6 3 7169
13 6 4 5199
13 6 5 8145
13 6 6 0
13 6 7 8663
13 6 8 5248
13 6 9 5953
13 6 10 8635
13 6 11 5619
13 6 12 5378
13 6 13 0
13 6 14 5933
13 6 15 7433
13 6 16 5362
13 6 17 4310
13 6 18 3995
13 6 19 6514
13 7 0 6239
13 7 1 7400
13 7 2 6224
13 7 3 5304
13 7 4 5857
13 7 5 5259
13 7 6 8154
13 7 7 0
13 7 8 4984
13 7 9 9814
13 7 10 7181
13 7 11 7737
13 7 12 7966
13 7 13 0
13 7 14 3378
13 7 15 3087
13 7 16 6227
13 7 17 6178
13 7 18 3893
13 7 19 3232
13 8 0 8085
13 8 1 7195
13 8 2 7496
13 8 3 8362
13 8 4 6024
13 8 5 3754
13 8 6 8178
13 8 7 6653
13 8 8 0
13 8 9 7884
13 8 10 5816
13 8 11 6936
13 8 12 6432
13 8 13 0
13 8 14 2746
13 8 15 3056
13 8 16 5628
13 8 17 2106
13 8 18 2054
13 8 19 6275
13 9 0 7963
13 9 1 3963
13 9 2 4970
13 9 3 4077
13 9 4 7337
13 9 5 7734
13 9 6 6583
13 9 7 6459
13 9 8 3291
13 9 9 0
13 9 10 4469
13 9 11 5913
13 9 12 7307
13 9 13 0
13 9 14 5204
13 9 15 4864
13 9 16 1537
13 9 17 3746
13 9 18 1130
13 9 19 4409
13 10 0 1267
13 10 1 2806
13 10 2 1991
13 10 3 3422
13 10 4 1860
13 10 5 4958
13 10 6 1115
13 10 7 2584
13 10 8 3193
13 10 9 4823
13 10 10 0
13 10 11 4347
13 10 12 1501
13 10 13 0
13 10 14 7473
13 10 15 5758
13 10 16 6461
13 10 17 4236
13 10 18 8371
13 10 19 4403
13 11 0 4689
13 11 1 2783
13 11 2 6822
13 11 3 5969
13 11 4 4956
13 11 5 3194
13 11 6 2451
13 11 7 6511
13 11 8 3214
13 11 9 4408
13 11 10 5898
13 11 11 0
13 11 12 6878
13 11 13 0
13 11 14 4726
13 11 15 5611
13 11 16 6612
13 11 17 8152
13 11 18 7255
13 11 19 4086
13 12 0 8713
13 12 1 4928
13 12 2 7860
13 12 3 8361
13 12 4 5613
13 12 5 4386
13 12 6 4963
13 12 7 5301
13 12 8 6615
13 12 9 6560
13 12 10 6136
13 12 11 6027
13 12 12 0
13 12 13 0
13 12 14 4917
13 12 15 3245
13 12 16 4461
13 12 17 5341
13 12 18 6252
13 12 19 6181
13 13 0 0
13 13 1 0
13 13 2 0
13 13 3 0
13 13 4 0
13 13 5 0
13 13 6 0
13 13 7 0
13 13 8 0
13 13 9 0
13 13 10 0
13 13 11 0
13 13 12 0
13 13 13 0
13 13 14 0
13 13 15 0
13 13 16 0
13 13 17 0
13 13 18 0
13 13 19 0
13 14 0 4779
13 14 1 3663
13 14 2 4798
13 14 3 140
13 14 4 1512
13 14 5 214
13 14 6 2460
13 14 7 830
13 14 8 1310
13 14 9 4605
13 14 10 3765
13 14 11 980
13 14 12 3526
13 14 13 0
13 14 14 0
13 14 15 2697
13 14 16 4936
13 14 17 3679
13 14 18 5881
13 14 19 6744
13 15 0 4215
13 15 1 3853
13 15 2 4207
13 15 3 6236
13 15 4 6663
13 15 5 7707
13 15 6 7461
13 15 7 4040
13 15 8 5121
13 15 9 7766
13 15 10 5551
13 15 11 5366
13 15 12 5355
13 15 13 0
13 15 14 5340
13 15 15 0
13 15 16 7901
13 15 17 5315
13 15 18 4707
13 15 19 4409
13 16 0 4838
13 16 1 6904
13 16 2 2282
13 16 3 6012
13 16 4 6055
13 16 5 3672
13 16 6 3742
13 16 7 5532
13 16 8 6045
13 16 9 2791
13 16 10 4606
13 16 11 4719
13 16 12 4923
13 16 13 0
13 16 14 4601
13 16 15 6430
13 16 16 0
13 16 17 6386
13 16 18 5790
13 16 19 6567
13 17 0 5163
13 17 1 8834
13 17 2 6973
13 17 3 4352
13 17 4 7813
13 17 5 7781
13 17 6 4758
13 17 7 7551
13 17 8 4591
13 17 9 7068
13 17 10 4449
13 17 11 8327
13 17 12 7871
13 17 13 0
13 17 14 610
13 17 15 3736
13 17 16 438
13 17 17 0
13 17 18 3375
13 17 19 2342
13 18 0 3788
13 18 1 5222
13 18 2 3583
13 18 3 3492
13 18 4 4910
13 18 5 1476
13 18 6 1715
13 18 7 2538
13 18 8 1811
13 18 9 1724
13 18 10 5856
13 18 11 4702
13 18 12 6054
13 18 13 0
13 18 14 6743
13 18 15 7046
13 18 16 3450
13 18 17 2993
13 18 18 0
13 18 19 4159
13 19 0 4997
13 19 1 4123
13 19 2 5227
13 19 3 2925
13 19 4 4575
13 19 5 5846
13 19 6 4610
13 19 7 2253
13 19 8 6408
13 19 9 5379
13 19 10 2264
13 19 11 1909
13 19 12 6359
13 19 13 0
13 19 14 3088
13 19 15 3244
13 19 16 2676
13 19 17 4216
13 19 18 2689
13 19 19 0
14 0 0 0
14 0 1 6413
14 0 2 5517
14 0 3 7991
14 0 4 7128
14 0 5 7471
14 0 6 7075
14 0 7 6521
14 0 8 8033
14 0 9 7541
14 0 10 6987
14 0 11 4942
14 0 12 6391
14 0 13 9093
14 0 14 0
14 0 15 1171
14 0 16 3442
14 0 17 1699
14 0 18 3052
14 0 19 3885
14 1 0 6405
14 1 1 0
14 1 2 6296
14 1 3 4118
14 1 4 5743
14 1 5 8242
14 1 6 7913
14 1 7 5144
14 1 8 4212
14 1 9 5103
14 1 10 4220
14 1 11 7514
14 1 12 4247
14 1 13 4033
14 1 14 0
14 1 15 2722
14 1 16 7421
14 1 17 7283
14 1 18 6399
14 1 19 4924
14 2 0 8354
14 2 1 8812
14 2 2 0
14 2 3 8965
14 2 4 8338
14 2 5 7280
14 2 6 5861
14 2 7 7559
14 2 8 7434
14 2 9 6344
14 2 10 5922
14 2 11 8919
14 2 12 7574
14 2 13 4826
14 2 14 0
14 2 15 801
14 2 16 524
14 2 17 3147
14 2 18 2485
14 2 19 3753
14 3 0 2793
14 3 1 4857
14 3 2 2409
14 3 3 0
14 3 4 2222
14 3 5 1088
14 3 6 2360
14 3 7 4777
14 3 8 763
14 3 9 4492
14 3 10 3434
14 3 11 254
14 3 12 1780
14 3 13 1840
14 3 14 0
14 3 15 7291
14 3 16 8715
14 3 17 4987
14 3 18 6855
14 3 19 5912
14 4 0 5814
14 4 1 2291
14 4 2 2000
14 4 3 3235
14 4 4 0
14 4 5 6156
14 4 6 2108
14 4 7 3005
14 4 8 1878
14 4 9 4612
14 4 10 5564
14 4 11 5276
14 4 12 1686
14 4 13 4771
14 4 14 0
14 4 15 4683
14 4 16 5723
14 4 17 5413
14 4 18 5238
14 4 19 4527
14 5 0 3529
14 5 1 1770
14 5 2 4273
14 5 3 4347
14 5 4 2245
14 5 5 0
14 5 6 399
14 5 7 1087
14 5 8 2089
14 5 9 1057
14 5 10 4033
14 5 11 3388
14 5 12 4691
14 5 13 2163
14 5 14 0
14 5 15 7012
14 5 16 4625
14 5 17 6666
14 5 18 3089
14 5 19 7083
14 6 0 7290
14 6 1 3538
14 6 2 6842
14 6 3 4890
14 6 4 2920
14 6 5 5866
14 6 6 0
14 6 7 6384
14 6 8 2969
14 6 9 3674
14 6 10 6356
14 6 11 3340
14 6 12 3099
14 6 13 5933
14 6 14 0
14 6 15 5148
14 6 16 3077
14 6 17 2025
14 6 18 1710
14 6 19 4229
14 7 0 2013
14 7 1 3174
14 7 2 1998
14 7 3 1078
14 7 4 1631
14 7 5 1033
14 7 6 3928
14 7 7 0
14 7 8 758
14 7 9 5588
14 7 10 2955
14 7 11 3511
14 7 12 3740
14 7 13 3378
14 7 14 0
14 7 15 5437
14 7 16 8577
14 7 17 8528
14 7 18 6243
14 7 19 5582
14 8 0 5829
14 8 1 4939
14 8 2 5240
14 8 3 6106
14 8 4 3768
14 8 5 1498
14 8 6 5922
14 8 7 4397
14 8 8 0
14 8 9 5628
14 8 10 3560
14 8 11 4680
14 8 12 4176
14 8 13 2746
14 8 14 0
14 8 15 2213
14 8 16 4785
14 8 17 1263
14 8 18 1211
14 8 19 5432
14 9 0 9429
14 9 1 5429
14 9 2 6436
14 9 3 5543
14 9 4 8803
14 9 5 9200
14 9 6 8049
14 9 7 7925
14 9 8 4757
14 9 9 0
14 9 10 5935
14 9 11 7379
14 9 12 8773
14 9 13 5204
14 9 14 0
14 9 15 5039
14 9 16 1712
14 9 17 3921
14 9 18 1305
14 9 19 4584
14 10 0 4096
14 10 1 5635
14 10 2 4820
14 10 3 6251
14 10 4 4689
14 10 5 7787
14 10 6 3944
14 10 7 5413
14 10 8 6022
14 10 9 7652
14 10 10 0
14 10 11 7176
14 10 12 4330
14 10 13 7473
14 10 14 0
14 10 15 3002
14 10 16 3705
14 10 17 1480
14 10 18 5615
14 10 19 1647
14 11 0 3712
14 11 1 1806
14 11 2 5845
14 11 3 4992
14 11 4 3979
14 11 5 2217
14 11 6 1474
14 11 7 5534
14 11 8 2237
14 11 9 3431
14 11 10 4921
14 11 11 0
14 11 12 5901
14 11 13 4726
14 11 14 0
14 11 15 6755
14 11 16 7756
14 11 17 9296
14 11 18 8399
14 11 19 5230
14 12 0 8213
14 12 1 4428
14 12 2 7360
14 12 3 7861
14 12 4 5113
14 12 5 3886
14 12 6 4463
14 12 7 4801
14 12 8 6115
14 12 9 6060
14 12 10 5636
14 12 11 5527
14 12 12 0
14 12 13 4917
14 12 14 0
14 12 15 2108
14 12 16 3324
14 12 17 4204
14 12 18 5115
14 12 19 5044
14 13 0 5474
14 13 1 5563
14 13 2 4189
14 13 3 3278
14 13 4 4737
14 13 5 3607
14 13 6 6498
14 13 7 6815
14 13 8 5325
14 13 9 4898
14 13 10 2695
14 13 11 3716
14 13 12 5785
14 13 13 0
14 13 14 0
14 13 15 3119
14 13 16 2227
14 13 17 171
14 13 18 3032
14 13 19 1894
14 14 0 0
14 14 1 0
14 14 2 0
14 14 3 0
14 14 4 0
14 14 5 0
14 14 6 0
14 14 7 0
14 14 8 0
14 14 9 0
14 14 10 0
14 14 11 0
14 14 12 0
14 14 13 0
14 14 14 0
14 14 15 0
14 14 16 0
14 14 17 0
14 14 18 0
14 14 19 0
14 15 0 2935
14 15 1 2573
14 15 2 2927
14 15 3 4956
14 15 4 5383
14 15 5 6427
14 15 6 6181
14 15 7 2760
14 15 8 3841
14 15 9 6486
14 15 10 4271
14 15 11 4086
14 15 12 4075
14 15 13 5340
14 15 14 0
14 15 15 0
14 15 16 5720
14 15 17 3134
14 15 18 2526
14 15 19 2228
14 16 0 5359
14 16 1 7425
14 16 2 2803
14 16 3 6533
14 16 4 6576
14 16 5 4193
14 16 6 4263
14 16 7 6053
14 16 8 6566
14 16 9 3312
14 16 10 5127
14 16 11 5240
14 16 12 5444
14 16 13 4601
14 16 14 0
14 16 15 7380
14 16 16 0
14 16 17 7336
14 16 18 6740
14 16 19 7517
14 17 0 1681
14 17 1 5352
14 17 2 3491
14 17 3 870
14 17 4 4331
14 17 5 4299
14 17 6 1276
14 17 7 4069
14 17 8 1109
14 17 9 3586
14 17 10 967
14 17 11 4845
14 17 12 4389
14 17 13 610
14 17 14 0
14 17 15 5485
14 17 16 2187
14 17 17 0
14 17 18 5124
14 17 19 4091
14 18 0 6306
14 18 1 7740
14 18 2 6101
14 18 3 6010
14 18 4 7428
14 18 5 3994
14 18 6 4233
14 18 7 5056
14 18 8 4329
14 18 9 4242
14 18 10 8374
14 18 11 7220
14 18 12 8572
14 18 13 6743
14 18 14 0
14 18 15 8136
14 18 16 4540
14 18 17 4083
14 18 18 0
14 18 19 5249
14 19 0 4622
14 19 1 3748
14 19 2 4852
14 19 3 2550
14 19 4 4200
14 19 5 5471
14 19 6 4235
14 19 7 1878
14 19 8 6033
14 19 9 5004
14 19 10 1889
14 19 11 1534
14 19 12 5984
14 19 13 3088
14 19 14 0
14 19 15 6335
14 19 16 5767
14 19 17 7307
14 19 18 5780
14 19 19 0
15 0 0 0
15 0 1 2348
15 0 2 1452
15 0 3 3926
15 0 4 3063
15 0 5 3406
15 0 6 3010
15 0 7 2456
15 0 8 3968
15 0 9 3476
15 0 10 2922
15 0 11 877
15 0 12 2326
15 0 13 5028
15 0 14 1171
15 0 15 0
15 0 16 3485
15 0 17 1742
15 0 18 3095
15 0 19 3928
15 1 0 3094
15 1 1 0
15 1 2 2985
15 1 3 807
15 1 4 2432
15 1 5 4931
15 1 6 4602
15 1 7 1833
15 1 8 901
15 1 9 1792
15 1 10 909
15 1 11 4203
15 1 12 936
15 1 13 722
15 1 14 2722
15 1 15 0
15 1 16 6211
15 1 17 6073
15 1 18 5189
15 1 19 3714
15 2 0 4262
15 2 1 4720
15 2 2 0
15 2 3 4873
15 2 4 4246
15 2 5 3188
15 2 6 1769
15 2 7 3467
15 2 8 3342
15 2 9 2252
15 2 10 1830
15 2 11 4827
15 2 12 3482
15 2 13 734
15 2 14 801
15 2 15 0
15 2 16 994
15 2 17 3617
15 2 18 2955
15 2 19 4223
15 3 0 5388
15 3 1 7452
15 3 2 5004
15 3 3 0
15 3 4 4817
15 3 5 3683
15 3 6 4955
15 3 7 7372
15 3 8 3358
15 3 9 7087
15 3 10 6029
15 3 11 2849
15 3 12 4375
15 3 13 4435
15 3 14 7291
15 3 15 0
15 3 16 4445
15 3 17 717
15 3 18 2585
15 3 19 1642
15 4 0 7464
15 4 1 3941
15 4 2 3650
15 4 3 4885
15 4 4 0
15 4 5 7806
15 4 6 3758
15 4 7 4655
15 4 8 3528
15 4 9 6262
15 4 10 7214
15 4 11 6926
15 4 12 3336
15 4 13 6421
15 4 14 4683
15 4 15 0
15 4 16 6303
15 4 17 5993
15 4 18 5818
15 4 19 5107
15 5 0 7521
15 5 1 5762
15 5 2 8265
15 5 3 8339
15 5 4 6237
15 5 5 0
15 5 6 4391
15 5 7 5079
15 5 8 6081
15 5 9 5049
15 5 10 8025
15 5 11 7380
15 5 12 8683
15 5 13 6155
15 5 14 7012
15 5 15 0
15 5 16 6054
15 5 17 8095
15 5 18 4518
15 5 19 8512
15 6 0 8790
15 6 1 5038
15 6 2 8342
15 6 3 6390
15 6 4 4420
15 6 5 7366
15 6 6 0
15 6 7 7884
15 6 8 4469
15 6 9 5174
15 6 10 7856
15 6 11 4840
15 6 12 4599
15 6 13 7433
15 6 14 5148
15 6 15 0
15 6 16 5107
15 6 17 4055
15 6 18 3740
15 6 19 6259
15 7 0 1722
15 7 1 2883
15 7 2 1707
15 7 3 787
15 7 4 1340
15 7 5 742
15 7 6 3637
15 7 7 0
15 7 8 467
15 7 9 5297
15 7 10 2664
15 7 11 3220
15 7 12 3449
15 7 13 3087
15 7 14 5437
15 7 15 0
15 7 16 5495
15 7 17 5446
15 7 18 3161
15 7 19 2500
15 8 0 6139
15 8 1 5249
15 8 2 5550
15 8 3 6416
15 8 4 4078
15 8 5 1808
15 8 6 6232
15 8 7 4707
15 8 8 0
15 8 9 5938
15 8 10 3870
15 8 11 4990
15 8 12 4486
15 8 13 3056
15 8 14 2213
15 8 15 0
15 8 16 6438
15 8 17 2916
15 8 18 2864
15 8 19 7085
15 9 0 9089
15 9 1 5089
15 9 2 6096
15 9 3 5203
15 9 4 8463
15 9 5 8860
15 9 6 7709
15 9 7 7585
15 9 8 4417
15 9 9 0
15 9 10 5595
15 9 11 7039
15 9 12 8433
15 9 13 4864
15 9 14 5039
15 9 15 0
15 9 16 5039
15 9 17 7248
15 9 18 4632
15 9 19 7911
15 10 0 2381
15 10 1 3920
15 10 2 3105
15 10 3 4536
15 10 4 2974
15 10 5 6072
15 10 6 2229
15 10 7 3698
15 10 8 4307
15 10 9 5937
15 10 10 0
15 10 11 5461
15 10 12 2615
15 10 13 5758
15 10 14 3002
15 10 15 0
15 10 16 7233
15 10 17 5008
15 10 18 9143
15 10 19 5175
15 11 0 4597
15 11 1 2691
15 11 2 6730
15 11 3 5877
15 11 4 4864
15 11 5 3102
15 11 6 2359
15 11 7 6419
15 11 8 3122
15 11 9 4316
15 11 10 5806
15 11 11 0
15 11 12 6786
15 11 13 5611
15 11 14 6755
15 11 15 0
15 11 16 3056
15 11 17 4596
15 11 18 3699
15 11 19 530
15 12 0 6541
15 12 1 2756
15 12 2 5688
15 12 3 6189
15 12 4 3441
15 12 5 2214
15 12 6 2791
15 12 7 3129
15 12 8 4443
15 12 9 4388
15 12 10 3964
15 12 11 3855
15 12 12 0
15 12 13 3245
15 12 14 2108
15 12 15 0
15 12 16 3242
15 12 17 4122
15 12 18 5033
15 12 19 4962
15 13 0 6684
15 13 1 6773
15 13 2 5399
15 13 3 4488
15 13 4 5947
15 13 5 4817
15 13 6 7708
15 13 7 8025
15 13 8 6535
15 13 9 6108
15 13 10 3905
15 13 11 4926
15 13 12 6995
15 13 13 0
15 13 14 3119
15 13 15 0
15 13 16 5728
15 13 17 3672
15 13 18 6533
15 13 19 5395
15 14 0 5567
15 14 1 4451
15 14 2 5586
15 14 3 928
15 14 4 2300
15 14 5 1002
15 14 6 3248
15 14 7 1618
15 14 8 2098
15 14 9 5393
15 14 10 4553
15 14 11 1768
15 14 12 4314
15 14 13 2697
15 14 14 0
15 14 15 0
15 14 16 5398
15 14 17 4141
15 14 18 6343
15 14 19 7206
15 15 0 0
15 15 1 0
15 15 2 0
15 15 3 0
15 15 4 0
15 15 5 0
15 15 6 0
15 15 7 0
15 15 8 0
15 15 9 0
15 15 10 0
15 15 11 0
15 15 12 0
15 15 13 0
15 15 14 0
15 15 15 0
15 15 16 0
15 15 17 0
15 15 18 0
15 15 19 0
15 16 0 7188
15 16 1 9254
15 16 2 4632
15 16 3 8362
15 16 4 8405
15 16 5 6022
15 16 6 6092
15 16 7 7882
15 16 8 8395
15 16 9 5141
15 16 10 6956
15 16 11 7069
15 16 12 7273
15 16 13 6430
15 16 14 7380
15 16 15 0
15 16 16 0
15 16 17 9091
15 16 18 8495
15 16 19 9272
15 17 0 4807
15 17 1 8478
15 17 2 6617
15 17 3 3996
15 17 4 7457
15 17 5 7425
15 17 6 4402
15 17 7 7195
15 17 8 4235
15 17 9 6712
15 17 10 4093
15 17 11 7971
15 17 12 7515
15 17 13 3736
15 17 14 5485
15 17 15 0
15 17 16 2613
15 17 17 0
15 17 18 5550
15 17 19 4517
15 18 0 6609
15 18 1 8043
15 18 2 6404
15 18 3 6313
15 18 4 7731
15 18 5 4297
15 18 6 4536
15 18 7 5359
15 18 8 4632
15 18 9 4545
15 18 10 8677
15 18 11 7523
15 18 12 8875
15 18 13 7046
15 18 14 8136
15 18 15 0
15 18 16 2156
15 18 17 1699
15 18 18 0
15 18 19 2865
15 19 0 4778
15 19 1 3904
15 19 2 5008
15 19 3 2706
15 19 4 4356
15 19 5 5627
15 19 6 4391
15 19 7 2034
15 19 8 6189
15 19 9 5160
15 19 10 2045
15 19 11 1690
15 19 12 6140
15 19 13 3244
15 19 14 6335
15 19 15 0
15 19 16 2222
15 19 17 3762
15 19 18 2235
15 19 19 0
16 0 0 0
16 0 1 4619
16 0 2 3723
16 0 3 6197
16 0 4 5334
16 0 5 5677
16 0 6 5281
16 0 7 4727
16 0 8 6239
16 0 9 5747
16 0 10 5193
16 0 11 3148
16 0 12 4597
16 0 13 7299
16 0 14 3442
16 0 15 3485
16 0 16 0
16 0 17 4762
16 0 18 6115
16 0 19 6948
16 1 0 7793
16 1 1 0
16 1 2 7684
16 1 3 5506
16 1 4 7131
16 1 5 9630
16 1 6 9301
16 1 7 6532
16 1 8 5600
16 1 9 6491
16 1 10 5608
16 1 11 8902
16 1 12 5635
16 1 13 5421
16 1 14 7421
16 1 15 6211
16 1 16 0
16 1 17 6441
16 1 18 5557
16 1 19 4082
16 2 0 3985
16 2 1 4443
16 2 2 0
16 2 3 4596
16 2 4 3969
16 2 5 2911
16 2 6 1492
16 2 7 3190
16 2 8 3065
16 2 9 1975
16 2 10 1553
16 2 11 4550
16 2 12 3205
16 2 13 457
16 2 14 524
16 2 15 994
16 2 16 0
16 2 17 6229
16 2 18 5567
16 2 19 6835
16 3 0 6812
16 3 1 8876
16 3 2 6428
16 3 3 0
16 3 4 6241
16 3 5 5107
16 3 6 6379
16 3 7 8796
16 3 8 4782
16 3 9 8511
16 3 10 7453
16 3 11 4273
16 3 12 5799
16 3 13 5859
16 3 14 8715
16 3 15 4445
16 3 16 0
16 3 17 5234
16 3 18 7102
16 3 19 6159
16 4 0 8504
16 4 1 4981
16 4 2 4690
16 4 3 5925
16 4 4 0
16 4 5 8846
16 4 6 4798
16 4 7 5695
16 4 8 4568
16 4 9 7302
16 4 10 8254
16 4 11 7966
16 4 12 4376
16 4 13 7461
16 4 14 5723
16 4 15 6303
16 4 16 0
16 4 17 8664
16 4 18 8489
16 4 19 7778
16 5 0 5134
16 5 1 3375
16 5 2 5878
16 5 3 5952
16 5 4 3850
16 5 5 0
16 5 6 2004
16 5 7 2692
16 5 8 3694
16 5 9 2662
16 5 10 5638
16 5 11 4993
16 5 12 6296
16 5 13 3768
16 5 14 4625
16 5 15 6054
16 5 16 0
16 5 17 4392
16 5 18 815
16 5 19 4809
16 6 0 6719
16 6 1 2967
16 6 2 6271
16 6 3 4319
16 6 4 2349
16 6 5 5295
16 6 6 0
16 6 7 5813
16 6 8 2398
16 6 9 3103
16 6 10 5785
16 6 11 2769
16 6 12 2528
16 6 13 5362
16 6 14 3077
16 6 15 5107
16 6 16 0
16 6 17 1966
16 6 18 1651
16 6 19 4170
16 7 0 4862
16 7 1 6023
16 7 2 4847
16 7 3 3927
16 7 4 4480
16 7 5 3882
16 7 6 6777
16 7 7 0
16 7 8 3607
16 7 9 8437
16 7 10 5804
16 7 11 6360
16 7 12 6589
16 7 13 6227
16 7 14 8577
16 7 15 5495
16 7 16 0
16 7 17 8510
16 7 18 6225
16 7 19 5564
16 8 0 8711
16 8 1 7821
16 8 2 8122
16 8 3 8988
16 8 4 6650
16 8 5 4380
16 8 6 8804
16 8 7 7279
16 8 8 0
16 8 9 8510
16 8 10 6442
16 8 11 7562
16 8 12 7058
16 8 13 5628
16 8 14 4785
16 8 15 6438
16 8 16 0
16 8 17 5555
16 8 18 5503
16 8 19 9724
16 9 0 5762
16 9 1 1762
16 9 2 2769
16 9 3 1876
16 9 4 5136
16 9 5 5533
16 9 6 4382
16 9 7 4258
16 9 8 1090
16 9 9 0
16 9 10 2268
16 9 11 3712
16 9 12 5106
16 9 13 1537
16 9 14 1712
16 9 15 5039
16 9 16 0
16 9 17 7508
16 9 18 4892
16 9 19 8171
16 10 0 3084
16 10 1 4623
16 10 2 3808
16 10 3 5239
16 10 4 3677
16 10 5 6775
16 10 6 2932
16 10 7 4401
16 10 8 5010
16 10 9 6640
16 10 10 0
16 10 11 6164
16 10 12 3318
16 10 13 6461
16 10 14 3705
16 10 15 7233
16 10 16 0
16 10 17 1046
16 10 18 5181
16 10 19 1213
16 11 0 5598
16 11 1 3692
16 11 2 7731
16 11 3 6878
16 11 4 5865
16 11 5 4103
16 11 6 3360
16 11 7 7420
16 11 8 4123
16 11 9 5317
16 11 10 6807
16 11 11 0
16 11 12 7787
16 11 13 6612
16 11 14 7756
16 11 15 3056
16 11 16 0
16 11 17 5388
16 11 18 4491
16 11 19 1322
16 12 0 7757
16 12 1 3972
16 12 2 6904
16 12 3 7405
16 12 4 4657
16 12 5 3430
16 12 6 4007
16 12 7 4345
16 12 8 5659
16 12 9 5604
16 12 10 5180
16 12 11 5071
16 12 12 0
16 12 13 4461
16 12 14 3324
16 12 15 3242
16 12 16 0
16 12 17 6256
16 12 18 7167
16 12 19 7096
16 13 0 5792
16 13 1 5881
16 13 2 4507
16 13 3 3596
16 13 4 5055
16 13 5 3925
16 13 6 6816
16 13 7 7133
16 13 8 5643
16 13 9 5216
16 13 10 3013
16 13 11 4034
16 13 12 6103
16 13 13 0
16 13 14 2227
16 13 15 5728
16 13 16 0
16 13 17 2024
16 13 18 4885
16 13 19 3747
16 14 0 7806
16 14 1 6690
16 14 2 7825
16 14 3 3167
16 14 4 4539
16 14 5 3241
16 14 6 5487
16 14 7 3857
16 14 8 4337
16 14 9 7632
16 14 10 6792
16 14 11 4007
16 14 12 6553
16 14 13 4936
16 14 14 0
16 14 15 5398
16 14 16 0
16 14 17 4294
16 14 18 6496
16 14 19 7359
16 15 0 5496
16 15 1 5134
16 15 2 5488
16 15 3 7517
16 15 4 7944
16 15 5 8988
16 15 6 8742
16 15 7 5321
16 15 8 6402
16 15 9 9047
16 15 10 6832
16 15 11 6647
16 15 12 6636
16 15 13 7901
16 15 14 5720
16 15 15 0
16 15 16 0
16 15 17 6549
16 15 18 5941
16 15 19 5643
16 16 0 0
16 16 1 0
16 16 2 0
16 16 3 0
16 16 4 0
16 16 5 0
16 16 6 0
16 16 7 0
16 16 8 0
16 16 9 0
16 16 10 0
16 16 11 0
16 16 12 0
16 16 13 0
16 16 14 0
16 16 15 0
16 16 16 0
16 16 17 0
16 16 18 0
16 16 19 0
16 17 0 1509
16 17 1 5180
16 17 2 3319
16 17 3 698
16 17 4 4159
16 17 5 4127
16 17 6 1104
16 17 7 3897
16 17 8 937
16 17 9 3414
16 17 10 795
16 17 11 4673
16 17 12 4217
16 17 13 438
16 17 14 2187
16 17 15 2613
16 17 16 0
16 17 17 0
16 17 18 7513
16 17 19 6480
16 18 0 3013
16 18 1 4447
16 18 2 2808
16 18 3 2717
16 18 4 4135
16 18 5 701
16 18 6 940
16 18 7 1763
16 18 8 1036
16 18 9 949
16 18 10 5081
16 18 11 3927
16 18 12 5279
16 18 13 3450
16 18 14 4540
16 18 15 2156
16 18 16 0
16 18 17 3674
16 18 18 0
16 18 19 4840
16 19 0 4210
16 19 1 3336
16 19 2 4440
16 19 3 2138
16 19 4 3788
16 19 5 5059
16 19 6 3823
16 19 7 1466
16 19 8 5621
16 19 9 4592
16 19 10 1477
16 19 11 1122
16 19 12 5572
16 19 13 2676
16 19 14 5767
16 19 15 2222
16 19 16 0
16 19 17 6812
16 19 18 5285
16 19 19 0
17 0 0 0
17 0 1 2876
17 0 2 1980
17 0 3 4454
17 0 4 3591
17 0 5 3934
17 0 6 3538
17 0 7 2984
17 0 8 4496
17 0 9 4004
17 0 10 3450
17 0 11 1405
17 0 12 2854
17 0 13 5556
17 0 14 1699
17 0 15 1742
17 0 16 4762
17 0 17 0
17 0 18 5203
17 0 19 6036
17 1 0 7655
17 1 1 0
17 1 2 7546
17 1 3 5368
17 1 4 6993
17 1 5 9492
17 1 6 9163
17 1 7 6394
17 1 8 5462
17 1 9 6353
17 1 10 5470
17 1 11 8764
17 1 12 5497
17 1 13 5283
17 1 14 7283
17 1 15 6073
17 1 16 6441
17 1 17 0
17 1 18 7855
17 1 19 6380
17 2 0 6608
17 2 1 7066
17 2 2 0
17 2 3 7219
17 2 4 6592
17 2 5 5534
17 2 6 4115
17 2 7 5813
17 2 8 5688
17 2 9 4598
17 2 10 4176
17 2 11 7173
17 2 12 5828
17 2 13 3080
17 2 14 3147
17 2 15 3617
17 2 16 6229
17 2 17 0
17 2 18 4311
17 2 19 5579
17 3 0 3084
17 3 1 5148
17 3 2 2700
17 3 3 0
17 3 4 2513
17 3 5 1379
17 3 6 2651
17 3 7 5068
17 3 8 1054
17 3 9 4783
17 3 10 3725
17 3 11 545
17 3 12 2071
17 3 13 2131
17 3 14 4987
17 3 15 717
17 3 16 5234
17 3 17 0
17 3 18 5539
17 3 19 4596
17 4 0 8194
17 4 1 4671
17 4 2 4380
17 4 3 5615
17 4 4 0
17 4 5 8536
17 4 6 4488
17 4 7 5385
17 4 8 4258
17 4 9 6992
17 4 10 7944
17 4 11 7656
17 4 12 4066
17 4 13 7151
17 4 14 5413
17 4 15 5993
17 4 16 8664
17 4 17 0
17 4 18 6500
17 4 19 5789
17 5 0 7175
17 5 1 5416
17 5 2 7919
17 5 3 7993
17 5 4 5891
17 5 5 0
17 5 6 4045
17 5 7 4733
17 5 8 5735
17 5 9 4703
17 5 10 7679
17 5 11 7034
17 5 12 8337
17 5 13 5809
17 5 14 6666
17 5 15 8095
17 5 16 4392
17 5 17 0
17 5 18 1753
17 5 19 5747
17 6 0 5667
17 6 1 1915
17 6 2 5219
17 6 3 3267
17 6 4 1297
17 6 5 4243
17 6 6 0
17 6 7 4761
17 6 8 1346
17 6 9 2051
17 6 10 4733
17 6 11 1717
17 6 12 1476
17 6 13 4310
17 6 14 2025
17 6 15 4055
17 6 16 1966
17 6 17 0
17 6 18 2494
17 6 19 5013
17 7 0 4813
17 7 1 5974
17 7 2 4798
17 7 3 3878
17 7 4 4431
17 7 5 3833
17 7 6 6728
17 7 7 0
17 7 8 3558
17 7 9 8388
17 7 10 5755
17 7 11 6311
17 7 12 6540
17 7 13 6178
17 7 14 8528
17 7 15 5446
17 7 16 8510
17 7 17 0
17 7 18 5832
17 7 19 5171
17 8 0 5189
17 8 1 4299
17 8 2 4600
17 8 3 5466
17 8 4 3128
17 8 5 858
17 8 6 5282
17 8 7 3757
17 8 8 0
17 8 9 4988
17 8 10 2920
17 8 11 4040
17 8 12 3536
17 8 13 2106
17 8 14 1263
17 8 15 2916
17 8 16 5555
17 8 17 0
17 8 18 3448
17 8 19 7669
17 9 0 7971
17 9 1 3971
17 9 2 4978
17 9 3 4085
17 9 4 7345
17 9 5 7742
17 9 6 6591
17 9 7 6467
17 9 8 3299
17 9 9 0
17 9 10 4477
17 9 11 5921
17 9 12 7315
17 9 13 3746
17 9 14 3921
17 9 15 7248
17 9 16 7508
17 9 17 0
17 9 18 2400
17 9 19 5679
17 10 0 859
17 10 1 2398
17 10 2 1583
17 10 3 3014
17 10 4 1452
17 10 5 4550
17 10 6 707
17 10 7 2176
17 10 8 2785
17 10 9 4415
17 10 10 0
17 10 11 3939
17 10 12 1093
17 10 13 4236
17 10 14 1480
17 10 15 5008
17 10 16 1046
17 10 17 0
17 10 18 5594
17 10 19 1626
17 11 0 7138
17 11 1 5232
17 11 2 9271
17 11 3 8418
17 11 4 7405
17 11 5 5643
17 11 6 4900
17 11 7 8960
17 11 8 5663
17 11 9 6857
17 11 10 8347
17 11 11 0
17 11 12 9327
17 11 13 8152
17 11 14 9296
17 11 15 4596
17 11 16 5388
17 11 17 0
17 11 18 4740
17 11 19 1571
17 12 0 8637
17 12 1 4852
17 12 2 7784
17 12 3 8285
17 12 4 5537
17 12 5 4310
17 12 6 4887
17 12 7 5225
17 12 8 6539
17 12 9 6484
17 12 10 6060
17 12 11 5951
17 12 12 0
17 12 13 5341
17 12 14 4204
17 12 15 4122
17 12 16 6256
17 12 17 0
17 12 18 4931
17 12 19 4860
17 13 0 3736
17 13 1 3825
17 13 2 2451
17 13 3 1540
17 13 4 2999
17 13 5 1869
17 13 6 4760
17 13 7 5077
17 13 8 3587
17 13 9 3160
17 13 10 957
17 13 11 1978
17 13 12 4047
17 13 13 0
17 13 14 171
17 13 15 3672
17 13 16 2024
17 13 17 0
17 13 18 6953
17 13 19 5815
17 14 0 6549
17 14 1 5433
17 14 2 6568
17 14 3 1910
17 14 4 3282
17 14 5 1984
17 14 6 4230
17 14 7 2600
17 14 8 3080
17 14 9 6375
17 14 10 5535
17 14 11 2750
17 14 12 5296
17 14 13 3679
17 14 14 0
17 14 15 4141
17 14 16 4294
17 14 17 0
17 14 18 4561
17 14 19 5424
17 15 0 2910
17 15 1 2548
17 15 2 2902
17 15 3 4931
17 15 4 5358
17 15 5 6402
17 15 6 6156
17 15 7 2735
17 15 8 3816
17 15 9 6461
17 15 10 4246
17 15 11 4061
17 15 12 4050
17 15 13 5315
17 15 14 3134
17 15 15 0
17 15 16 6549
17 15 17 0
17 15 18 5303
17 15 19 5005
17 16 0 7144
17 16 1 9210
17 16 2 4588
17 16 3 8318
17 16 4 8361
17 16 5 5978
17 16 6 6048
17 16 7 7838
17 16 8 8351
17 16 9 5097
17 16 10 6912
17 16 11 7025
17 16 12 7229
17 16 13 6386
17 16 14 7336
17 16 15 9091
17 16 16 0
17 16 17 0
17 16 18 3980
17 16 19 4757
17 17 0 0
17 17 1 0
17 17 2 0
17 17 3 0
17 17 4 0
17 17 5 0
17 17 6 0
17 17 7 0
17 17 8 0
17 17 9 0
17 17 10 0
17 17 11 0
17 17 12 0
17 17 13 0
17 17 14 0
17 17 15 0
17 17 16 0
17 17 17 0
17 17 18 0
17 17 19 0
17 18 0 2556
17 18 1 3990
17 18 2 2351
17 18 3 2260
17 18 4 3678
17 18 5 244
17 18 6 483
17 18 7 1306
17 18 8 579
17 18 9 492
17 18 10 4624
17 18 11 3470
17 18 12 4822
17 18 13 2993
17 18 14 4083
17 18 15 1699
17 18 16 3674
17 18 17 0
17 18 18 0
17 18 19 4481
17 19 0 5750
17 19 1 4876
17 19 2 5980
17 19 3 3678
17 19 4 5328
17 19 5 6599
17 19 6 5363
17 19 7 3006
17 19 8 7161
17 19 9 6132
17 19 10 3017
17 19 11 2662
17 19 12 7112
17 19 13 4216
17 19 14 7307
17 19 15 3762
17 19 16 6812
17 19 17 0
17 19 18 3116
17 19 19 0
18 0 0 0
18 0 1 4229
18 0 2 3333
18 0 3 5807
18 0 4 4944
18 0 5 5287
18 0 6 4891
18 0 7 4337
18 0 8 5849
18 0 9 5357
18 0 10 4803
18 0 11 2758
18 0 12 4207
18 0 13 6909
18 0 14 3052
18 0 15 3095
18 0 16 6115
18 0 17 5203
18 0 18 0
18 0 19 5412
18 1 0 6771
18 1 1 0
18 1 2 6662
18 1 3 4484
18 1 4 6109
18 1 5 8608
18 1 6 8279
18 1 7 5510
18 1 8 4578
18 1 9 5469
18 1 10 4586
18 1 11 7880
18 1 12 4613
18 1 13 4399
18 1 14 6399
18 1 15 5189
18 1 16 5557
18 1 17 7855
18 1 18 0
18 1 19 7394
18 2 0 5946
18 2 1 6404
18 2 2 0
18 2 3 6557
18 2 4 5930
18 2 5 4872
18 2 6 3453
18 2 7 5151
18 2 8 5026
18 2 9 3936
18 2 10 3514
18 2 11 6511
18 2 12 5166
18 2 13 2418
18 2 14 2485
18 2 15 2955
18 2 16 5567
18 2 17 4311
18 2 18 0
18 2 19 8206
18 3 0 4952
18 3 1 7016
18 3 2 4568
18 3 3 0
18 3 4 4381
18 3 5 3247
18 3 6 4519
18 3 7 6936
18 3 8 2922
18 3 9 6651
18 3 10 5593
18 3 11 2413
18 3 12 3939
18 3 13 3999
18 3 14 6855
18 3 15 2585
18 3 16 7102
18 3 17 5539
18 3 18 0
18 3 19 4453
18 4 0 8019
18 4 1 4496
18 4 2 4205
18 4 3 5440
18 4 4 0
18 4 5 8361
18 4 6 4313
18 4 7 5210
18 4 8 4083
18 4 9 6817
18 4 10 7769
18 4 11 7481
18 4 12 3891
18 4 13 6976
18 4 14 5238
18 4 15 5818
18 4 16 8489
18 4 17 6500
18 4 18 0
18 4 19 3707
18 5 0 3598
18 5 1 1839
18 5 2 4342
18 5 3 4416
18 5 4 2314
18 5 5 0
18 5 6 468
18 5 7 1156
18 5 8 2158
18 5 9 1126
18 5 10 4102
18 5 11 3457
18 5 12 4760
18 5 13 2232
18 5 14 3089
18 5 15 4518
18 5 16 815
18 5 17 1753
18 5 18 0
18 5 19 8293
18 6 0 5352
18 6 1 1600
18 6 2 4904
18 6 3 2952
18 6 4 982
18 6 5 3928
18 6 6 0
18 6 7 4446
18 6 8 1031
18 6 9 1736
18 6 10 4418
18 6 11 1402
18 6 12 1161
18 6 13 3995
18 6 14 1710
18 6 15 3740
18 6 16 1651
18 6 17 2494
18 6 18 0
18 6 19 6836
18 7 0 2528
18 7 1 3689
18 7 2 2513
18 7 3 1593
18 7 4 2146
18 7 5 1548
18 7 6 4443
18 7 7 0
18 7 8 1273
18 7 9 6103
18 7 10 3470
18 7 11 4026
18 7 12 4255
18 7 13 3893
18 7 14 6243
18 7 15 3161
18 7 16 6225
18 7 17 5832
18 7 18 0
18 7 19 671
18 8 0 5137
18 8 1 4247
18 8 2 4548
18 8 3 5414
18 8 4 3076
18 8 5 806
18 8 6 5230
18 8 7 3705
18 8 8 0
18 8 9 4936
18 8 10 2868
18 8 11 3988
18 8 12 3484
18 8 13 2054
18 8 14 1211
18 8 15 2864
18 8 16 5503
18 8 17 3448
18 8 18 0
18 8 19 9573
18 9 0 5355
18 9 1 1355
18 9 2 2362
18 9 3 1469
18 9 4 4729
18 9 5 5126
18 9 6 3975
18 9 7 3851
18 9 8 683
18 9 9 0
18 9 10 1861
18 9 11 3305
18 9 12 4699
18 9 13 1130
18 9 14 1305
18 9 15 4632
18 9 16 4892
18 9 17 2400
18 9 18 0
18 9 19 8381
18 10 0 4994
18 10 1 6533
18 10 2 5718
18 10 3 7149
18 10 4 5587
18 10 5 8685
18 10 6 4842
18 10 7 6311
18 10 8 6920
18 10 9 8550
18 10 10 0
18 10 11 8074
18 10 12 5228
18 10 13 8371
18 10 14 5615
18 10 15 9143
18 10 16 5181
18 10 17 5594
18 10 18 0
18 10 19 2318
18 11 0 6241
18 11 1 4335
18 11 2 8374
18 11 3 7521
18 11 4 6508
18 11 5 4746
18 11 6 4003
18 11 7 8063
18 11 8 4766
18 11 9 5960
18 11 10 7450
18 11 11 0
18 11 12 8430
18 11 13 7255
18 11 14 8399
18 11 15 3699
18 11 16 4491
18 11 17 4740
18 11 18 0
18 11 19 4243
18 12 0 9548
18 12 1 5763
18 12 2 8695
18 12 3 9196
18 12 4 6448
18 12 5 5221
18 12 6 5798
18 12 7 6136
18 12 8 7450
18 12 9 7395
18 12 10 6971
18 12 11 6862
18 12 12 0
18 12 13 6252
18 12 14 5115
18 12 15 5033
18 12 16 7167
18 12 17 4931
18 12 18 0
18 12 19 8941
18 13 0 6597
18 13 1 6686
18 13 2 5312
18 13 3 4401
18 13 4 5860
18 13 5 4730
18 13 6 7621
18 13 7 7938
18 13 8 6448
18 13 9 6021
18 13 10 3818
18 13 11 4839
18 13 12 6908
18 13 13 0
18 13 14 3032
18 13 15 6533
18 13 16 4885
18 13 17 6953
18 13 18 0
18 13 19 3087
18 14 0 8751
18 14 1 7635
18 14 2 8770
18 14 3 4112
18 14 4 5484
18 14 5 4186
18 14 6 6432
18 14 7 4802
18 14 8 5282
18 14 9 8577
18 14 10 7737
18 14 11 4952
18 14 12 7498
18 14 13 5881
18 14 14 0
18 14 15 6343
18 14 16 6496
18 14 17 4561
18 14 18 0
18 14 19 8696
18 15 0 2302
18 15 1 1940
18 15 2 2294
18 15 3 4323
18 15 4 4750
18 15 5 5794
18 15 6 5548
18 15 7 2127
18 15 8 3208
18 15 9 5853
18 15 10 3638
18 15 11 3453
18 15 12 3442
18 15 13 4707
18 15 14 2526
18 15 15 0
18 15 16 5941
18 15 17 5303
18 15 18 0
18 15 19 5454
18 16 0 6548
18 16 1 8614
18 16 2 3992
18 16 3 7722
18 16 4 7765
18 16 5 5382
18 16 6 5452
18 16 7 7242
18 16 8 7755
18 16 9 4501
18 16 10 6316
18 16 11 6429
18 16 12 6633
18 16 13 5790
18 16 14 6740
18 16 15 8495
18 16 16 0
18 16 17 3980
18 16 18 0
18 16 19 4908
18 17 0 4446
18 17 1 8117
18 17 2 6256
18 17 3 3635
18 17 4 7096
18 17 5 7064
18 17 6 4041
18 17 7 6834
18 17 8 3874
18 17 9 6351
18 17 10 3732
18 17 11 7610
18 17 12 7154
18 17 13 3375
18 17 14 5124
18 17 15 5550
18 17 16 7513
18 17 17 0
18 17 18 0
18 17 19 2282
18 18 0 0
18 18 1 0
18 18 2 0
18 18 3 0
18 18 4 0
18 18 5 0
18 18 6 0
18 18 7 0
18 18 8 0
18 18 9 0
18 18 10 0
18 18 11 0
18 18 12 0
18 18 13 0
18 18 14 0
18 18 15 0
18 18 16 0
18 18 17 0
18 18 18 0
18 18 19 0
18 19 0 4223
18 19 1 3349
18 19 2 4453
18 19 3 2151
18 19 4 3801
18 19 5 5072
18 19 6 3836
18 19 7 1479
18 19 8 5634
18 19 9 4605
18 19 10 1490
18 19 11 1135
18 19 12 5585
18 19 13 2689
18 19 14 5780
18 19 15 2235
18 19 16 5285
18 19 17 3116
18 19 18 0
18 19 19 0
19 0 0 0
19 0 1 5062
19 0 2 4166
19 0 3 6640
19 0 4 5777
19 0 5 6120
19 0 6 5724
19 0 7 5170
19 0 8 6682
19 0 9 6190
19 0 10 5636
19 0 11 3591
19 0 12 5040
19 0 13 7742
19 0 14 3885
19 0 15 3928
19 0 16 6948
19 0 17 6036
19 0 18 5412
19 0 19 0
19 1 0 5296
19 1 1 0
19 1 2 5187
19 1 3 3009
19 1 4 4634
19 1 5 7133
19 1 6 6804
19 1 7 4035
19 1 8 3103
19 1 9 3994
19 1 10 3111
19 1 11 6405
19 1 12 3138
19 1 13 2924
19 1 14 4924
19 1 15 3714
19 1 16 4082
19 1 17 6380
19 1 18 7394
19 1 19 0
19 2 0 7214
19 2 1 7672
19 2 2 0
19 2 3 7825
19 2 4 7198
19 2 5 6140
19 2 6 4721
19 2 7 6419
19 2 8 6294
19 2 9 5204
19 2 10 4782
19 2 11 7779
19 2 12 6434
19 2 13 3686
19 2 14 3753
19 2 15 4223
19 2 16 6835
19 2 17 5579
19 2 18 8206
19 2 19 0
19 3 0 4009
19 3 1 6073
19 3 2 3625
19 3 3 0
19 3 4 3438
19 3 5 2304
19 3 6 3576
19 3 7 5993
19 3 8 1979
19 3 9 5708
19 3 10 4650
19 3 11 1470
19 3 12 2996
19 3 13 3056
19 3 14 5912
19 3 15 1642
19 3 16 6159
19 3 17 4596
19 3 18 4453
19 3 19 0
19 4 0 7308
19 4 1 3785
19 4 2 3494
19 4 3 4729
19 4 4 0
19 4 5 7650
19 4 6 3602
19 4 7 4499
19 4 8 3372
19 4 9 6106
19 4 10 7058
19 4 11 6770
19 4 12 3180
19 4 13 6265
19 4 14 4527
19 4 15 5107
19 4 16 7778
19 4 17 5789
19 4 18 3707
19 4 19 0
19 5 0 7592
19 5 1 5833
19 5 2 8336
19 5 3 8410
19 5 4 6308
19 5 5 0
19 5 6 4462
19 5 7 5150
19 5 8 6152
19 5 9 5120
19 5 10 8096
19 5 11 7451
19 5 12 8754
19 5 13 6226
19 5 14 7083
19 5 15 8512
19 5 16 4809
19 5 17 5747
19 5 18 8293
19 5 19 0
19 6 0 7871
19 6 1 4119
19 6 2 7423
19 6 3 5471
19 6 4 3501
19 6 5 6447
19 6 6 0
19 6 7 6965
19 6 8 3550
19 6 9 4255
19 6 10 6937
19 6 11 3921
19 6 12 3680
19 6 13 6514
19 6 14 4229
19 6 15 6259
19 6 16 4170
19 6 17 5013
19 6 18 6836
19 6 19 0
19 7 0 1867
19 7 1 3028
19 7 2 1852
19 7 3 932
19 7 4 1485
19 7 5 887
19 7 6 3782
19 7 7 0
19 7 8 612
19 7 9 5442
19 7 10 2809
19 7 11 3365
19 7 12 3594
19 7 13 3232
19 7 14 5582
19 7 15 2500
19 7 16 5564
19 7 17 5171
19 7 18 671
19 7 19 0
19 8 0 9358
19 8 1 8468
19 8 2 8769
19 8 3 9635
19 8 4 7297
19 8 5 5027
19 8 6 9451
19 8 7 7926
19 8 8 0
19 8 9 9157
19 8 10 7089
19 8 11 8209
19 8 12 7705
19 8 13 6275
19 8 14 5432
19 8 15 7085
19 8 16 9724
19 8 17 7669
19 8 18 9573
19 8 19 0
19 9 0 8634
19 9 1 4634
19 9 2 5641
19 9 3 4748
19 9 4 8008
19 9 5 8405
19 9 6 7254
19 9 7 7130
19 9 8 3962
19 9 9 0
19 9 10 5140
19 9 11 6584
19 9 12 7978
19 9 13 4409
19 9 14 4584
19 9 15 7911
19 9 16 8171
19 9 17 5679
19 9 18 8381
19 9 19 0
19 10 0 1026
19 10 1 2565
19 10 2 1750
19 10 3 3181
19 10 4 1619
19 10 5 4717
19 10 6 874
19 10 7 2343
19 10 8 2952
19 10 9 4582
19 10 10 0
19 10 11 4106
19 10 12 1260
19 10 13 4403
19 10 14 1647
19 10 15 5175
19 10 16 1213
19 10 17 1626
19 10 18 2318
19 10 19 0
19 11 0 3072
19 11 1 1166
19 11 2 5205
19 11 3 4352
19 11 4 3339
19 11 5 1577
19 11 6 834
19 11 7 4894
19 11 8 1597
19 11 9 2791
19 11 10 4281
19 11 11 0
19 11 12 5261
19 11 13 4086
19 11 14 5230
19 11 15 530
19 11 16 1322
19 11 17 1571
19 11 18 4243
19 11 19 0
19 12 0 9477
19 12 1 5692
19 12 2 8624
19 12 3 9125
19 12 4 6377
19 12 5 5150
19 12 6 5727
19 12 7 6065
19 12 8 7379
19 12 9 7324
19 12 10 6900
19 12 11 6791
19 12 12 0
19 12 13 6181
19 12 14 5044
19 12 15 4962
19 12 16 7096
19 12 17 4860
19 12 18 8941
19 12 19 0
19 13 0 5459
19 13 1 5548
19 13 2 4174
19 13 3 3263
19 13 4 4722
19 13 5 3592
19 13 6 6483
19 13 7 6800
19 13 8 5310
19 13 9 4883
19 13 10 2680
19 13 11 3701
19 13 12 5770
19 13 13 0
19 13 14 1894
19 13 15 5395
19 13 16 3747
19 13 17 5815
19 13 18 3087
19 13 19 0
19 14 0 9614
19 14 1 8498
19 14 2 9633
19 14 3 4975
19 14 4 6347
19 14 5 5049
19 14 6 7295
19 14 7 5665
19 14 8 6145
19 14 9 9440
19 14 10 8600
19 14 11 5815
19 14 12 8361
19 14 13 6744
19 14 14 0
19 14 15 7206
19 14 16 7359
19 14 17 5424
19 14 18 8696
19 14 19 0
19 15 0 2004
19 15 1 1642
19 15 2 1996
19 15 3 4025
19 15 4 4452
19 15 5 5496
19 15 6 5250
19 15 7 1829
19 15 8 2910
19 15 9 5555
19 15 10 3340
19 15 11 3155
19 15 12 3144
19 15 13 4409
19 15 14 2228
19 15 15 0
19 15 16 5643
19 15 17 5005
19 15 18 5454
19 15 19 0
19 16 0 7325
19 16 1 9391
19 16 2 4769
19 16 3 8499
19 16 4 8542
19 16 5 6159
19 16 6 6229
19 16 7 8019
19 16 8 8532
19 16 9 5278
19 16 10 7093
19 16 11 7206
19 16 12 7410
19 16 13 6567
19 16 14 7517
19 16 15 9272
19 16 16 0
19 16 17 4757
19 16 18 4908
19 16 19 0
19 17 0 3413
19 17 1 7084
19 17 2 5223
19 17 3 2602
19 17 4 6063
19 17 5 6031
19 17 6 3008
19 17 7 5801
19 17 8 2841
19 17 9 5318
19 17 10 2699
19 17 11 6577
19 17 12 6121
19 17 13 2342
19 17 14 4091
19 17 15 4517
19 17 16 6480
19 17 17 0
19 17 18 2282
19 17 19 0
19 18 0 3722
19 18 1 5156
19 18 2 3517
19 18 3 3426
19 18 4 4844
19 18 5 1410
19 18 6 1649
19 18 7 2472
19 18 8 1745
19 18 9 1658
19 18 10 5790
19 18 11 4636
19 18 12 5988
19 18 13 4159
19 18 14 5249
19 18 15 2865
19 18 16 4840
19 18 17 4481
19 18 18 0
19 18 19 0
19 19 0 0
19 19 1 0
19 19 2 0
19 19 3 0
19 19 4 0
19 19 5 0
19 19 6 0
19 19 7 0
19 19 8 0
19 19 9 0
19 19 10 0
19 19 11 0
19 19 12 0
19 19 13 0
19 19 14 0
19 19 15 0
19 19 16 0
19 19 17 0
19 19 18 0
19 19 19 0
