20
0 0 0 0
0 0 1 0
0 0 2 0
0 0 3 0
0 0 4 0
0 0 5 0
0 0 6 0
0 0 7 0
0 0 8 0
0 0 9 0
0 0 10 0
0 0 11 0
0 0 12 0
0 0 13 0
0 0 14 0
0 0 15 0
0 0 16 0
0 0 17 0
0 0 18 0
0 0 19 0
0 1 0 0
0 1 1 0
0 1 2 1845
0 1 3 2020
0 1 4 4708
0 1 5 3985
0 1 6 837
0 1 7 4307
0 1 8 2743
0 1 9 2999
0 1 10 1956
0 1 11 4580
0 1 12 3478
0 1 13 4491
0 1 14 1945
0 1 15 433
0 1 16 1336
0 1 17 1252
0 1 18 2956
0 1 19 2666
0 2 0 0
0 2 1 5385
0 2 2 0
0 2 3 8529
0 2 4 8031
0 2 5 4478
0 2 6 6080
0 2 7 7173
0 2 8 9130
0 2 9 5785
0 2 10 8316
0 2 11 7383
0 2 12 7265
0 2 13 6024
0 2 14 4534
0 2 15 5244
0 2 16 8474
0 2 17 4532
0 2 18 8012
0 2 19 5128
0 3 0 0
0 3 1 7386
0 3 2 6019
0 3 3 0
0 3 4 8405
0 3 5 6293
0 3 6 5002
0 3 7 8342
0 3 8 8127
0 3 9 6522
0 3 10 8427
0 3 11 5203
0 3 12 7829
0 3 13 8442
0 3 14 4842
0 3 15 6278
0 3 16 7707
0 3 17 3870
0 3 18 7945
0 3 19 7619
0 4 0 0
0 4 1 4535
0 4 2 5364
0 4 3 4902
0 4 4 0
0 4 5 2897
0 4 6 3564
0 4 7 2991
0 4 8 6910
0 4 9 3787
0 4 10 4037
0 4 11 3415
0 4 12 3979
0 4 13 3228
0 4 14 5086
0 4 15 7210
0 4 16 4859
0 4 17 4993
0 4 18 5691
0 4 19 5667
0 5 0 0
0 5 1 8382
0 5 2 8467
0 5 3 4199
0 5 4 7361
0 5 5 0
0 5 6 8237
0 5 7 5951
0 5 8 5907
0 5 9 6542
0 5 10 6079
0 5 11 4071
0 5 12 5565
0 5 13 6369
0 5 14 6079
0 5 15 5019
0 5 16 8870
0 5 17 4620
0 5 18 5600
0 5 19 7565
0 6 0 0
0 6 1 7901
0 6 2 3879
0 6 3 7376
0 6 4 4339
0 6 5 7476
0 6 6 0
0 6 7 7397
0 6 8 4184
0 6 9 7493
0 6 10 4843
0 6 11 4811
0 6 12 7755
0 6 13 6167
0 6 14 3971
0 6 15 8465
0 6 16 4602
0 6 17 4339
0 6 18 6638
0 6 19 4702
0 7 0 0
0 7 1 1737
0 7 2 2663
0 7 3 4792
0 7 4 3912
0 7 5 5663
0 7 6 4103
0 7 7 0
0 7 8 3403
0 7 9 1527
0 7 10 1096
0 7 11 4839
0 7 12 5232
0 7 13 4055
0 7 14 3402
0 7 15 4147
0 7 16 2230
0 7 17 1248
0 7 18 1131
0 7 19 6010
0 8 0 0
0 8 1 2107
0 8 2 3832
0 8 3 4279
0 8 4 2059
0 8 5 3173
0 8 6 5612
0 8 7 5125
0 8 8 0
0 8 9 2004
0 8 10 4473
0 8 11 3490
0 8 12 4873
0 8 13 6628
0 8 14 5538
0 8 15 6057
0 8 16 5117
0 8 17 4285
0 8 18 2667
0 8 19 1880
0 9 0 0
0 9 1 5804
0 9 2 1172
0 9 3 2336
0 9 4 3984
0 9 5 5078
0 9 6 5779
0 9 7 2510
0 9 8 5849
0 9 9 0
0 9 10 2773
0 9 11 3453
0 9 12 3879
0 9 13 3125
0 9 14 5031
0 9 15 3848
0 9 16 3222
0 9 17 4246
0 9 18 1926
0 9 19 4751
0 10 0 0
0 10 1 6602
0 10 2 7369
0 10 3 7583
0 10 4 7312
0 10 5 5615
0 10 6 7703
0 10 7 6130
0 10 8 7002
0 10 9 7943
0 10 10 0
0 10 11 5555
0 10 12 3722
0 10 13 3072
0 10 14 3672
0 10 15 4093
0 10 16 3048
0 10 17 5448
0 10 18 4250
0 10 19 4855
0 11 0 0
0 11 1 5142
0 11 2 7927
0 11 3 6714
0 11 4 8036
0 11 5 6414
0 11 6 5206
0 11 7 5169
0 11 8 5691
0 11 9 4731
0 11 10 9454
0 11 11 0
0 11 12 5652
0 11 13 6747
0 11 14 7865
0 11 15 8759
0 11 16 6911
0 11 17 5192
0 11 18 7737
0 11 19 7466
0 12 0 0
0 12 1 5061
0 12 2 7845
0 12 3 4908
0 12 4 7718
0 12 5 8437
0 12 6 7464
0 12 7 7929
0 12 8 6100
0 12 9 9383
0 12 10 5072
0 12 11 9104
0 12 12 0
0 12 13 6115
0 12 14 5532
0 12 15 7618
0 12 16 8901
0 12 17 5939
0 12 18 7727
0 12 19 4774
0 13 0 0
0 13 1 8387
0 13 2 8814
0 13 3 8308
0 13 4 9177
0 13 5 8826
0 13 6 8622
0 13 7 6124
0 13 8 7274
0 13 9 5224
0 13 10 8159
0 13 11 7466
0 13 12 7012
0 13 13 0
0 13 14 9120
0 13 15 7936
0 13 16 7547
0 13 17 5619
0 13 18 6071
0 13 19 8572
0 14 0 0
0 14 1 6356
0 14 2 4052
0 14 3 4743
0 14 4 2434
0 14 5 4836
0 14 6 1818
0 14 7 2674
0 14 8 1894
0 14 9 2368
0 14 10 1593
0 14 11 3255
0 14 12 4474
0 14 13 3201
0 14 14 0
0 14 15 2229
0 14 16 2638
0 14 17 5322
0 14 18 1911
0 14 19 4649
0 15 0 0
0 15 1 5323
0 15 2 4031
0 15 3 6937
0 15 4 6741
0 15 5 3021
0 15 6 4693
0 15 7 6542
0 15 8 5141
0 15 9 7357
0 15 10 6191
0 15 11 5123
0 15 12 3386
0 15 13 3366
0 15 14 3231
0 15 15 0
0 15 16 7608
0 15 17 7581
0 15 18 3440
0 15 19 7048
0 16 0 0
0 16 1 6180
0 16 2 7279
0 16 3 7181
0 16 4 4972
0 16 5 7001
0 16 6 7000
0 16 7 6007
0 16 8 5405
0 16 9 2764
0 16 10 2610
0 16 11 3336
0 16 12 2930
0 16 13 6240
0 16 14 5856
0 16 15 5042
0 16 16 0
0 16 17 7262
0 16 18 4286
0 16 19 5467
0 17 0 0
0 17 1 7563
0 17 2 6925
0 17 3 8398
0 17 4 6272
0 17 5 9318
0 17 6 4981
0 17 7 6657
0 17 8 6569
0 17 9 5510
0 17 10 6401
0 17 11 8995
0 17 12 6410
0 17 13 9547
0 17 14 9713
0 17 15 9501
0 17 16 5597
0 17 17 0
0 17 18 9853
0 17 19 7027
0 18 0 0
0 18 1 6828
0 18 2 7003
0 18 3 8559
0 18 4 7715
0 18 5 4948
0 18 6 6415
0 18 7 8385
0 18 8 8051
0 18 9 8260
0 18 10 4615
0 18 11 4117
0 18 12 4012
0 18 13 7857
0 18 14 5213
0 18 15 8117
0 18 16 5652
0 18 17 8572
0 18 18 0
0 18 19 7539
0 19 0 0
0 19 1 1707
0 19 2 5163
0 19 3 4410
0 19 4 403
0 19 5 3854
0 19 6 2989
0 19 7 3662
0 19 8 1598
0 19 9 2958
0 19 10 1984
0 19 11 856
0 19 12 2910
0 19 13 5051
0 19 14 3964
0 19 15 1302
0 19 16 2055
0 19 17 3383
0 19 18 357
0 19 19 0
1 0 0 0
1 0 1 0
1 0 2 7567
1 0 3 6864
1 0 4 5855
1 0 5 7072
1 0 6 6740
1 0 7 4139
1 0 8 4959
1 0 9 4050
1 0 10 6073
1 0 11 7593
1 0 12 7617
1 0 13 8060
1 0 14 4547
1 0 15 5770
1 0 16 5668
1 0 17 8015
1 0 18 6785
1 0 19 3360
1 1 0 0
1 1 1 0
1 1 2 0
1 1 3 0
1 1 4 0
1 1 5 0
1 1 6 0
1 1 7 0
1 1 8 0
1 1 9 0
1 1 10 0
1 1 11 0
1 1 12 0
1 1 13 0
1 1 14 0
1 1 15 0
1 1 16 0
1 1 17 0
1 1 18 0
1 1 19 0
1 2 0 5385
1 2 1 0
1 2 2 0
1 2 3 5611
1 2 4 5113
1 2 5 1560
1 2 6 3162
1 2 7 4255
1 2 8 6212
1 2 9 2867
1 2 10 5398
1 2 11 4465
1 2 12 4347
1 2 13 3106
1 2 14 1616
1 2 15 2326
1 2 16 5556
1 2 17 1614
1 2 18 5094
1 2 19 2210
1 3 0 7386
1 3 1 0
1 3 2 3979
1 3 3 0
1 3 4 6365
1 3 5 4253
1 3 6 2962
1 3 7 6302
1 3 8 6087
1 3 9 4482
1 3 10 6387
1 3 11 3163
1 3 12 5789
1 3 13 6402
1 3 14 2802
1 3 15 4238
1 3 16 5667
1 3 17 1830
1 3 18 5905
1 3 19 5579
1 4 0 4535
1 4 1 0
1 4 2 7021
1 4 3 6559
1 4 4 0
1 4 5 4554
1 4 6 5221
1 4 7 4648
1 4 8 8567
1 4 9 5444
1 4 10 5694
1 4 11 5072
1 4 12 5636
1 4 13 4885
1 4 14 6743
1 4 15 8867
1 4 16 6516
1 4 17 6650
1 4 18 7348
1 4 19 7324
1 5 0 8382
1 5 1 0
1 5 2 8184
1 5 3 3916
1 5 4 7078
1 5 5 0
1 5 6 7954
1 5 7 5668
1 5 8 5624
1 5 9 6259
1 5 10 5796
1 5 11 3788
1 5 12 5282
1 5 13 6086
1 5 14 5796
1 5 15 4736
1 5 16 8587
1 5 17 4337
1 5 18 5317
1 5 19 7282
1 6 0 7901
1 6 1 0
1 6 2 780
1 6 3 4277
1 6 4 1240
1 6 5 4377
1 6 6 0
1 6 7 4298
1 6 8 1085
1 6 9 4394
1 6 10 1744
1 6 11 1712
1 6 12 4656
1 6 13 3068
1 6 14 872
1 6 15 5366
1 6 16 1503
1 6 17 1240
1 6 18 3539
1 6 19 1603
1 7 0 1737
1 7 1 0
1 7 2 5635
1 7 3 7764
1 7 4 6884
1 7 5 8635
1 7 6 7075
1 7 7 0
1 7 8 6375
1 7 9 4499
1 7 10 4068
1 7 11 7811
1 7 12 8204
1 7 13 7027
1 7 14 6374
1 7 15 7119
1 7 16 5202
1 7 17 4220
1 7 18 4103
1 7 19 8982
1 8 0 2107
1 8 1 0
1 8 2 4420
1 8 3 4867
1 8 4 2647
1 8 5 3761
1 8 6 6200
1 8 7 5713
1 8 8 0
1 8 9 2592
1 8 10 5061
1 8 11 4078
1 8 12 5461
1 8 13 7216
1 8 14 6126
1 8 15 6645
1 8 16 5705
1 8 17 4873
1 8 18 3255
1 8 19 2468
1 9 0 5804
1 9 1 0
1 9 2 2925
1 9 3 4089
1 9 4 5737
1 9 5 6831
1 9 6 7532
1 9 7 4263
1 9 8 7602
1 9 9 0
1 9 10 4526
1 9 11 5206
1 9 12 5632
1 9 13 4878
1 9 14 6784
1 9 15 5601
1 9 16 4975
1 9 17 5999
1 9 18 3679
1 9 19 6504
1 10 0 6602
1 10 1 0
1 10 2 6056
1 10 3 6270
1 10 4 5999
1 10 5 4302
1 10 6 6390
1 10 7 4817
1 10 8 5689
1 10 9 6630
1 10 10 0
1 10 11 4242
1 10 12 2409
1 10 13 1759
1 10 14 2359
1 10 15 2780
1 10 16 1735
1 10 17 4135
1 10 18 2937
1 10 19 3542
1 11 0 5142
1 11 1 0
1 11 2 7718
1 11 3 6505
1 11 4 7827
1 11 5 6205
1 11 6 4997
1 11 7 4960
1 11 8 5482
1 11 9 4522
1 11 10 9245
1 11 11 0
1 11 12 5443
1 11 13 6538
1 11 14 7656
1 11 15 8550
1 11 16 6702
1 11 17 4983
1 11 18 7528
1 11 19 7257
1 12 0 5061
1 12 1 0
1 12 2 6510
1 12 3 3573
1 12 4 6383
1 12 5 7102
1 12 6 6129
1 12 7 6594
1 12 8 4765
1 12 9 8048
1 12 10 3737
1 12 11 7769
1 12 12 0
1 12 13 4780
1 12 14 4197
1 12 15 6283
1 12 16 7566
1 12 17 4604
1 12 18 6392
1 12 19 3439
1 13 0 8387
1 13 1 0
1 13 2 8049
1 13 3 7543
1 13 4 8412
1 13 5 8061
1 13 6 7857
1 13 7 5359
1 13 8 6509
1 13 9 4459
1 13 10 7394
1 13 11 6701
1 13 12 6247
1 13 13 0
1 13 14 8355
1 13 15 7171
1 13 16 6782
1 13 17 4854
1 13 18 5306
1 13 19 7807
1 14 0 6356
1 14 1 0
1 14 2 4254
1 14 3 4945
1 14 4 2636
1 14 5 5038
1 14 6 2020
1 14 7 2876
1 14 8 2096
1 14 9 2570
1 14 10 1795
1 14 11 3457
1 14 12 4676
1 14 13 3403
1 14 14 0
1 14 15 2431
1 14 16 2840
1 14 17 5524
1 14 18 2113
1 14 19 4851
1 15 0 5323
1 15 1 0
1 15 2 1498
1 15 3 4404
1 15 4 4208
1 15 5 488
1 15 6 2160
1 15 7 4009
1 15 8 2608
1 15 9 4824
1 15 10 3658
1 15 11 2590
1 15 12 853
1 15 13 833
1 15 14 698
1 15 15 0
1 15 16 5075
1 15 17 5048
1 15 18 907
1 15 19 4515
1 16 0 6180
1 16 1 0
1 16 2 5751
1 16 3 5653
1 16 4 3444
1 16 5 5473
1 16 6 5472
1 16 7 4479
1 16 8 3877
1 16 9 1236
1 16 10 1082
1 16 11 1808
1 16 12 1402
1 16 13 4712
1 16 14 4328
1 16 15 3514
1 16 16 0
1 16 17 5734
1 16 18 2758
1 16 19 3939
1 17 0 7563
1 17 1 0
1 17 2 2966
1 17 3 4439
1 17 4 2313
1 17 5 5359
1 17 6 1022
1 17 7 2698
1 17 8 2610
1 17 9 1551
1 17 10 2442
1 17 11 5036
1 17 12 2451
1 17 13 5588
1 17 14 5754
1 17 15 5542
1 17 16 1638
1 17 17 0
1 17 18 5894
1 17 19 3068
1 18 0 6828
1 18 1 0
1 18 2 5978
1 18 3 7534
1 18 4 6690
1 18 5 3923
1 18 6 5390
1 18 7 7360
1 18 8 7026
1 18 9 7235
1 18 10 3590
1 18 11 3092
1 18 12 2987
1 18 13 6832
1 18 14 4188
1 18 15 7092
1 18 16 4627
1 18 17 7547
1 18 18 0
1 18 19 6514
1 19 0 1707
1 19 1 0
1 19 2 7273
1 19 3 6520
1 19 4 2513
1 19 5 5964
1 19 6 5099
1 19 7 5772
1 19 8 3708
1 19 9 5068
1 19 10 4094
1 19 11 2966
1 19 12 5020
1 19 13 7161
1 19 14 6074
1 19 15 3412
1 19 16 4165
1 19 17 5493
1 19 18 2467
1 19 19 0
2 0 0 0
2 0 1 7567
2 0 2 0
2 0 3 8314
2 0 4 7305
2 0 5 8522
2 0 6 8190
2 0 7 5589
2 0 8 6409
2 0 9 5500
2 0 10 7523
2 0 11 9043
2 0 12 9067
2 0 13 9510
2 0 14 5997
2 0 15 7220
2 0 16 7118
2 0 17 9465
2 0 18 8235
2 0 19 4810
2 1 0 1845
2 1 1 0
2 1 2 0
2 1 3 2642
2 1 4 5330
2 1 5 4607
2 1 6 1459
2 1 7 4929
2 1 8 3365
2 1 9 3621
2 1 10 2578
2 1 11 5202
2 1 12 4100
2 1 13 5113
2 1 14 2567
2 1 15 1055
2 1 16 1958
2 1 17 1874
2 1 18 3578
2 1 19 3288
2 2 0 0
2 2 1 0
2 2 2 0
2 2 3 0
2 2 4 0
2 2 5 0
2 2 6 0
2 2 7 0
2 2 8 0
2 2 9 0
2 2 10 0
2 2 11 0
2 2 12 0
2 2 13 0
2 2 14 0
2 2 15 0
2 2 16 0
2 2 17 0
2 2 18 0
2 2 19 0
2 3 0 6019
2 3 1 3979
2 3 2 0
2 3 3 0
2 3 4 8713
2 3 5 6601
2 3 6 5310
2 3 7 8650
2 3 8 8435
2 3 9 6830
2 3 10 8735
2 3 11 5511
2 3 12 8137
2 3 13 8750
2 3 14 5150
2 3 15 6586
2 3 16 8015
2 3 17 4178
2 3 18 8253
2 3 19 7927
2 4 0 5364
2 4 1 7021
2 4 2 0
2 4 3 5721
2 4 4 0
2 4 5 3716
2 4 6 4383
2 4 7 3810
2 4 8 7729
2 4 9 4606
2 4 10 4856
2 4 11 4234
2 4 12 4798
2 4 13 4047
2 4 14 5905
2 4 15 8029
2 4 16 5678
2 4 17 5812
2 4 18 6510
2 4 19 6486
2 5 0 8467
2 5 1 8184
2 5 2 0
2 5 3 248
2 5 4 3410
2 5 5 0
2 5 6 4286
2 5 7 2000
2 5 8 1956
2 5 9 2591
2 5 10 2128
2 5 11 120
2 5 12 1614
2 5 13 2418
2 5 14 2128
2 5 15 1068
2 5 16 4919
2 5 17 669
2 5 18 1649
2 5 19 3614
2 6 0 3879
2 6 1 780
2 6 2 0
2 6 3 5359
2 6 4 2322
2 6 5 5459
2 6 6 0
2 6 7 5380
2 6 8 2167
2 6 9 5476
2 6 10 2826
2 6 11 2794
2 6 12 5738
2 6 13 4150
2 6 14 1954
2 6 15 6448
2 6 16 2585
2 6 17 2322
2 6 18 4621
2 6 19 2685
2 7 0 2663
2 7 1 5635
2 7 2 0
2 7 3 6469
2 7 4 5589
2 7 5 7340
2 7 6 5780
2 7 7 0
2 7 8 5080
2 7 9 3204
2 7 10 2773
2 7 11 6516
2 7 12 6909
2 7 13 5732
2 7 14 5079
2 7 15 5824
2 7 16 3907
2 7 17 2925
2 7 18 2808
2 7 19 7687
2 8 0 3832
2 8 1 4420
2 8 2 0
2 8 3 7093
2 8 4 4873
2 8 5 5987
2 8 6 8426
2 8 7 7939
2 8 8 0
2 8 9 4818
2 8 10 7287
2 8 11 6304
2 8 12 7687
2 8 13 9442
2 8 14 8352
2 8 15 8871
2 8 16 7931
2 8 17 7099
2 8 18 5481
2 8 19 4694
2 9 0 1172
2 9 1 2925
2 9 2 0
2 9 3 2714
2 9 4 4362
2 9 5 5456
2 9 6 6157
2 9 7 2888
2 9 8 6227
2 9 9 0
2 9 10 3151
2 9 11 3831
2 9 12 4257
2 9 13 3503
2 9 14 5409
2 9 15 4226
2 9 16 3600
2 9 17 4624
2 9 18 2304
2 9 19 5129
2 10 0 7369
2 10 1 6056
2 10 2 0
2 10 3 8469
2 10 4 8198
2 10 5 6501
2 10 6 8589
2 10 7 7016
2 10 8 7888
2 10 9 8829
2 10 10 0
2 10 11 6441
2 10 12 4608
2 10 13 3958
2 10 14 4558
2 10 15 4979
2 10 16 3934
2 10 17 6334
2 10 18 5136
2 10 19 5741
2 11 0 7927
2 11 1 7718
2 11 2 0
2 11 3 5147
2 11 4 6469
2 11 5 4847
2 11 6 3639
2 11 7 3602
2 11 8 4124
2 11 9 3164
2 11 10 7887
2 11 11 0
2 11 12 4085
2 11 13 5180
2 11 14 6298
2 11 15 7192
2 11 16 5344
2 11 17 3625
2 11 18 6170
2 11 19 5899
2 12 0 7845
2 12 1 6510
2 12 2 0
2 12 3 3199
2 12 4 6009
2 12 5 6728
2 12 6 5755
2 12 7 6220
2 12 8 4391
2 12 9 7674
2 12 10 3363
2 12 11 7395
2 12 12 0
2 12 13 4406
2 12 14 3823
2 12 15 5909
2 12 16 7192
2 12 17 4230
2 12 18 6018
2 12 19 3065
2 13 0 8814
2 13 1 8049
2 13 2 0
2 13 3 4915
2 13 4 5784
2 13 5 5433
2 13 6 5229
2 13 7 2731
2 13 8 3881
2 13 9 1831
2 13 10 4766
2 13 11 4073
2 13 12 3619
2 13 13 0
2 13 14 5727
2 13 15 4543
2 13 16 4154
2 13 17 2226
2 13 18 2678
2 13 19 5179
2 14 0 4052
2 14 1 4254
2 14 2 0
2 14 3 3373
2 14 4 1064
2 14 5 3466
2 14 6 448
2 14 7 1304
2 14 8 524
2 14 9 998
2 14 10 223
2 14 11 1885
2 14 12 3104
2 14 13 1831
2 14 14 0
2 14 15 859
2 14 16 1268
2 14 17 3952
2 14 18 541
2 14 19 3279
2 15 0 4031
2 15 1 1498
2 15 2 0
2 15 3 5054
2 15 4 4858
2 15 5 1138
2 15 6 2810
2 15 7 4659
2 15 8 3258
2 15 9 5474
2 15 10 4308
2 15 11 3240
2 15 12 1503
2 15 13 1483
2 15 14 1348
2 15 15 0
2 15 16 5725
2 15 17 5698
2 15 18 1557
2 15 19 5165
2 16 0 7279
2 16 1 5751
2 16 2 0
2 16 3 8630
2 16 4 6421
2 16 5 8450
2 16 6 8449
2 16 7 7456
2 16 8 6854
2 16 9 4213
2 16 10 4059
2 16 11 4785
2 16 12 4379
2 16 13 7689
2 16 14 7305
2 16 15 6491
2 16 16 0
2 16 17 8711
2 16 18 5735
2 16 19 6916
2 17 0 6925
2 17 1 2966
2 17 2 0
2 17 3 3558
2 17 4 1432
2 17 5 4478
2 17 6 141
2 17 7 1817
2 17 8 1729
2 17 9 670
2 17 10 1561
2 17 11 4155
2 17 12 1570
2 17 13 4707
2 17 14 4873
2 17 15 4661
2 17 16 757
2 17 17 0
2 17 18 5013
2 17 19 2187
2 18 0 7003
2 18 1 5978
2 18 2 0
2 18 3 8429
2 18 4 7585
2 18 5 4818
2 18 6 6285
2 18 7 8255
2 18 8 7921
2 18 9 8130
2 18 10 4485
2 18 11 3987
2 18 12 3882
2 18 13 7727
2 18 14 5083
2 18 15 7987
2 18 16 5522
2 18 17 8442
2 18 18 0
2 18 19 7409
2 19 0 5163
2 19 1 7273
2 19 2 0
2 19 3 4821
2 19 4 814
2 19 5 4265
2 19 6 3400
2 19 7 4073
2 19 8 2009
2 19 9 3369
2 19 10 2395
2 19 11 1267
2 19 12 3321
2 19 13 5462
2 19 14 4375
2 19 15 1713
2 19 16 2466
2 19 17 3794
2 19 18 768
2 19 19 0
3 0 0 0
3 0 1 6864
3 0 2 8314
3 0 3 0
3 0 4 7261
3 0 5 8478
3 0 6 8146
3 0 7 5545
3 0 8 6365
3 0 9 5456
3 0 10 7479
3 0 11 8999
3 0 12 9023
3 0 13 9466
3 0 14 5953
3 0 15 7176
3 0 16 7074
3 0 17 9421
3 0 18 8191
3 0 19 4766
3 1 0 2020
3 1 1 0
3 1 2 2642
3 1 3 0
3 1 4 8034
3 1 5 7311
3 1 6 4163
3 1 7 7633
3 1 8 6069
3 1 9 6325
3 1 10 5282
3 1 11 7906
3 1 12 6804
3 1 13 7817
3 1 14 5271
3 1 15 3759
3 1 16 4662
3 1 17 4578
3 1 18 6282
3 1 19 5992
3 2 0 8529
3 2 1 5611
3 2 2 0
3 2 3 0
3 2 4 5829
3 2 5 2276
3 2 6 3878
3 2 7 4971
3 2 8 6928
3 2 9 3583
3 2 10 6114
3 2 11 5181
3 2 12 5063
3 2 13 3822
3 2 14 2332
3 2 15 3042
3 2 16 6272
3 2 17 2330
3 2 18 5810
3 2 19 2926
3 3 0 0
3 3 1 0
3 3 2 0
3 3 3 0
3 3 4 0
3 3 5 0
3 3 6 0
3 3 7 0
3 3 8 0
3 3 9 0
3 3 10 0
3 3 11 0
3 3 12 0
3 3 13 0
3 3 14 0
3 3 15 0
3 3 16 0
3 3 17 0
3 3 18 0
3 3 19 0
3 4 0 4902
3 4 1 6559
3 4 2 5721
3 4 3 0
3 4 4 0
3 4 5 4793
3 4 6 5460
3 4 7 4887
3 4 8 8806
3 4 9 5683
3 4 10 5933
3 4 11 5311
3 4 12 5875
3 4 13 5124
3 4 14 6982
3 4 15 9106
3 4 16 6755
3 4 17 6889
3 4 18 7587
3 4 19 7563
3 5 0 4199
3 5 1 3916
3 5 2 248
3 5 3 0
3 5 4 5928
3 5 5 0
3 5 6 6804
3 5 7 4518
3 5 8 4474
3 5 9 5109
3 5 10 4646
3 5 11 2638
3 5 12 4132
3 5 13 4936
3 5 14 4646
3 5 15 3586
3 5 16 7437
3 5 17 3187
3 5 18 4167
3 5 19 6132
3 6 0 7376
3 6 1 4277
3 6 2 5359
3 6 3 0
3 6 4 1947
3 6 5 5084
3 6 6 0
3 6 7 5005
3 6 8 1792
3 6 9 5101
3 6 10 2451
3 6 11 2419
3 6 12 5363
3 6 13 3775
3 6 14 1579
3 6 15 6073
3 6 16 2210
3 6 17 1947
3 6 18 4246
3 6 19 2310
3 7 0 4792
3 7 1 7764
3 7 2 6469
3 7 3 0
3 7 4 7461
3 7 5 9212
3 7 6 7652
3 7 7 0
3 7 8 6952
3 7 9 5076
3 7 10 4645
3 7 11 8388
3 7 12 8781
3 7 13 7604
3 7 14 6951
3 7 15 7696
3 7 16 5779
3 7 17 4797
3 7 18 4680
3 7 19 9559
3 8 0 4279
3 8 1 4867
3 8 2 7093
3 8 3 0
3 8 4 4573
3 8 5 5687
3 8 6 8126
3 8 7 7639
3 8 8 0
3 8 9 4518
3 8 10 6987
3 8 11 6004
3 8 12 7387
3 8 13 9142
3 8 14 8052
3 8 15 8571
3 8 16 7631
3 8 17 6799
3 8 18 5181
3 8 19 4394
3 9 0 2336
3 9 1 4089
3 9 2 2714
3 9 3 0
3 9 4 5802
3 9 5 6896
3 9 6 7597
3 9 7 4328
3 9 8 7667
3 9 9 0
3 9 10 4591
3 9 11 5271
3 9 12 5697
3 9 13 4943
3 9 14 6849
3 9 15 5666
3 9 16 5040
3 9 17 6064
3 9 18 3744
3 9 19 6569
3 10 0 7583
3 10 1 6270
3 10 2 8469
3 10 3 0
3 10 4 9012
3 10 5 7315
3 10 6 9403
3 10 7 7830
3 10 8 8702
3 10 9 9643
3 10 10 0
3 10 11 7255
3 10 12 5422
3 10 13 4772
3 10 14 5372
3 10 15 5793
3 10 16 4748
3 10 17 7148
3 10 18 5950
3 10 19 6555
3 11 0 6714
3 11 1 6505
3 11 2 5147
3 11 3 0
3 11 4 4992
3 11 5 3370
3 11 6 2162
3 11 7 2125
3 11 8 2647
3 11 9 1687
3 11 10 6410
3 11 11 0
3 11 12 2608
3 11 13 3703
3 11 14 4821
3 11 15 5715
3 11 16 3867
3 11 17 2148
3 11 18 4693
3 11 19 4422
3 12 0 4908
3 12 1 3573
3 12 2 3199
3 12 3 0
3 12 4 7276
3 12 5 7995
3 12 6 7022
3 12 7 7487
3 12 8 5658
3 12 9 8941
3 12 10 4630
3 12 11 8662
3 12 12 0
3 12 13 5673
3 12 14 5090
3 12 15 7176
3 12 16 8459
3 12 17 5497
3 12 18 7285
3 12 19 4332
3 13 0 8308
3 13 1 7543
3 13 2 4915
3 13 3 0
3 13 4 8905
3 13 5 8554
3 13 6 8350
3 13 7 5852
3 13 8 7002
3 13 9 4952
3 13 10 7887
3 13 11 7194
3 13 12 6740
3 13 13 0
3 13 14 8848
3 13 15 7664
3 13 16 7275
3 13 17 5347
3 13 18 5799
3 13 19 8300
3 14 0 4743
3 14 1 4945
3 14 2 3373
3 14 3 0
3 14 4 2075
3 14 5 4477
3 14 6 1459
3 14 7 2315
3 14 8 1535
3 14 9 2009
3 14 10 1234
3 14 11 2896
3 14 12 4115
3 14 13 2842
3 14 14 0
3 14 15 1870
3 14 16 2279
3 14 17 4963
3 14 18 1552
3 14 19 4290
3 15 0 6937
3 15 1 4404
3 15 2 5054
3 15 3 0
3 15 4 6595
3 15 5 2875
3 15 6 4547
3 15 7 6396
3 15 8 4995
3 15 9 7211
3 15 10 6045
3 15 11 4977
3 15 12 3240
3 15 13 3220
3 15 14 3085
3 15 15 0
3 15 16 7462
3 15 17 7435
3 15 18 3294
3 15 19 6902
3 16 0 7181
3 16 1 5653
3 16 2 8630
3 16 3 0
3 16 4 6357
3 16 5 8386
3 16 6 8385
3 16 7 7392
3 16 8 6790
3 16 9 4149
3 16 10 3995
3 16 11 4721
3 16 12 4315
3 16 13 7625
3 16 14 7241
3 16 15 6427
3 16 16 0
3 16 17 8647
3 16 18 5671
3 16 19 6852
3 17 0 8398
3 17 1 4439
3 17 2 3558
3 17 3 0
3 17 4 1473
3 17 5 4519
3 17 6 182
3 17 7 1858
3 17 8 1770
3 17 9 711
3 17 10 1602
3 17 11 4196
3 17 12 1611
3 17 13 4748
3 17 14 4914
3 17 15 4702
3 17 16 798
3 17 17 0
3 17 18 5054
3 17 19 2228
3 18 0 8559
3 18 1 7534
3 18 2 8429
3 18 3 0
3 18 4 8221
3 18 5 5454
3 18 6 6921
3 18 7 8891
3 18 8 8557
3 18 9 8766
3 18 10 5121
3 18 11 4623
3 18 12 4518
3 18 13 8363
3 18 14 5719
3 18 15 8623
3 18 16 6158
3 18 17 9078
3 18 18 0
3 18 19 8045
3 19 0 4410
3 19 1 6520
3 19 2 4821
3 19 3 0
3 19 4 4008
3 19 5 7459
3 19 6 6594
3 19 7 7267
3 19 8 5203
3 19 9 6563
3 19 10 5589
3 19 11 4461
3 19 12 6515
3 19 13 8656
3 19 14 7569
3 19 15 4907
3 19 16 5660
3 19 17 6988
3 19 18 3962
3 19 19 0
4 0 0 0
4 0 1 5855
4 0 2 7305
4 0 3 7261
4 0 4 0
4 0 5 8372
4 0 6 8040
4 0 7 5439
4 0 8 6259
4 0 9 5350
4 0 10 7373
4 0 11 8893
4 0 12 8917
4 0 13 9360
4 0 14 5847
4 0 15 7070
4 0 16 6968
4 0 17 9315
4 0 18 8085
4 0 19 4660
4 1 0 4708
4 1 1 0
4 1 2 5330
4 1 3 8034
4 1 4 0
4 1 5 5469
4 1 6 2321
4 1 7 5791
4 1 8 4227
4 1 9 4483
4 1 10 3440
4 1 11 6064
4 1 12 4962
4 1 13 5975
4 1 14 3429
4 1 15 1917
4 1 16 2820
4 1 17 2736
4 1 18 4440
4 1 19 4150
4 2 0 8031
4 2 1 5113
4 2 2 0
4 2 3 5829
4 2 4 0
4 2 5 2630
4 2 6 4232
4 2 7 5325
4 2 8 7282
4 2 9 3937
4 2 10 6468
4 2 11 5535
4 2 12 5417
4 2 13 4176
4 2 14 2686
4 2 15 3396
4 2 16 6626
4 2 17 2684
4 2 18 6164
4 2 19 3280
4 3 0 8405
4 3 1 6365
4 3 2 8713
4 3 3 0
4 3 4 0
4 3 5 4686
4 3 6 3395
4 3 7 6735
4 3 8 6520
4 3 9 4915
4 3 10 6820
4 3 11 3596
4 3 12 6222
4 3 13 6835
4 3 14 3235
4 3 15 4671
4 3 16 6100
4 3 17 2263
4 3 18 6338
4 3 19 6012
4 4 0 0
4 4 1 0
4 4 2 0
4 4 3 0
4 4 4 0
4 4 5 0
4 4 6 0
4 4 7 0
4 4 8 0
4 4 9 0
4 4 10 0
4 4 11 0
4 4 12 0
4 4 13 0
4 4 14 0
4 4 15 0
4 4 16 0
4 4 17 0
4 4 18 0
4 4 19 0
4 5 0 7361
4 5 1 7078
4 5 2 3410
4 5 3 5928
4 5 4 0
4 5 5 0
4 5 6 4417
4 5 7 2131
4 5 8 2087
4 5 9 2722
4 5 10 2259
4 5 11 251
4 5 12 1745
4 5 13 2549
4 5 14 2259
4 5 15 1199
4 5 16 5050
4 5 17 800
4 5 18 1780
4 5 19 3745
4 6 0 4339
4 6 1 1240
4 6 2 2322
4 6 3 1947
4 6 4 0
4 6 5 4655
4 6 6 0
4 6 7 4576
4 6 8 1363
4 6 9 4672
4 6 10 2022
4 6 11 1990
4 6 12 4934
4 6 13 3346
4 6 14 1150
4 6 15 5644
4 6 16 1781
4 6 17 1518
4 6 18 3817
4 6 19 1881
4 7 0 3912
4 7 1 6884
4 7 2 5589
4 7 3 7461
4 7 4 0
4 7 5 4870
4 7 6 3310
4 7 7 0
4 7 8 2610
4 7 9 734
4 7 10 303
4 7 11 4046
4 7 12 4439
4 7 13 3262
4 7 14 2609
4 7 15 3354
4 7 16 1437
4 7 17 455
4 7 18 338
4 7 19 5217
4 8 0 2059
4 8 1 2647
4 8 2 4873
4 8 3 4573
4 8 4 0
4 8 5 5479
4 8 6 7918
4 8 7 7431
4 8 8 0
4 8 9 4310
4 8 10 6779
4 8 11 5796
4 8 12 7179
4 8 13 8934
4 8 14 7844
4 8 15 8363
4 8 16 7423
4 8 17 6591
4 8 18 4973
4 8 19 4186
4 9 0 3984
4 9 1 5737
4 9 2 4362
4 9 3 5802
4 9 4 0
4 9 5 5170
4 9 6 5871
4 9 7 2602
4 9 8 5941
4 9 9 0
4 9 10 2865
4 9 11 3545
4 9 12 3971
4 9 13 3217
4 9 14 5123
4 9 15 3940
4 9 16 3314
4 9 17 4338
4 9 18 2018
4 9 19 4843
4 10 0 7312
4 10 1 5999
4 10 2 8198
4 10 3 9012
4 10 4 0
4 10 5 3934
4 10 6 6022
4 10 7 4449
4 10 8 5321
4 10 9 6262
4 10 10 0
4 10 11 3874
4 10 12 2041
4 10 13 1391
4 10 14 1991
4 10 15 2412
4 10 16 1367
4 10 17 3767
4 10 18 2569
4 10 19 3174
4 11 0 8036
4 11 1 7827
4 11 2 6469
4 11 3 4992
4 11 4 0
4 11 5 2591
4 11 6 1383
4 11 7 1346
4 11 8 1868
4 11 9 908
4 11 10 5631
4 11 11 0
4 11 12 1829
4 11 13 2924
4 11 14 4042
4 11 15 4936
4 11 16 3088
4 11 17 1369
4 11 18 3914
4 11 19 3643
4 12 0 7718
4 12 1 6383
4 12 2 6009
4 12 3 7276
4 12 4 0
4 12 5 5154
4 12 6 4181
4 12 7 4646
4 12 8 2817
4 12 9 6100
4 12 10 1789
4 12 11 5821
4 12 12 0
4 12 13 2832
4 12 14 2249
4 12 15 4335
4 12 16 5618
4 12 17 2656
4 12 18 4444
4 12 19 1491
4 13 0 9177
4 13 1 8412
4 13 2 5784
4 13 3 8905
4 13 4 0
4 13 5 4349
4 13 6 4145
4 13 7 1647
4 13 8 2797
4 13 9 747
4 13 10 3682
4 13 11 2989
4 13 12 2535
4 13 13 0
4 13 14 4643
4 13 15 3459
4 13 16 3070
4 13 17 1142
4 13 18 1594
4 13 19 4095
4 14 0 2434
4 14 1 2636
4 14 2 1064
4 14 3 2075
4 14 4 0
4 14 5 5730
4 14 6 2712
4 14 7 3568
4 14 8 2788
4 14 9 3262
4 14 10 2487
4 14 11 4149
4 14 12 5368
4 14 13 4095
4 14 14 0
4 14 15 3123
4 14 16 3532
4 14 17 6216
4 14 18 2805
4 14 19 5543
4 15 0 6741
4 15 1 4208
4 15 2 4858
4 15 3 6595
4 15 4 0
4 15 5 4816
4 15 6 6488
4 15 7 8337
4 15 8 6936
4 15 9 9152
4 15 10 7986
4 15 11 6918
4 15 12 5181
4 15 13 5161
4 15 14 5026
4 15 15 0
4 15 16 9403
4 15 17 9376
4 15 18 5235
4 15 19 8843
4 16 0 4972
4 16 1 3444
4 16 2 6421
4 16 3 6357
4 16 4 0
4 16 5 6547
4 16 6 6546
4 16 7 5553
4 16 8 4951
4 16 9 2310
4 16 10 2156
4 16 11 2882
4 16 12 2476
4 16 13 5786
4 16 14 5402
4 16 15 4588
4 16 16 0
4 16 17 6808
4 16 18 3832
4 16 19 5013
4 17 0 6272
4 17 1 2313
4 17 2 1432
4 17 3 1473
4 17 4 0
4 17 5 6651
4 17 6 2314
4 17 7 3990
4 17 8 3902
4 17 9 2843
4 17 10 3734
4 17 11 6328
4 17 12 3743
4 17 13 6880
4 17 14 7046
4 17 15 6834
4 17 16 2930
4 17 17 0
4 17 18 7186
4 17 19 4360
4 18 0 7715
4 18 1 6690
4 18 2 7585
4 18 3 8221
4 18 4 0
4 18 5 4209
4 18 6 5676
4 18 7 7646
4 18 8 7312
4 18 9 7521
4 18 10 3876
4 18 11 3378
4 18 12 3273
4 18 13 7118
4 18 14 4474
4 18 15 7378
4 18 16 4913
4 18 17 7833
4 18 18 0
4 18 19 6800
4 19 0 403
4 19 1 2513
4 19 2 814
4 19 3 4008
4 19 4 0
4 19 5 6516
4 19 6 5651
4 19 7 6324
4 19 8 4260
4 19 9 5620
4 19 10 4646
4 19 11 3518
4 19 12 5572
4 19 13 7713
4 19 14 6626
4 19 15 3964
4 19 16 4717
4 19 17 6045
4 19 18 3019
4 19 19 0
5 0 0 0
5 0 1 7072
5 0 2 8522
5 0 3 8478
5 0 4 8372
5 0 5 0
5 0 6 4783
5 0 7 2182
5 0 8 3002
5 0 9 2093
5 0 10 4116
5 0 11 5636
5 0 12 5660
5 0 13 6103
5 0 14 2590
5 0 15 3813
5 0 16 3711
5 0 17 6058
5 0 18 4828
5 0 19 1403
5 1 0 3985
5 1 1 0
5 1 2 4607
5 1 3 7311
5 1 4 5469
5 1 5 0
5 1 6 4951
5 1 7 8421
5 1 8 6857
5 1 9 7113
5 1 10 6070
5 1 11 8694
5 1 12 7592
5 1 13 8605
5 1 14 6059
5 1 15 4547
5 1 16 5450
5 1 17 5366
5 1 18 7070
5 1 19 6780
5 2 0 4478
5 2 1 1560
5 2 2 0
5 2 3 2276
5 2 4 2630
5 2 5 0
5 2 6 6118
5 2 7 7211
5 2 8 9168
5 2 9 5823
5 2 10 8354
5 2 11 7421
5 2 12 7303
5 2 13 6062
5 2 14 4572
5 2 15 5282
5 2 16 8512
5 2 17 4570
5 2 18 8050
5 2 19 5166
5 3 0 6293
5 3 1 4253
5 3 2 6601
5 3 3 0
5 3 4 4686
5 3 5 0
5 3 6 1475
5 3 7 4815
5 3 8 4600
5 3 9 2995
5 3 10 4900
5 3 11 1676
5 3 12 4302
5 3 13 4915
5 3 14 1315
5 3 15 2751
5 3 16 4180
5 3 17 343
5 3 18 4418
5 3 19 4092
5 4 0 2897
5 4 1 4554
5 4 2 3716
5 4 3 4793
5 4 4 0
5 4 5 0
5 4 6 4208
5 4 7 3635
5 4 8 7554
5 4 9 4431
5 4 10 4681
5 4 11 4059
5 4 12 4623
5 4 13 3872
5 4 14 5730
5 4 15 7854
5 4 16 5503
5 4 17 5637
5 4 18 6335
5 4 19 6311
5 5 0 0
5 5 1 0
5 5 2 0
5 5 3 0
5 5 4 0
5 5 5 0
5 5 6 0
5 5 7 0
5 5 8 0
5 5 9 0
5 5 10 0
5 5 11 0
5 5 12 0
5 5 13 0
5 5 14 0
5 5 15 0
5 5 16 0
5 5 17 0
5 5 18 0
5 5 19 0
5 6 0 7476
5 6 1 4377
5 6 2 5459
5 6 3 5084
5 6 4 4655
5 6 5 0
5 6 6 0
5 6 7 8032
5 6 8 4819
5 6 9 8128
5 6 10 5478
5 6 11 5446
5 6 12 8390
5 6 13 6802
5 6 14 4606
5 6 15 9100
5 6 16 5237
5 6 17 4974
5 6 18 7273
5 6 19 5337
5 7 0 5663
5 7 1 8635
5 7 2 7340
5 7 3 9212
5 7 4 4870
5 7 5 0
5 7 6 5053
5 7 7 0
5 7 8 4353
5 7 9 2477
5 7 10 2046
5 7 11 5789
5 7 12 6182
5 7 13 5005
5 7 14 4352
5 7 15 5097
5 7 16 3180
5 7 17 2198
5 7 18 2081
5 7 19 6960
5 8 0 3173
5 8 1 3761
5 8 2 5987
5 8 3 5687
5 8 4 5479
5 8 5 0
5 8 6 5698
5 8 7 5211
5 8 8 0
5 8 9 2090
5 8 10 4559
5 8 11 3576
5 8 12 4959
5 8 13 6714
5 8 14 5624
5 8 15 6143
5 8 16 5203
5 8 17 4371
5 8 18 2753
5 8 19 1966
5 9 0 5078
5 9 1 6831
5 9 2 5456
5 9 3 6896
5 9 4 5170
5 9 5 0
5 9 6 7409
5 9 7 4140
5 9 8 7479
5 9 9 0
5 9 10 4403
5 9 11 5083
5 9 12 5509
5 9 13 4755
5 9 14 6661
5 9 15 5478
5 9 16 4852
5 9 17 5876
5 9 18 3556
5 9 19 6381
5 10 0 5615
5 10 1 4302
5 10 2 6501
5 10 3 7315
5 10 4 3934
5 10 5 0
5 10 6 6847
5 10 7 5274
5 10 8 6146
5 10 9 7087
5 10 10 0
5 10 11 4699
5 10 12 2866
5 10 13 2216
5 10 14 2816
5 10 15 3237
5 10 16 2192
5 10 17 4592
5 10 18 3394
5 10 19 3999
5 11 0 6414
5 11 1 6205
5 11 2 4847
5 11 3 3370
5 11 4 2591
5 11 5 0
5 11 6 822
5 11 7 785
5 11 8 1307
5 11 9 347
5 11 10 5070
5 11 11 0
5 11 12 1268
5 11 13 2363
5 11 14 3481
5 11 15 4375
5 11 16 2527
5 11 17 808
5 11 18 3353
5 11 19 3082
5 12 0 8437
5 12 1 7102
5 12 2 6728
5 12 3 7995
5 12 4 5154
5 12 5 0
5 12 6 4550
5 12 7 5015
5 12 8 3186
5 12 9 6469
5 12 10 2158
5 12 11 6190
5 12 12 0
5 12 13 3201
5 12 14 2618
5 12 15 4704
5 12 16 5987
5 12 17 3025
5 12 18 4813
5 12 19 1860
5 13 0 8826
5 13 1 8061
5 13 2 5433
5 13 3 8554
5 13 4 4349
5 13 5 0
5 13 6 6069
5 13 7 3571
5 13 8 4721
5 13 9 2671
5 13 10 5606
5 13 11 4913
5 13 12 4459
5 13 13 0
5 13 14 6567
5 13 15 5383
5 13 16 4994
5 13 17 3066
5 13 18 3518
5 13 19 6019
5 14 0 4836
5 14 1 5038
5 14 2 3466
5 14 3 4477
5 14 4 5730
5 14 5 0
5 14 6 2488
5 14 7 3344
5 14 8 2564
5 14 9 3038
5 14 10 2263
5 14 11 3925
5 14 12 5144
5 14 13 3871
5 14 14 0
5 14 15 2899
5 14 16 3308
5 14 17 5992
5 14 18 2581
5 14 19 5319
5 15 0 3021
5 15 1 488
5 15 2 1138
5 15 3 2875
5 15 4 4816
5 15 5 0
5 15 6 3080
5 15 7 4929
5 15 8 3528
5 15 9 5744
5 15 10 4578
5 15 11 3510
5 15 12 1773
5 15 13 1753
5 15 14 1618
5 15 15 0
5 15 16 5995
5 15 17 5968
5 15 18 1827
5 15 19 5435
5 16 0 7001
5 16 1 5473
5 16 2 8450
5 16 3 8386
5 16 4 6547
5 16 5 0
5 16 6 9340
5 16 7 8347
5 16 8 7745
5 16 9 5104
5 16 10 4950
5 16 11 5676
5 16 12 5270
5 16 13 8580
5 16 14 8196
5 16 15 7382
5 16 16 0
5 16 17 9602
5 16 18 6626
5 16 19 7807
5 17 0 9318
5 17 1 5359
5 17 2 4478
5 17 3 4519
5 17 4 6651
5 17 5 0
5 17 6 724
5 17 7 2400
5 17 8 2312
5 17 9 1253
5 17 10 2144
5 17 11 4738
5 17 12 2153
5 17 13 5290
5 17 14 5456
5 17 15 5244
5 17 16 1340
5 17 17 0
5 17 18 5596
5 17 19 2770
5 18 0 4948
5 18 1 3923
5 18 2 4818
5 18 3 5454
5 18 4 4209
5 18 5 0
5 18 6 4368
5 18 7 6338
5 18 8 6004
5 18 9 6213
5 18 10 2568
5 18 11 2070
5 18 12 1965
5 18 13 5810
5 18 14 3166
5 18 15 6070
5 18 16 3605
5 18 17 6525
5 18 18 0
5 18 19 5492
5 19 0 3854
5 19 1 5964
5 19 2 4265
5 19 3 7459
5 19 4 6516
5 19 5 0
5 19 6 6332
5 19 7 7005
5 19 8 4941
5 19 9 6301
5 19 10 5327
5 19 11 4199
5 19 12 6253
5 19 13 8394
5 19 14 7307
5 19 15 4645
5 19 16 5398
5 19 17 6726
5 19 18 3700
5 19 19 0
6 0 0 0
6 0 1 6740
6 0 2 8190
6 0 3 8146
6 0 4 8040
6 0 5 4783
6 0 6 0
6 0 7 4191
6 0 8 5011
6 0 9 4102
6 0 10 6125
6 0 11 7645
6 0 12 7669
6 0 13 8112
6 0 14 4599
6 0 15 5822
6 0 16 5720
6 0 17 8067
6 0 18 6837
6 0 19 3412
6 1 0 837
6 1 1 0
6 1 2 1459
6 1 3 4163
6 1 4 2321
6 1 5 4951
6 1 6 0
6 1 7 8272
6 1 8 6708
6 1 9 6964
6 1 10 5921
6 1 11 8545
6 1 12 7443
6 1 13 8456
6 1 14 5910
6 1 15 4398
6 1 16 5301
6 1 17 5217
6 1 18 6921
6 1 19 6631
6 2 0 6080
6 2 1 3162
6 2 2 0
6 2 3 3878
6 2 4 4232
6 2 5 6118
6 2 6 0
6 2 7 2955
6 2 8 4912
6 2 9 1567
6 2 10 4098
6 2 11 3165
6 2 12 3047
6 2 13 1806
6 2 14 316
6 2 15 1026
6 2 16 4256
6 2 17 314
6 2 18 3794
6 2 19 910
6 3 0 5002
6 3 1 2962
6 3 2 5310
6 3 3 0
6 3 4 3395
6 3 5 1475
6 3 6 0
6 3 7 8324
6 3 8 8109
6 3 9 6504
6 3 10 8409
6 3 11 5185
6 3 12 7811
6 3 13 8424
6 3 14 4824
6 3 15 6260
6 3 16 7689
6 3 17 3852
6 3 18 7927
6 3 19 7601
6 4 0 3564
6 4 1 5221
6 4 2 4383
6 4 3 5460
6 4 4 0
6 4 5 4208
6 4 6 0
6 4 7 945
6 4 8 4864
6 4 9 1741
6 4 10 1991
6 4 11 1369
6 4 12 1933
6 4 13 1182
6 4 14 3040
6 4 15 5164
6 4 16 2813
6 4 17 2947
6 4 18 3645
6 4 19 3621
6 5 0 8237
6 5 1 7954
6 5 2 4286
6 5 3 6804
6 5 4 4417
6 5 5 0
6 5 6 0
6 5 7 5825
6 5 8 5781
6 5 9 6416
6 5 10 5953
6 5 11 3945
6 5 12 5439
6 5 13 6243
6 5 14 5953
6 5 15 4893
6 5 16 8744
6 5 17 4494
6 5 18 5474
6 5 19 7439
6 6 0 0
6 6 1 0
6 6 2 0
6 6 3 0
6 6 4 0
6 6 5 0
6 6 6 0
6 6 7 0
6 6 8 0
6 6 9 0
6 6 10 0
6 6 11 0
6 6 12 0
6 6 13 0
6 6 14 0
6 6 15 0
6 6 16 0
6 6 17 0
6 6 18 0
6 6 19 0
6 7 0 4103
6 7 1 7075
6 7 2 5780
6 7 3 7652
6 7 4 3310
6 7 5 5053
6 7 6 0
6 7 7 0
6 7 8 6131
6 7 9 4255
6 7 10 3824
6 7 11 7567
6 7 12 7960
6 7 13 6783
6 7 14 6130
6 7 15 6875
6 7 16 4958
6 7 17 3976
6 7 18 3859
6 7 19 8738
6 8 0 5612
6 8 1 6200
6 8 2 8426
6 8 3 8126
6 8 4 7918
6 8 5 5698
6 8 6 0
6 8 7 3820
6 8 8 0
6 8 9 699
6 8 10 3168
6 8 11 2185
6 8 12 3568
6 8 13 5323
6 8 14 4233
6 8 15 4752
6 8 16 3812
6 8 17 2980
6 8 18 1362
6 8 19 575
6 9 0 5779
6 9 1 7532
6 9 2 6157
6 9 3 7597
6 9 4 5871
6 9 5 7409
6 9 6 0
6 9 7 5423
6 9 8 8762
6 9 9 0
6 9 10 5686
6 9 11 6366
6 9 12 6792
6 9 13 6038
6 9 14 7944
6 9 15 6761
6 9 16 6135
6 9 17 7159
6 9 18 4839
6 9 19 7664
6 10 0 7703
6 10 1 6390
6 10 2 8589
6 10 3 9403
6 10 4 6022
6 10 5 6847
6 10 6 0
6 10 7 4370
6 10 8 5242
6 10 9 6183
6 10 10 0
6 10 11 3795
6 10 12 1962
6 10 13 1312
6 10 14 1912
6 10 15 2333
6 10 16 1288
6 10 17 3688
6 10 18 2490
6 10 19 3095
6 11 0 5206
6 11 1 4997
6 11 2 3639
6 11 3 2162
6 11 4 1383
6 11 5 822
6 11 6 0
6 11 7 1857
6 11 8 2379
6 11 9 1419
6 11 10 6142
6 11 11 0
6 11 12 2340
6 11 13 3435
6 11 14 4553
6 11 15 5447
6 11 16 3599
6 11 17 1880
6 11 18 4425
6 11 19 4154
6 12 0 7464
6 12 1 6129
6 12 2 5755
6 12 3 7022
6 12 4 4181
6 12 5 4550
6 12 6 0
6 12 7 7537
6 12 8 5708
6 12 9 8991
6 12 10 4680
6 12 11 8712
6 12 12 0
6 12 13 5723
6 12 14 5140
6 12 15 7226
6 12 16 8509
6 12 17 5547
6 12 18 7335
6 12 19 4382
6 13 0 8622
6 13 1 7857
6 13 2 5229
6 13 3 8350
6 13 4 4145
6 13 5 6069
6 13 6 0
6 13 7 3701
6 13 8 4851
6 13 9 2801
6 13 10 5736
6 13 11 5043
6 13 12 4589
6 13 13 0
6 13 14 6697
6 13 15 5513
6 13 16 5124
6 13 17 3196
6 13 18 3648
6 13 19 6149
6 14 0 1818
6 14 1 2020
6 14 2 448
6 14 3 1459
6 14 4 2712
6 14 5 2488
6 14 6 0
6 14 7 1568
6 14 8 788
6 14 9 1262
6 14 10 487
6 14 11 2149
6 14 12 3368
6 14 13 2095
6 14 14 0
6 14 15 1123
6 14 16 1532
6 14 17 4216
6 14 18 805
6 14 19 3543
6 15 0 4693
6 15 1 2160
6 15 2 2810
6 15 3 4547
6 15 4 6488
6 15 5 3080
6 15 6 0
6 15 7 8707
6 15 8 7306
6 15 9 9522
6 15 10 8356
6 15 11 7288
6 15 12 5551
6 15 13 5531
6 15 14 5396
6 15 15 0
6 15 16 9773
6 15 17 9746
6 15 18 5605
6 15 19 9213
6 16 0 7000
6 16 1 5472
6 16 2 8449
6 16 3 8385
6 16 4 6546
6 16 5 9340
6 16 6 0
6 16 7 4411
6 16 8 3809
6 16 9 1168
6 16 10 1014
6 16 11 1740
6 16 12 1334
6 16 13 4644
6 16 14 4260
6 16 15 3446
6 16 16 0
6 16 17 5666
6 16 18 2690
6 16 19 3871
6 17 0 4981
6 17 1 1022
6 17 2 141
6 17 3 182
6 17 4 2314
6 17 5 724
6 17 6 0
6 17 7 2451
6 17 8 2363
6 17 9 1304
6 17 10 2195
6 17 11 4789
6 17 12 2204
6 17 13 5341
6 17 14 5507
6 17 15 5295
6 17 16 1391
6 17 17 0
6 17 18 5647
6 17 19 2821
6 18 0 6415
6 18 1 5390
6 18 2 6285
6 18 3 6921
6 18 4 5676
6 18 5 4368
6 18 6 0
6 18 7 7708
6 18 8 7374
6 18 9 7583
6 18 10 3938
6 18 11 3440
6 18 12 3335
6 18 13 7180
6 18 14 4536
6 18 15 7440
6 18 16 4975
6 18 17 7895
6 18 18 0
6 18 19 6862
6 19 0 2989
6 19 1 5099
6 19 2 3400
6 19 3 6594
6 19 4 5651
6 19 5 6332
6 19 6 0
6 19 7 4474
6 19 8 2410
6 19 9 3770
6 19 10 2796
6 19 11 1668
6 19 12 3722
6 19 13 5863
6 19 14 4776
6 19 15 2114
6 19 16 2867
6 19 17 4195
6 19 18 1169
6 19 19 0
7 0 0 0
7 0 1 4139
7 0 2 5589
7 0 3 5545
7 0 4 5439
7 0 5 2182
7 0 6 4191
7 0 7 0
7 0 8 6565
7 0 9 5656
7 0 10 7679
7 0 11 9199
7 0 12 9223
7 0 13 9666
7 0 14 6153
7 0 15 7376
7 0 16 7274
7 0 17 9621
7 0 18 8391
7 0 19 4966
7 1 0 4307
7 1 1 0
7 1 2 4929
7 1 3 7633
7 1 4 5791
7 1 5 8421
7 1 6 8272
7 1 7 0
7 1 8 3145
7 1 9 3401
7 1 10 2358
7 1 11 4982
7 1 12 3880
7 1 13 4893
7 1 14 2347
7 1 15 835
7 1 16 1738
7 1 17 1654
7 1 18 3358
7 1 19 3068
7 2 0 7173
7 2 1 4255
7 2 2 0
7 2 3 4971
7 2 4 5325
7 2 5 7211
7 2 6 2955
7 2 7 0
7 2 8 6297
7 2 9 2952
7 2 10 5483
7 2 11 4550
7 2 12 4432
7 2 13 3191
7 2 14 1701
7 2 15 2411
7 2 16 5641
7 2 17 1699
7 2 18 5179
7 2 19 2295
7 3 0 8342
7 3 1 6302
7 3 2 8650
7 3 3 0
7 3 4 6735
7 3 5 4815
7 3 6 8324
7 3 7 0
7 3 8 8126
7 3 9 6521
7 3 10 8426
7 3 11 5202
7 3 12 7828
7 3 13 8441
7 3 14 4841
7 3 15 6277
7 3 16 7706
7 3 17 3869
7 3 18 7944
7 3 19 7618
7 4 0 2991
7 4 1 4648
7 4 2 3810
7 4 3 4887
7 4 4 0
7 4 5 3635
7 4 6 945
7 4 7 0
7 4 8 7038
7 4 9 3915
7 4 10 4165
7 4 11 3543
7 4 12 4107
7 4 13 3356
7 4 14 5214
7 4 15 7338
7 4 16 4987
7 4 17 5121
7 4 18 5819
7 4 19 5795
7 5 0 5951
7 5 1 5668
7 5 2 2000
7 5 3 4518
7 5 4 2131
7 5 5 0
7 5 6 5825
7 5 7 0
7 5 8 6569
7 5 9 7204
7 5 10 6741
7 5 11 4733
7 5 12 6227
7 5 13 7031
7 5 14 6741
7 5 15 5681
7 5 16 9532
7 5 17 5282
7 5 18 6262
7 5 19 8227
7 6 0 7397
7 6 1 4298
7 6 2 5380
7 6 3 5005
7 6 4 4576
7 6 5 8032
7 6 6 0
7 6 7 0
7 6 8 3618
7 6 9 6927
7 6 10 4277
7 6 11 4245
7 6 12 7189
7 6 13 5601
7 6 14 3405
7 6 15 7899
7 6 16 4036
7 6 17 3773
7 6 18 6072
7 6 19 4136
7 7 0 0
7 7 1 0
7 7 2 0
7 7 3 0
7 7 4 0
7 7 5 0
7 7 6 0
7 7 7 0
7 7 8 0
7 7 9 0
7 7 10 0
7 7 11 0
7 7 12 0
7 7 13 0
7 7 14 0
7 7 15 0
7 7 16 0
7 7 17 0
7 7 18 0
7 7 19 0
7 8 0 5125
7 8 1 5713
7 8 2 7939
7 8 3 7639
7 8 4 7431
7 8 5 5211
7 8 6 3820
7 8 7 0
7 8 8 0
7 8 9 2519
7 8 10 4988
7 8 11 4005
7 8 12 5388
7 8 13 7143
7 8 14 6053
7 8 15 6572
7 8 16 5632
7 8 17 4800
7 8 18 3182
7 8 19 2395
7 9 0 2510
7 9 1 4263
7 9 2 2888
7 9 3 4328
7 9 4 2602
7 9 5 4140
7 9 6 5423
7 9 7 0
7 9 8 5397
7 9 9 0
7 9 10 2321
7 9 11 3001
7 9 12 3427
7 9 13 2673
7 9 14 4579
7 9 15 3396
7 9 16 2770
7 9 17 3794
7 9 18 1474
7 9 19 4299
7 10 0 6130
7 10 1 4817
7 10 2 7016
7 10 3 7830
7 10 4 4449
7 10 5 5274
7 10 6 4370
7 10 7 0
7 10 8 4096
7 10 9 5037
7 10 10 0
7 10 11 2649
7 10 12 816
7 10 13 166
7 10 14 766
7 10 15 1187
7 10 16 142
7 10 17 2542
7 10 18 1344
7 10 19 1949
7 11 0 5169
7 11 1 4960
7 11 2 3602
7 11 3 2125
7 11 4 1346
7 11 5 785
7 11 6 1857
7 11 7 0
7 11 8 5008
7 11 9 4048
7 11 10 8771
7 11 11 0
7 11 12 4969
7 11 13 6064
7 11 14 7182
7 11 15 8076
7 11 16 6228
7 11 17 4509
7 11 18 7054
7 11 19 6783
7 12 0 7929
7 12 1 6594
7 12 2 6220
7 12 3 7487
7 12 4 4646
7 12 5 5015
7 12 6 7537
7 12 7 0
7 12 8 5786
7 12 9 9069
7 12 10 4758
7 12 11 8790
7 12 12 0
7 12 13 5801
7 12 14 5218
7 12 15 7304
7 12 16 8587
7 12 17 5625
7 12 18 7413
7 12 19 4460
7 13 0 6124
7 13 1 5359
7 13 2 2731
7 13 3 5852
7 13 4 1647
7 13 5 3571
7 13 6 3701
7 13 7 0
7 13 8 5340
7 13 9 3290
7 13 10 6225
7 13 11 5532
7 13 12 5078
7 13 13 0
7 13 14 7186
7 13 15 6002
7 13 16 5613
7 13 17 3685
7 13 18 4137
7 13 19 6638
7 14 0 2674
7 14 1 2876
7 14 2 1304
7 14 3 2315
7 14 4 3568
7 14 5 3344
7 14 6 1568
7 14 7 0
7 14 8 2820
7 14 9 3294
7 14 10 2519
7 14 11 4181
7 14 12 5400
7 14 13 4127
7 14 14 0
7 14 15 3155
7 14 16 3564
7 14 17 6248
7 14 18 2837
7 14 19 5575
7 15 0 6542
7 15 1 4009
7 15 2 4659
7 15 3 6396
7 15 4 8337
7 15 5 4929
7 15 6 8707
7 15 7 0
7 15 8 5589
7 15 9 7805
7 15 10 6639
7 15 11 5571
7 15 12 3834
7 15 13 3814
7 15 14 3679
7 15 15 0
7 15 16 8056
7 15 17 8029
7 15 18 3888
7 15 19 7496
7 16 0 6007
7 16 1 4479
7 16 2 7456
7 16 3 7392
7 16 4 5553
7 16 5 8347
7 16 6 4411
7 16 7 0
7 16 8 4038
7 16 9 1397
7 16 10 1243
7 16 11 1969
7 16 12 1563
7 16 13 4873
7 16 14 4489
7 16 15 3675
7 16 16 0
7 16 17 5895
7 16 18 2919
7 16 19 4100
7 17 0 6657
7 17 1 2698
7 17 2 1817
7 17 3 1858
7 17 4 3990
7 17 5 2400
7 17 6 2451
7 17 7 0
7 17 8 1873
7 17 9 814
7 17 10 1705
7 17 11 4299
7 17 12 1714
7 17 13 4851
7 17 14 5017
7 17 15 4805
7 17 16 901
7 17 17 0
7 17 18 5157
7 17 19 2331
7 18 0 8385
7 18 1 7360
7 18 2 8255
7 18 3 8891
7 18 4 7646
7 18 5 6338
7 18 6 7708
7 18 7 0
7 18 8 4468
7 18 9 4677
7 18 10 1032
7 18 11 534
7 18 12 429
7 18 13 4274
7 18 14 1630
7 18 15 4534
7 18 16 2069
7 18 17 4989
7 18 18 0
7 18 19 3956
7 19 0 3662
7 19 1 5772
7 19 2 4073
7 19 3 7267
7 19 4 6324
7 19 5 7005
7 19 6 4474
7 19 7 0
7 19 8 6319
7 19 9 7679
7 19 10 6705
7 19 11 5577
7 19 12 7631
7 19 13 9772
7 19 14 8685
7 19 15 6023
7 19 16 6776
7 19 17 8104
7 19 18 5078
7 19 19 0
8 0 0 0
8 0 1 4959
8 0 2 6409
8 0 3 6365
8 0 4 6259
8 0 5 3002
8 0 6 5011
8 0 7 6565
8 0 8 0
8 0 9 5104
8 0 10 7127
8 0 11 8647
8 0 12 8671
8 0 13 9114
8 0 14 5601
8 0 15 6824
8 0 16 6722
8 0 17 9069
8 0 18 7839
8 0 19 4414
8 1 0 2743
8 1 1 0
8 1 2 3365
8 1 3 6069
8 1 4 4227
8 1 5 6857
8 1 6 6708
8 1 7 3145
8 1 8 0
8 1 9 2951
8 1 10 1908
8 1 11 4532
8 1 12 3430
8 1 13 4443
8 1 14 1897
8 1 15 385
8 1 16 1288
8 1 17 1204
8 1 18 2908
8 1 19 2618
8 2 0 9130
8 2 1 6212
8 2 2 0
8 2 3 6928
8 2 4 7282
8 2 5 9168
8 2 6 4912
8 2 7 6297
8 2 8 0
8 2 9 3301
8 2 10 5832
8 2 11 4899
8 2 12 4781
8 2 13 3540
8 2 14 2050
8 2 15 2760
8 2 16 5990
8 2 17 2048
8 2 18 5528
8 2 19 2644
8 3 0 8127
8 3 1 6087
8 3 2 8435
8 3 3 0
8 3 4 6520
8 3 5 4600
8 3 6 8109
8 3 7 8126
8 3 8 0
8 3 9 5188
8 3 10 7093
8 3 11 3869
8 3 12 6495
8 3 13 7108
8 3 14 3508
8 3 15 4944
8 3 16 6373
8 3 17 2536
8 3 18 6611
8 3 19 6285
8 4 0 6910
8 4 1 8567
8 4 2 7729
8 4 3 8806
8 4 4 0
8 4 5 7554
8 4 6 4864
8 4 7 7038
8 4 8 0
8 4 9 1242
8 4 10 1492
8 4 11 870
8 4 12 1434
8 4 13 683
8 4 14 2541
8 4 15 4665
8 4 16 2314
8 4 17 2448
8 4 18 3146
8 4 19 3122
8 5 0 5907
8 5 1 5624
8 5 2 1956
8 5 3 4474
8 5 4 2087
8 5 5 0
8 5 6 5781
8 5 7 6569
8 5 8 0
8 5 9 3894
8 5 10 3431
8 5 11 1423
8 5 12 2917
8 5 13 3721
8 5 14 3431
8 5 15 2371
8 5 16 6222
8 5 17 1972
8 5 18 2952
8 5 19 4917
8 6 0 4184
8 6 1 1085
8 6 2 2167
8 6 3 1792
8 6 4 1363
8 6 5 4819
8 6 6 0
8 6 7 3618
8 6 8 0
8 6 9 7616
8 6 10 4966
8 6 11 4934
8 6 12 7878
8 6 13 6290
8 6 14 4094
8 6 15 8588
8 6 16 4725
8 6 17 4462
8 6 18 6761
8 6 19 4825
8 7 0 3403
8 7 1 6375
8 7 2 5080
8 7 3 6952
8 7 4 2610
8 7 5 4353
8 7 6 6131
8 7 7 0
8 7 8 0
8 7 9 3764
8 7 10 3333
8 7 11 7076
8 7 12 7469
8 7 13 6292
8 7 14 5639
8 7 15 6384
8 7 16 4467
8 7 17 3485
8 7 18 3368
8 7 19 8247
8 8 0 0
8 8 1 0
8 8 2 0
8 8 3 0
8 8 4 0
8 8 5 0
8 8 6 0
8 8 7 0
8 8 8 0
8 8 9 0
8 8 10 0
8 8 11 0
8 8 12 0
8 8 13 0
8 8 14 0
8 8 15 0
8 8 16 0
8 8 17 0
8 8 18 0
8 8 19 0
8 9 0 5849
8 9 1 7602
8 9 2 6227
8 9 3 7667
8 9 4 5941
8 9 5 7479
8 9 6 8762
8 9 7 5397
8 9 8 0
8 9 9 0
8 9 10 1978
8 9 11 2658
8 9 12 3084
8 9 13 2330
8 9 14 4236
8 9 15 3053
8 9 16 2427
8 9 17 3451
8 9 18 1131
8 9 19 3956
8 10 0 7002
8 10 1 5689
8 10 2 7888
8 10 3 8702
8 10 4 5321
8 10 5 6146
8 10 6 5242
8 10 7 4096
8 10 8 0
8 10 9 7594
8 10 10 0
8 10 11 5206
8 10 12 3373
8 10 13 2723
8 10 14 3323
8 10 15 3744
8 10 16 2699
8 10 17 5099
8 10 18 3901
8 10 19 4506
8 11 0 5691
8 11 1 5482
8 11 2 4124
8 11 3 2647
8 11 4 1868
8 11 5 1307
8 11 6 2379
8 11 7 5008
8 11 8 0
8 11 9 1879
8 11 10 6602
8 11 11 0
8 11 12 2800
8 11 13 3895
8 11 14 5013
8 11 15 5907
8 11 16 4059
8 11 17 2340
8 11 18 4885
8 11 19 4614
8 12 0 6100
8 12 1 4765
8 12 2 4391
8 12 3 5658
8 12 4 2817
8 12 5 3186
8 12 6 5708
8 12 7 5786
8 12 8 0
8 12 9 7890
8 12 10 3579
8 12 11 7611
8 12 12 0
8 12 13 4622
8 12 14 4039
8 12 15 6125
8 12 16 7408
8 12 17 4446
8 12 18 6234
8 12 19 3281
8 13 0 7274
8 13 1 6509
8 13 2 3881
8 13 3 7002
8 13 4 2797
8 13 5 4721
8 13 6 4851
8 13 7 5340
8 13 8 0
8 13 9 5043
8 13 10 7978
8 13 11 7285
8 13 12 6831
8 13 13 0
8 13 14 8939
8 13 15 7755
8 13 16 7366
8 13 17 5438
8 13 18 5890
8 13 19 8391
8 14 0 1894
8 14 1 2096
8 14 2 524
8 14 3 1535
8 14 4 2788
8 14 5 2564
8 14 6 788
8 14 7 2820
8 14 8 0
8 14 9 4610
8 14 10 3835
8 14 11 5497
8 14 12 6716
8 14 13 5443
8 14 14 0
8 14 15 4471
8 14 16 4880
8 14 17 7564
8 14 18 4153
8 14 19 6891
8 15 0 5141
8 15 1 2608
8 15 2 3258
8 15 3 4995
8 15 4 6936
8 15 5 3528
8 15 6 7306
8 15 7 5589
8 15 8 0
8 15 9 8895
8 15 10 7729
8 15 11 6661
8 15 12 4924
8 15 13 4904
8 15 14 4769
8 15 15 0
8 15 16 9146
8 15 17 9119
8 15 18 4978
8 15 19 8586
8 16 0 5405
8 16 1 3877
8 16 2 6854
8 16 3 6790
8 16 4 4951
8 16 5 7745
8 16 6 3809
8 16 7 4038
8 16 8 0
8 16 9 3464
8 16 10 3310
8 16 11 4036
8 16 12 3630
8 16 13 6940
8 16 14 6556
8 16 15 5742
8 16 16 0
8 16 17 7962
8 16 18 4986
8 16 19 6167
8 17 0 6569
8 17 1 2610
8 17 2 1729
8 17 3 1770
8 17 4 3902
8 17 5 2312
8 17 6 2363
8 17 7 1873
8 17 8 0
8 17 9 3031
8 17 10 3922
8 17 11 6516
8 17 12 3931
8 17 13 7068
8 17 14 7234
8 17 15 7022
8 17 16 3118
8 17 17 0
8 17 18 7374
8 17 19 4548
8 18 0 8051
8 18 1 7026
8 18 2 7921
8 18 3 8557
8 18 4 7312
8 18 5 6004
8 18 6 7374
8 18 7 4468
8 18 8 0
8 18 9 5393
8 18 10 1748
8 18 11 1250
8 18 12 1145
8 18 13 4990
8 18 14 2346
8 18 15 5250
8 18 16 2785
8 18 17 5705
8 18 18 0
8 18 19 4672
8 19 0 1598
8 19 1 3708
8 19 2 2009
8 19 3 5203
8 19 4 4260
8 19 5 4941
8 19 6 2410
8 19 7 6319
8 19 8 0
8 19 9 2729
8 19 10 1755
8 19 11 627
8 19 12 2681
8 19 13 4822
8 19 14 3735
8 19 15 1073
8 19 16 1826
8 19 17 3154
8 19 18 128
8 19 19 0
9 0 0 0
9 0 1 4050
9 0 2 5500
9 0 3 5456
9 0 4 5350
9 0 5 2093
9 0 6 4102
9 0 7 5656
9 0 8 5104
9 0 9 0
9 0 10 4450
9 0 11 5970
9 0 12 5994
9 0 13 6437
9 0 14 2924
9 0 15 4147
9 0 16 4045
9 0 17 6392
9 0 18 5162
9 0 19 1737
9 1 0 2999
9 1 1 0
9 1 2 3621
9 1 3 6325
9 1 4 4483
9 1 5 7113
9 1 6 6964
9 1 7 3401
9 1 8 2951
9 1 9 0
9 1 10 6514
9 1 11 9138
9 1 12 8036
9 1 13 9049
9 1 14 6503
9 1 15 4991
9 1 16 5894
9 1 17 5810
9 1 18 7514
9 1 19 7224
9 2 0 5785
9 2 1 2867
9 2 2 0
9 2 3 3583
9 2 4 3937
9 2 5 5823
9 2 6 1567
9 2 7 2952
9 2 8 3301
9 2 9 0
9 2 10 4081
9 2 11 3148
9 2 12 3030
9 2 13 1789
9 2 14 299
9 2 15 1009
9 2 16 4239
9 2 17 297
9 2 18 3777
9 2 19 893
9 3 0 6522
9 3 1 4482
9 3 2 6830
9 3 3 0
9 3 4 4915
9 3 5 2995
9 3 6 6504
9 3 7 6521
9 3 8 5188
9 3 9 0
9 3 10 6059
9 3 11 2835
9 3 12 5461
9 3 13 6074
9 3 14 2474
9 3 15 3910
9 3 16 5339
9 3 17 1502
9 3 18 5577
9 3 19 5251
9 4 0 3787
9 4 1 5444
9 4 2 4606
9 4 3 5683
9 4 4 0
9 4 5 4431
9 4 6 1741
9 4 7 3915
9 4 8 1242
9 4 9 0
9 4 10 4326
9 4 11 3704
9 4 12 4268
9 4 13 3517
9 4 14 5375
9 4 15 7499
9 4 16 5148
9 4 17 5282
9 4 18 5980
9 4 19 5956
9 5 0 6542
9 5 1 6259
9 5 2 2591
9 5 3 5109
9 5 4 2722
9 5 5 0
9 5 6 6416
9 5 7 7204
9 5 8 3894
9 5 9 0
9 5 10 6245
9 5 11 4237
9 5 12 5731
9 5 13 6535
9 5 14 6245
9 5 15 5185
9 5 16 9036
9 5 17 4786
9 5 18 5766
9 5 19 7731
9 6 0 7493
9 6 1 4394
9 6 2 5476
9 6 3 5101
9 6 4 4672
9 6 5 8128
9 6 6 0
9 6 7 6927
9 6 8 7616
9 6 9 0
9 6 10 6042
9 6 11 6010
9 6 12 8954
9 6 13 7366
9 6 14 5170
9 6 15 9664
9 6 16 5801
9 6 17 5538
9 6 18 7837
9 6 19 5901
9 7 0 1527
9 7 1 4499
9 7 2 3204
9 7 3 5076
9 7 4 734
9 7 5 2477
9 7 6 4255
9 7 7 0
9 7 8 3764
9 7 9 0
9 7 10 1627
9 7 11 5370
9 7 12 5763
9 7 13 4586
9 7 14 3933
9 7 15 4678
9 7 16 2761
9 7 17 1779
9 7 18 1662
9 7 19 6541
9 8 0 2004
9 8 1 2592
9 8 2 4818
9 8 3 4518
9 8 4 4310
9 8 5 2090
9 8 6 699
9 8 7 2519
9 8 8 0
9 8 9 0
9 8 10 7523
9 8 11 6540
9 8 12 7923
9 8 13 9678
9 8 14 8588
9 8 15 9107
9 8 16 8167
9 8 17 7335
9 8 18 5717
9 8 19 4930
9 9 0 0
9 9 1 0
9 9 2 0
9 9 3 0
9 9 4 0
9 9 5 0
9 9 6 0
9 9 7 0
9 9 8 0
9 9 9 0
9 9 10 0
9 9 11 0
9 9 12 0
9 9 13 0
9 9 14 0
9 9 15 0
9 9 16 0
9 9 17 0
9 9 18 0
9 9 19 0
9 10 0 7943
9 10 1 6630
9 10 2 8829
9 10 3 9643
9 10 4 6262
9 10 5 7087
9 10 6 6183
9 10 7 5037
9 10 8 7594
9 10 9 0
9 10 10 0
9 10 11 4415
9 10 12 2582
9 10 13 1932
9 10 14 2532
9 10 15 2953
9 10 16 1908
9 10 17 4308
9 10 18 3110
9 10 19 3715
9 11 0 4731
9 11 1 4522
9 11 2 3164
9 11 3 1687
9 11 4 908
9 11 5 347
9 11 6 1419
9 11 7 4048
9 11 8 1879
9 11 9 0
9 11 10 7474
9 11 11 0
9 11 12 3672
9 11 13 4767
9 11 14 5885
9 11 15 6779
9 11 16 4931
9 11 17 3212
9 11 18 5757
9 11 19 5486
9 12 0 9383
9 12 1 8048
9 12 2 7674
9 12 3 8941
9 12 4 6100
9 12 5 6469
9 12 6 8991
9 12 7 9069
9 12 8 7890
9 12 9 0
9 12 10 3494
9 12 11 7526
9 12 12 0
9 12 13 4537
9 12 14 3954
9 12 15 6040
9 12 16 7323
9 12 17 4361
9 12 18 6149
9 12 19 3196
9 13 0 5224
9 13 1 4459
9 13 2 1831
9 13 3 4952
9 13 4 747
9 13 5 2671
9 13 6 2801
9 13 7 3290
9 13 8 5043
9 13 9 0
9 13 10 5384
9 13 11 4691
9 13 12 4237
9 13 13 0
9 13 14 6345
9 13 15 5161
9 13 16 4772
9 13 17 2844
9 13 18 3296
9 13 19 5797
9 14 0 2368
9 14 1 2570
9 14 2 998
9 14 3 2009
9 14 4 3262
9 14 5 3038
9 14 6 1262
9 14 7 3294
9 14 8 4610
9 14 9 0
9 14 10 4237
9 14 11 5899
9 14 12 7118
9 14 13 5845
9 14 14 0
9 14 15 4873
9 14 16 5282
9 14 17 7966
9 14 18 4555
9 14 19 7293
9 15 0 7357
9 15 1 4824
9 15 2 5474
9 15 3 7211
9 15 4 9152
9 15 5 5744
9 15 6 9522
9 15 7 7805
9 15 8 8895
9 15 9 0
9 15 10 6429
9 15 11 5361
9 15 12 3624
9 15 13 3604
9 15 14 3469
9 15 15 0
9 15 16 7846
9 15 17 7819
9 15 18 3678
9 15 19 7286
9 16 0 2764
9 16 1 1236
9 16 2 4213
9 16 3 4149
9 16 4 2310
9 16 5 5104
9 16 6 1168
9 16 7 1397
9 16 8 3464
9 16 9 0
9 16 10 2324
9 16 11 3050
9 16 12 2644
9 16 13 5954
9 16 14 5570
9 16 15 4756
9 16 16 0
9 16 17 6976
9 16 18 4000
9 16 19 5181
9 17 0 5510
9 17 1 1551
9 17 2 670
9 17 3 711
9 17 4 2843
9 17 5 1253
9 17 6 1304
9 17 7 814
9 17 8 3031
9 17 9 0
9 17 10 4792
9 17 11 7386
9 17 12 4801
9 17 13 7938
9 17 14 8104
9 17 15 7892
9 17 16 3988
9 17 17 0
9 17 18 8244
9 17 19 5418
9 18 0 8260
9 18 1 7235
9 18 2 8130
9 18 3 8766
9 18 4 7521
9 18 5 6213
9 18 6 7583
9 18 7 4677
9 18 8 5393
9 18 9 0
9 18 10 1916
9 18 11 1418
9 18 12 1313
9 18 13 5158
9 18 14 2514
9 18 15 5418
9 18 16 2953
9 18 17 5873
9 18 18 0
9 18 19 4840
9 19 0 2958
9 19 1 5068
9 19 2 3369
9 19 3 6563
9 19 4 5620
9 19 5 6301
9 19 6 3770
9 19 7 7679
9 19 8 2729
9 19 9 0
9 19 10 5535
9 19 11 4407
9 19 12 6461
9 19 13 8602
9 19 14 7515
9 19 15 4853
9 19 16 5606
9 19 17 6934
9 19 18 3908
9 19 19 0
10 0 0 0
10 0 1 6073
10 0 2 7523
10 0 3 7479
10 0 4 7373
10 0 5 4116
10 0 6 6125
10 0 7 7679
10 0 8 7127
10 0 9 4450
10 0 10 0
10 0 11 5280
10 0 12 5304
10 0 13 5747
10 0 14 2234
10 0 15 3457
10 0 16 3355
10 0 17 5702
10 0 18 4472
10 0 19 1047
10 1 0 1956
10 1 1 0
10 1 2 2578
10 1 3 5282
10 1 4 3440
10 1 5 6070
10 1 6 5921
10 1 7 2358
10 1 8 1908
10 1 9 6514
10 1 10 0
10 1 11 7913
10 1 12 6811
10 1 13 7824
10 1 14 5278
10 1 15 3766
10 1 16 4669
10 1 17 4585
10 1 18 6289
10 1 19 5999
10 2 0 8316
10 2 1 5398
10 2 2 0
10 2 3 6114
10 2 4 6468
10 2 5 8354
10 2 6 4098
10 2 7 5483
10 2 8 5832
10 2 9 4081
10 2 10 0
10 2 11 7322
10 2 12 7204
10 2 13 5963
10 2 14 4473
10 2 15 5183
10 2 16 8413
10 2 17 4471
10 2 18 7951
10 2 19 5067
10 3 0 8427
10 3 1 6387
10 3 2 8735
10 3 3 0
10 3 4 6820
10 3 5 4900
10 3 6 8409
10 3 7 8426
10 3 8 7093
10 3 9 6059
10 3 10 0
10 3 11 6059
10 3 12 8685
10 3 13 9298
10 3 14 5698
10 3 15 7134
10 3 16 8563
10 3 17 4726
10 3 18 8801
10 3 19 8475
10 4 0 4037
10 4 1 5694
10 4 2 4856
10 4 3 5933
10 4 4 0
10 4 5 4681
10 4 6 1991
10 4 7 4165
10 4 8 1492
10 4 9 4326
10 4 10 0
10 4 11 5009
10 4 12 5573
10 4 13 4822
10 4 14 6680
10 4 15 8804
10 4 16 6453
10 4 17 6587
10 4 18 7285
10 4 19 7261
10 5 0 6079
10 5 1 5796
10 5 2 2128
10 5 3 4646
10 5 4 2259
10 5 5 0
10 5 6 5953
10 5 7 6741
10 5 8 3431
10 5 9 6245
10 5 10 0
10 5 11 2751
10 5 12 4245
10 5 13 5049
10 5 14 4759
10 5 15 3699
10 5 16 7550
10 5 17 3300
10 5 18 4280
10 5 19 6245
10 6 0 4843
10 6 1 1744
10 6 2 2826
10 6 3 2451
10 6 4 2022
10 6 5 5478
10 6 6 0
10 6 7 4277
10 6 8 4966
10 6 9 6042
10 6 10 0
10 6 11 5911
10 6 12 8855
10 6 13 7267
10 6 14 5071
10 6 15 9565
10 6 16 5702
10 6 17 5439
10 6 18 7738
10 6 19 5802
10 7 0 1096
10 7 1 4068
10 7 2 2773
10 7 3 4645
10 7 4 303
10 7 5 2046
10 7 6 3824
10 7 7 0
10 7 8 3333
10 7 9 1627
10 7 10 0
10 7 11 6967
10 7 12 7360
10 7 13 6183
10 7 14 5530
10 7 15 6275
10 7 16 4358
10 7 17 3376
10 7 18 3259
10 7 19 8138
10 8 0 4473
10 8 1 5061
10 8 2 7287
10 8 3 6987
10 8 4 6779
10 8 5 4559
10 8 6 3168
10 8 7 4988
10 8 8 0
10 8 9 7523
10 8 10 0
10 8 11 5670
10 8 12 7053
10 8 13 8808
10 8 14 7718
10 8 15 8237
10 8 16 7297
10 8 17 6465
10 8 18 4847
10 8 19 4060
10 9 0 2773
10 9 1 4526
10 9 2 3151
10 9 3 4591
10 9 4 2865
10 9 5 4403
10 9 6 5686
10 9 7 2321
10 9 8 1978
10 9 9 0
10 9 10 0
10 9 11 7483
10 9 12 7909
10 9 13 7155
10 9 14 9061
10 9 15 7878
10 9 16 7252
10 9 17 8276
10 9 18 5956
10 9 19 8781
10 10 0 0
10 10 1 0
10 10 2 0
10 10 3 0
10 10 4 0
10 10 5 0
10 10 6 0
10 10 7 0
10 10 8 0
10 10 9 0
10 10 10 0
10 10 11 0
10 10 12 0
10 10 13 0
10 10 14 0
10 10 15 0
10 10 16 0
10 10 17 0
10 10 18 0
10 10 19 0
10 11 0 9454
10 11 1 9245
10 11 2 7887
10 11 3 6410
10 11 4 5631
10 11 5 5070
10 11 6 6142
10 11 7 8771
10 11 8 6602
10 11 9 7474
10 11 10 0
10 11 11 0
10 11 12 3751
10 11 13 4846
10 11 14 5964
10 11 15 6858
10 11 16 5010
10 11 17 3291
10 11 18 5836
10 11 19 5565
10 12 0 5072
10 12 1 3737
10 12 2 3363
10 12 3 4630
10 12 4 1789
10 12 5 2158
10 12 6 4680
10 12 7 4758
10 12 8 3579
10 12 9 3494
10 12 10 0
10 12 11 5346
10 12 12 0
10 12 13 2357
10 12 14 1774
10 12 15 3860
10 12 16 5143
10 12 17 2181
10 12 18 3969
10 12 19 1016
10 13 0 8159
10 13 1 7394
10 13 2 4766
10 13 3 7887
10 13 4 3682
10 13 5 5606
10 13 6 5736
10 13 7 6225
10 13 8 7978
10 13 9 5384
10 13 10 0
10 13 11 2615
10 13 12 2161
10 13 13 0
10 13 14 4269
10 13 15 3085
10 13 16 2696
10 13 17 768
10 13 18 1220
10 13 19 3721
10 14 0 1593
10 14 1 1795
10 14 2 223
10 14 3 1234
10 14 4 2487
10 14 5 2263
10 14 6 487
10 14 7 2519
10 14 8 3835
10 14 9 4237
10 14 10 0
10 14 11 2517
10 14 12 3736
10 14 13 2463
10 14 14 0
10 14 15 1491
10 14 16 1900
10 14 17 4584
10 14 18 1173
10 14 19 3911
10 15 0 6191
10 15 1 3658
10 15 2 4308
10 15 3 6045
10 15 4 7986
10 15 5 4578
10 15 6 8356
10 15 7 6639
10 15 8 7729
10 15 9 6429
10 15 10 0
10 15 11 3583
10 15 12 1846
10 15 13 1826
10 15 14 1691
10 15 15 0
10 15 16 6068
10 15 17 6041
10 15 18 1900
10 15 19 5508
10 16 0 2610
10 16 1 1082
10 16 2 4059
10 16 3 3995
10 16 4 2156
10 16 5 4950
10 16 6 1014
10 16 7 1243
10 16 8 3310
10 16 9 2324
10 16 10 0
10 16 11 853
10 16 12 447
10 16 13 3757
10 16 14 3373
10 16 15 2559
10 16 16 0
10 16 17 4779
10 16 18 1803
10 16 19 2984
10 17 0 6401
10 17 1 2442
10 17 2 1561
10 17 3 1602
10 17 4 3734
10 17 5 2144
10 17 6 2195
10 17 7 1705
10 17 8 3922
10 17 9 4792
10 17 10 0
10 17 11 6565
10 17 12 3980
10 17 13 7117
10 17 14 7283
10 17 15 7071
10 17 16 3167
10 17 17 0
10 17 18 7423
10 17 19 4597
10 18 0 4615
10 18 1 3590
10 18 2 4485
10 18 3 5121
10 18 4 3876
10 18 5 2568
10 18 6 3938
10 18 7 1032
10 18 8 1748
10 18 9 1916
10 18 10 0
10 18 11 1719
10 18 12 1614
10 18 13 5459
10 18 14 2815
10 18 15 5719
10 18 16 3254
10 18 17 6174
10 18 18 0
10 18 19 5141
10 19 0 1984
10 19 1 4094
10 19 2 2395
10 19 3 5589
10 19 4 4646
10 19 5 5327
10 19 6 2796
10 19 7 6705
10 19 8 1755
10 19 9 5535
10 19 10 0
10 19 11 2488
10 19 12 4542
10 19 13 6683
10 19 14 5596
10 19 15 2934
10 19 16 3687
10 19 17 5015
10 19 18 1989
10 19 19 0
11 0 0 0
11 0 1 7593
11 0 2 9043
11 0 3 8999
11 0 4 8893
11 0 5 5636
11 0 6 7645
11 0 7 9199
11 0 8 8647
11 0 9 5970
11 0 10 5280
11 0 11 0
11 0 12 5846
11 0 13 6289
11 0 14 2776
11 0 15 3999
11 0 16 3897
11 0 17 6244
11 0 18 5014
11 0 19 1589
11 1 0 4580
11 1 1 0
11 1 2 5202
11 1 3 7906
11 1 4 6064
11 1 5 8694
11 1 6 8545
11 1 7 4982
11 1 8 4532
11 1 9 9138
11 1 10 7913
11 1 11 0
11 1 12 3831
11 1 13 4844
11 1 14 2298
11 1 15 786
11 1 16 1689
11 1 17 1605
11 1 18 3309
11 1 19 3019
11 2 0 7383
11 2 1 4465
11 2 2 0
11 2 3 5181
11 2 4 5535
11 2 5 7421
11 2 6 3165
11 2 7 4550
11 2 8 4899
11 2 9 3148
11 2 10 7322
11 2 11 0
11 2 12 6242
11 2 13 5001
11 2 14 3511
11 2 15 4221
11 2 16 7451
11 2 17 3509
11 2 18 6989
11 2 19 4105
11 3 0 5203
11 3 1 3163
11 3 2 5511
11 3 3 0
11 3 4 3596
11 3 5 1676
11 3 6 5185
11 3 7 5202
11 3 8 3869
11 3 9 2835
11 3 10 6059
11 3 11 0
11 3 12 6296
11 3 13 6909
11 3 14 3309
11 3 15 4745
11 3 16 6174
11 3 17 2337
11 3 18 6412
11 3 19 6086
11 4 0 3415
11 4 1 5072
11 4 2 4234
11 4 3 5311
11 4 4 0
11 4 5 4059
11 4 6 1369
11 4 7 3543
11 4 8 870
11 4 9 3704
11 4 10 5009
11 4 11 0
11 4 12 4777
11 4 13 4026
11 4 14 5884
11 4 15 8008
11 4 16 5657
11 4 17 5791
11 4 18 6489
11 4 19 6465
11 5 0 4071
11 5 1 3788
11 5 2 120
11 5 3 2638
11 5 4 251
11 5 5 0
11 5 6 3945
11 5 7 4733
11 5 8 1423
11 5 9 4237
11 5 10 2751
11 5 11 0
11 5 12 3524
11 5 13 4328
11 5 14 4038
11 5 15 2978
11 5 16 6829
11 5 17 2579
11 5 18 3559
11 5 19 5524
11 6 0 4811
11 6 1 1712
11 6 2 2794
11 6 3 2419
11 6 4 1990
11 6 5 5446
11 6 6 0
11 6 7 4245
11 6 8 4934
11 6 9 6010
11 6 10 5911
11 6 11 0
11 6 12 4838
11 6 13 3250
11 6 14 1054
11 6 15 5548
11 6 16 1685
11 6 17 1422
11 6 18 3721
11 6 19 1785
11 7 0 4839
11 7 1 7811
11 7 2 6516
11 7 3 8388
11 7 4 4046
11 7 5 5789
11 7 6 7567
11 7 7 0
11 7 8 7076
11 7 9 5370
11 7 10 6967
11 7 11 0
11 7 12 4879
11 7 13 3702
11 7 14 3049
11 7 15 3794
11 7 16 1877
11 7 17 895
11 7 18 778
11 7 19 5657
11 8 0 3490
11 8 1 4078
11 8 2 6304
11 8 3 6004
11 8 4 5796
11 8 5 3576
11 8 6 2185
11 8 7 4005
11 8 8 0
11 8 9 6540
11 8 10 5670
11 8 11 0
11 8 12 4222
11 8 13 5977
11 8 14 4887
11 8 15 5406
11 8 16 4466
11 8 17 3634
11 8 18 2016
11 8 19 1229
11 9 0 3453
11 9 1 5206
11 9 2 3831
11 9 3 5271
11 9 4 3545
11 9 5 5083
11 9 6 6366
11 9 7 3001
11 9 8 2658
11 9 9 0
11 9 10 7483
11 9 11 0
11 9 12 3177
11 9 13 2423
11 9 14 4329
11 9 15 3146
11 9 16 2520
11 9 17 3544
11 9 18 1224
11 9 19 4049
11 10 0 5555
11 10 1 4242
11 10 2 6441
11 10 3 7255
11 10 4 3874
11 10 5 4699
11 10 6 3795
11 10 7 2649
11 10 8 5206
11 10 9 4415
11 10 10 0
11 10 11 0
11 10 12 5720
11 10 13 5070
11 10 14 5670
11 10 15 6091
11 10 16 5046
11 10 17 7446
11 10 18 6248
11 10 19 6853
11 11 0 0
11 11 1 0
11 11 2 0
11 11 3 0
11 11 4 0
11 11 5 0
11 11 6 0
11 11 7 0
11 11 8 0
11 11 9 0
11 11 10 0
11 11 11 0
11 11 12 0
11 11 13 0
11 11 14 0
11 11 15 0
11 11 16 0
11 11 17 0
11 11 18 0
11 11 19 0
11 12 0 9104
11 12 1 7769
11 12 2 7395
11 12 3 8662
11 12 4 5821
11 12 5 6190
11 12 6 8712
11 12 7 8790
11 12 8 7611
11 12 9 7526
11 12 10 5346
11 12 11 0
11 12 12 0
11 12 13 2767
11 12 14 2184
11 12 15 4270
11 12 16 5553
11 12 17 2591
11 12 18 4379
11 12 19 1426
11 13 0 7466
11 13 1 6701
11 13 2 4073
11 13 3 7194
11 13 4 2989
11 13 5 4913
11 13 6 5043
11 13 7 5532
11 13 8 7285
11 13 9 4691
11 13 10 2615
11 13 11 0
11 13 12 4316
11 13 13 0
11 13 14 6424
11 13 15 5240
11 13 16 4851
11 13 17 2923
11 13 18 3375
11 13 19 5876
11 14 0 3255
11 14 1 3457
11 14 2 1885
11 14 3 2896
11 14 4 4149
11 14 5 3925
11 14 6 2149
11 14 7 4181
11 14 8 5497
11 14 9 5899
11 14 10 2517
11 14 11 0
11 14 12 6409
11 14 13 5136
11 14 14 0
11 14 15 4164
11 14 16 4573
11 14 17 7257
11 14 18 3846
11 14 19 6584
11 15 0 5123
11 15 1 2590
11 15 2 3240
11 15 3 4977
11 15 4 6918
11 15 5 3510
11 15 6 7288
11 15 7 5571
11 15 8 6661
11 15 9 5361
11 15 10 3583
11 15 11 0
11 15 12 4992
11 15 13 4972
11 15 14 4837
11 15 15 0
11 15 16 9214
11 15 17 9187
11 15 18 5046
11 15 19 8654
11 16 0 3336
11 16 1 1808
11 16 2 4785
11 16 3 4721
11 16 4 2882
11 16 5 5676
11 16 6 1740
11 16 7 1969
11 16 8 4036
11 16 9 3050
11 16 10 853
11 16 11 0
11 16 12 2790
11 16 13 6100
11 16 14 5716
11 16 15 4902
11 16 16 0
11 16 17 7122
11 16 18 4146
11 16 19 5327
11 17 0 8995
11 17 1 5036
11 17 2 4155
11 17 3 4196
11 17 4 6328
11 17 5 4738
11 17 6 4789
11 17 7 4299
11 17 8 6516
11 17 9 7386
11 17 10 6565
11 17 11 0
11 17 12 2204
11 17 13 5341
11 17 14 5507
11 17 15 5295
11 17 16 1391
11 17 17 0
11 17 18 5647
11 17 19 2821
11 18 0 4117
11 18 1 3092
11 18 2 3987
11 18 3 4623
11 18 4 3378
11 18 5 2070
11 18 6 3440
11 18 7 534
11 18 8 1250
11 18 9 1418
11 18 10 1719
11 18 11 0
11 18 12 3581
11 18 13 7426
11 18 14 4782
11 18 15 7686
11 18 16 5221
11 18 17 8141
11 18 18 0
11 18 19 7108
11 19 0 856
11 19 1 2966
11 19 2 1267
11 19 3 4461
11 19 4 3518
11 19 5 4199
11 19 6 1668
11 19 7 5577
11 19 8 627
11 19 9 4407
11 19 10 2488
11 19 11 0
11 19 12 5633
11 19 13 7774
11 19 14 6687
11 19 15 4025
11 19 16 4778
11 19 17 6106
11 19 18 3080
11 19 19 0
12 0 0 0
12 0 1 7617
12 0 2 9067
12 0 3 9023
12 0 4 8917
12 0 5 5660
12 0 6 7669
12 0 7 9223
12 0 8 8671
12 0 9 5994
12 0 10 5304
12 0 11 5846
12 0 12 0
12 0 13 6009
12 0 14 2496
12 0 15 3719
12 0 16 3617
12 0 17 5964
12 0 18 4734
12 0 19 1309
12 1 0 3478
12 1 1 0
12 1 2 4100
12 1 3 6804
12 1 4 4962
12 1 5 7592
12 1 6 7443
12 1 7 3880
12 1 8 3430
12 1 9 8036
12 1 10 6811
12 1 11 3831
12 1 12 0
12 1 13 4739
12 1 14 2193
12 1 15 681
12 1 16 1584
12 1 17 1500
12 1 18 3204
12 1 19 2914
12 2 0 7265
12 2 1 4347
12 2 2 0
12 2 3 5063
12 2 4 5417
12 2 5 7303
12 2 6 3047
12 2 7 4432
12 2 8 4781
12 2 9 3030
12 2 10 7204
12 2 11 6242
12 2 12 0
12 2 13 4895
12 2 14 3405
12 2 15 4115
12 2 16 7345
12 2 17 3403
12 2 18 6883
12 2 19 3999
12 3 0 7829
12 3 1 5789
12 3 2 8137
12 3 3 0
12 3 4 6222
12 3 5 4302
12 3 6 7811
12 3 7 7828
12 3 8 6495
12 3 9 5461
12 3 10 8685
12 3 11 6296
12 3 12 0
12 3 13 5079
12 3 14 1479
12 3 15 2915
12 3 16 4344
12 3 17 507
12 3 18 4582
12 3 19 4256
12 4 0 3979
12 4 1 5636
12 4 2 4798
12 4 3 5875
12 4 4 0
12 4 5 4623
12 4 6 1933
12 4 7 4107
12 4 8 1434
12 4 9 4268
12 4 10 5573
12 4 11 4777
12 4 12 0
12 4 13 3684
12 4 14 5542
12 4 15 7666
12 4 16 5315
12 4 17 5449
12 4 18 6147
12 4 19 6123
12 5 0 5565
12 5 1 5282
12 5 2 1614
12 5 3 4132
12 5 4 1745
12 5 5 0
12 5 6 5439
12 5 7 6227
12 5 8 2917
12 5 9 5731
12 5 10 4245
12 5 11 3524
12 5 12 0
12 5 13 6327
12 5 14 6037
12 5 15 4977
12 5 16 8828
12 5 17 4578
12 5 18 5558
12 5 19 7523
12 6 0 7755
12 6 1 4656
12 6 2 5738
12 6 3 5363
12 6 4 4934
12 6 5 8390
12 6 6 0
12 6 7 7189
12 6 8 7878
12 6 9 8954
12 6 10 8855
12 6 11 4838
12 6 12 0
12 6 13 5484
12 6 14 3288
12 6 15 7782
12 6 16 3919
12 6 17 3656
12 6 18 5955
12 6 19 4019
12 7 0 5232
12 7 1 8204
12 7 2 6909
12 7 3 8781
12 7 4 4439
12 7 5 6182
12 7 6 7960
12 7 7 0
12 7 8 7469
12 7 9 5763
12 7 10 7360
12 7 11 4879
12 7 12 0
12 7 13 6438
12 7 14 5785
12 7 15 6530
12 7 16 4613
12 7 17 3631
12 7 18 3514
12 7 19 8393
12 8 0 4873
12 8 1 5461
12 8 2 7687
12 8 3 7387
12 8 4 7179
12 8 5 4959
12 8 6 3568
12 8 7 5388
12 8 8 0
12 8 9 7923
12 8 10 7053
12 8 11 4222
12 8 12 0
12 8 13 6362
12 8 14 5272
12 8 15 5791
12 8 16 4851
12 8 17 4019
12 8 18 2401
12 8 19 1614
12 9 0 3879
12 9 1 5632
12 9 2 4257
12 9 3 5697
12 9 4 3971
12 9 5 5509
12 9 6 6792
12 9 7 3427
12 9 8 3084
12 9 9 0
12 9 10 7909
12 9 11 3177
12 9 12 0
12 9 13 7051
12 9 14 8957
12 9 15 7774
12 9 16 7148
12 9 17 8172
12 9 18 5852
12 9 19 8677
12 10 0 3722
12 10 1 2409
12 10 2 4608
12 10 3 5422
12 10 4 2041
12 10 5 2866
12 10 6 1962
12 10 7 816
12 10 8 3373
12 10 9 2582
12 10 10 0
12 10 11 5720
12 10 12 0
12 10 13 664
12 10 14 1264
12 10 15 1685
12 10 16 640
12 10 17 3040
12 10 18 1842
12 10 19 2447
12 11 0 5652
12 11 1 5443
12 11 2 4085
12 11 3 2608
12 11 4 1829
12 11 5 1268
12 11 6 2340
12 11 7 4969
12 11 8 2800
12 11 9 3672
12 11 10 3751
12 11 11 0
12 11 12 0
12 11 13 6851
12 11 14 7969
12 11 15 8863
12 11 16 7015
12 11 17 5296
12 11 18 7841
12 11 19 7570
12 12 0 0
12 12 1 0
12 12 2 0
12 12 3 0
12 12 4 0
12 12 5 0
12 12 6 0
12 12 7 0
12 12 8 0
12 12 9 0
12 12 10 0
12 12 11 0
12 12 12 0
12 12 13 0
12 12 14 0
12 12 15 0
12 12 16 0
12 12 17 0
12 12 18 0
12 12 19 0
12 13 0 7012
12 13 1 6247
12 13 2 3619
12 13 3 6740
12 13 4 2535
12 13 5 4459
12 13 6 4589
12 13 7 5078
12 13 8 6831
12 13 9 4237
12 13 10 2161
12 13 11 4316
12 13 12 0
12 13 13 0
12 13 14 5768
12 13 15 4584
12 13 16 4195
12 13 17 2267
12 13 18 2719
12 13 19 5220
12 14 0 4474
12 14 1 4676
12 14 2 3104
12 14 3 4115
12 14 4 5368
12 14 5 5144
12 14 6 3368
12 14 7 5400
12 14 8 6716
12 14 9 7118
12 14 10 3736
12 14 11 6409
12 14 12 0
12 14 13 2779
12 14 14 0
12 14 15 1807
12 14 16 2216
12 14 17 4900
12 14 18 1489
12 14 19 4227
12 15 0 3386
12 15 1 853
12 15 2 1503
12 15 3 3240
12 15 4 5181
12 15 5 1773
12 15 6 5551
12 15 7 3834
12 15 8 4924
12 15 9 3624
12 15 10 1846
12 15 11 4992
12 15 12 0
12 15 13 3807
12 15 14 3672
12 15 15 0
12 15 16 8049
12 15 17 8022
12 15 18 3881
12 15 19 7489
12 16 0 2930
12 16 1 1402
12 16 2 4379
12 16 3 4315
12 16 4 2476
12 16 5 5270
12 16 6 1334
12 16 7 1563
12 16 8 3630
12 16 9 2644
12 16 10 447
12 16 11 2790
12 16 12 0
12 16 13 8066
12 16 14 7682
12 16 15 6868
12 16 16 0
12 16 17 9088
12 16 18 6112
12 16 19 7293
12 17 0 6410
12 17 1 2451
12 17 2 1570
12 17 3 1611
12 17 4 3743
12 17 5 2153
12 17 6 2204
12 17 7 1714
12 17 8 3931
12 17 9 4801
12 17 10 3980
12 17 11 2204
12 17 12 0
12 17 13 6064
12 17 14 6230
12 17 15 6018
12 17 16 2114
12 17 17 0
12 17 18 6370
12 17 19 3544
12 18 0 4012
12 18 1 2987
12 18 2 3882
12 18 3 4518
12 18 4 3273
12 18 5 1965
12 18 6 3335
12 18 7 429
12 18 8 1145
12 18 9 1313
12 18 10 1614
12 18 11 3581
12 18 12 0
12 18 13 7392
12 18 14 4748
12 18 15 7652
12 18 16 5187
12 18 17 8107
12 18 18 0
12 18 19 7074
12 19 0 2910
12 19 1 5020
12 19 2 3321
12 19 3 6515
12 19 4 5572
12 19 5 6253
12 19 6 3722
12 19 7 7631
12 19 8 2681
12 19 9 6461
12 19 10 4542
12 19 11 5633
12 19 12 0
12 19 13 5058
12 19 14 3971
12 19 15 1309
12 19 16 2062
12 19 17 3390
12 19 18 364
12 19 19 0
13 0 0 0
13 0 1 8060
13 0 2 9510
13 0 3 9466
13 0 4 9360
13 0 5 6103
13 0 6 8112
13 0 7 9666
13 0 8 9114
13 0 9 6437
13 0 10 5747
13 0 11 6289
13 0 12 6009
13 0 13 0
13 0 14 4791
13 0 15 6014
13 0 16 5912
13 0 17 8259
13 0 18 7029
13 0 19 3604
13 1 0 4491
13 1 1 0
13 1 2 5113
13 1 3 7817
13 1 4 5975
13 1 5 8605
13 1 6 8456
13 1 7 4893
13 1 8 4443
13 1 9 9049
13 1 10 7824
13 1 11 4844
13 1 12 4739
13 1 13 0
13 1 14 5076
13 1 15 3564
13 1 16 4467
13 1 17 4383
13 1 18 6087
13 1 19 5797
13 2 0 6024
13 2 1 3106
13 2 2 0
13 2 3 3822
13 2 4 4176
13 2 5 6062
13 2 6 1806
13 2 7 3191
13 2 8 3540
13 2 9 1789
13 2 10 5963
13 2 11 5001
13 2 12 4895
13 2 13 0
13 2 14 3931
13 2 15 4641
13 2 16 7871
13 2 17 3929
13 2 18 7409
13 2 19 4525
13 3 0 8442
13 3 1 6402
13 3 2 8750
13 3 3 0
13 3 4 6835
13 3 5 4915
13 3 6 8424
13 3 7 8441
13 3 8 7108
13 3 9 6074
13 3 10 9298
13 3 11 6909
13 3 12 5079
13 3 13 0
13 3 14 4436
13 3 15 5872
13 3 16 7301
13 3 17 3464
13 3 18 7539
13 3 19 7213
13 4 0 3228
13 4 1 4885
13 4 2 4047
13 4 3 5124
13 4 4 0
13 4 5 3872
13 4 6 1182
13 4 7 3356
13 4 8 683
13 4 9 3517
13 4 10 4822
13 4 11 4026
13 4 12 3684
13 4 13 0
13 4 14 6558
13 4 15 8682
13 4 16 6331
13 4 17 6465
13 4 18 7163
13 4 19 7139
13 5 0 6369
13 5 1 6086
13 5 2 2418
13 5 3 4936
13 5 4 2549
13 5 5 0
13 5 6 6243
13 5 7 7031
13 5 8 3721
13 5 9 6535
13 5 10 5049
13 5 11 4328
13 5 12 6327
13 5 13 0
13 5 14 5983
13 5 15 4923
13 5 16 8774
13 5 17 4524
13 5 18 5504
13 5 19 7469
13 6 0 6167
13 6 1 3068
13 6 2 4150
13 6 3 3775
13 6 4 3346
13 6 5 6802
13 6 6 0
13 6 7 5601
13 6 8 6290
13 6 9 7366
13 6 10 7267
13 6 11 3250
13 6 12 5484
13 6 13 0
13 6 14 4003
13 6 15 8497
13 6 16 4634
13 6 17 4371
13 6 18 6670
13 6 19 4734
13 7 0 4055
13 7 1 7027
13 7 2 5732
13 7 3 7604
13 7 4 3262
13 7 5 5005
13 7 6 6783
13 7 7 0
13 7 8 6292
13 7 9 4586
13 7 10 6183
13 7 11 3702
13 7 12 6438
13 7 13 0
13 7 14 3537
13 7 15 4282
13 7 16 2365
13 7 17 1383
13 7 18 1266
13 7 19 6145
13 8 0 6628
13 8 1 7216
13 8 2 9442
13 8 3 9142
13 8 4 8934
13 8 5 6714
13 8 6 5323
13 8 7 7143
13 8 8 0
13 8 9 9678
13 8 10 8808
13 8 11 5977
13 8 12 6362
13 8 13 0
13 8 14 6003
13 8 15 6522
13 8 16 5582
13 8 17 4750
13 8 18 3132
13 8 19 2345
13 9 0 3125
13 9 1 4878
13 9 2 3503
13 9 3 4943
13 9 4 3217
13 9 5 4755
13 9 6 6038
13 9 7 2673
13 9 8 2330
13 9 9 0
13 9 10 7155
13 9 11 2423
13 9 12 7051
13 9 13 0
13 9 14 4355
13 9 15 3172
13 9 16 2546
13 9 17 3570
13 9 18 1250
13 9 19 4075
13 10 0 3072
13 10 1 1759
13 10 2 3958
13 10 3 4772
13 10 4 1391
13 10 5 2216
13 10 6 1312
13 10 7 166
13 10 8 2723
13 10 9 1932
13 10 10 0
13 10 11 5070
13 10 12 664
13 10 13 0
13 10 14 3908
13 10 15 4329
13 10 16 3284
13 10 17 5684
13 10 18 4486
13 10 19 5091
13 11 0 6747
13 11 1 6538
13 11 2 5180
13 11 3 3703
13 11 4 2924
13 11 5 2363
13 11 6 3435
13 11 7 6064
13 11 8 3895
13 11 9 4767
13 11 10 4846
13 11 11 0
13 11 12 6851
13 11 13 0
13 11 14 5888
13 11 15 6782
13 11 16 4934
13 11 17 3215
13 11 18 5760
13 11 19 5489
13 12 0 6115
13 12 1 4780
13 12 2 4406
13 12 3 5673
13 12 4 2832
13 12 5 3201
13 12 6 5723
13 12 7 5801
13 12 8 4622
13 12 9 4537
13 12 10 2357
13 12 11 2767
13 12 12 0
13 12 13 0
13 12 14 3077
13 12 15 5163
13 12 16 6446
13 12 17 3484
13 12 18 5272
13 12 19 2319
13 13 0 0
13 13 1 0
13 13 2 0
13 13 3 0
13 13 4 0
13 13 5 0
13 13 6 0
13 13 7 0
13 13 8 0
13 13 9 0
13 13 10 0
13 13 11 0
13 13 12 0
13 13 13 0
13 13 14 0
13 13 15 0
13 13 16 0
13 13 17 0
13 13 18 0
13 13 19 0
13 14 0 3201
13 14 1 3403
13 14 2 1831
13 14 3 2842
13 14 4 4095
13 14 5 3871
13 14 6 2095
13 14 7 4127
13 14 8 5443
13 14 9 5845
13 14 10 2463
13 14 11 5136
13 14 12 2779
13 14 13 0
13 14 14 0
13 14 15 4952
13 14 16 5361
13 14 17 8045
13 14 18 4634
13 14 19 7372
13 15 0 3366
13 15 1 833
13 15 2 1483
13 15 3 3220
13 15 4 5161
13 15 5 1753
13 15 6 5531
13 15 7 3814
13 15 8 4904
13 15 9 3604
13 15 10 1826
13 15 11 4972
13 15 12 3807
13 15 13 0
13 15 14 3547
13 15 15 0
13 15 16 7924
13 15 17 7897
13 15 18 3756
13 15 19 7364
13 16 0 6240
13 16 1 4712
13 16 2 7689
13 16 3 7625
13 16 4 5786
13 16 5 8580
13 16 6 4644
13 16 7 4873
13 16 8 6940
13 16 9 5954
13 16 10 3757
13 16 11 6100
13 16 12 8066
13 16 13 0
13 16 14 5885
13 16 15 5071
13 16 16 0
13 16 17 7291
13 16 18 4315
13 16 19 5496
13 17 0 9547
13 17 1 5588
13 17 2 4707
13 17 3 4748
13 17 4 6880
13 17 5 5290
13 17 6 5341
13 17 7 4851
13 17 8 7068
13 17 9 7938
13 17 10 7117
13 17 11 5341
13 17 12 6064
13 17 13 0
13 17 14 5467
13 17 15 5255
13 17 16 1351
13 17 17 0
13 17 18 5607
13 17 19 2781
13 18 0 7857
13 18 1 6832
13 18 2 7727
13 18 3 8363
13 18 4 7118
13 18 5 5810
13 18 6 7180
13 18 7 4274
13 18 8 4990
13 18 9 5158
13 18 10 5459
13 18 11 7426
13 18 12 7392
13 18 13 0
13 18 14 2649
13 18 15 5553
13 18 16 3088
13 18 17 6008
13 18 18 0
13 18 19 4975
13 19 0 5051
13 19 1 7161
13 19 2 5462
13 19 3 8656
13 19 4 7713
13 19 5 8394
13 19 6 5863
13 19 7 9772
13 19 8 4822
13 19 9 8602
13 19 10 6683
13 19 11 7774
13 19 12 5058
13 19 13 0
13 19 14 7326
13 19 15 4664
13 19 16 5417
13 19 17 6745
13 19 18 3719
13 19 19 0
14 0 0 0
14 0 1 4547
14 0 2 5997
14 0 3 5953
14 0 4 5847
14 0 5 2590
14 0 6 4599
14 0 7 6153
14 0 8 5601
14 0 9 2924
14 0 10 2234
14 0 11 2776
14 0 12 2496
14 0 13 4791
14 0 14 0
14 0 15 3576
14 0 16 3474
14 0 17 5821
14 0 18 4591
14 0 19 1166
14 1 0 1945
14 1 1 0
14 1 2 2567
14 1 3 5271
14 1 4 3429
14 1 5 6059
14 1 6 5910
14 1 7 2347
14 1 8 1897
14 1 9 6503
14 1 10 5278
14 1 11 2298
14 1 12 2193
14 1 13 5076
14 1 14 0
14 1 15 5046
14 1 16 5949
14 1 17 5865
14 1 18 7569
14 1 19 7279
14 2 0 4534
14 2 1 1616
14 2 2 0
14 2 3 2332
14 2 4 2686
14 2 5 4572
14 2 6 316
14 2 7 1701
14 2 8 2050
14 2 9 299
14 2 10 4473
14 2 11 3511
14 2 12 3405
14 2 13 3931
14 2 14 0
14 2 15 3392
14 2 16 6622
14 2 17 2680
14 2 18 6160
14 2 19 3276
14 3 0 4842
14 3 1 2802
14 3 2 5150
14 3 3 0
14 3 4 3235
14 3 5 1315
14 3 6 4824
14 3 7 4841
14 3 8 3508
14 3 9 2474
14 3 10 5698
14 3 11 3309
14 3 12 1479
14 3 13 4436
14 3 14 0
14 3 15 5820
14 3 16 7249
14 3 17 3412
14 3 18 7487
14 3 19 7161
14 4 0 5086
14 4 1 6743
14 4 2 5905
14 4 3 6982
14 4 4 0
14 4 5 5730
14 4 6 3040
14 4 7 5214
14 4 8 2541
14 4 9 5375
14 4 10 6680
14 4 11 5884
14 4 12 5542
14 4 13 6558
14 4 14 0
14 4 15 5452
14 4 16 3101
14 4 17 3235
14 4 18 3933
14 4 19 3909
14 5 0 6079
14 5 1 5796
14 5 2 2128
14 5 3 4646
14 5 4 2259
14 5 5 0
14 5 6 5953
14 5 7 6741
14 5 8 3431
14 5 9 6245
14 5 10 4759
14 5 11 4038
14 5 12 6037
14 5 13 5983
14 5 14 0
14 5 15 4446
14 5 16 8297
14 5 17 4047
14 5 18 5027
14 5 19 6992
14 6 0 3971
14 6 1 872
14 6 2 1954
14 6 3 1579
14 6 4 1150
14 6 5 4606
14 6 6 0
14 6 7 3405
14 6 8 4094
14 6 9 5170
14 6 10 5071
14 6 11 1054
14 6 12 3288
14 6 13 4003
14 6 14 0
14 6 15 5206
14 6 16 1343
14 6 17 1080
14 6 18 3379
14 6 19 1443
14 7 0 3402
14 7 1 6374
14 7 2 5079
14 7 3 6951
14 7 4 2609
14 7 5 4352
14 7 6 6130
14 7 7 0
14 7 8 5639
14 7 9 3933
14 7 10 5530
14 7 11 3049
14 7 12 5785
14 7 13 3537
14 7 14 0
14 7 15 4345
14 7 16 2428
14 7 17 1446
14 7 18 1329
14 7 19 6208
14 8 0 5538
14 8 1 6126
14 8 2 8352
14 8 3 8052
14 8 4 7844
14 8 5 5624
14 8 6 4233
14 8 7 6053
14 8 8 0
14 8 9 8588
14 8 10 7718
14 8 11 4887
14 8 12 5272
14 8 13 6003
14 8 14 0
14 8 15 4655
14 8 16 3715
14 8 17 2883
14 8 18 1265
14 8 19 478
14 9 0 5031
14 9 1 6784
14 9 2 5409
14 9 3 6849
14 9 4 5123
14 9 5 6661
14 9 6 7944
14 9 7 4579
14 9 8 4236
14 9 9 0
14 9 10 9061
14 9 11 4329
14 9 12 8957
14 9 13 4355
14 9 14 0
14 9 15 3829
14 9 16 3203
14 9 17 4227
14 9 18 1907
14 9 19 4732
14 10 0 3672
14 10 1 2359
14 10 2 4558
14 10 3 5372
14 10 4 1991
14 10 5 2816
14 10 6 1912
14 10 7 766
14 10 8 3323
14 10 9 2532
14 10 10 0
14 10 11 5670
14 10 12 1264
14 10 13 3908
14 10 14 0
14 10 15 1276
14 10 16 231
14 10 17 2631
14 10 18 1433
14 10 19 2038
14 11 0 7865
14 11 1 7656
14 11 2 6298
14 11 3 4821
14 11 4 4042
14 11 5 3481
14 11 6 4553
14 11 7 7182
14 11 8 5013
14 11 9 5885
14 11 10 5964
14 11 11 0
14 11 12 7969
14 11 13 5888
14 11 14 0
14 11 15 6084
14 11 16 4236
14 11 17 2517
14 11 18 5062
14 11 19 4791
14 12 0 5532
14 12 1 4197
14 12 2 3823
14 12 3 5090
14 12 4 2249
14 12 5 2618
14 12 6 5140
14 12 7 5218
14 12 8 4039
14 12 9 3954
14 12 10 1774
14 12 11 2184
14 12 12 0
14 12 13 3077
14 12 14 0
14 12 15 6138
14 12 16 7421
14 12 17 4459
14 12 18 6247
14 12 19 3294
14 13 0 9120
14 13 1 8355
14 13 2 5727
14 13 3 8848
14 13 4 4643
14 13 5 6567
14 13 6 6697
14 13 7 7186
14 13 8 8939
14 13 9 6345
14 13 10 4269
14 13 11 6424
14 13 12 5768
14 13 13 0
14 13 14 0
14 13 15 4740
14 13 16 4351
14 13 17 2423
14 13 18 2875
14 13 19 5376
14 14 0 0
14 14 1 0
14 14 2 0
14 14 3 0
14 14 4 0
14 14 5 0
14 14 6 0
14 14 7 0
14 14 8 0
14 14 9 0
14 14 10 0
14 14 11 0
14 14 12 0
14 14 13 0
14 14 14 0
14 14 15 0
14 14 16 0
14 14 17 0
14 14 18 0
14 14 19 0
14 15 0 3231
14 15 1 698
14 15 2 1348
14 15 3 3085
14 15 4 5026
14 15 5 1618
14 15 6 5396
14 15 7 3679
14 15 8 4769
14 15 9 3469
14 15 10 1691
14 15 11 4837
14 15 12 3672
14 15 13 3547
14 15 14 0
14 15 15 0
14 15 16 5730
14 15 17 5703
14 15 18 1562
14 15 19 5170
14 16 0 5856
14 16 1 4328
14 16 2 7305
14 16 3 7241
14 16 4 5402
14 16 5 8196
14 16 6 4260
14 16 7 4489
14 16 8 6556
14 16 9 5570
14 16 10 3373
14 16 11 5716
14 16 12 7682
14 16 13 5885
14 16 14 0
14 16 15 3675
14 16 16 0
14 16 17 5895
14 16 18 2919
14 16 19 4100
14 17 0 9713
14 17 1 5754
14 17 2 4873
14 17 3 4914
14 17 4 7046
14 17 5 5456
14 17 6 5507
14 17 7 5017
14 17 8 7234
14 17 9 8104
14 17 10 7283
14 17 11 5507
14 17 12 6230
14 17 13 5467
14 17 14 0
14 17 15 8471
14 17 16 4567
14 17 17 0
14 17 18 8823
14 17 19 5997
14 18 0 5213
14 18 1 4188
14 18 2 5083
14 18 3 5719
14 18 4 4474
14 18 5 3166
14 18 6 4536
14 18 7 1630
14 18 8 2346
14 18 9 2514
14 18 10 2815
14 18 11 4782
14 18 12 4748
14 18 13 2649
14 18 14 0
14 18 15 4906
14 18 16 2441
14 18 17 5361
14 18 18 0
14 18 19 4328
14 19 0 3964
14 19 1 6074
14 19 2 4375
14 19 3 7569
14 19 4 6626
14 19 5 7307
14 19 6 4776
14 19 7 8685
14 19 8 3735
14 19 9 7515
14 19 10 5596
14 19 11 6687
14 19 12 3971
14 19 13 7326
14 19 14 0
14 19 15 4254
14 19 16 5007
14 19 17 6335
14 19 18 3309
14 19 19 0
15 0 0 0
15 0 1 5770
15 0 2 7220
15 0 3 7176
15 0 4 7070
15 0 5 3813
15 0 6 5822
15 0 7 7376
15 0 8 6824
15 0 9 4147
15 0 10 3457
15 0 11 3999
15 0 12 3719
15 0 13 6014
15 0 14 3576
15 0 15 0
15 0 16 6651
15 0 17 8998
15 0 18 7768
15 0 19 4343
15 1 0 433
15 1 1 0
15 1 2 1055
15 1 3 3759
15 1 4 1917
15 1 5 4547
15 1 6 4398
15 1 7 835
15 1 8 385
15 1 9 4991
15 1 10 3766
15 1 11 786
15 1 12 681
15 1 13 3564
15 1 14 5046
15 1 15 0
15 1 16 3693
15 1 17 3609
15 1 18 5313
15 1 19 5023
15 2 0 5244
15 2 1 2326
15 2 2 0
15 2 3 3042
15 2 4 3396
15 2 5 5282
15 2 6 1026
15 2 7 2411
15 2 8 2760
15 2 9 1009
15 2 10 5183
15 2 11 4221
15 2 12 4115
15 2 13 4641
15 2 14 3392
15 2 15 0
15 2 16 5378
15 2 17 1436
15 2 18 4916
15 2 19 2032
15 3 0 6278
15 3 1 4238
15 3 2 6586
15 3 3 0
15 3 4 4671
15 3 5 2751
15 3 6 6260
15 3 7 6277
15 3 8 4944
15 3 9 3910
15 3 10 7134
15 3 11 4745
15 3 12 2915
15 3 13 5872
15 3 14 5820
15 3 15 0
15 3 16 8220
15 3 17 4383
15 3 18 8458
15 3 19 8132
15 4 0 7210
15 4 1 8867
15 4 2 8029
15 4 3 9106
15 4 4 0
15 4 5 7854
15 4 6 5164
15 4 7 7338
15 4 8 4665
15 4 9 7499
15 4 10 8804
15 4 11 8008
15 4 12 7666
15 4 13 8682
15 4 14 5452
15 4 15 0
15 4 16 6185
15 4 17 6319
15 4 18 7017
15 4 19 6993
15 5 0 5019
15 5 1 4736
15 5 2 1068
15 5 3 3586
15 5 4 1199
15 5 5 0
15 5 6 4893
15 5 7 5681
15 5 8 2371
15 5 9 5185
15 5 10 3699
15 5 11 2978
15 5 12 4977
15 5 13 4923
15 5 14 4446
15 5 15 0
15 5 16 5259
15 5 17 1009
15 5 18 1989
15 5 19 3954
15 6 0 8465
15 6 1 5366
15 6 2 6448
15 6 3 6073
15 6 4 5644
15 6 5 9100
15 6 6 0
15 6 7 7899
15 6 8 8588
15 6 9 9664
15 6 10 9565
15 6 11 5548
15 6 12 7782
15 6 13 8497
15 6 14 5206
15 6 15 0
15 6 16 2995
15 6 17 2732
15 6 18 5031
15 6 19 3095
15 7 0 4147
15 7 1 7119
15 7 2 5824
15 7 3 7696
15 7 4 3354
15 7 5 5097
15 7 6 6875
15 7 7 0
15 7 8 6384
15 7 9 4678
15 7 10 6275
15 7 11 3794
15 7 12 6530
15 7 13 4282
15 7 14 4345
15 7 15 0
15 7 16 5073
15 7 17 4091
15 7 18 3974
15 7 19 8853
15 8 0 6057
15 8 1 6645
15 8 2 8871
15 8 3 8571
15 8 4 8363
15 8 5 6143
15 8 6 4752
15 8 7 6572
15 8 8 0
15 8 9 9107
15 8 10 8237
15 8 11 5406
15 8 12 5791
15 8 13 6522
15 8 14 4655
15 8 15 0
15 8 16 5739
15 8 17 4907
15 8 18 3289
15 8 19 2502
15 9 0 3848
15 9 1 5601
15 9 2 4226
15 9 3 5666
15 9 4 3940
15 9 5 5478
15 9 6 6761
15 9 7 3396
15 9 8 3053
15 9 9 0
15 9 10 7878
15 9 11 3146
15 9 12 7774
15 9 13 3172
15 9 14 3829
15 9 15 0
15 9 16 6969
15 9 17 7993
15 9 18 5673
15 9 19 8498
15 10 0 4093
15 10 1 2780
15 10 2 4979
15 10 3 5793
15 10 4 2412
15 10 5 3237
15 10 6 2333
15 10 7 1187
15 10 8 3744
15 10 9 2953
15 10 10 0
15 10 11 6091
15 10 12 1685
15 10 13 4329
15 10 14 1276
15 10 15 0
15 10 16 3606
15 10 17 6006
15 10 18 4808
15 10 19 5413
15 11 0 8759
15 11 1 8550
15 11 2 7192
15 11 3 5715
15 11 4 4936
15 11 5 4375
15 11 6 5447
15 11 7 8076
15 11 8 5907
15 11 9 6779
15 11 10 6858
15 11 11 0
15 11 12 8863
15 11 13 6782
15 11 14 6084
15 11 15 0
15 11 16 4881
15 11 17 3162
15 11 18 5707
15 11 19 5436
15 12 0 7618
15 12 1 6283
15 12 2 5909
15 12 3 7176
15 12 4 4335
15 12 5 4704
15 12 6 7226
15 12 7 7304
15 12 8 6125
15 12 9 6040
15 12 10 3860
15 12 11 4270
15 12 12 0
15 12 13 5163
15 12 14 6138
15 12 15 0
15 12 16 5110
15 12 17 2148
15 12 18 3936
15 12 19 983
15 13 0 7936
15 13 1 7171
15 13 2 4543
15 13 3 7664
15 13 4 3459
15 13 5 5383
15 13 6 5513
15 13 7 6002
15 13 8 7755
15 13 9 5161
15 13 10 3085
15 13 11 5240
15 13 12 4584
15 13 13 0
15 13 14 4740
15 13 15 0
15 13 16 3293
15 13 17 1365
15 13 18 1817
15 13 19 4318
15 14 0 2229
15 14 1 2431
15 14 2 859
15 14 3 1870
15 14 4 3123
15 14 5 2899
15 14 6 1123
15 14 7 3155
15 14 8 4471
15 14 9 4873
15 14 10 1491
15 14 11 4164
15 14 12 1807
15 14 13 4952
15 14 14 0
15 14 15 0
15 14 16 1762
15 14 17 4446
15 14 18 1035
15 14 19 3773
15 15 0 0
15 15 1 0
15 15 2 0
15 15 3 0
15 15 4 0
15 15 5 0
15 15 6 0
15 15 7 0
15 15 8 0
15 15 9 0
15 15 10 0
15 15 11 0
15 15 12 0
15 15 13 0
15 15 14 0
15 15 15 0
15 15 16 0
15 15 17 0
15 15 18 0
15 15 19 0
15 16 0 5042
15 16 1 3514
15 16 2 6491
15 16 3 6427
15 16 4 4588
15 16 5 7382
15 16 6 3446
15 16 7 3675
15 16 8 5742
15 16 9 4756
15 16 10 2559
15 16 11 4902
15 16 12 6868
15 16 13 5071
15 16 14 3675
15 16 15 0
15 16 16 0
15 16 17 9642
15 16 18 6666
15 16 19 7847
15 17 0 9501
15 17 1 5542
15 17 2 4661
15 17 3 4702
15 17 4 6834
15 17 5 5244
15 17 6 5295
15 17 7 4805
15 17 8 7022
15 17 9 7892
15 17 10 7071
15 17 11 5295
15 17 12 6018
15 17 13 5255
15 17 14 8471
15 17 15 0
15 17 16 5603
15 17 17 0
15 17 18 9859
15 17 19 7033
15 18 0 8117
15 18 1 7092
15 18 2 7987
15 18 3 8623
15 18 4 7378
15 18 5 6070
15 18 6 7440
15 18 7 4534
15 18 8 5250
15 18 9 5418
15 18 10 5719
15 18 11 7686
15 18 12 7652
15 18 13 5553
15 18 14 4906
15 18 15 0
15 18 16 2747
15 18 17 5667
15 18 18 0
15 18 19 4634
15 19 0 1302
15 19 1 3412
15 19 2 1713
15 19 3 4907
15 19 4 3964
15 19 5 4645
15 19 6 2114
15 19 7 6023
15 19 8 1073
15 19 9 4853
15 19 10 2934
15 19 11 4025
15 19 12 1309
15 19 13 4664
15 19 14 4254
15 19 15 0
15 19 16 6183
15 19 17 7511
15 19 18 4485
15 19 19 0
16 0 0 0
16 0 1 5668
16 0 2 7118
16 0 3 7074
16 0 4 6968
16 0 5 3711
16 0 6 5720
16 0 7 7274
16 0 8 6722
16 0 9 4045
16 0 10 3355
16 0 11 3897
16 0 12 3617
16 0 13 5912
16 0 14 3474
16 0 15 6651
16 0 16 0
16 0 17 7092
16 0 18 5862
16 0 19 2437
16 1 0 1336
16 1 1 0
16 1 2 1958
16 1 3 4662
16 1 4 2820
16 1 5 5450
16 1 6 5301
16 1 7 1738
16 1 8 1288
16 1 9 5894
16 1 10 4669
16 1 11 1689
16 1 12 1584
16 1 13 4467
16 1 14 5949
16 1 15 3693
16 1 16 0
16 1 17 4568
16 1 18 6272
16 1 19 5982
16 2 0 8474
16 2 1 5556
16 2 2 0
16 2 3 6272
16 2 4 6626
16 2 5 8512
16 2 6 4256
16 2 7 5641
16 2 8 5990
16 2 9 4239
16 2 10 8413
16 2 11 7451
16 2 12 7345
16 2 13 7871
16 2 14 6622
16 2 15 5378
16 2 16 0
16 2 17 4786
16 2 18 8266
16 2 19 5382
16 3 0 7707
16 3 1 5667
16 3 2 8015
16 3 3 0
16 3 4 6100
16 3 5 4180
16 3 6 7689
16 3 7 7706
16 3 8 6373
16 3 9 5339
16 3 10 8563
16 3 11 6174
16 3 12 4344
16 3 13 7301
16 3 14 7249
16 3 15 8220
16 3 16 0
16 3 17 4729
16 3 18 8804
16 3 19 8478
16 4 0 4859
16 4 1 6516
16 4 2 5678
16 4 3 6755
16 4 4 0
16 4 5 5503
16 4 6 2813
16 4 7 4987
16 4 8 2314
16 4 9 5148
16 4 10 6453
16 4 11 5657
16 4 12 5315
16 4 13 6331
16 4 14 3101
16 4 15 6185
16 4 16 0
16 4 17 4652
16 4 18 5350
16 4 19 5326
16 5 0 8870
16 5 1 8587
16 5 2 4919
16 5 3 7437
16 5 4 5050
16 5 5 0
16 5 6 8744
16 5 7 9532
16 5 8 6222
16 5 9 9036
16 5 10 7550
16 5 11 6829
16 5 12 8828
16 5 13 8774
16 5 14 8297
16 5 15 5259
16 5 16 0
16 5 17 5091
16 5 18 6071
16 5 19 8036
16 6 0 4602
16 6 1 1503
16 6 2 2585
16 6 3 2210
16 6 4 1781
16 6 5 5237
16 6 6 0
16 6 7 4036
16 6 8 4725
16 6 9 5801
16 6 10 5702
16 6 11 1685
16 6 12 3919
16 6 13 4634
16 6 14 1343
16 6 15 2995
16 6 16 0
16 6 17 5141
16 6 18 7440
16 6 19 5504
16 7 0 2230
16 7 1 5202
16 7 2 3907
16 7 3 5779
16 7 4 1437
16 7 5 3180
16 7 6 4958
16 7 7 0
16 7 8 4467
16 7 9 2761
16 7 10 4358
16 7 11 1877
16 7 12 4613
16 7 13 2365
16 7 14 2428
16 7 15 5073
16 7 16 0
16 7 17 3658
16 7 18 3541
16 7 19 8420
16 8 0 5117
16 8 1 5705
16 8 2 7931
16 8 3 7631
16 8 4 7423
16 8 5 5203
16 8 6 3812
16 8 7 5632
16 8 8 0
16 8 9 8167
16 8 10 7297
16 8 11 4466
16 8 12 4851
16 8 13 5582
16 8 14 3715
16 8 15 5739
16 8 16 0
16 8 17 5273
16 8 18 3655
16 8 19 2868
16 9 0 3222
16 9 1 4975
16 9 2 3600
16 9 3 5040
16 9 4 3314
16 9 5 4852
16 9 6 6135
16 9 7 2770
16 9 8 2427
16 9 9 0
16 9 10 7252
16 9 11 2520
16 9 12 7148
16 9 13 2546
16 9 14 3203
16 9 15 6969
16 9 16 0
16 9 17 3502
16 9 18 1182
16 9 19 4007
16 10 0 3048
16 10 1 1735
16 10 2 3934
16 10 3 4748
16 10 4 1367
16 10 5 2192
16 10 6 1288
16 10 7 142
16 10 8 2699
16 10 9 1908
16 10 10 0
16 10 11 5046
16 10 12 640
16 10 13 3284
16 10 14 231
16 10 15 3606
16 10 16 0
16 10 17 2527
16 10 18 1329
16 10 19 1934
16 11 0 6911
16 11 1 6702
16 11 2 5344
16 11 3 3867
16 11 4 3088
16 11 5 2527
16 11 6 3599
16 11 7 6228
16 11 8 4059
16 11 9 4931
16 11 10 5010
16 11 11 0
16 11 12 7015
16 11 13 4934
16 11 14 4236
16 11 15 4881
16 11 16 0
16 11 17 1477
16 11 18 4022
16 11 19 3751
16 12 0 8901
16 12 1 7566
16 12 2 7192
16 12 3 8459
16 12 4 5618
16 12 5 5987
16 12 6 8509
16 12 7 8587
16 12 8 7408
16 12 9 7323
16 12 10 5143
16 12 11 5553
16 12 12 0
16 12 13 6446
16 12 14 7421
16 12 15 5110
16 12 16 0
16 12 17 1794
16 12 18 3582
16 12 19 629
16 13 0 7547
16 13 1 6782
16 13 2 4154
16 13 3 7275
16 13 4 3070
16 13 5 4994
16 13 6 5124
16 13 7 5613
16 13 8 7366
16 13 9 4772
16 13 10 2696
16 13 11 4851
16 13 12 4195
16 13 13 0
16 13 14 4351
16 13 15 3293
16 13 16 0
16 13 17 4341
16 13 18 4793
16 13 19 7294
16 14 0 2638
16 14 1 2840
16 14 2 1268
16 14 3 2279
16 14 4 3532
16 14 5 3308
16 14 6 1532
16 14 7 3564
16 14 8 4880
16 14 9 5282
16 14 10 1900
16 14 11 4573
16 14 12 2216
16 14 13 5361
16 14 14 0
16 14 15 1762
16 14 16 0
16 14 17 7173
16 14 18 3762
16 14 19 6500
16 15 0 7608
16 15 1 5075
16 15 2 5725
16 15 3 7462
16 15 4 9403
16 15 5 5995
16 15 6 9773
16 15 7 8056
16 15 8 9146
16 15 9 7846
16 15 10 6068
16 15 11 9214
16 15 12 8049
16 15 13 7924
16 15 14 5730
16 15 15 0
16 15 16 0
16 15 17 7395
16 15 18 3254
16 15 19 6862
16 16 0 0
16 16 1 0
16 16 2 0
16 16 3 0
16 16 4 0
16 16 5 0
16 16 6 0
16 16 7 0
16 16 8 0
16 16 9 0
16 16 10 0
16 16 11 0
16 16 12 0
16 16 13 0
16 16 14 0
16 16 15 0
16 16 16 0
16 16 17 0
16 16 18 0
16 16 19 0
16 17 0 5597
16 17 1 1638
16 17 2 757
16 17 3 798
16 17 4 2930
16 17 5 1340
16 17 6 1391
16 17 7 901
16 17 8 3118
16 17 9 3988
16 17 10 3167
16 17 11 1391
16 17 12 2114
16 17 13 1351
16 17 14 4567
16 17 15 5603
16 17 16 0
16 17 17 0
16 17 18 9642
16 17 19 6816
16 18 0 5652
16 18 1 4627
16 18 2 5522
16 18 3 6158
16 18 4 4913
16 18 5 3605
16 18 6 4975
16 18 7 2069
16 18 8 2785
16 18 9 2953
16 18 10 3254
16 18 11 5221
16 18 12 5187
16 18 13 3088
16 18 14 2441
16 18 15 2747
16 18 16 0
16 18 17 6615
16 18 18 0
16 18 19 5582
16 19 0 2055
16 19 1 4165
16 19 2 2466
16 19 3 5660
16 19 4 4717
16 19 5 5398
16 19 6 2867
16 19 7 6776
16 19 8 1826
16 19 9 5606
16 19 10 3687
16 19 11 4778
16 19 12 2062
16 19 13 5417
16 19 14 5007
16 19 15 6183
16 19 16 0
16 19 17 6032
16 19 18 3006
16 19 19 0
17 0 0 0
17 0 1 8015
17 0 2 9465
17 0 3 9421
17 0 4 9315
17 0 5 6058
17 0 6 8067
17 0 7 9621
17 0 8 9069
17 0 9 6392
17 0 10 5702
17 0 11 6244
17 0 12 5964
17 0 13 8259
17 0 14 5821
17 0 15 8998
17 0 16 7092
17 0 17 0
17 0 18 4480
17 0 19 1055
17 1 0 1252
17 1 1 0
17 1 2 1874
17 1 3 4578
17 1 4 2736
17 1 5 5366
17 1 6 5217
17 1 7 1654
17 1 8 1204
17 1 9 5810
17 1 10 4585
17 1 11 1605
17 1 12 1500
17 1 13 4383
17 1 14 5865
17 1 15 3609
17 1 16 4568
17 1 17 0
17 1 18 5308
17 1 19 5018
17 2 0 4532
17 2 1 1614
17 2 2 0
17 2 3 2330
17 2 4 2684
17 2 5 4570
17 2 6 314
17 2 7 1699
17 2 8 2048
17 2 9 297
17 2 10 4471
17 2 11 3509
17 2 12 3403
17 2 13 3929
17 2 14 2680
17 2 15 1436
17 2 16 4786
17 2 17 0
17 2 18 5565
17 2 19 2681
17 3 0 3870
17 3 1 1830
17 3 2 4178
17 3 3 0
17 3 4 2263
17 3 5 343
17 3 6 3852
17 3 7 3869
17 3 8 2536
17 3 9 1502
17 3 10 4726
17 3 11 2337
17 3 12 507
17 3 13 3464
17 3 14 3412
17 3 15 4383
17 3 16 4729
17 3 17 0
17 3 18 7674
17 3 19 7348
17 4 0 4993
17 4 1 6650
17 4 2 5812
17 4 3 6889
17 4 4 0
17 4 5 5637
17 4 6 2947
17 4 7 5121
17 4 8 2448
17 4 9 5282
17 4 10 6587
17 4 11 5791
17 4 12 5449
17 4 13 6465
17 4 14 3235
17 4 15 6319
17 4 16 4652
17 4 17 0
17 4 18 4303
17 4 19 4279
17 5 0 4620
17 5 1 4337
17 5 2 669
17 5 3 3187
17 5 4 800
17 5 5 0
17 5 6 4494
17 5 7 5282
17 5 8 1972
17 5 9 4786
17 5 10 3300
17 5 11 2579
17 5 12 4578
17 5 13 4524
17 5 14 4047
17 5 15 1009
17 5 16 5091
17 5 17 0
17 5 18 6041
17 5 19 8006
17 6 0 4339
17 6 1 1240
17 6 2 2322
17 6 3 1947
17 6 4 1518
17 6 5 4974
17 6 6 0
17 6 7 3773
17 6 8 4462
17 6 9 5538
17 6 10 5439
17 6 11 1422
17 6 12 3656
17 6 13 4371
17 6 14 1080
17 6 15 2732
17 6 16 5141
17 6 17 0
17 6 18 3074
17 6 19 1138
17 7 0 1248
17 7 1 4220
17 7 2 2925
17 7 3 4797
17 7 4 455
17 7 5 2198
17 7 6 3976
17 7 7 0
17 7 8 3485
17 7 9 1779
17 7 10 3376
17 7 11 895
17 7 12 3631
17 7 13 1383
17 7 14 1446
17 7 15 4091
17 7 16 3658
17 7 17 0
17 7 18 1844
17 7 19 6723
17 8 0 4285
17 8 1 4873
17 8 2 7099
17 8 3 6799
17 8 4 6591
17 8 5 4371
17 8 6 2980
17 8 7 4800
17 8 8 0
17 8 9 7335
17 8 10 6465
17 8 11 3634
17 8 12 4019
17 8 13 4750
17 8 14 2883
17 8 15 4907
17 8 16 5273
17 8 17 0
17 8 18 2472
17 8 19 1685
17 9 0 4246
17 9 1 5999
17 9 2 4624
17 9 3 6064
17 9 4 4338
17 9 5 5876
17 9 6 7159
17 9 7 3794
17 9 8 3451
17 9 9 0
17 9 10 8276
17 9 11 3544
17 9 12 8172
17 9 13 3570
17 9 14 4227
17 9 15 7993
17 9 16 3502
17 9 17 0
17 9 18 1581
17 9 19 4406
17 10 0 5448
17 10 1 4135
17 10 2 6334
17 10 3 7148
17 10 4 3767
17 10 5 4592
17 10 6 3688
17 10 7 2542
17 10 8 5099
17 10 9 4308
17 10 10 0
17 10 11 7446
17 10 12 3040
17 10 13 5684
17 10 14 2631
17 10 15 6006
17 10 16 2527
17 10 17 0
17 10 18 2773
17 10 19 3378
17 11 0 5192
17 11 1 4983
17 11 2 3625
17 11 3 2148
17 11 4 1369
17 11 5 808
17 11 6 1880
17 11 7 4509
17 11 8 2340
17 11 9 3212
17 11 10 3291
17 11 11 0
17 11 12 5296
17 11 13 3215
17 11 14 2517
17 11 15 3162
17 11 16 1477
17 11 17 0
17 11 18 7334
17 11 19 7063
17 12 0 5939
17 12 1 4604
17 12 2 4230
17 12 3 5497
17 12 4 2656
17 12 5 3025
17 12 6 5547
17 12 7 5625
17 12 8 4446
17 12 9 4361
17 12 10 2181
17 12 11 2591
17 12 12 0
17 12 13 3484
17 12 14 4459
17 12 15 2148
17 12 16 1794
17 12 17 0
17 12 18 4715
17 12 19 1762
17 13 0 5619
17 13 1 4854
17 13 2 2226
17 13 3 5347
17 13 4 1142
17 13 5 3066
17 13 6 3196
17 13 7 3685
17 13 8 5438
17 13 9 2844
17 13 10 768
17 13 11 2923
17 13 12 2267
17 13 13 0
17 13 14 2423
17 13 15 1365
17 13 16 4341
17 13 17 0
17 13 18 5753
17 13 19 8254
17 14 0 5322
17 14 1 5524
17 14 2 3952
17 14 3 4963
17 14 4 6216
17 14 5 5992
17 14 6 4216
17 14 7 6248
17 14 8 7564
17 14 9 7966
17 14 10 4584
17 14 11 7257
17 14 12 4900
17 14 13 8045
17 14 14 0
17 14 15 4446
17 14 16 7173
17 14 17 0
17 14 18 5272
17 14 19 8010
17 15 0 7581
17 15 1 5048
17 15 2 5698
17 15 3 7435
17 15 4 9376
17 15 5 5968
17 15 6 9746
17 15 7 8029
17 15 8 9119
17 15 9 7819
17 15 10 6041
17 15 11 9187
17 15 12 8022
17 15 13 7897
17 15 14 5703
17 15 15 0
17 15 16 7395
17 15 17 0
17 15 18 5366
17 15 19 8974
17 16 0 7262
17 16 1 5734
17 16 2 8711
17 16 3 8647
17 16 4 6808
17 16 5 9602
17 16 6 5666
17 16 7 5895
17 16 8 7962
17 16 9 6976
17 16 10 4779
17 16 11 7122
17 16 12 9088
17 16 13 7291
17 16 14 5895
17 16 15 9642
17 16 16 0
17 16 17 0
17 16 18 2410
17 16 19 3591
17 17 0 0
17 17 1 0
17 17 2 0
17 17 3 0
17 17 4 0
17 17 5 0
17 17 6 0
17 17 7 0
17 17 8 0
17 17 9 0
17 17 10 0
17 17 11 0
17 17 12 0
17 17 13 0
17 17 14 0
17 17 15 0
17 17 16 0
17 17 17 0
17 17 18 0
17 17 19 0
17 18 0 8572
17 18 1 7547
17 18 2 8442
17 18 3 9078
17 18 4 7833
17 18 5 6525
17 18 6 7895
17 18 7 4989
17 18 8 5705
17 18 9 5873
17 18 10 6174
17 18 11 8141
17 18 12 8107
17 18 13 6008
17 18 14 5361
17 18 15 5667
17 18 16 6615
17 18 17 0
17 18 18 0
17 18 19 8802
17 19 0 3383
17 19 1 5493
17 19 2 3794
17 19 3 6988
17 19 4 6045
17 19 5 6726
17 19 6 4195
17 19 7 8104
17 19 8 3154
17 19 9 6934
17 19 10 5015
17 19 11 6106
17 19 12 3390
17 19 13 6745
17 19 14 6335
17 19 15 7511
17 19 16 6032
17 19 17 0
17 19 18 2219
17 19 19 0
18 0 0 0
18 0 1 6785
18 0 2 8235
18 0 3 8191
18 0 4 8085
18 0 5 4828
18 0 6 6837
18 0 7 8391
18 0 8 7839
18 0 9 5162
18 0 10 4472
18 0 11 5014
18 0 12 4734
18 0 13 7029
18 0 14 4591
18 0 15 7768
18 0 16 5862
18 0 17 4480
18 0 18 0
18 0 19 1241
18 1 0 2956
18 1 1 0
18 1 2 3578
18 1 3 6282
18 1 4 4440
18 1 5 7070
18 1 6 6921
18 1 7 3358
18 1 8 2908
18 1 9 7514
18 1 10 6289
18 1 11 3309
18 1 12 3204
18 1 13 6087
18 1 14 7569
18 1 15 5313
18 1 16 6272
18 1 17 5308
18 1 18 0
18 1 19 5513
18 2 0 8012
18 2 1 5094
18 2 2 0
18 2 3 5810
18 2 4 6164
18 2 5 8050
18 2 6 3794
18 2 7 5179
18 2 8 5528
18 2 9 3777
18 2 10 7951
18 2 11 6989
18 2 12 6883
18 2 13 7409
18 2 14 6160
18 2 15 4916
18 2 16 8266
18 2 17 5565
18 2 18 0
18 2 19 3989
18 3 0 7945
18 3 1 5905
18 3 2 8253
18 3 3 0
18 3 4 6338
18 3 5 4418
18 3 6 7927
18 3 7 7944
18 3 8 6611
18 3 9 5577
18 3 10 8801
18 3 11 6412
18 3 12 4582
18 3 13 7539
18 3 14 7487
18 3 15 8458
18 3 16 8804
18 3 17 7674
18 3 18 0
18 3 19 8739
18 4 0 5691
18 4 1 7348
18 4 2 6510
18 4 3 7587
18 4 4 0
18 4 5 6335
18 4 6 3645
18 4 7 5819
18 4 8 3146
18 4 9 5980
18 4 10 7285
18 4 11 6489
18 4 12 6147
18 4 13 7163
18 4 14 3933
18 4 15 7017
18 4 16 5350
18 4 17 4303
18 4 18 0
18 4 19 6952
18 5 0 5600
18 5 1 5317
18 5 2 1649
18 5 3 4167
18 5 4 1780
18 5 5 0
18 5 6 5474
18 5 7 6262
18 5 8 2952
18 5 9 5766
18 5 10 4280
18 5 11 3559
18 5 12 5558
18 5 13 5504
18 5 14 5027
18 5 15 1989
18 5 16 6071
18 5 17 6041
18 5 18 0
18 5 19 4866
18 6 0 6638
18 6 1 3539
18 6 2 4621
18 6 3 4246
18 6 4 3817
18 6 5 7273
18 6 6 0
18 6 7 6072
18 6 8 6761
18 6 9 7837
18 6 10 7738
18 6 11 3721
18 6 12 5955
18 6 13 6670
18 6 14 3379
18 6 15 5031
18 6 16 7440
18 6 17 3074
18 6 18 0
18 6 19 3802
18 7 0 1131
18 7 1 4103
18 7 2 2808
18 7 3 4680
18 7 4 338
18 7 5 2081
18 7 6 3859
18 7 7 0
18 7 8 3368
18 7 9 1662
18 7 10 3259
18 7 11 778
18 7 12 3514
18 7 13 1266
18 7 14 1329
18 7 15 3974
18 7 16 3541
18 7 17 1844
18 7 18 0
18 7 19 9681
18 8 0 2667
18 8 1 3255
18 8 2 5481
18 8 3 5181
18 8 4 4973
18 8 5 2753
18 8 6 1362
18 8 7 3182
18 8 8 0
18 8 9 5717
18 8 10 4847
18 8 11 2016
18 8 12 2401
18 8 13 3132
18 8 14 1265
18 8 15 3289
18 8 16 3655
18 8 17 2472
18 8 18 0
18 8 19 4397
18 9 0 1926
18 9 1 3679
18 9 2 2304
18 9 3 3744
18 9 4 2018
18 9 5 3556
18 9 6 4839
18 9 7 1474
18 9 8 1131
18 9 9 0
18 9 10 5956
18 9 11 1224
18 9 12 5852
18 9 13 1250
18 9 14 1907
18 9 15 5673
18 9 16 1182
18 9 17 1581
18 9 18 0
18 9 19 8386
18 10 0 4250
18 10 1 2937
18 10 2 5136
18 10 3 5950
18 10 4 2569
18 10 5 3394
18 10 6 2490
18 10 7 1344
18 10 8 3901
18 10 9 3110
18 10 10 0
18 10 11 6248
18 10 12 1842
18 10 13 4486
18 10 14 1433
18 10 15 4808
18 10 16 1329
18 10 17 2773
18 10 18 0
18 10 19 2822
18 11 0 7737
18 11 1 7528
18 11 2 6170
18 11 3 4693
18 11 4 3914
18 11 5 3353
18 11 6 4425
18 11 7 7054
18 11 8 4885
18 11 9 5757
18 11 10 5836
18 11 11 0
18 11 12 7841
18 11 13 5760
18 11 14 5062
18 11 15 5707
18 11 16 4022
18 11 17 7334
18 11 18 0
18 11 19 3415
18 12 0 7727
18 12 1 6392
18 12 2 6018
18 12 3 7285
18 12 4 4444
18 12 5 4813
18 12 6 7335
18 12 7 7413
18 12 8 6234
18 12 9 6149
18 12 10 3969
18 12 11 4379
18 12 12 0
18 12 13 5272
18 12 14 6247
18 12 15 3936
18 12 16 3582
18 12 17 4715
18 12 18 0
18 12 19 594
18 13 0 6071
18 13 1 5306
18 13 2 2678
18 13 3 5799
18 13 4 1594
18 13 5 3518
18 13 6 3648
18 13 7 4137
18 13 8 5890
18 13 9 3296
18 13 10 1220
18 13 11 3375
18 13 12 2719
18 13 13 0
18 13 14 2875
18 13 15 1817
18 13 16 4793
18 13 17 5753
18 13 18 0
18 13 19 7794
18 14 0 1911
18 14 1 2113
18 14 2 541
18 14 3 1552
18 14 4 2805
18 14 5 2581
18 14 6 805
18 14 7 2837
18 14 8 4153
18 14 9 4555
18 14 10 1173
18 14 11 3846
18 14 12 1489
18 14 13 4634
18 14 14 0
18 14 15 1035
18 14 16 3762
18 14 17 5272
18 14 18 0
18 14 19 4740
18 15 0 3440
18 15 1 907
18 15 2 1557
18 15 3 3294
18 15 4 5235
18 15 5 1827
18 15 6 5605
18 15 7 3888
18 15 8 4978
18 15 9 3678
18 15 10 1900
18 15 11 5046
18 15 12 3881
18 15 13 3756
18 15 14 1562
18 15 15 0
18 15 16 3254
18 15 17 5366
18 15 18 0
18 15 19 8820
18 16 0 4286
18 16 1 2758
18 16 2 5735
18 16 3 5671
18 16 4 3832
18 16 5 6626
18 16 6 2690
18 16 7 2919
18 16 8 4986
18 16 9 4000
18 16 10 1803
18 16 11 4146
18 16 12 6112
18 16 13 4315
18 16 14 2919
18 16 15 6666
18 16 16 0
18 16 17 2410
18 16 18 0
18 16 19 4876
18 17 0 9853
18 17 1 5894
18 17 2 5013
18 17 3 5054
18 17 4 7186
18 17 5 5596
18 17 6 5647
18 17 7 5157
18 17 8 7374
18 17 9 8244
18 17 10 7423
18 17 11 5647
18 17 12 6370
18 17 13 5607
18 17 14 8823
18 17 15 9859
18 17 16 9642
18 17 17 0
18 17 18 0
18 17 19 7009
18 18 0 0
18 18 1 0
18 18 2 0
18 18 3 0
18 18 4 0
18 18 5 0
18 18 6 0
18 18 7 0
18 18 8 0
18 18 9 0
18 18 10 0
18 18 11 0
18 18 12 0
18 18 13 0
18 18 14 0
18 18 15 0
18 18 16 0
18 18 17 0
18 18 18 0
18 18 19 0
18 19 0 357
18 19 1 2467
18 19 2 768
18 19 3 3962
18 19 4 3019
18 19 5 3700
18 19 6 1169
18 19 7 5078
18 19 8 128
18 19 9 3908
18 19 10 1989
18 19 11 3080
18 19 12 364
18 19 13 3719
18 19 14 3309
18 19 15 4485
18 19 16 3006
18 19 17 2219
18 19 18 0
18 19 19 0
19 0 0 0
19 0 1 3360
19 0 2 4810
19 0 3 4766
19 0 4 4660
19 0 5 1403
19 0 6 3412
19 0 7 4966
19 0 8 4414
19 0 9 1737
19 0 10 1047
19 0 11 1589
19 0 12 1309
19 0 13 3604
19 0 14 1166
19 0 15 4343
19 0 16 2437
19 0 17 1055
19 0 18 1241
19 0 19 0
19 1 0 2666
19 1 1 0
19 1 2 3288
19 1 3 5992
19 1 4 4150
19 1 5 6780
19 1 6 6631
19 1 7 3068
19 1 8 2618
19 1 9 7224
19 1 10 5999
19 1 11 3019
19 1 12 2914
19 1 13 5797
19 1 14 7279
19 1 15 5023
19 1 16 5982
19 1 17 5018
19 1 18 5513
19 1 19 0
19 2 0 5128
19 2 1 2210
19 2 2 0
19 2 3 2926
19 2 4 3280
19 2 5 5166
19 2 6 910
19 2 7 2295
19 2 8 2644
19 2 9 893
19 2 10 5067
19 2 11 4105
19 2 12 3999
19 2 13 4525
19 2 14 3276
19 2 15 2032
19 2 16 5382
19 2 17 2681
19 2 18 3989
19 2 19 0
19 3 0 7619
19 3 1 5579
19 3 2 7927
19 3 3 0
19 3 4 6012
19 3 5 4092
19 3 6 7601
19 3 7 7618
19 3 8 6285
19 3 9 5251
19 3 10 8475
19 3 11 6086
19 3 12 4256
19 3 13 7213
19 3 14 7161
19 3 15 8132
19 3 16 8478
19 3 17 7348
19 3 18 8739
19 3 19 0
19 4 0 5667
19 4 1 7324
19 4 2 6486
19 4 3 7563
19 4 4 0
19 4 5 6311
19 4 6 3621
19 4 7 5795
19 4 8 3122
19 4 9 5956
19 4 10 7261
19 4 11 6465
19 4 12 6123
19 4 13 7139
19 4 14 3909
19 4 15 6993
19 4 16 5326
19 4 17 4279
19 4 18 6952
19 4 19 0
19 5 0 7565
19 5 1 7282
19 5 2 3614
19 5 3 6132
19 5 4 3745
19 5 5 0
19 5 6 7439
19 5 7 8227
19 5 8 4917
19 5 9 7731
19 5 10 6245
19 5 11 5524
19 5 12 7523
19 5 13 7469
19 5 14 6992
19 5 15 3954
19 5 16 8036
19 5 17 8006
19 5 18 4866
19 5 19 0
19 6 0 4702
19 6 1 1603
19 6 2 2685
19 6 3 2310
19 6 4 1881
19 6 5 5337
19 6 6 0
19 6 7 4136
19 6 8 4825
19 6 9 5901
19 6 10 5802
19 6 11 1785
19 6 12 4019
19 6 13 4734
19 6 14 1443
19 6 15 3095
19 6 16 5504
19 6 17 1138
19 6 18 3802
19 6 19 0
19 7 0 6010
19 7 1 8982
19 7 2 7687
19 7 3 9559
19 7 4 5217
19 7 5 6960
19 7 6 8738
19 7 7 0
19 7 8 8247
19 7 9 6541
19 7 10 8138
19 7 11 5657
19 7 12 8393
19 7 13 6145
19 7 14 6208
19 7 15 8853
19 7 16 8420
19 7 17 6723
19 7 18 9681
19 7 19 0
19 8 0 1880
19 8 1 2468
19 8 2 4694
19 8 3 4394
19 8 4 4186
19 8 5 1966
19 8 6 575
19 8 7 2395
19 8 8 0
19 8 9 4930
19 8 10 4060
19 8 11 1229
19 8 12 1614
19 8 13 2345
19 8 14 478
19 8 15 2502
19 8 16 2868
19 8 17 1685
19 8 18 4397
19 8 19 0
19 9 0 4751
19 9 1 6504
19 9 2 5129
19 9 3 6569
19 9 4 4843
19 9 5 6381
19 9 6 7664
19 9 7 4299
19 9 8 3956
19 9 9 0
19 9 10 8781
19 9 11 4049
19 9 12 8677
19 9 13 4075
19 9 14 4732
19 9 15 8498
19 9 16 4007
19 9 17 4406
19 9 18 8386
19 9 19 0
19 10 0 4855
19 10 1 3542
19 10 2 5741
19 10 3 6555
19 10 4 3174
19 10 5 3999
19 10 6 3095
19 10 7 1949
19 10 8 4506
19 10 9 3715
19 10 10 0
19 10 11 6853
19 10 12 2447
19 10 13 5091
19 10 14 2038
19 10 15 5413
19 10 16 1934
19 10 17 3378
19 10 18 2822
19 10 19 0
19 11 0 7466
19 11 1 7257
19 11 2 5899
19 11 3 4422
19 11 4 3643
19 11 5 3082
19 11 6 4154
19 11 7 6783
19 11 8 4614
19 11 9 5486
19 11 10 5565
19 11 11 0
19 11 12 7570
19 11 13 5489
19 11 14 4791
19 11 15 5436
19 11 16 3751
19 11 17 7063
19 11 18 3415
19 11 19 0
19 12 0 4774
19 12 1 3439
19 12 2 3065
19 12 3 4332
19 12 4 1491
19 12 5 1860
19 12 6 4382
19 12 7 4460
19 12 8 3281
19 12 9 3196
19 12 10 1016
19 12 11 1426
19 12 12 0
19 12 13 2319
19 12 14 3294
19 12 15 983
19 12 16 629
19 12 17 1762
19 12 18 594
19 12 19 0
19 13 0 8572
19 13 1 7807
19 13 2 5179
19 13 3 8300
19 13 4 4095
19 13 5 6019
19 13 6 6149
19 13 7 6638
19 13 8 8391
19 13 9 5797
19 13 10 3721
19 13 11 5876
19 13 12 5220
19 13 13 0
19 13 14 5376
19 13 15 4318
19 13 16 7294
19 13 17 8254
19 13 18 7794
19 13 19 0
19 14 0 4649
19 14 1 4851
19 14 2 3279
19 14 3 4290
19 14 4 5543
19 14 5 5319
19 14 6 3543
19 14 7 5575
19 14 8 6891
19 14 9 7293
19 14 10 3911
19 14 11 6584
19 14 12 4227
19 14 13 7372
19 14 14 0
19 14 15 3773
19 14 16 6500
19 14 17 8010
19 14 18 4740
19 14 19 0
19 15 0 7048
19 15 1 4515
19 15 2 5165
19 15 3 6902
19 15 4 8843
19 15 5 5435
19 15 6 9213
19 15 7 7496
19 15 8 8586
19 15 9 7286
19 15 10 5508
19 15 11 8654
19 15 12 7489
19 15 13 7364
19 15 14 5170
19 15 15 0
19 15 16 6862
19 15 17 8974
19 15 18 8820
19 15 19 0
19 16 0 5467
19 16 1 3939
19 16 2 6916
19 16 3 6852
19 16 4 5013
19 16 5 7807
19 16 6 3871
19 16 7 4100
19 16 8 6167
19 16 9 5181
19 16 10 2984
19 16 11 5327
19 16 12 7293
19 16 13 5496
19 16 14 4100
19 16 15 7847
19 16 16 0
19 16 17 3591
19 16 18 4876
19 16 19 0
19 17 0 7027
19 17 1 3068
19 17 2 2187
19 17 3 2228
19 17 4 4360
19 17 5 2770
19 17 6 2821
19 17 7 2331
19 17 8 4548
19 17 9 5418
19 17 10 4597
19 17 11 2821
19 17 12 3544
19 17 13 2781
19 17 14 5997
19 17 15 7033
19 17 16 6816
19 17 17 0
19 17 18 7009
19 17 19 0
19 18 0 7539
19 18 1 6514
19 18 2 7409
19 18 3 8045
19 18 4 6800
19 18 5 5492
19 18 6 6862
19 18 7 3956
19 18 8 4672
19 18 9 4840
19 18 10 5141
19 18 11 7108
19 18 12 7074
19 18 13 4975
19 18 14 4328
19 18 15 4634
19 18 16 5582
19 18 17 8802
19 18 18 0
19 18 19 0
19 19 0 0
19 19 1 0
19 19 2 0
19 19 3 0
19 19 4 0
19 19 5 0
19 19 6 0
19 19 7 0
19 19 8 0
19 19 9 0
19 19 10 0
19 19 11 0
19 19 12 0
19 19 13 0
19 19 14 0
19 19 15 0
19 19 16 0
19 19 17 0
19 19 18 0
19 19 19 0
