20
0 0 0 0
0 0 1 0
0 0 2 0
0 0 3 0
0 0 4 0
0 0 5 0
0 0 6 0
0 0 7 0
0 0 8 0
0 0 9 0
0 0 10 0
0 0 11 0
0 0 12 0
0 0 13 0
0 0 14 0
0 0 15 0
0 0 16 0
0 0 17 0
0 0 18 0
0 0 19 0
0 1 0 0
0 1 1 0
0 1 2 4727
0 1 3 6379
0 1 4 3147
0 1 5 3476
0 1 6 6146
0 1 7 2950
0 1 8 6123
0 1 9 5849
0 1 10 6979
0 1 11 2714
0 1 12 2509
0 1 13 4357
0 1 14 5339
0 1 15 6351
0 1 16 5334
0 1 17 6731
0 1 18 6885
0 1 19 5754
0 2 0 0
0 2 1 8354
0 2 2 0
0 2 3 7525
0 2 4 5765
0 2 5 8226
0 2 6 5145
0 2 7 5494
0 2 8 5166
0 2 9 4927
0 2 10 6340
0 2 11 4031
0 2 12 3844
0 2 13 6132
0 2 14 4304
0 2 15 7403
0 2 16 7771
0 2 17 6915
0 2 18 4486
0 2 19 4016
0 3 0 0
0 3 1 6266
0 3 2 8273
0 3 3 0
0 3 4 7390
0 3 5 5973
0 3 6 7497
0 3 7 6554
0 3 8 5320
0 3 9 6344
0 3 10 5139
0 3 11 7847
0 3 12 6447
0 3 13 4381
0 3 14 5944
0 3 15 6180
0 3 16 8329
0 3 17 6041
0 3 18 8014
0 3 19 4474
0 4 0 0
0 4 1 2957
0 4 2 4284
0 4 3 5829
0 4 4 0
0 4 5 3538
0 4 6 4092
0 4 7 2119
0 4 8 4622
0 4 9 2301
0 4 10 2280
0 4 11 3748
0 4 12 2124
0 4 13 1668
0 4 14 1843
0 4 15 2120
0 4 16 2557
0 4 17 3615
0 4 18 2016
0 4 19 3232
0 5 0 0
0 5 1 6238
0 5 2 5162
0 5 3 4903
0 5 4 3375
0 5 5 0
0 5 6 6178
0 5 7 4274
0 5 8 5204
0 5 9 3332
0 5 10 3542
0 5 11 4788
0 5 12 4323
0 5 13 6349
0 5 14 2140
0 5 15 2802
0 5 16 2727
0 5 17 3847
0 5 18 2111
0 5 19 6641
0 6 0 0
0 6 1 3094
0 6 2 3316
0 6 3 3524
0 6 4 4807
0 6 5 2624
0 6 6 0
0 6 7 1284
0 6 8 3972
0 6 9 1512
0 6 10 1894
0 6 11 4816
0 6 12 728
0 6 13 629
0 6 14 1329
0 6 15 2008
0 6 16 2420
0 6 17 2041
0 6 18 5078
0 6 19 539
0 7 0 0
0 7 1 3147
0 7 2 2467
0 7 3 5227
0 7 4 3733
0 7 5 5765
0 7 6 5280
0 7 7 0
0 7 8 5321
0 7 9 4369
0 7 10 4048
0 7 11 5218
0 7 12 6013
0 7 13 5005
0 7 14 4070
0 7 15 2603
0 7 16 4011
0 7 17 6193
0 7 18 4660
0 7 19 2009
0 8 0 0
0 8 1 7109
0 8 2 4791
0 8 3 7716
0 8 4 5605
0 8 5 3631
0 8 6 4457
0 8 7 7501
0 8 8 0
0 8 9 6661
0 8 10 5279
0 8 11 5267
0 8 12 4109
0 8 13 6221
0 8 14 4094
0 8 15 4605
0 8 16 4744
0 8 17 4504
0 8 18 3577
0 8 19 7953
0 9 0 0
0 9 1 3432
0 9 2 3635
0 9 3 6279
0 9 4 2431
0 9 5 6113
0 9 6 4878
0 9 7 5020
0 9 8 4618
0 9 9 0
0 9 10 2713
0 9 11 1388
0 9 12 3198
0 9 13 4877
0 9 14 2470
0 9 15 4810
0 9 16 3507
0 9 17 5010
0 9 18 4738
0 9 19 1374
0 10 0 0
0 10 1 6400
0 10 2 4511
0 10 3 7675
0 10 4 5956
0 10 5 8553
0 10 6 8106
0 10 7 5271
0 10 8 5232
0 10 9 8518
0 10 10 0
0 10 11 8422
0 10 12 7944
0 10 13 4964
0 10 14 6119
0 10 15 6684
0 10 16 7461
0 10 17 8688
0 10 18 5903
0 10 19 4171
0 11 0 0
0 11 1 4325
0 11 2 3899
0 11 3 3784
0 11 4 4566
0 11 5 2053
0 11 6 3426
0 11 7 3180
0 11 8 4575
0 11 9 4279
0 11 10 916
0 11 11 0
0 11 12 989
0 11 13 2985
0 11 14 3418
0 11 15 1205
0 11 16 1527
0 11 17 4100
0 11 18 3121
0 11 19 5261
0 12 0 0
0 12 1 3707
0 12 2 4891
0 12 3 3363
0 12 4 2854
0 12 5 2206
0 12 6 4390
0 12 7 1971
0 12 8 1910
0 12 9 4464
0 12 10 4972
0 12 11 6306
0 12 12 0
0 12 13 4565
0 12 14 3727
0 12 15 2176
0 12 16 2239
0 12 17 4479
0 12 18 5365
0 12 19 2261
0 13 0 0
0 13 1 6670
0 13 2 4837
0 13 3 4837
0 13 4 4462
0 13 5 6110
0 13 6 7327
0 13 7 4649
0 13 8 4181
0 13 9 5321
0 13 10 8313
0 13 11 3593
0 13 12 7558
0 13 13 0
0 13 14 7934
0 13 15 6095
0 13 16 6750
0 13 17 5043
0 13 18 6074
0 13 19 3677
0 14 0 0
0 14 1 6964
0 14 2 8788
0 14 3 7407
0 14 4 6962
0 14 5 6735
0 14 6 5674
0 14 7 5324
0 14 8 5293
0 14 9 7789
0 14 10 6685
0 14 11 7604
0 14 12 8270
0 14 13 6154
0 14 14 0
0 14 15 8436
0 14 16 6609
0 14 17 6147
0 14 18 5369
0 14 19 7176
0 15 0 0
0 15 1 4947
0 15 2 5055
0 15 3 9718
0 15 4 6586
0 15 5 5788
0 15 6 6678
0 15 7 9578
0 15 8 6205
0 15 9 8130
0 15 10 5096
0 15 11 5610
0 15 12 8374
0 15 13 8732
0 15 14 6962
0 15 15 0
0 15 16 7188
0 15 17 9484
0 15 18 6103
0 15 19 6490
0 16 0 0
0 16 1 6280
0 16 2 5644
0 16 3 7570
0 16 4 6070
0 16 5 5112
0 16 6 5389
0 16 7 6412
0 16 8 6472
0 16 9 4705
0 16 10 5112
0 16 11 7046
0 16 12 4330
0 16 13 4149
0 16 14 8309
0 16 15 8578
0 16 16 0
0 16 17 7189
0 16 18 4234
0 16 19 8564
0 17 0 0
0 17 1 3869
0 17 2 3486
0 17 3 5404
0 17 4 1964
0 17 5 1381
0 17 6 2817
0 17 7 5498
0 17 8 1907
0 17 9 4822
0 17 10 5137
0 17 11 2140
0 17 12 4851
0 17 13 2552
0 17 14 5290
0 17 15 2012
0 17 16 4169
0 17 17 0
0 17 18 2634
0 17 19 1846
0 18 0 0
0 18 1 1769
0 18 2 3205
0 18 3 4249
0 18 4 4139
0 18 5 5508
0 18 6 2281
0 18 7 3093
0 18 8 2913
0 18 9 5446
0 18 10 3937
0 18 11 5502
0 18 12 2300
0 18 13 4497
0 18 14 2081
0 18 15 2483
0 18 16 4076
0 18 17 6003
0 18 18 0
0 18 19 2123
0 19 0 0
0 19 1 4068
0 19 2 5199
0 19 3 4719
0 19 4 1932
0 19 5 1483
0 19 6 4263
0 19 7 5691
0 19 8 5887
0 19 9 5502
0 19 10 2360
0 19 11 3069
0 19 12 4337
0 19 13 5510
0 19 14 5501
0 19 15 5560
0 19 16 4659
0 19 17 4234
0 19 18 4743
0 19 19 0
1 0 0 0
1 0 1 0
1 0 2 3979
1 0 3 4027
1 0 4 1778
1 0 5 2478
1 0 6 827
1 0 7 2137
1 0 8 3687
1 0 9 1860
1 0 10 4268
1 0 11 1008
1 0 12 2182
1 0 13 3986
1 0 14 4736
1 0 15 5311
1 0 16 4285
1 0 17 1923
1 0 18 1878
1 0 19 1916
1 1 0 0
1 1 1 0
1 1 2 0
1 1 3 0
1 1 4 0
1 1 5 0
1 1 6 0
1 1 7 0
1 1 8 0
1 1 9 0
1 1 10 0
1 1 11 0
1 1 12 0
1 1 13 0
1 1 14 0
1 1 15 0
1 1 16 0
1 1 17 0
1 1 18 0
1 1 19 0
1 2 0 8354
1 2 1 0
1 2 2 0
1 2 3 6559
1 2 4 4799
1 2 5 7260
1 2 6 4179
1 2 7 4528
1 2 8 4200
1 2 9 3961
1 2 10 5374
1 2 11 3065
1 2 12 2878
1 2 13 5166
1 2 14 3338
1 2 15 6437
1 2 16 6805
1 2 17 5949
1 2 18 3520
1 2 19 3050
1 3 0 6266
1 3 1 0
1 3 2 8911
1 3 3 0
1 3 4 8028
1 3 5 6611
1 3 6 8135
1 3 7 7192
1 3 8 5958
1 3 9 6982
1 3 10 5777
1 3 11 8485
1 3 12 7085
1 3 13 5019
1 3 14 6582
1 3 15 6818
1 3 16 8967
1 3 17 6679
1 3 18 8652
1 3 19 5112
1 4 0 2957
1 4 1 0
1 4 2 3939
1 4 3 5484
1 4 4 0
1 4 5 3193
1 4 6 3747
1 4 7 1774
1 4 8 4277
1 4 9 1956
1 4 10 1935
1 4 11 3403
1 4 12 1779
1 4 13 1323
1 4 14 1498
1 4 15 1775
1 4 16 2212
1 4 17 3270
1 4 18 1671
1 4 19 2887
1 5 0 6238
1 5 1 0
1 5 2 4446
1 5 3 4187
1 5 4 2659
1 5 5 0
1 5 6 5462
1 5 7 3558
1 5 8 4488
1 5 9 2616
1 5 10 2826
1 5 11 4072
1 5 12 3607
1 5 13 5633
1 5 14 1424
1 5 15 2086
1 5 16 2011
1 5 17 3131
1 5 18 1395
1 5 19 5925
1 6 0 3094
1 6 1 0
1 6 2 6921
1 6 3 7129
1 6 4 8412
1 6 5 6229
1 6 6 0
1 6 7 4889
1 6 8 7577
1 6 9 5117
1 6 10 5499
1 6 11 8421
1 6 12 4333
1 6 13 4234
1 6 14 4934
1 6 15 5613
1 6 16 6025
1 6 17 5646
1 6 18 8683
1 6 19 4144
1 7 0 3147
1 7 1 0
1 7 2 1566
1 7 3 4326
1 7 4 2832
1 7 5 4864
1 7 6 4379
1 7 7 0
1 7 8 4420
1 7 9 3468
1 7 10 3147
1 7 11 4317
1 7 12 5112
1 7 13 4104
1 7 14 3169
1 7 15 1702
1 7 16 3110
1 7 17 5292
1 7 18 3759
1 7 19 1108
1 8 0 7109
1 8 1 0
1 8 2 5513
1 8 3 8438
1 8 4 6327
1 8 5 4353
1 8 6 5179
1 8 7 8223
1 8 8 0
1 8 9 7383
1 8 10 6001
1 8 11 5989
1 8 12 4831
1 8 13 6943
1 8 14 4816
1 8 15 5327
1 8 16 5466
1 8 17 5226
1 8 18 4299
1 8 19 8675
1 9 0 3432
1 9 1 0
1 9 2 5910
1 9 3 8554
1 9 4 4706
1 9 5 8388
1 9 6 7153
1 9 7 7295
1 9 8 6893
1 9 9 0
1 9 10 4988
1 9 11 3663
1 9 12 5473
1 9 13 7152
1 9 14 4745
1 9 15 7085
1 9 16 5782
1 9 17 7285
1 9 18 7013
1 9 19 3649
1 10 0 6400
1 10 1 0
1 10 2 5508
1 10 3 8672
1 10 4 6953
1 10 5 9550
1 10 6 9103
1 10 7 6268
1 10 8 6229
1 10 9 9515
1 10 10 0
1 10 11 9419
1 10 12 8941
1 10 13 5961
1 10 14 7116
1 10 15 7681
1 10 16 8458
1 10 17 9685
1 10 18 6900
1 10 19 5168
1 11 0 4325
1 11 1 0
1 11 2 3891
1 11 3 3776
1 11 4 4558
1 11 5 2045
1 11 6 3418
1 11 7 3172
1 11 8 4567
1 11 9 4271
1 11 10 908
1 11 11 0
1 11 12 981
1 11 13 2977
1 11 14 3410
1 11 15 1197
1 11 16 1519
1 11 17 4092
1 11 18 3113
1 11 19 5253
1 12 0 3707
1 12 1 0
1 12 2 3504
1 12 3 1976
1 12 4 1467
1 12 5 819
1 12 6 3003
1 12 7 584
1 12 8 523
1 12 9 3077
1 12 10 3585
1 12 11 4919
1 12 12 0
1 12 13 3178
1 12 14 2340
1 12 15 789
1 12 16 852
1 12 17 3092
1 12 18 3978
1 12 19 874
1 13 0 6670
1 13 1 0
1 13 2 3494
1 13 3 3494
1 13 4 3119
1 13 5 4767
1 13 6 5984
1 13 7 3306
1 13 8 2838
1 13 9 3978
1 13 10 6970
1 13 11 2250
1 13 12 6215
1 13 13 0
1 13 14 6591
1 13 15 4752
1 13 16 5407
1 13 17 3700
1 13 18 4731
1 13 19 2334
1 14 0 6964
1 14 1 0
1 14 2 7677
1 14 3 6296
1 14 4 5851
1 14 5 5624
1 14 6 4563
1 14 7 4213
1 14 8 4182
1 14 9 6678
1 14 10 5574
1 14 11 6493
1 14 12 7159
1 14 13 5043
1 14 14 0
1 14 15 7325
1 14 16 5498
1 14 17 5036
1 14 18 4258
1 14 19 6065
1 15 0 4947
1 15 1 0
1 15 2 4381
1 15 3 9044
1 15 4 5912
1 15 5 5114
1 15 6 6004
1 15 7 8904
1 15 8 5531
1 15 9 7456
1 15 10 4422
1 15 11 4936
1 15 12 7700
1 15 13 8058
1 15 14 6288
1 15 15 0
1 15 16 6514
1 15 17 8810
1 15 18 5429
1 15 19 5816
1 16 0 6280
1 16 1 0
1 16 2 4979
1 16 3 6905
1 16 4 5405
1 16 5 4447
1 16 6 4724
1 16 7 5747
1 16 8 5807
1 16 9 4040
1 16 10 4447
1 16 11 6381
1 16 12 3665
1 16 13 3484
1 16 14 7644
1 16 15 7913
1 16 16 0
1 16 17 6524
1 16 18 3569
1 16 19 7899
1 17 0 3869
1 17 1 0
1 17 2 6580
1 17 3 8498
1 17 4 5058
1 17 5 4475
1 17 6 5911
1 17 7 8592
1 17 8 5001
1 17 9 7916
1 17 10 8231
1 17 11 5234
1 17 12 7945
1 17 13 5646
1 17 14 8384
1 17 15 5106
1 17 16 7263
1 17 17 0
1 17 18 5728
1 17 19 4940
1 18 0 1769
1 18 1 0
1 18 2 6498
1 18 3 7542
1 18 4 7432
1 18 5 8801
1 18 6 5574
1 18 7 6386
1 18 8 6206
1 18 9 8739
1 18 10 7230
1 18 11 8795
1 18 12 5593
1 18 13 7790
1 18 14 5374
1 18 15 5776
1 18 16 7369
1 18 17 9296
1 18 18 0
1 18 19 5416
1 19 0 4068
1 19 1 0
1 19 2 7323
1 19 3 6843
1 19 4 4056
1 19 5 3607
1 19 6 6387
1 19 7 7815
1 19 8 8011
1 19 9 7626
1 19 10 4484
1 19 11 5193
1 19 12 6461
1 19 13 7634
1 19 14 7625
1 19 15 7684
1 19 16 6783
1 19 17 6358
1 19 18 6867
1 19 19 0
2 0 0 0
2 0 1 3979
2 0 2 0
2 0 3 7284
2 0 4 5035
2 0 5 5735
2 0 6 4084
2 0 7 5394
2 0 8 6944
2 0 9 5117
2 0 10 7525
2 0 11 4265
2 0 12 5439
2 0 13 7243
2 0 14 7993
2 0 15 8568
2 0 16 7542
2 0 17 5180
2 0 18 5135
2 0 19 5173
2 1 0 4727
2 1 1 0
2 1 2 0
2 1 3 9040
2 1 4 5808
2 1 5 6137
2 1 6 8807
2 1 7 5611
2 1 8 8784
2 1 9 8510
2 1 10 9640
2 1 11 5375
2 1 12 5170
2 1 13 7018
2 1 14 8000
2 1 15 9012
2 1 16 7995
2 1 17 9392
2 1 18 9546
2 1 19 8415
2 2 0 0
2 2 1 0
2 2 2 0
2 2 3 0
2 2 4 0
2 2 5 0
2 2 6 0
2 2 7 0
2 2 8 0
2 2 9 0
2 2 10 0
2 2 11 0
2 2 12 0
2 2 13 0
2 2 14 0
2 2 15 0
2 2 16 0
2 2 17 0
2 2 18 0
2 2 19 0
2 3 0 8273
2 3 1 8911
2 3 2 0
2 3 3 0
2 3 4 8023
2 3 5 6606
2 3 6 8130
2 3 7 7187
2 3 8 5953
2 3 9 6977
2 3 10 5772
2 3 11 8480
2 3 12 7080
2 3 13 5014
2 3 14 6577
2 3 15 6813
2 3 16 8962
2 3 17 6674
2 3 18 8647
2 3 19 5107
2 4 0 4284
2 4 1 3939
2 4 2 0
2 4 3 6951
2 4 4 0
2 4 5 4660
2 4 6 5214
2 4 7 3241
2 4 8 5744
2 4 9 3423
2 4 10 3402
2 4 11 4870
2 4 12 3246
2 4 13 2790
2 4 14 2965
2 4 15 3242
2 4 16 3679
2 4 17 4737
2 4 18 3138
2 4 19 4354
2 5 0 5162
2 5 1 4446
2 5 2 0
2 5 3 7786
2 5 4 6258
2 5 5 0
2 5 6 9061
2 5 7 7157
2 5 8 8087
2 5 9 6215
2 5 10 6425
2 5 11 7671
2 5 12 7206
2 5 13 9232
2 5 14 5023
2 5 15 5685
2 5 16 5610
2 5 17 6730
2 5 18 4994
2 5 19 9524
2 6 0 3316
2 6 1 6921
2 6 2 0
2 6 3 4977
2 6 4 6260
2 6 5 4077
2 6 6 0
2 6 7 2737
2 6 8 5425
2 6 9 2965
2 6 10 3347
2 6 11 6269
2 6 12 2181
2 6 13 2082
2 6 14 2782
2 6 15 3461
2 6 16 3873
2 6 17 3494
2 6 18 6531
2 6 19 1992
2 7 0 2467
2 7 1 1566
2 7 2 0
2 7 3 5719
2 7 4 4225
2 7 5 6257
2 7 6 5772
2 7 7 0
2 7 8 5813
2 7 9 4861
2 7 10 4540
2 7 11 5710
2 7 12 6505
2 7 13 5497
2 7 14 4562
2 7 15 3095
2 7 16 4503
2 7 17 6685
2 7 18 5152
2 7 19 2501
2 8 0 4791
2 8 1 5513
2 8 2 0
2 8 3 6330
2 8 4 4219
2 8 5 2245
2 8 6 3071
2 8 7 6115
2 8 8 0
2 8 9 5275
2 8 10 3893
2 8 11 3881
2 8 12 2723
2 8 13 4835
2 8 14 2708
2 8 15 3219
2 8 16 3358
2 8 17 3118
2 8 18 2191
2 8 19 6567
2 9 0 3635
2 9 1 5910
2 9 2 0
2 9 3 6481
2 9 4 2633
2 9 5 6315
2 9 6 5080
2 9 7 5222
2 9 8 4820
2 9 9 0
2 9 10 2915
2 9 11 1590
2 9 12 3400
2 9 13 5079
2 9 14 2672
2 9 15 5012
2 9 16 3709
2 9 17 5212
2 9 18 4940
2 9 19 1576
2 10 0 4511
2 10 1 5508
2 10 2 0
2 10 3 6882
2 10 4 5163
2 10 5 7760
2 10 6 7313
2 10 7 4478
2 10 8 4439
2 10 9 7725
2 10 10 0
2 10 11 7629
2 10 12 7151
2 10 13 4171
2 10 14 5326
2 10 15 5891
2 10 16 6668
2 10 17 7895
2 10 18 5110
2 10 19 3378
2 11 0 3899
2 11 1 3891
2 11 2 0
2 11 3 3942
2 11 4 4724
2 11 5 2211
2 11 6 3584
2 11 7 3338
2 11 8 4733
2 11 9 4437
2 11 10 1074
2 11 11 0
2 11 12 1147
2 11 13 3143
2 11 14 3576
2 11 15 1363
2 11 16 1685
2 11 17 4258
2 11 18 3279
2 11 19 5419
2 12 0 4891
2 12 1 3504
2 12 2 0
2 12 3 2160
2 12 4 1651
2 12 5 1003
2 12 6 3187
2 12 7 768
2 12 8 707
2 12 9 3261
2 12 10 3769
2 12 11 5103
2 12 12 0
2 12 13 3362
2 12 14 2524
2 12 15 973
2 12 16 1036
2 12 17 3276
2 12 18 4162
2 12 19 1058
2 13 0 4837
2 13 1 3494
2 13 2 0
2 13 3 4118
2 13 4 3743
2 13 5 5391
2 13 6 6608
2 13 7 3930
2 13 8 3462
2 13 9 4602
2 13 10 7594
2 13 11 2874
2 13 12 6839
2 13 13 0
2 13 14 7215
2 13 15 5376
2 13 16 6031
2 13 17 4324
2 13 18 5355
2 13 19 2958
2 14 0 8788
2 14 1 7677
2 14 2 0
2 14 3 4110
2 14 4 3665
2 14 5 3438
2 14 6 2377
2 14 7 2027
2 14 8 1996
2 14 9 4492
2 14 10 3388
2 14 11 4307
2 14 12 4973
2 14 13 2857
2 14 14 0
2 14 15 5139
2 14 16 3312
2 14 17 2850
2 14 18 2072
2 14 19 3879
2 15 0 5055
2 15 1 4381
2 15 2 0
2 15 3 8945
2 15 4 5813
2 15 5 5015
2 15 6 5905
2 15 7 8805
2 15 8 5432
2 15 9 7357
2 15 10 4323
2 15 11 4837
2 15 12 7601
2 15 13 7959
2 15 14 6189
2 15 15 0
2 15 16 6415
2 15 17 8711
2 15 18 5330
2 15 19 5717
2 16 0 5644
2 16 1 4979
2 16 2 0
2 16 3 8191
2 16 4 6691
2 16 5 5733
2 16 6 6010
2 16 7 7033
2 16 8 7093
2 16 9 5326
2 16 10 5733
2 16 11 7667
2 16 12 4951
2 16 13 4770
2 16 14 8930
2 16 15 9199
2 16 16 0
2 16 17 7810
2 16 18 4855
2 16 19 9185
2 17 0 3486
2 17 1 6580
2 17 2 0
2 17 3 7531
2 17 4 4091
2 17 5 3508
2 17 6 4944
2 17 7 7625
2 17 8 4034
2 17 9 6949
2 17 10 7264
2 17 11 4267
2 17 12 6978
2 17 13 4679
2 17 14 7417
2 17 15 4139
2 17 16 6296
2 17 17 0
2 17 18 4761
2 17 19 3973
2 18 0 3205
2 18 1 6498
2 18 2 0
2 18 3 3992
2 18 4 3882
2 18 5 5251
2 18 6 2024
2 18 7 2836
2 18 8 2656
2 18 9 5189
2 18 10 3680
2 18 11 5245
2 18 12 2043
2 18 13 4240
2 18 14 1824
2 18 15 2226
2 18 16 3819
2 18 17 5746
2 18 18 0
2 18 19 1866
2 19 0 5199
2 19 1 7323
2 19 2 0
2 19 3 3954
2 19 4 1167
2 19 5 718
2 19 6 3498
2 19 7 4926
2 19 8 5122
2 19 9 4737
2 19 10 1595
2 19 11 2304
2 19 12 3572
2 19 13 4745
2 19 14 4736
2 19 15 4795
2 19 16 3894
2 19 17 3469
2 19 18 3978
2 19 19 0
3 0 0 0
3 0 1 4027
3 0 2 7284
3 0 3 0
3 0 4 4369
3 0 5 5069
3 0 6 3418
3 0 7 4728
3 0 8 6278
3 0 9 4451
3 0 10 6859
3 0 11 3599
3 0 12 4773
3 0 13 6577
3 0 14 7327
3 0 15 7902
3 0 16 6876
3 0 17 4514
3 0 18 4469
3 0 19 4507
3 1 0 6379
3 1 1 0
3 1 2 9040
3 1 3 0
3 1 4 3672
3 1 5 4001
3 1 6 6671
3 1 7 3475
3 1 8 6648
3 1 9 6374
3 1 10 7504
3 1 11 3239
3 1 12 3034
3 1 13 4882
3 1 14 5864
3 1 15 6876
3 1 16 5859
3 1 17 7256
3 1 18 7410
3 1 19 6279
3 2 0 7525
3 2 1 6559
3 2 2 0
3 2 3 0
3 2 4 7146
3 2 5 9607
3 2 6 6526
3 2 7 6875
3 2 8 6547
3 2 9 6308
3 2 10 7721
3 2 11 5412
3 2 12 5225
3 2 13 7513
3 2 14 5685
3 2 15 8784
3 2 16 9152
3 2 17 8296
3 2 18 5867
3 2 19 5397
3 3 0 0
3 3 1 0
3 3 2 0
3 3 3 0
3 3 4 0
3 3 5 0
3 3 6 0
3 3 7 0
3 3 8 0
3 3 9 0
3 3 10 0
3 3 11 0
3 3 12 0
3 3 13 0
3 3 14 0
3 3 15 0
3 3 16 0
3 3 17 0
3 3 18 0
3 3 19 0
3 4 0 5829
3 4 1 5484
3 4 2 6951
3 4 3 0
3 4 4 0
3 4 5 6237
3 4 6 6791
3 4 7 4818
3 4 8 7321
3 4 9 5000
3 4 10 4979
3 4 11 6447
3 4 12 4823
3 4 13 4367
3 4 14 4542
3 4 15 4819
3 4 16 5256
3 4 17 6314
3 4 18 4715
3 4 19 5931
3 5 0 4903
3 5 1 4187
3 5 2 7786
3 5 3 0
3 5 4 3957
3 5 5 0
3 5 6 6760
3 5 7 4856
3 5 8 5786
3 5 9 3914
3 5 10 4124
3 5 11 5370
3 5 12 4905
3 5 13 6931
3 5 14 2722
3 5 15 3384
3 5 16 3309
3 5 17 4429
3 5 18 2693
3 5 19 7223
3 6 0 3524
3 6 1 7129
3 6 2 4977
3 6 3 0
3 6 4 8564
3 6 5 6381
3 6 6 0
3 6 7 5041
3 6 8 7729
3 6 9 5269
3 6 10 5651
3 6 11 8573
3 6 12 4485
3 6 13 4386
3 6 14 5086
3 6 15 5765
3 6 16 6177
3 6 17 5798
3 6 18 8835
3 6 19 4296
3 7 0 5227
3 7 1 4326
3 7 2 5719
3 7 3 0
3 7 4 5237
3 7 5 7269
3 7 6 6784
3 7 7 0
3 7 8 6825
3 7 9 5873
3 7 10 5552
3 7 11 6722
3 7 12 7517
3 7 13 6509
3 7 14 5574
3 7 15 4107
3 7 16 5515
3 7 17 7697
3 7 18 6164
3 7 19 3513
3 8 0 7716
3 8 1 8438
3 8 2 6330
3 8 3 0
3 8 4 4325
3 8 5 2351
3 8 6 3177
3 8 7 6221
3 8 8 0
3 8 9 5381
3 8 10 3999
3 8 11 3987
3 8 12 2829
3 8 13 4941
3 8 14 2814
3 8 15 3325
3 8 16 3464
3 8 17 3224
3 8 18 2297
3 8 19 6673
3 9 0 6279
3 9 1 8554
3 9 2 6481
3 9 3 0
3 9 4 4002
3 9 5 7684
3 9 6 6449
3 9 7 6591
3 9 8 6189
3 9 9 0
3 9 10 4284
3 9 11 2959
3 9 12 4769
3 9 13 6448
3 9 14 4041
3 9 15 6381
3 9 16 5078
3 9 17 6581
3 9 18 6309
3 9 19 2945
3 10 0 7675
3 10 1 8672
3 10 2 6882
3 10 3 0
3 10 4 3914
3 10 5 6511
3 10 6 6064
3 10 7 3229
3 10 8 3190
3 10 9 6476
3 10 10 0
3 10 11 6380
3 10 12 5902
3 10 13 2922
3 10 14 4077
3 10 15 4642
3 10 16 5419
3 10 17 6646
3 10 18 3861
3 10 19 2129
3 11 0 3784
3 11 1 3776
3 11 2 3942
3 11 3 0
3 11 4 8492
3 11 5 5979
3 11 6 7352
3 11 7 7106
3 11 8 8501
3 11 9 8205
3 11 10 4842
3 11 11 0
3 11 12 4915
3 11 13 6911
3 11 14 7344
3 11 15 5131
3 11 16 5453
3 11 17 8026
3 11 18 7047
3 11 19 9187
3 12 0 3363
3 12 1 1976
3 12 2 2160
3 12 3 0
3 12 4 4206
3 12 5 3558
3 12 6 5742
3 12 7 3323
3 12 8 3262
3 12 9 5816
3 12 10 6324
3 12 11 7658
3 12 12 0
3 12 13 5917
3 12 14 5079
3 12 15 3528
3 12 16 3591
3 12 17 5831
3 12 18 6717
3 12 19 3613
3 13 0 4837
3 13 1 3494
3 13 2 4118
3 13 3 0
3 13 4 1944
3 13 5 3592
3 13 6 4809
3 13 7 2131
3 13 8 1663
3 13 9 2803
3 13 10 5795
3 13 11 1075
3 13 12 5040
3 13 13 0
3 13 14 5416
3 13 15 3577
3 13 16 4232
3 13 17 2525
3 13 18 3556
3 13 19 1159
3 14 0 7407
3 14 1 6296
3 14 2 4110
3 14 3 0
3 14 4 5257
3 14 5 5030
3 14 6 3969
3 14 7 3619
3 14 8 3588
3 14 9 6084
3 14 10 4980
3 14 11 5899
3 14 12 6565
3 14 13 4449
3 14 14 0
3 14 15 6731
3 14 16 4904
3 14 17 4442
3 14 18 3664
3 14 19 5471
3 15 0 9718
3 15 1 9044
3 15 2 8945
3 15 3 0
3 15 4 4542
3 15 5 3744
3 15 6 4634
3 15 7 7534
3 15 8 4161
3 15 9 6086
3 15 10 3052
3 15 11 3566
3 15 12 6330
3 15 13 6688
3 15 14 4918
3 15 15 0
3 15 16 5144
3 15 17 7440
3 15 18 4059
3 15 19 4446
3 16 0 7570
3 16 1 6905
3 16 2 8191
3 16 3 0
3 16 4 7201
3 16 5 6243
3 16 6 6520
3 16 7 7543
3 16 8 7603
3 16 9 5836
3 16 10 6243
3 16 11 8177
3 16 12 5461
3 16 13 5280
3 16 14 9440
3 16 15 9709
3 16 16 0
3 16 17 8320
3 16 18 5365
3 16 19 9695
3 17 0 5404
3 17 1 8498
3 17 2 7531
3 17 3 0
3 17 4 3169
3 17 5 2586
3 17 6 4022
3 17 7 6703
3 17 8 3112
3 17 9 6027
3 17 10 6342
3 17 11 3345
3 17 12 6056
3 17 13 3757
3 17 14 6495
3 17 15 3217
3 17 16 5374
3 17 17 0
3 17 18 3839
3 17 19 3051
3 18 0 4249
3 18 1 7542
3 18 2 3992
3 18 3 0
3 18 4 7362
3 18 5 8731
3 18 6 5504
3 18 7 6316
3 18 8 6136
3 18 9 8669
3 18 10 7160
3 18 11 8725
3 18 12 5523
3 18 13 7720
3 18 14 5304
3 18 15 5706
3 18 16 7299
3 18 17 9226
3 18 18 0
3 18 19 5346
3 19 0 4719
3 19 1 6843
3 19 2 3954
3 19 3 0
3 19 4 1577
3 19 5 1128
3 19 6 3908
3 19 7 5336
3 19 8 5532
3 19 9 5147
3 19 10 2005
3 19 11 2714
3 19 12 3982
3 19 13 5155
3 19 14 5146
3 19 15 5205
3 19 16 4304
3 19 17 3879
3 19 18 4388
3 19 19 0
4 0 0 0
4 0 1 1778
4 0 2 5035
4 0 3 4369
4 0 4 0
4 0 5 4959
4 0 6 3308
4 0 7 4618
4 0 8 6168
4 0 9 4341
4 0 10 6749
4 0 11 3489
4 0 12 4663
4 0 13 6467
4 0 14 7217
4 0 15 7792
4 0 16 6766
4 0 17 4404
4 0 18 4359
4 0 19 4397
4 1 0 3147
4 1 1 0
4 1 2 5808
4 1 3 3672
4 1 4 0
4 1 5 2941
4 1 6 5611
4 1 7 2415
4 1 8 5588
4 1 9 5314
4 1 10 6444
4 1 11 2179
4 1 12 1974
4 1 13 3822
4 1 14 4804
4 1 15 5816
4 1 16 4799
4 1 17 6196
4 1 18 6350
4 1 19 5219
4 2 0 5765
4 2 1 4799
4 2 2 0
4 2 3 7146
4 2 4 0
4 2 5 7867
4 2 6 4786
4 2 7 5135
4 2 8 4807
4 2 9 4568
4 2 10 5981
4 2 11 3672
4 2 12 3485
4 2 13 5773
4 2 14 3945
4 2 15 7044
4 2 16 7412
4 2 17 6556
4 2 18 4127
4 2 19 3657
4 3 0 7390
4 3 1 8028
4 3 2 8023
4 3 3 0
4 3 4 0
4 3 5 7111
4 3 6 8635
4 3 7 7692
4 3 8 6458
4 3 9 7482
4 3 10 6277
4 3 11 8985
4 3 12 7585
4 3 13 5519
4 3 14 7082
4 3 15 7318
4 3 16 9467
4 3 17 7179
4 3 18 9152
4 3 19 5612
4 4 0 0
4 4 1 0
4 4 2 0
4 4 3 0
4 4 4 0
4 4 5 0
4 4 6 0
4 4 7 0
4 4 8 0
4 4 9 0
4 4 10 0
4 4 11 0
4 4 12 0
4 4 13 0
4 4 14 0
4 4 15 0
4 4 16 0
4 4 17 0
4 4 18 0
4 4 19 0
4 5 0 3375
4 5 1 2659
4 5 2 6258
4 5 3 3957
4 5 4 0
4 5 5 0
4 5 6 6574
4 5 7 4670
4 5 8 5600
4 5 9 3728
4 5 10 3938
4 5 11 5184
4 5 12 4719
4 5 13 6745
4 5 14 2536
4 5 15 3198
4 5 16 3123
4 5 17 4243
4 5 18 2507
4 5 19 7037
4 6 0 4807
4 6 1 8412
4 6 2 6260
4 6 3 8564
4 6 4 0
4 6 5 5225
4 6 6 0
4 6 7 3885
4 6 8 6573
4 6 9 4113
4 6 10 4495
4 6 11 7417
4 6 12 3329
4 6 13 3230
4 6 14 3930
4 6 15 4609
4 6 16 5021
4 6 17 4642
4 6 18 7679
4 6 19 3140
4 7 0 3733
4 7 1 2832
4 7 2 4225
4 7 3 5237
4 7 4 0
4 7 5 5083
4 7 6 4598
4 7 7 0
4 7 8 4639
4 7 9 3687
4 7 10 3366
4 7 11 4536
4 7 12 5331
4 7 13 4323
4 7 14 3388
4 7 15 1921
4 7 16 3329
4 7 17 5511
4 7 18 3978
4 7 19 1327
4 8 0 5605
4 8 1 6327
4 8 2 4219
4 8 3 4325
4 8 4 0
4 8 5 3902
4 8 6 4728
4 8 7 7772
4 8 8 0
4 8 9 6932
4 8 10 5550
4 8 11 5538
4 8 12 4380
4 8 13 6492
4 8 14 4365
4 8 15 4876
4 8 16 5015
4 8 17 4775
4 8 18 3848
4 8 19 8224
4 9 0 2431
4 9 1 4706
4 9 2 2633
4 9 3 4002
4 9 4 0
4 9 5 5890
4 9 6 4655
4 9 7 4797
4 9 8 4395
4 9 9 0
4 9 10 2490
4 9 11 1165
4 9 12 2975
4 9 13 4654
4 9 14 2247
4 9 15 4587
4 9 16 3284
4 9 17 4787
4 9 18 4515
4 9 19 1151
4 10 0 5956
4 10 1 6953
4 10 2 5163
4 10 3 3914
4 10 4 0
4 10 5 5901
4 10 6 5454
4 10 7 2619
4 10 8 2580
4 10 9 5866
4 10 10 0
4 10 11 5770
4 10 12 5292
4 10 13 2312
4 10 14 3467
4 10 15 4032
4 10 16 4809
4 10 17 6036
4 10 18 3251
4 10 19 1519
4 11 0 4566
4 11 1 4558
4 11 2 4724
4 11 3 8492
4 11 4 0
4 11 5 4129
4 11 6 5502
4 11 7 5256
4 11 8 6651
4 11 9 6355
4 11 10 2992
4 11 11 0
4 11 12 3065
4 11 13 5061
4 11 14 5494
4 11 15 3281
4 11 16 3603
4 11 17 6176
4 11 18 5197
4 11 19 7337
4 12 0 2854
4 12 1 1467
4 12 2 1651
4 12 3 4206
4 12 4 0
4 12 5 1484
4 12 6 3668
4 12 7 1249
4 12 8 1188
4 12 9 3742
4 12 10 4250
4 12 11 5584
4 12 12 0
4 12 13 3843
4 12 14 3005
4 12 15 1454
4 12 16 1517
4 12 17 3757
4 12 18 4643
4 12 19 1539
4 13 0 4462
4 13 1 3119
4 13 2 3743
4 13 3 1944
4 13 4 0
4 13 5 3128
4 13 6 4345
4 13 7 1667
4 13 8 1199
4 13 9 2339
4 13 10 5331
4 13 11 611
4 13 12 4576
4 13 13 0
4 13 14 4952
4 13 15 3113
4 13 16 3768
4 13 17 2061
4 13 18 3092
4 13 19 695
4 14 0 6962
4 14 1 5851
4 14 2 3665
4 14 3 5257
4 14 4 0
4 14 5 3178
4 14 6 2117
4 14 7 1767
4 14 8 1736
4 14 9 4232
4 14 10 3128
4 14 11 4047
4 14 12 4713
4 14 13 2597
4 14 14 0
4 14 15 4879
4 14 16 3052
4 14 17 2590
4 14 18 1812
4 14 19 3619
4 15 0 6586
4 15 1 5912
4 15 2 5813
4 15 3 4542
4 15 4 0
4 15 5 1933
4 15 6 2823
4 15 7 5723
4 15 8 2350
4 15 9 4275
4 15 10 1241
4 15 11 1755
4 15 12 4519
4 15 13 4877
4 15 14 3107
4 15 15 0
4 15 16 3333
4 15 17 5629
4 15 18 2248
4 15 19 2635
4 16 0 6070
4 16 1 5405
4 16 2 6691
4 16 3 7201
4 16 4 0
4 16 5 2720
4 16 6 2997
4 16 7 4020
4 16 8 4080
4 16 9 2313
4 16 10 2720
4 16 11 4654
4 16 12 1938
4 16 13 1757
4 16 14 5917
4 16 15 6186
4 16 16 0
4 16 17 4797
4 16 18 1842
4 16 19 6172
4 17 0 1964
4 17 1 5058
4 17 2 4091
4 17 3 3169
4 17 4 0
4 17 5 2409
4 17 6 3845
4 17 7 6526
4 17 8 2935
4 17 9 5850
4 17 10 6165
4 17 11 3168
4 17 12 5879
4 17 13 3580
4 17 14 6318
4 17 15 3040
4 17 16 5197
4 17 17 0
4 17 18 3662
4 17 19 2874
4 18 0 4139
4 18 1 7432
4 18 2 3882
4 18 3 7362
4 18 4 0
4 18 5 4982
4 18 6 1755
4 18 7 2567
4 18 8 2387
4 18 9 4920
4 18 10 3411
4 18 11 4976
4 18 12 1774
4 18 13 3971
4 18 14 1555
4 18 15 1957
4 18 16 3550
4 18 17 5477
4 18 18 0
4 18 19 1597
4 19 0 1932
4 19 1 4056
4 19 2 1167
4 19 3 1577
4 19 4 0
4 19 5 2135
4 19 6 4915
4 19 7 6343
4 19 8 6539
4 19 9 6154
4 19 10 3012
4 19 11 3721
4 19 12 4989
4 19 13 6162
4 19 14 6153
4 19 15 6212
4 19 16 5311
4 19 17 4886
4 19 18 5395
4 19 19 0
5 0 0 0
5 0 1 2478
5 0 2 5735
5 0 3 5069
5 0 4 4959
5 0 5 0
5 0 6 2960
5 0 7 4270
5 0 8 5820
5 0 9 3993
5 0 10 6401
5 0 11 3141
5 0 12 4315
5 0 13 6119
5 0 14 6869
5 0 15 7444
5 0 16 6418
5 0 17 4056
5 0 18 4011
5 0 19 4049
5 1 0 3476
5 1 1 0
5 1 2 6137
5 1 3 4001
5 1 4 2941
5 1 5 0
5 1 6 8192
5 1 7 4996
5 1 8 8169
5 1 9 7895
5 1 10 9025
5 1 11 4760
5 1 12 4555
5 1 13 6403
5 1 14 7385
5 1 15 8397
5 1 16 7380
5 1 17 8777
5 1 18 8931
5 1 19 7800
5 2 0 8226
5 2 1 7260
5 2 2 0
5 2 3 9607
5 2 4 7867
5 2 5 0
5 2 6 4964
5 2 7 5313
5 2 8 4985
5 2 9 4746
5 2 10 6159
5 2 11 3850
5 2 12 3663
5 2 13 5951
5 2 14 4123
5 2 15 7222
5 2 16 7590
5 2 17 6734
5 2 18 4305
5 2 19 3835
5 3 0 5973
5 3 1 6611
5 3 2 6606
5 3 3 0
5 3 4 7111
5 3 5 0
5 3 6 7009
5 3 7 6066
5 3 8 4832
5 3 9 5856
5 3 10 4651
5 3 11 7359
5 3 12 5959
5 3 13 3893
5 3 14 5456
5 3 15 5692
5 3 16 7841
5 3 17 5553
5 3 18 7526
5 3 19 3986
5 4 0 3538
5 4 1 3193
5 4 2 4660
5 4 3 6237
5 4 4 0
5 4 5 0
5 4 6 4325
5 4 7 2352
5 4 8 4855
5 4 9 2534
5 4 10 2513
5 4 11 3981
5 4 12 2357
5 4 13 1901
5 4 14 2076
5 4 15 2353
5 4 16 2790
5 4 17 3848
5 4 18 2249
5 4 19 3465
5 5 0 0
5 5 1 0
5 5 2 0
5 5 3 0
5 5 4 0
5 5 5 0
5 5 6 0
5 5 7 0
5 5 8 0
5 5 9 0
5 5 10 0
5 5 11 0
5 5 12 0
5 5 13 0
5 5 14 0
5 5 15 0
5 5 16 0
5 5 17 0
5 5 18 0
5 5 19 0
5 6 0 2624
5 6 1 6229
5 6 2 4077
5 6 3 6381
5 6 4 5225
5 6 5 0
5 6 6 0
5 6 7 5271
5 6 8 7959
5 6 9 5499
5 6 10 5881
5 6 11 8803
5 6 12 4715
5 6 13 4616
5 6 14 5316
5 6 15 5995
5 6 16 6407
5 6 17 6028
5 6 18 9065
5 6 19 4526
5 7 0 5765
5 7 1 4864
5 7 2 6257
5 7 3 7269
5 7 4 5083
5 7 5 0
5 7 6 6053
5 7 7 0
5 7 8 6094
5 7 9 5142
5 7 10 4821
5 7 11 5991
5 7 12 6786
5 7 13 5778
5 7 14 4843
5 7 15 3376
5 7 16 4784
5 7 17 6966
5 7 18 5433
5 7 19 2782
5 8 0 3631
5 8 1 4353
5 8 2 2245
5 8 3 2351
5 8 4 3902
5 8 5 0
5 8 6 4610
5 8 7 7654
5 8 8 0
5 8 9 6814
5 8 10 5432
5 8 11 5420
5 8 12 4262
5 8 13 6374
5 8 14 4247
5 8 15 4758
5 8 16 4897
5 8 17 4657
5 8 18 3730
5 8 19 8106
5 9 0 6113
5 9 1 8388
5 9 2 6315
5 9 3 7684
5 9 4 5890
5 9 5 0
5 9 6 4986
5 9 7 5128
5 9 8 4726
5 9 9 0
5 9 10 2821
5 9 11 1496
5 9 12 3306
5 9 13 4985
5 9 14 2578
5 9 15 4918
5 9 16 3615
5 9 17 5118
5 9 18 4846
5 9 19 1482
5 10 0 8553
5 10 1 9550
5 10 2 7760
5 10 3 6511
5 10 4 5901
5 10 5 0
5 10 6 6016
5 10 7 3181
5 10 8 3142
5 10 9 6428
5 10 10 0
5 10 11 6332
5 10 12 5854
5 10 13 2874
5 10 14 4029
5 10 15 4594
5 10 16 5371
5 10 17 6598
5 10 18 3813
5 10 19 2081
5 11 0 2053
5 11 1 2045
5 11 2 2211
5 11 3 5979
5 11 4 4129
5 11 5 0
5 11 6 5842
5 11 7 5596
5 11 8 6991
5 11 9 6695
5 11 10 3332
5 11 11 0
5 11 12 3405
5 11 13 5401
5 11 14 5834
5 11 15 3621
5 11 16 3943
5 11 17 6516
5 11 18 5537
5 11 19 7677
5 12 0 2206
5 12 1 819
5 12 2 1003
5 12 3 3558
5 12 4 1484
5 12 5 0
5 12 6 5167
5 12 7 2748
5 12 8 2687
5 12 9 5241
5 12 10 5749
5 12 11 7083
5 12 12 0
5 12 13 5342
5 12 14 4504
5 12 15 2953
5 12 16 3016
5 12 17 5256
5 12 18 6142
5 12 19 3038
5 13 0 6110
5 13 1 4767
5 13 2 5391
5 13 3 3592
5 13 4 3128
5 13 5 0
5 13 6 8326
5 13 7 5648
5 13 8 5180
5 13 9 6320
5 13 10 9312
5 13 11 4592
5 13 12 8557
5 13 13 0
5 13 14 8933
5 13 15 7094
5 13 16 7749
5 13 17 6042
5 13 18 7073
5 13 19 4676
5 14 0 6735
5 14 1 5624
5 14 2 3438
5 14 3 5030
5 14 4 3178
5 14 5 0
5 14 6 1714
5 14 7 1364
5 14 8 1333
5 14 9 3829
5 14 10 2725
5 14 11 3644
5 14 12 4310
5 14 13 2194
5 14 14 0
5 14 15 4476
5 14 16 2649
5 14 17 2187
5 14 18 1409
5 14 19 3216
5 15 0 5788
5 15 1 5114
5 15 2 5015
5 15 3 3744
5 15 4 1933
5 15 5 0
5 15 6 2805
5 15 7 5705
5 15 8 2332
5 15 9 4257
5 15 10 1223
5 15 11 1737
5 15 12 4501
5 15 13 4859
5 15 14 3089
5 15 15 0
5 15 16 3315
5 15 17 5611
5 15 18 2230
5 15 19 2617
5 16 0 5112
5 16 1 4447
5 16 2 5733
5 16 3 6243
5 16 4 2720
5 16 5 0
5 16 6 2467
5 16 7 3490
5 16 8 3550
5 16 9 1783
5 16 10 2190
5 16 11 4124
5 16 12 1408
5 16 13 1227
5 16 14 5387
5 16 15 5656
5 16 16 0
5 16 17 4267
5 16 18 1312
5 16 19 5642
5 17 0 1381
5 17 1 4475
5 17 2 3508
5 17 3 2586
5 17 4 2409
5 17 5 0
5 17 6 3377
5 17 7 6058
5 17 8 2467
5 17 9 5382
5 17 10 5697
5 17 11 2700
5 17 12 5411
5 17 13 3112
5 17 14 5850
5 17 15 2572
5 17 16 4729
5 17 17 0
5 17 18 3194
5 17 19 2406
5 18 0 5508
5 18 1 8801
5 18 2 5251
5 18 3 8731
5 18 4 4982
5 18 5 0
5 18 6 1150
5 18 7 1962
5 18 8 1782
5 18 9 4315
5 18 10 2806
5 18 11 4371
5 18 12 1169
5 18 13 3366
5 18 14 950
5 18 15 1352
5 18 16 2945
5 18 17 4872
5 18 18 0
5 18 19 992
5 19 0 1483
5 19 1 3607
5 19 2 718
5 19 3 1128
5 19 4 2135
5 19 5 0
5 19 6 7624
5 19 7 9052
5 19 8 9248
5 19 9 8863
5 19 10 5721
5 19 11 6430
5 19 12 7698
5 19 13 8871
5 19 14 8862
5 19 15 8921
5 19 16 8020
5 19 17 7595
5 19 18 8104
5 19 19 0
6 0 0 0
6 0 1 827
6 0 2 4084
6 0 3 3418
6 0 4 3308
6 0 5 2960
6 0 6 0
6 0 7 3412
6 0 8 4962
6 0 9 3135
6 0 10 5543
6 0 11 2283
6 0 12 3457
6 0 13 5261
6 0 14 6011
6 0 15 6586
6 0 16 5560
6 0 17 3198
6 0 18 3153
6 0 19 3191
6 1 0 6146
6 1 1 0
6 1 2 8807
6 1 3 6671
6 1 4 5611
6 1 5 8192
6 1 6 0
6 1 7 3503
6 1 8 6676
6 1 9 6402
6 1 10 7532
6 1 11 3267
6 1 12 3062
6 1 13 4910
6 1 14 5892
6 1 15 6904
6 1 16 5887
6 1 17 7284
6 1 18 7438
6 1 19 6307
6 2 0 5145
6 2 1 4179
6 2 2 0
6 2 3 6526
6 2 4 4786
6 2 5 4964
6 2 6 0
6 2 7 5118
6 2 8 4790
6 2 9 4551
6 2 10 5964
6 2 11 3655
6 2 12 3468
6 2 13 5756
6 2 14 3928
6 2 15 7027
6 2 16 7395
6 2 17 6539
6 2 18 4110
6 2 19 3640
6 3 0 7497
6 3 1 8135
6 3 2 8130
6 3 3 0
6 3 4 8635
6 3 5 7009
6 3 6 0
6 3 7 6338
6 3 8 5104
6 3 9 6128
6 3 10 4923
6 3 11 7631
6 3 12 6231
6 3 13 4165
6 3 14 5728
6 3 15 5964
6 3 16 8113
6 3 17 5825
6 3 18 7798
6 3 19 4258
6 4 0 4092
6 4 1 3747
6 4 2 5214
6 4 3 6791
6 4 4 0
6 4 5 4325
6 4 6 0
6 4 7 5435
6 4 8 7938
6 4 9 5617
6 4 10 5596
6 4 11 7064
6 4 12 5440
6 4 13 4984
6 4 14 5159
6 4 15 5436
6 4 16 5873
6 4 17 6931
6 4 18 5332
6 4 19 6548
6 5 0 6178
6 5 1 5462
6 5 2 9061
6 5 3 6760
6 5 4 6574
6 5 5 0
6 5 6 0
6 5 7 4707
6 5 8 5637
6 5 9 3765
6 5 10 3975
6 5 11 5221
6 5 12 4756
6 5 13 6782
6 5 14 2573
6 5 15 3235
6 5 16 3160
6 5 17 4280
6 5 18 2544
6 5 19 7074
6 6 0 0
6 6 1 0
6 6 2 0
6 6 3 0
6 6 4 0
6 6 5 0
6 6 6 0
6 6 7 0
6 6 8 0
6 6 9 0
6 6 10 0
6 6 11 0
6 6 12 0
6 6 13 0
6 6 14 0
6 6 15 0
6 6 16 0
6 6 17 0
6 6 18 0
6 6 19 0
6 7 0 5280
6 7 1 4379
6 7 2 5772
6 7 3 6784
6 7 4 4598
6 7 5 6053
6 7 6 0
6 7 7 0
6 7 8 4755
6 7 9 3803
6 7 10 3482
6 7 11 4652
6 7 12 5447
6 7 13 4439
6 7 14 3504
6 7 15 2037
6 7 16 3445
6 7 17 5627
6 7 18 4094
6 7 19 1443
6 8 0 4457
6 8 1 5179
6 8 2 3071
6 8 3 3177
6 8 4 4728
6 8 5 4610
6 8 6 0
6 8 7 8073
6 8 8 0
6 8 9 7233
6 8 10 5851
6 8 11 5839
6 8 12 4681
6 8 13 6793
6 8 14 4666
6 8 15 5177
6 8 16 5316
6 8 17 5076
6 8 18 4149
6 8 19 8525
6 9 0 4878
6 9 1 7153
6 9 2 5080
6 9 3 6449
6 9 4 4655
6 9 5 4986
6 9 6 0
6 9 7 4959
6 9 8 4557
6 9 9 0
6 9 10 2652
6 9 11 1327
6 9 12 3137
6 9 13 4816
6 9 14 2409
6 9 15 4749
6 9 16 3446
6 9 17 4949
6 9 18 4677
6 9 19 1313
6 10 0 8106
6 10 1 9103
6 10 2 7313
6 10 3 6064
6 10 4 5454
6 10 5 6016
6 10 6 0
6 10 7 3184
6 10 8 3145
6 10 9 6431
6 10 10 0
6 10 11 6335
6 10 12 5857
6 10 13 2877
6 10 14 4032
6 10 15 4597
6 10 16 5374
6 10 17 6601
6 10 18 3816
6 10 19 2084
6 11 0 3426
6 11 1 3418
6 11 2 3584
6 11 3 7352
6 11 4 5502
6 11 5 5842
6 11 6 0
6 11 7 7275
6 11 8 8670
6 11 9 8374
6 11 10 5011
6 11 11 0
6 11 12 5084
6 11 13 7080
6 11 14 7513
6 11 15 5300
6 11 16 5622
6 11 17 8195
6 11 18 7216
6 11 19 9356
6 12 0 4390
6 12 1 3003
6 12 2 3187
6 12 3 5742
6 12 4 3668
6 12 5 5167
6 12 6 0
6 12 7 804
6 12 8 743
6 12 9 3297
6 12 10 3805
6 12 11 5139
6 12 12 0
6 12 13 3398
6 12 14 2560
6 12 15 1009
6 12 16 1072
6 12 17 3312
6 12 18 4198
6 12 19 1094
6 13 0 7327
6 13 1 5984
6 13 2 6608
6 13 3 4809
6 13 4 4345
6 13 5 8326
6 13 6 0
6 13 7 1579
6 13 8 1111
6 13 9 2251
6 13 10 5243
6 13 11 523
6 13 12 4488
6 13 13 0
6 13 14 4864
6 13 15 3025
6 13 16 3680
6 13 17 1973
6 13 18 3004
6 13 19 607
6 14 0 5674
6 14 1 4563
6 14 2 2377
6 14 3 3969
6 14 4 2117
6 14 5 1714
6 14 6 0
6 14 7 2204
6 14 8 2173
6 14 9 4669
6 14 10 3565
6 14 11 4484
6 14 12 5150
6 14 13 3034
6 14 14 0
6 14 15 5316
6 14 16 3489
6 14 17 3027
6 14 18 2249
6 14 19 4056
6 15 0 6678
6 15 1 6004
6 15 2 5905
6 15 3 4634
6 15 4 2823
6 15 5 2805
6 15 6 0
6 15 7 6562
6 15 8 3189
6 15 9 5114
6 15 10 2080
6 15 11 2594
6 15 12 5358
6 15 13 5716
6 15 14 3946
6 15 15 0
6 15 16 4172
6 15 17 6468
6 15 18 3087
6 15 19 3474
6 16 0 5389
6 16 1 4724
6 16 2 6010
6 16 3 6520
6 16 4 2997
6 16 5 2467
6 16 6 0
6 16 7 4834
6 16 8 4894
6 16 9 3127
6 16 10 3534
6 16 11 5468
6 16 12 2752
6 16 13 2571
6 16 14 6731
6 16 15 7000
6 16 16 0
6 16 17 5611
6 16 18 2656
6 16 19 6986
6 17 0 2817
6 17 1 5911
6 17 2 4944
6 17 3 4022
6 17 4 3845
6 17 5 3377
6 17 6 0
6 17 7 5903
6 17 8 2312
6 17 9 5227
6 17 10 5542
6 17 11 2545
6 17 12 5256
6 17 13 2957
6 17 14 5695
6 17 15 2417
6 17 16 4574
6 17 17 0
6 17 18 3039
6 17 19 2251
6 18 0 2281
6 18 1 5574
6 18 2 2024
6 18 3 5504
6 18 4 1755
6 18 5 1150
6 18 6 0
6 18 7 6580
6 18 8 6400
6 18 9 8933
6 18 10 7424
6 18 11 8989
6 18 12 5787
6 18 13 7984
6 18 14 5568
6 18 15 5970
6 18 16 7563
6 18 17 9490
6 18 18 0
6 18 19 5610
6 19 0 4263
6 19 1 6387
6 19 2 3498
6 19 3 3908
6 19 4 4915
6 19 5 7624
6 19 6 0
6 19 7 4601
6 19 8 4797
6 19 9 4412
6 19 10 1270
6 19 11 1979
6 19 12 3247
6 19 13 4420
6 19 14 4411
6 19 15 4470
6 19 16 3569
6 19 17 3144
6 19 18 3653
6 19 19 0
7 0 0 0
7 0 1 2137
7 0 2 5394
7 0 3 4728
7 0 4 4618
7 0 5 4270
7 0 6 3412
7 0 7 0
7 0 8 7169
7 0 9 5342
7 0 10 7750
7 0 11 4490
7 0 12 5664
7 0 13 7468
7 0 14 8218
7 0 15 8793
7 0 16 7767
7 0 17 5405
7 0 18 5360
7 0 19 5398
7 1 0 2950
7 1 1 0
7 1 2 5611
7 1 3 3475
7 1 4 2415
7 1 5 4996
7 1 6 3503
7 1 7 0
7 1 8 5419
7 1 9 5145
7 1 10 6275
7 1 11 2010
7 1 12 1805
7 1 13 3653
7 1 14 4635
7 1 15 5647
7 1 16 4630
7 1 17 6027
7 1 18 6181
7 1 19 5050
7 2 0 5494
7 2 1 4528
7 2 2 0
7 2 3 6875
7 2 4 5135
7 2 5 5313
7 2 6 5118
7 2 7 0
7 2 8 2631
7 2 9 2392
7 2 10 3805
7 2 11 1496
7 2 12 1309
7 2 13 3597
7 2 14 1769
7 2 15 4868
7 2 16 5236
7 2 17 4380
7 2 18 1951
7 2 19 1481
7 3 0 6554
7 3 1 7192
7 3 2 7187
7 3 3 0
7 3 4 7692
7 3 5 6066
7 3 6 6338
7 3 7 0
7 3 8 5497
7 3 9 6521
7 3 10 5316
7 3 11 8024
7 3 12 6624
7 3 13 4558
7 3 14 6121
7 3 15 6357
7 3 16 8506
7 3 17 6218
7 3 18 8191
7 3 19 4651
7 4 0 2119
7 4 1 1774
7 4 2 3241
7 4 3 4818
7 4 4 0
7 4 5 2352
7 4 6 5435
7 4 7 0
7 4 8 5554
7 4 9 3233
7 4 10 3212
7 4 11 4680
7 4 12 3056
7 4 13 2600
7 4 14 2775
7 4 15 3052
7 4 16 3489
7 4 17 4547
7 4 18 2948
7 4 19 4164
7 5 0 4274
7 5 1 3558
7 5 2 7157
7 5 3 4856
7 5 4 4670
7 5 5 0
7 5 6 4707
7 5 7 0
7 5 8 7468
7 5 9 5596
7 5 10 5806
7 5 11 7052
7 5 12 6587
7 5 13 8613
7 5 14 4404
7 5 15 5066
7 5 16 4991
7 5 17 6111
7 5 18 4375
7 5 19 8905
7 6 0 1284
7 6 1 4889
7 6 2 2737
7 6 3 5041
7 6 4 3885
7 6 5 5271
7 6 6 0
7 6 7 0
7 6 8 7402
7 6 9 4942
7 6 10 5324
7 6 11 8246
7 6 12 4158
7 6 13 4059
7 6 14 4759
7 6 15 5438
7 6 16 5850
7 6 17 5471
7 6 18 8508
7 6 19 3969
7 7 0 0
7 7 1 0
7 7 2 0
7 7 3 0
7 7 4 0
7 7 5 0
7 7 6 0
7 7 7 0
7 7 8 0
7 7 9 0
7 7 10 0
7 7 11 0
7 7 12 0
7 7 13 0
7 7 14 0
7 7 15 0
7 7 16 0
7 7 17 0
7 7 18 0
7 7 19 0
7 8 0 7501
7 8 1 8223
7 8 2 6115
7 8 3 6221
7 8 4 7772
7 8 5 7654
7 8 6 8073
7 8 7 0
7 8 8 0
7 8 9 7272
7 8 10 5890
7 8 11 5878
7 8 12 4720
7 8 13 6832
7 8 14 4705
7 8 15 5216
7 8 16 5355
7 8 17 5115
7 8 18 4188
7 8 19 8564
7 9 0 5020
7 9 1 7295
7 9 2 5222
7 9 3 6591
7 9 4 4797
7 9 5 5128
7 9 6 4959
7 9 7 0
7 9 8 6104
7 9 9 0
7 9 10 4199
7 9 11 2874
7 9 12 4684
7 9 13 6363
7 9 14 3956
7 9 15 6296
7 9 16 4993
7 9 17 6496
7 9 18 6224
7 9 19 2860
7 10 0 5271
7 10 1 6268
7 10 2 4478
7 10 3 3229
7 10 4 2619
7 10 5 3181
7 10 6 3184
7 10 7 0
7 10 8 3989
7 10 9 7275
7 10 10 0
7 10 11 7179
7 10 12 6701
7 10 13 3721
7 10 14 4876
7 10 15 5441
7 10 16 6218
7 10 17 7445
7 10 18 4660
7 10 19 2928
7 11 0 3180
7 11 1 3172
7 11 2 3338
7 11 3 7106
7 11 4 5256
7 11 5 5596
7 11 6 7275
7 11 7 0
7 11 8 7762
7 11 9 7466
7 11 10 4103
7 11 11 0
7 11 12 4176
7 11 13 6172
7 11 14 6605
7 11 15 4392
7 11 16 4714
7 11 17 7287
7 11 18 6308
7 11 19 8448
7 12 0 1971
7 12 1 584
7 12 2 768
7 12 3 3323
7 12 4 1249
7 12 5 2748
7 12 6 804
7 12 7 0
7 12 8 4718
7 12 9 7272
7 12 10 7780
7 12 11 9114
7 12 12 0
7 12 13 7373
7 12 14 6535
7 12 15 4984
7 12 16 5047
7 12 17 7287
7 12 18 8173
7 12 19 5069
7 13 0 4649
7 13 1 3306
7 13 2 3930
7 13 3 2131
7 13 4 1667
7 13 5 5648
7 13 6 1579
7 13 7 0
7 13 8 4177
7 13 9 5317
7 13 10 8309
7 13 11 3589
7 13 12 7554
7 13 13 0
7 13 14 7930
7 13 15 6091
7 13 16 6746
7 13 17 5039
7 13 18 6070
7 13 19 3673
7 14 0 5324
7 14 1 4213
7 14 2 2027
7 14 3 3619
7 14 4 1767
7 14 5 1364
7 14 6 2204
7 14 7 0
7 14 8 3604
7 14 9 6100
7 14 10 4996
7 14 11 5915
7 14 12 6581
7 14 13 4465
7 14 14 0
7 14 15 6747
7 14 16 4920
7 14 17 4458
7 14 18 3680
7 14 19 5487
7 15 0 9578
7 15 1 8904
7 15 2 8805
7 15 3 7534
7 15 4 5723
7 15 5 5705
7 15 6 6562
7 15 7 0
7 15 8 2474
7 15 9 4399
7 15 10 1365
7 15 11 1879
7 15 12 4643
7 15 13 5001
7 15 14 3231
7 15 15 0
7 15 16 3457
7 15 17 5753
7 15 18 2372
7 15 19 2759
7 16 0 6412
7 16 1 5747
7 16 2 7033
7 16 3 7543
7 16 4 4020
7 16 5 3490
7 16 6 4834
7 16 7 0
7 16 8 5175
7 16 9 3408
7 16 10 3815
7 16 11 5749
7 16 12 3033
7 16 13 2852
7 16 14 7012
7 16 15 7281
7 16 16 0
7 16 17 5892
7 16 18 2937
7 16 19 7267
7 17 0 5498
7 17 1 8592
7 17 2 7625
7 17 3 6703
7 17 4 6526
7 17 5 6058
7 17 6 5903
7 17 7 0
7 17 8 5154
7 17 9 8069
7 17 10 8384
7 17 11 5387
7 17 12 8098
7 17 13 5799
7 17 14 8537
7 17 15 5259
7 17 16 7416
7 17 17 0
7 17 18 5881
7 17 19 5093
7 18 0 3093
7 18 1 6386
7 18 2 2836
7 18 3 6316
7 18 4 2567
7 18 5 1962
7 18 6 6580
7 18 7 0
7 18 8 4672
7 18 9 7205
7 18 10 5696
7 18 11 7261
7 18 12 4059
7 18 13 6256
7 18 14 3840
7 18 15 4242
7 18 16 5835
7 18 17 7762
7 18 18 0
7 18 19 3882
7 19 0 5691
7 19 1 7815
7 19 2 4926
7 19 3 5336
7 19 4 6343
7 19 5 9052
7 19 6 4601
7 19 7 0
7 19 8 4957
7 19 9 4572
7 19 10 1430
7 19 11 2139
7 19 12 3407
7 19 13 4580
7 19 14 4571
7 19 15 4630
7 19 16 3729
7 19 17 3304
7 19 18 3813
7 19 19 0
8 0 0 0
8 0 1 3687
8 0 2 6944
8 0 3 6278
8 0 4 6168
8 0 5 5820
8 0 6 4962
8 0 7 7169
8 0 8 0
8 0 9 5883
8 0 10 8291
8 0 11 5031
8 0 12 6205
8 0 13 8009
8 0 14 8759
8 0 15 9334
8 0 16 8308
8 0 17 5946
8 0 18 5901
8 0 19 5939
8 1 0 6123
8 1 1 0
8 1 2 8784
8 1 3 6648
8 1 4 5588
8 1 5 8169
8 1 6 6676
8 1 7 5419
8 1 8 0
8 1 9 7557
8 1 10 8687
8 1 11 4422
8 1 12 4217
8 1 13 6065
8 1 14 7047
8 1 15 8059
8 1 16 7042
8 1 17 8439
8 1 18 8593
8 1 19 7462
8 2 0 5166
8 2 1 4200
8 2 2 0
8 2 3 6547
8 2 4 4807
8 2 5 4985
8 2 6 4790
8 2 7 2631
8 2 8 0
8 2 9 3166
8 2 10 4579
8 2 11 2270
8 2 12 2083
8 2 13 4371
8 2 14 2543
8 2 15 5642
8 2 16 6010
8 2 17 5154
8 2 18 2725
8 2 19 2255
8 3 0 5320
8 3 1 5958
8 3 2 5953
8 3 3 0
8 3 4 6458
8 3 5 4832
8 3 6 5104
8 3 7 5497
8 3 8 0
8 3 9 7460
8 3 10 6255
8 3 11 8963
8 3 12 7563
8 3 13 5497
8 3 14 7060
8 3 15 7296
8 3 16 9445
8 3 17 7157
8 3 18 9130
8 3 19 5590
8 4 0 4622
8 4 1 4277
8 4 2 5744
8 4 3 7321
8 4 4 0
8 4 5 4855
8 4 6 7938
8 4 7 5554
8 4 8 0
8 4 9 3555
8 4 10 3534
8 4 11 5002
8 4 12 3378
8 4 13 2922
8 4 14 3097
8 4 15 3374
8 4 16 3811
8 4 17 4869
8 4 18 3270
8 4 19 4486
8 5 0 5204
8 5 1 4488
8 5 2 8087
8 5 3 5786
8 5 4 5600
8 5 5 0
8 5 6 5637
8 5 7 7468
8 5 8 0
8 5 9 1912
8 5 10 2122
8 5 11 3368
8 5 12 2903
8 5 13 4929
8 5 14 720
8 5 15 1382
8 5 16 1307
8 5 17 2427
8 5 18 691
8 5 19 5221
8 6 0 3972
8 6 1 7577
8 6 2 5425
8 6 3 7729
8 6 4 6573
8 6 5 7959
8 6 6 0
8 6 7 7402
8 6 8 0
8 6 9 2569
8 6 10 2951
8 6 11 5873
8 6 12 1785
8 6 13 1686
8 6 14 2386
8 6 15 3065
8 6 16 3477
8 6 17 3098
8 6 18 6135
8 6 19 1596
8 7 0 5321
8 7 1 4420
8 7 2 5813
8 7 3 6825
8 7 4 4639
8 7 5 6094
8 7 6 4755
8 7 7 0
8 7 8 0
8 7 9 7160
8 7 10 6839
8 7 11 8009
8 7 12 8804
8 7 13 7796
8 7 14 6861
8 7 15 5394
8 7 16 6802
8 7 17 8984
8 7 18 7451
8 7 19 4800
8 8 0 0
8 8 1 0
8 8 2 0
8 8 3 0
8 8 4 0
8 8 5 0
8 8 6 0
8 8 7 0
8 8 8 0
8 8 9 0
8 8 10 0
8 8 11 0
8 8 12 0
8 8 13 0
8 8 14 0
8 8 15 0
8 8 16 0
8 8 17 0
8 8 18 0
8 8 19 0
8 9 0 4618
8 9 1 6893
8 9 2 4820
8 9 3 6189
8 9 4 4395
8 9 5 4726
8 9 6 4557
8 9 7 6104
8 9 8 0
8 9 9 0
8 9 10 4941
8 9 11 3616
8 9 12 5426
8 9 13 7105
8 9 14 4698
8 9 15 7038
8 9 16 5735
8 9 17 7238
8 9 18 6966
8 9 19 3602
8 10 0 5232
8 10 1 6229
8 10 2 4439
8 10 3 3190
8 10 4 2580
8 10 5 3142
8 10 6 3145
8 10 7 3989
8 10 8 0
8 10 9 6956
8 10 10 0
8 10 11 6860
8 10 12 6382
8 10 13 3402
8 10 14 4557
8 10 15 5122
8 10 16 5899
8 10 17 7126
8 10 18 4341
8 10 19 2609
8 11 0 4575
8 11 1 4567
8 11 2 4733
8 11 3 8501
8 11 4 6651
8 11 5 6991
8 11 6 8670
8 11 7 7762
8 11 8 0
8 11 9 5965
8 11 10 2602
8 11 11 0
8 11 12 2675
8 11 13 4671
8 11 14 5104
8 11 15 2891
8 11 16 3213
8 11 17 5786
8 11 18 4807
8 11 19 6947
8 12 0 1910
8 12 1 523
8 12 2 707
8 12 3 3262
8 12 4 1188
8 12 5 2687
8 12 6 743
8 12 7 4718
8 12 8 0
8 12 9 3818
8 12 10 4326
8 12 11 5660
8 12 12 0
8 12 13 3919
8 12 14 3081
8 12 15 1530
8 12 16 1593
8 12 17 3833
8 12 18 4719
8 12 19 1615
8 13 0 4181
8 13 1 2838
8 13 2 3462
8 13 3 1663
8 13 4 1199
8 13 5 5180
8 13 6 1111
8 13 7 4177
8 13 8 0
8 13 9 4983
8 13 10 7975
8 13 11 3255
8 13 12 7220
8 13 13 0
8 13 14 7596
8 13 15 5757
8 13 16 6412
8 13 17 4705
8 13 18 5736
8 13 19 3339
8 14 0 5293
8 14 1 4182
8 14 2 1996
8 14 3 3588
8 14 4 1736
8 14 5 1333
8 14 6 2173
8 14 7 3604
8 14 8 0
8 14 9 4574
8 14 10 3470
8 14 11 4389
8 14 12 5055
8 14 13 2939
8 14 14 0
8 14 15 5221
8 14 16 3394
8 14 17 2932
8 14 18 2154
8 14 19 3961
8 15 0 6205
8 15 1 5531
8 15 2 5432
8 15 3 4161
8 15 4 2350
8 15 5 2332
8 15 6 3189
8 15 7 2474
8 15 8 0
8 15 9 4851
8 15 10 1817
8 15 11 2331
8 15 12 5095
8 15 13 5453
8 15 14 3683
8 15 15 0
8 15 16 3909
8 15 17 6205
8 15 18 2824
8 15 19 3211
8 16 0 6472
8 16 1 5807
8 16 2 7093
8 16 3 7603
8 16 4 4080
8 16 5 3550
8 16 6 4894
8 16 7 5175
8 16 8 0
8 16 9 2591
8 16 10 2998
8 16 11 4932
8 16 12 2216
8 16 13 2035
8 16 14 6195
8 16 15 6464
8 16 16 0
8 16 17 5075
8 16 18 2120
8 16 19 6450
8 17 0 1907
8 17 1 5001
8 17 2 4034
8 17 3 3112
8 17 4 2935
8 17 5 2467
8 17 6 2312
8 17 7 5154
8 17 8 0
8 17 9 4830
8 17 10 5145
8 17 11 2148
8 17 12 4859
8 17 13 2560
8 17 14 5298
8 17 15 2020
8 17 16 4177
8 17 17 0
8 17 18 2642
8 17 19 1854
8 18 0 2913
8 18 1 6206
8 18 2 2656
8 18 3 6136
8 18 4 2387
8 18 5 1782
8 18 6 6400
8 18 7 4672
8 18 8 0
8 18 9 4572
8 18 10 3063
8 18 11 4628
8 18 12 1426
8 18 13 3623
8 18 14 1207
8 18 15 1609
8 18 16 3202
8 18 17 5129
8 18 18 0
8 18 19 1249
8 19 0 5887
8 19 1 8011
8 19 2 5122
8 19 3 5532
8 19 4 6539
8 19 5 9248
8 19 6 4797
8 19 7 4957
8 19 8 0
8 19 9 8966
8 19 10 5824
8 19 11 6533
8 19 12 7801
8 19 13 8974
8 19 14 8965
8 19 15 9024
8 19 16 8123
8 19 17 7698
8 19 18 8207
8 19 19 0
9 0 0 0
9 0 1 1860
9 0 2 5117
9 0 3 4451
9 0 4 4341
9 0 5 3993
9 0 6 3135
9 0 7 5342
9 0 8 5883
9 0 9 0
9 0 10 6203
9 0 11 2943
9 0 12 4117
9 0 13 5921
9 0 14 6671
9 0 15 7246
9 0 16 6220
9 0 17 3858
9 0 18 3813
9 0 19 3851
9 1 0 5849
9 1 1 0
9 1 2 8510
9 1 3 6374
9 1 4 5314
9 1 5 7895
9 1 6 6402
9 1 7 5145
9 1 8 7557
9 1 9 0
9 1 10 6837
9 1 11 2572
9 1 12 2367
9 1 13 4215
9 1 14 5197
9 1 15 6209
9 1 16 5192
9 1 17 6589
9 1 18 6743
9 1 19 5612
9 2 0 4927
9 2 1 3961
9 2 2 0
9 2 3 6308
9 2 4 4568
9 2 5 4746
9 2 6 4551
9 2 7 2392
9 2 8 3166
9 2 9 0
9 2 10 5250
9 2 11 2941
9 2 12 2754
9 2 13 5042
9 2 14 3214
9 2 15 6313
9 2 16 6681
9 2 17 5825
9 2 18 3396
9 2 19 2926
9 3 0 6344
9 3 1 6982
9 3 2 6977
9 3 3 0
9 3 4 7482
9 3 5 5856
9 3 6 6128
9 3 7 6521
9 3 8 7460
9 3 9 0
9 3 10 6645
9 3 11 9353
9 3 12 7953
9 3 13 5887
9 3 14 7450
9 3 15 7686
9 3 16 9835
9 3 17 7547
9 3 18 9520
9 3 19 5980
9 4 0 2301
9 4 1 1956
9 4 2 3423
9 4 3 5000
9 4 4 0
9 4 5 2534
9 4 6 5617
9 4 7 3233
9 4 8 3555
9 4 9 0
9 4 10 2187
9 4 11 3655
9 4 12 2031
9 4 13 1575
9 4 14 1750
9 4 15 2027
9 4 16 2464
9 4 17 3522
9 4 18 1923
9 4 19 3139
9 5 0 3332
9 5 1 2616
9 5 2 6215
9 5 3 3914
9 5 4 3728
9 5 5 0
9 5 6 3765
9 5 7 5596
9 5 8 1912
9 5 9 0
9 5 10 6431
9 5 11 7677
9 5 12 7212
9 5 13 9238
9 5 14 5029
9 5 15 5691
9 5 16 5616
9 5 17 6736
9 5 18 5000
9 5 19 9530
9 6 0 1512
9 6 1 5117
9 6 2 2965
9 6 3 5269
9 6 4 4113
9 6 5 5499
9 6 6 0
9 6 7 4942
9 6 8 2569
9 6 9 0
9 6 10 5199
9 6 11 8121
9 6 12 4033
9 6 13 3934
9 6 14 4634
9 6 15 5313
9 6 16 5725
9 6 17 5346
9 6 18 8383
9 6 19 3844
9 7 0 4369
9 7 1 3468
9 7 2 4861
9 7 3 5873
9 7 4 3687
9 7 5 5142
9 7 6 3803
9 7 7 0
9 7 8 7160
9 7 9 0
9 7 10 6185
9 7 11 7355
9 7 12 8150
9 7 13 7142
9 7 14 6207
9 7 15 4740
9 7 16 6148
9 7 17 8330
9 7 18 6797
9 7 19 4146
9 8 0 6661
9 8 1 7383
9 8 2 5275
9 8 3 5381
9 8 4 6932
9 8 5 6814
9 8 6 7233
9 8 7 7272
9 8 8 0
9 8 9 0
9 8 10 5464
9 8 11 5452
9 8 12 4294
9 8 13 6406
9 8 14 4279
9 8 15 4790
9 8 16 4929
9 8 17 4689
9 8 18 3762
9 8 19 8138
9 9 0 0
9 9 1 0
9 9 2 0
9 9 3 0
9 9 4 0
9 9 5 0
9 9 6 0
9 9 7 0
9 9 8 0
9 9 9 0
9 9 10 0
9 9 11 0
9 9 12 0
9 9 13 0
9 9 14 0
9 9 15 0
9 9 16 0
9 9 17 0
9 9 18 0
9 9 19 0
9 10 0 8518
9 10 1 9515
9 10 2 7725
9 10 3 6476
9 10 4 5866
9 10 5 6428
9 10 6 6431
9 10 7 7275
9 10 8 6956
9 10 9 0
9 10 10 0
9 10 11 6121
9 10 12 5643
9 10 13 2663
9 10 14 3818
9 10 15 4383
9 10 16 5160
9 10 17 6387
9 10 18 3602
9 10 19 1870
9 11 0 4279
9 11 1 4271
9 11 2 4437
9 11 3 8205
9 11 4 6355
9 11 5 6695
9 11 6 8374
9 11 7 7466
9 11 8 5965
9 11 9 0
9 11 10 550
9 11 11 0
9 11 12 623
9 11 13 2619
9 11 14 3052
9 11 15 839
9 11 16 1161
9 11 17 3734
9 11 18 2755
9 11 19 4895
9 12 0 4464
9 12 1 3077
9 12 2 3261
9 12 3 5816
9 12 4 3742
9 12 5 5241
9 12 6 3297
9 12 7 7272
9 12 8 3818
9 12 9 0
9 12 10 5242
9 12 11 6576
9 12 12 0
9 12 13 4835
9 12 14 3997
9 12 15 2446
9 12 16 2509
9 12 17 4749
9 12 18 5635
9 12 19 2531
9 13 0 5321
9 13 1 3978
9 13 2 4602
9 13 3 2803
9 13 4 2339
9 13 5 6320
9 13 6 2251
9 13 7 5317
9 13 8 4983
9 13 9 0
9 13 10 8458
9 13 11 3738
9 13 12 7703
9 13 13 0
9 13 14 8079
9 13 15 6240
9 13 16 6895
9 13 17 5188
9 13 18 6219
9 13 19 3822
9 14 0 7789
9 14 1 6678
9 14 2 4492
9 14 3 6084
9 14 4 4232
9 14 5 3829
9 14 6 4669
9 14 7 6100
9 14 8 4574
9 14 9 0
9 14 10 3673
9 14 11 4592
9 14 12 5258
9 14 13 3142
9 14 14 0
9 14 15 5424
9 14 16 3597
9 14 17 3135
9 14 18 2357
9 14 19 4164
9 15 0 8130
9 15 1 7456
9 15 2 7357
9 15 3 6086
9 15 4 4275
9 15 5 4257
9 15 6 5114
9 15 7 4399
9 15 8 4851
9 15 9 0
9 15 10 3849
9 15 11 4363
9 15 12 7127
9 15 13 7485
9 15 14 5715
9 15 15 0
9 15 16 5941
9 15 17 8237
9 15 18 4856
9 15 19 5243
9 16 0 4705
9 16 1 4040
9 16 2 5326
9 16 3 5836
9 16 4 2313
9 16 5 1783
9 16 6 3127
9 16 7 3408
9 16 8 2591
9 16 9 0
9 16 10 3588
9 16 11 5522
9 16 12 2806
9 16 13 2625
9 16 14 6785
9 16 15 7054
9 16 16 0
9 16 17 5665
9 16 18 2710
9 16 19 7040
9 17 0 4822
9 17 1 7916
9 17 2 6949
9 17 3 6027
9 17 4 5850
9 17 5 5382
9 17 6 5227
9 17 7 8069
9 17 8 4830
9 17 9 0
9 17 10 7478
9 17 11 4481
9 17 12 7192
9 17 13 4893
9 17 14 7631
9 17 15 4353
9 17 16 6510
9 17 17 0
9 17 18 4975
9 17 19 4187
9 18 0 5446
9 18 1 8739
9 18 2 5189
9 18 3 8669
9 18 4 4920
9 18 5 4315
9 18 6 8933
9 18 7 7205
9 18 8 4572
9 18 9 0
9 18 10 6051
9 18 11 7616
9 18 12 4414
9 18 13 6611
9 18 14 4195
9 18 15 4597
9 18 16 6190
9 18 17 8117
9 18 18 0
9 18 19 4237
9 19 0 5502
9 19 1 7626
9 19 2 4737
9 19 3 5147
9 19 4 6154
9 19 5 8863
9 19 6 4412
9 19 7 4572
9 19 8 8966
9 19 9 0
9 19 10 1072
9 19 11 1781
9 19 12 3049
9 19 13 4222
9 19 14 4213
9 19 15 4272
9 19 16 3371
9 19 17 2946
9 19 18 3455
9 19 19 0
10 0 0 0
10 0 1 4268
10 0 2 7525
10 0 3 6859
10 0 4 6749
10 0 5 6401
10 0 6 5543
10 0 7 7750
10 0 8 8291
10 0 9 6203
10 0 10 0
10 0 11 4399
10 0 12 5573
10 0 13 7377
10 0 14 8127
10 0 15 8702
10 0 16 7676
10 0 17 5314
10 0 18 5269
10 0 19 5307
10 1 0 6979
10 1 1 0
10 1 2 9640
10 1 3 7504
10 1 4 6444
10 1 5 9025
10 1 6 7532
10 1 7 6275
10 1 8 8687
10 1 9 6837
10 1 10 0
10 1 11 3132
10 1 12 2927
10 1 13 4775
10 1 14 5757
10 1 15 6769
10 1 16 5752
10 1 17 7149
10 1 18 7303
10 1 19 6172
10 2 0 6340
10 2 1 5374
10 2 2 0
10 2 3 7721
10 2 4 5981
10 2 5 6159
10 2 6 5964
10 2 7 3805
10 2 8 4579
10 2 9 5250
10 2 10 0
10 2 11 1409
10 2 12 1222
10 2 13 3510
10 2 14 1682
10 2 15 4781
10 2 16 5149
10 2 17 4293
10 2 18 1864
10 2 19 1394
10 3 0 5139
10 3 1 5777
10 3 2 5772
10 3 3 0
10 3 4 6277
10 3 5 4651
10 3 6 4923
10 3 7 5316
10 3 8 6255
10 3 9 6645
10 3 10 0
10 3 11 8341
10 3 12 6941
10 3 13 4875
10 3 14 6438
10 3 15 6674
10 3 16 8823
10 3 17 6535
10 3 18 8508
10 3 19 4968
10 4 0 2280
10 4 1 1935
10 4 2 3402
10 4 3 4979
10 4 4 0
10 4 5 2513
10 4 6 5596
10 4 7 3212
10 4 8 3534
10 4 9 2187
10 4 10 0
10 4 11 4772
10 4 12 3148
10 4 13 2692
10 4 14 2867
10 4 15 3144
10 4 16 3581
10 4 17 4639
10 4 18 3040
10 4 19 4256
10 5 0 3542
10 5 1 2826
10 5 2 6425
10 5 3 4124
10 5 4 3938
10 5 5 0
10 5 6 3975
10 5 7 5806
10 5 8 2122
10 5 9 6431
10 5 10 0
10 5 11 7709
10 5 12 7244
10 5 13 9270
10 5 14 5061
10 5 15 5723
10 5 16 5648
10 5 17 6768
10 5 18 5032
10 5 19 9562
10 6 0 1894
10 6 1 5499
10 6 2 3347
10 6 3 5651
10 6 4 4495
10 6 5 5881
10 6 6 0
10 6 7 5324
10 6 8 2951
10 6 9 5199
10 6 10 0
10 6 11 8941
10 6 12 4853
10 6 13 4754
10 6 14 5454
10 6 15 6133
10 6 16 6545
10 6 17 6166
10 6 18 9203
10 6 19 4664
10 7 0 4048
10 7 1 3147
10 7 2 4540
10 7 3 5552
10 7 4 3366
10 7 5 4821
10 7 6 3482
10 7 7 0
10 7 8 6839
10 7 9 6185
10 7 10 0
10 7 11 5198
10 7 12 5993
10 7 13 4985
10 7 14 4050
10 7 15 2583
10 7 16 3991
10 7 17 6173
10 7 18 4640
10 7 19 1989
10 8 0 5279
10 8 1 6001
10 8 2 3893
10 8 3 3999
10 8 4 5550
10 8 5 5432
10 8 6 5851
10 8 7 5890
10 8 8 0
10 8 9 5464
10 8 10 0
10 8 11 3658
10 8 12 2500
10 8 13 4612
10 8 14 2485
10 8 15 2996
10 8 16 3135
10 8 17 2895
10 8 18 1968
10 8 19 6344
10 9 0 2713
10 9 1 4988
10 9 2 2915
10 9 3 4284
10 9 4 2490
10 9 5 2821
10 9 6 2652
10 9 7 4199
10 9 8 4941
10 9 9 0
10 9 10 0
10 9 11 4892
10 9 12 6702
10 9 13 8381
10 9 14 5974
10 9 15 8314
10 9 16 7011
10 9 17 8514
10 9 18 8242
10 9 19 4878
10 10 0 0
10 10 1 0
10 10 2 0
10 10 3 0
10 10 4 0
10 10 5 0
10 10 6 0
10 10 7 0
10 10 8 0
10 10 9 0
10 10 10 0
10 10 11 0
10 10 12 0
10 10 13 0
10 10 14 0
10 10 15 0
10 10 16 0
10 10 17 0
10 10 18 0
10 10 19 0
10 11 0 916
10 11 1 908
10 11 2 1074
10 11 3 4842
10 11 4 2992
10 11 5 3332
10 11 6 5011
10 11 7 4103
10 11 8 2602
10 11 9 550
10 11 10 0
10 11 11 0
10 11 12 5249
10 11 13 7245
10 11 14 7678
10 11 15 5465
10 11 16 5787
10 11 17 8360
10 11 18 7381
10 11 19 9521
10 12 0 4972
10 12 1 3585
10 12 2 3769
10 12 3 6324
10 12 4 4250
10 12 5 5749
10 12 6 3805
10 12 7 7780
10 12 8 4326
10 12 9 5242
10 12 10 0
10 12 11 8914
10 12 12 0
10 12 13 7173
10 12 14 6335
10 12 15 4784
10 12 16 4847
10 12 17 7087
10 12 18 7973
10 12 19 4869
10 13 0 8313
10 13 1 6970
10 13 2 7594
10 13 3 5795
10 13 4 5331
10 13 5 9312
10 13 6 5243
10 13 7 8309
10 13 8 7975
10 13 9 8458
10 13 10 0
10 13 11 1417
10 13 12 5382
10 13 13 0
10 13 14 5758
10 13 15 3919
10 13 16 4574
10 13 17 2867
10 13 18 3898
10 13 19 1501
10 14 0 6685
10 14 1 5574
10 14 2 3388
10 14 3 4980
10 14 4 3128
10 14 5 2725
10 14 6 3565
10 14 7 4996
10 14 8 3470
10 14 9 3673
10 14 10 0
10 14 11 5833
10 14 12 6499
10 14 13 4383
10 14 14 0
10 14 15 6665
10 14 16 4838
10 14 17 4376
10 14 18 3598
10 14 19 5405
10 15 0 5096
10 15 1 4422
10 15 2 4323
10 15 3 3052
10 15 4 1241
10 15 5 1223
10 15 6 2080
10 15 7 1365
10 15 8 1817
10 15 9 3849
10 15 10 0
10 15 11 3829
10 15 12 6593
10 15 13 6951
10 15 14 5181
10 15 15 0
10 15 16 5407
10 15 17 7703
10 15 18 4322
10 15 19 4709
10 16 0 5112
10 16 1 4447
10 16 2 5733
10 16 3 6243
10 16 4 2720
10 16 5 2190
10 16 6 3534
10 16 7 3815
10 16 8 2998
10 16 9 3588
10 16 10 0
10 16 11 7068
10 16 12 4352
10 16 13 4171
10 16 14 8331
10 16 15 8600
10 16 16 0
10 16 17 7211
10 16 18 4256
10 16 19 8586
10 17 0 5137
10 17 1 8231
10 17 2 7264
10 17 3 6342
10 17 4 6165
10 17 5 5697
10 17 6 5542
10 17 7 8384
10 17 8 5145
10 17 9 7478
10 17 10 0
10 17 11 5751
10 17 12 8462
10 17 13 6163
10 17 14 8901
10 17 15 5623
10 17 16 7780
10 17 17 0
10 17 18 6245
10 17 19 5457
10 18 0 3937
10 18 1 7230
10 18 2 3680
10 18 3 7160
10 18 4 3411
10 18 5 2806
10 18 6 7424
10 18 7 5696
10 18 8 3063
10 18 9 6051
10 18 10 0
10 18 11 6373
10 18 12 3171
10 18 13 5368
10 18 14 2952
10 18 15 3354
10 18 16 4947
10 18 17 6874
10 18 18 0
10 18 19 2994
10 19 0 2360
10 19 1 4484
10 19 2 1595
10 19 3 2005
10 19 4 3012
10 19 5 5721
10 19 6 1270
10 19 7 1430
10 19 8 5824
10 19 9 1072
10 19 10 0
10 19 11 2170
10 19 12 3438
10 19 13 4611
10 19 14 4602
10 19 15 4661
10 19 16 3760
10 19 17 3335
10 19 18 3844
10 19 19 0
11 0 0 0
11 0 1 1008
11 0 2 4265
11 0 3 3599
11 0 4 3489
11 0 5 3141
11 0 6 2283
11 0 7 4490
11 0 8 5031
11 0 9 2943
11 0 10 4399
11 0 11 0
11 0 12 3989
11 0 13 5793
11 0 14 6543
11 0 15 7118
11 0 16 6092
11 0 17 3730
11 0 18 3685
11 0 19 3723
11 1 0 2714
11 1 1 0
11 1 2 5375
11 1 3 3239
11 1 4 2179
11 1 5 4760
11 1 6 3267
11 1 7 2010
11 1 8 4422
11 1 9 2572
11 1 10 3132
11 1 11 0
11 1 12 4112
11 1 13 5960
11 1 14 6942
11 1 15 7954
11 1 16 6937
11 1 17 8334
11 1 18 8488
11 1 19 7357
11 2 0 4031
11 2 1 3065
11 2 2 0
11 2 3 5412
11 2 4 3672
11 2 5 3850
11 2 6 3655
11 2 7 1496
11 2 8 2270
11 2 9 2941
11 2 10 1409
11 2 11 0
11 2 12 3870
11 2 13 6158
11 2 14 4330
11 2 15 7429
11 2 16 7797
11 2 17 6941
11 2 18 4512
11 2 19 4042
11 3 0 7847
11 3 1 8485
11 3 2 8480
11 3 3 0
11 3 4 8985
11 3 5 7359
11 3 6 7631
11 3 7 8024
11 3 8 8963
11 3 9 9353
11 3 10 8341
11 3 11 0
11 3 12 6310
11 3 13 4244
11 3 14 5807
11 3 15 6043
11 3 16 8192
11 3 17 5904
11 3 18 7877
11 3 19 4337
11 4 0 3748
11 4 1 3403
11 4 2 4870
11 4 3 6447
11 4 4 0
11 4 5 3981
11 4 6 7064
11 4 7 4680
11 4 8 5002
11 4 9 3655
11 4 10 4772
11 4 11 0
11 4 12 5018
11 4 13 4562
11 4 14 4737
11 4 15 5014
11 4 16 5451
11 4 17 6509
11 4 18 4910
11 4 19 6126
11 5 0 4788
11 5 1 4072
11 5 2 7671
11 5 3 5370
11 5 4 5184
11 5 5 0
11 5 6 5221
11 5 7 7052
11 5 8 3368
11 5 9 7677
11 5 10 7709
11 5 11 0
11 5 12 4004
11 5 13 6030
11 5 14 1821
11 5 15 2483
11 5 16 2408
11 5 17 3528
11 5 18 1792
11 5 19 6322
11 6 0 4816
11 6 1 8421
11 6 2 6269
11 6 3 8573
11 6 4 7417
11 6 5 8803
11 6 6 0
11 6 7 8246
11 6 8 5873
11 6 9 8121
11 6 10 8941
11 6 11 0
11 6 12 3433
11 6 13 3334
11 6 14 4034
11 6 15 4713
11 6 16 5125
11 6 17 4746
11 6 18 7783
11 6 19 3244
11 7 0 5218
11 7 1 4317
11 7 2 5710
11 7 3 6722
11 7 4 4536
11 7 5 5991
11 7 6 4652
11 7 7 0
11 7 8 8009
11 7 9 7355
11 7 10 5198
11 7 11 0
11 7 12 7162
11 7 13 6154
11 7 14 5219
11 7 15 3752
11 7 16 5160
11 7 17 7342
11 7 18 5809
11 7 19 3158
11 8 0 5267
11 8 1 5989
11 8 2 3881
11 8 3 3987
11 8 4 5538
11 8 5 5420
11 8 6 5839
11 8 7 5878
11 8 8 0
11 8 9 5452
11 8 10 3658
11 8 11 0
11 8 12 5103
11 8 13 7215
11 8 14 5088
11 8 15 5599
11 8 16 5738
11 8 17 5498
11 8 18 4571
11 8 19 8947
11 9 0 1388
11 9 1 3663
11 9 2 1590
11 9 3 2959
11 9 4 1165
11 9 5 1496
11 9 6 1327
11 9 7 2874
11 9 8 3616
11 9 9 0
11 9 10 4892
11 9 11 0
11 9 12 5723
11 9 13 7402
11 9 14 4995
11 9 15 7335
11 9 16 6032
11 9 17 7535
11 9 18 7263
11 9 19 3899
11 10 0 8422
11 10 1 9419
11 10 2 7629
11 10 3 6380
11 10 4 5770
11 10 5 6332
11 10 6 6335
11 10 7 7179
11 10 8 6860
11 10 9 6121
11 10 10 0
11 10 11 0
11 10 12 4698
11 10 13 1718
11 10 14 2873
11 10 15 3438
11 10 16 4215
11 10 17 5442
11 10 18 2657
11 10 19 925
11 11 0 0
11 11 1 0
11 11 2 0
11 11 3 0
11 11 4 0
11 11 5 0
11 11 6 0
11 11 7 0
11 11 8 0
11 11 9 0
11 11 10 0
11 11 11 0
11 11 12 0
11 11 13 0
11 11 14 0
11 11 15 0
11 11 16 0
11 11 17 0
11 11 18 0
11 11 19 0
11 12 0 6306
11 12 1 4919
11 12 2 5103
11 12 3 7658
11 12 4 5584
11 12 5 7083
11 12 6 5139
11 12 7 9114
11 12 8 5660
11 12 9 6576
11 12 10 8914
11 12 11 0
11 12 12 0
11 12 13 3478
11 12 14 2640
11 12 15 1089
11 12 16 1152
11 12 17 3392
11 12 18 4278
11 12 19 1174
11 13 0 3593
11 13 1 2250
11 13 2 2874
11 13 3 1075
11 13 4 611
11 13 5 4592
11 13 6 523
11 13 7 3589
11 13 8 3255
11 13 9 3738
11 13 10 1417
11 13 11 0
11 13 12 6663
11 13 13 0
11 13 14 7039
11 13 15 5200
11 13 16 5855
11 13 17 4148
11 13 18 5179
11 13 19 2782
11 14 0 7604
11 14 1 6493
11 14 2 4307
11 14 3 5899
11 14 4 4047
11 14 5 3644
11 14 6 4484
11 14 7 5915
11 14 8 4389
11 14 9 4592
11 14 10 5833
11 14 11 0
11 14 12 7058
11 14 13 4942
11 14 14 0
11 14 15 7224
11 14 16 5397
11 14 17 4935
11 14 18 4157
11 14 19 5964
11 15 0 5610
11 15 1 4936
11 15 2 4837
11 15 3 3566
11 15 4 1755
11 15 5 1737
11 15 6 2594
11 15 7 1879
11 15 8 2331
11 15 9 4363
11 15 10 3829
11 15 11 0
11 15 12 4374
11 15 13 4732
11 15 14 2962
11 15 15 0
11 15 16 3188
11 15 17 5484
11 15 18 2103
11 15 19 2490
11 16 0 7046
11 16 1 6381
11 16 2 7667
11 16 3 8177
11 16 4 4654
11 16 5 4124
11 16 6 5468
11 16 7 5749
11 16 8 4932
11 16 9 5522
11 16 10 7068
11 16 11 0
11 16 12 1678
11 16 13 1497
11 16 14 5657
11 16 15 5926
11 16 16 0
11 16 17 4537
11 16 18 1582
11 16 19 5912
11 17 0 2140
11 17 1 5234
11 17 2 4267
11 17 3 3345
11 17 4 3168
11 17 5 2700
11 17 6 2545
11 17 7 5387
11 17 8 2148
11 17 9 4481
11 17 10 5751
11 17 11 0
11 17 12 7134
11 17 13 4835
11 17 14 7573
11 17 15 4295
11 17 16 6452
11 17 17 0
11 17 18 4917
11 17 19 4129
11 18 0 5502
11 18 1 8795
11 18 2 5245
11 18 3 8725
11 18 4 4976
11 18 5 4371
11 18 6 8989
11 18 7 7261
11 18 8 4628
11 18 9 7616
11 18 10 6373
11 18 11 0
11 18 12 3649
11 18 13 5846
11 18 14 3430
11 18 15 3832
11 18 16 5425
11 18 17 7352
11 18 18 0
11 18 19 3472
11 19 0 3069
11 19 1 5193
11 19 2 2304
11 19 3 2714
11 19 4 3721
11 19 5 6430
11 19 6 1979
11 19 7 2139
11 19 8 6533
11 19 9 1781
11 19 10 2170
11 19 11 0
11 19 12 7788
11 19 13 8961
11 19 14 8952
11 19 15 9011
11 19 16 8110
11 19 17 7685
11 19 18 8194
11 19 19 0
12 0 0 0
12 0 1 2182
12 0 2 5439
12 0 3 4773
12 0 4 4663
12 0 5 4315
12 0 6 3457
12 0 7 5664
12 0 8 6205
12 0 9 4117
12 0 10 5573
12 0 11 3989
12 0 12 0
12 0 13 7541
12 0 14 8291
12 0 15 8866
12 0 16 7840
12 0 17 5478
12 0 18 5433
12 0 19 5471
12 1 0 2509
12 1 1 0
12 1 2 5170
12 1 3 3034
12 1 4 1974
12 1 5 4555
12 1 6 3062
12 1 7 1805
12 1 8 4217
12 1 9 2367
12 1 10 2927
12 1 11 4112
12 1 12 0
12 1 13 4168
12 1 14 5150
12 1 15 6162
12 1 16 5145
12 1 17 6542
12 1 18 6696
12 1 19 5565
12 2 0 3844
12 2 1 2878
12 2 2 0
12 2 3 5225
12 2 4 3485
12 2 5 3663
12 2 6 3468
12 2 7 1309
12 2 8 2083
12 2 9 2754
12 2 10 1222
12 2 11 3870
12 2 12 0
12 2 13 5976
12 2 14 4148
12 2 15 7247
12 2 16 7615
12 2 17 6759
12 2 18 4330
12 2 19 3860
12 3 0 6447
12 3 1 7085
12 3 2 7080
12 3 3 0
12 3 4 7585
12 3 5 5959
12 3 6 6231
12 3 7 6624
12 3 8 7563
12 3 9 7953
12 3 10 6941
12 3 11 6310
12 3 12 0
12 3 13 2649
12 3 14 4212
12 3 15 4448
12 3 16 6597
12 3 17 4309
12 3 18 6282
12 3 19 2742
12 4 0 2124
12 4 1 1779
12 4 2 3246
12 4 3 4823
12 4 4 0
12 4 5 2357
12 4 6 5440
12 4 7 3056
12 4 8 3378
12 4 9 2031
12 4 10 3148
12 4 11 5018
12 4 12 0
12 4 13 1676
12 4 14 1851
12 4 15 2128
12 4 16 2565
12 4 17 3623
12 4 18 2024
12 4 19 3240
12 5 0 4323
12 5 1 3607
12 5 2 7206
12 5 3 4905
12 5 4 4719
12 5 5 0
12 5 6 4756
12 5 7 6587
12 5 8 2903
12 5 9 7212
12 5 10 7244
12 5 11 4004
12 5 12 0
12 5 13 5009
12 5 14 800
12 5 15 1462
12 5 16 1387
12 5 17 2507
12 5 18 771
12 5 19 5301
12 6 0 728
12 6 1 4333
12 6 2 2181
12 6 3 4485
12 6 4 3329
12 6 5 4715
12 6 6 0
12 6 7 4158
12 6 8 1785
12 6 9 4033
12 6 10 4853
12 6 11 3433
12 6 12 0
12 6 13 3124
12 6 14 3824
12 6 15 4503
12 6 16 4915
12 6 17 4536
12 6 18 7573
12 6 19 3034
12 7 0 6013
12 7 1 5112
12 7 2 6505
12 7 3 7517
12 7 4 5331
12 7 5 6786
12 7 6 5447
12 7 7 0
12 7 8 8804
12 7 9 8150
12 7 10 5993
12 7 11 7162
12 7 12 0
12 7 13 3771
12 7 14 2836
12 7 15 1369
12 7 16 2777
12 7 17 4959
12 7 18 3426
12 7 19 775
12 8 0 4109
12 8 1 4831
12 8 2 2723
12 8 3 2829
12 8 4 4380
12 8 5 4262
12 8 6 4681
12 8 7 4720
12 8 8 0
12 8 9 4294
12 8 10 2500
12 8 11 5103
12 8 12 0
12 8 13 3376
12 8 14 1249
12 8 15 1760
12 8 16 1899
12 8 17 1659
12 8 18 732
12 8 19 5108
12 9 0 3198
12 9 1 5473
12 9 2 3400
12 9 3 4769
12 9 4 2975
12 9 5 3306
12 9 6 3137
12 9 7 4684
12 9 8 5426
12 9 9 0
12 9 10 6702
12 9 11 5723
12 9 12 0
12 9 13 6413
12 9 14 4006
12 9 15 6346
12 9 16 5043
12 9 17 6546
12 9 18 6274
12 9 19 2910
12 10 0 7944
12 10 1 8941
12 10 2 7151
12 10 3 5902
12 10 4 5292
12 10 5 5854
12 10 6 5857
12 10 7 6701
12 10 8 6382
12 10 9 5643
12 10 10 0
12 10 11 4698
12 10 12 0
12 10 13 4600
12 10 14 5755
12 10 15 6320
12 10 16 7097
12 10 17 8324
12 10 18 5539
12 10 19 3807
12 11 0 989
12 11 1 981
12 11 2 1147
12 11 3 4915
12 11 4 3065
12 11 5 3405
12 11 6 5084
12 11 7 4176
12 11 8 2675
12 11 9 623
12 11 10 5249
12 11 11 0
12 11 12 0
12 11 13 7215
12 11 14 7648
12 11 15 5435
12 11 16 5757
12 11 17 8330
12 11 18 7351
12 11 19 9491
12 12 0 0
12 12 1 0
12 12 2 0
12 12 3 0
12 12 4 0
12 12 5 0
12 12 6 0
12 12 7 0
12 12 8 0
12 12 9 0
12 12 10 0
12 12 11 0
12 12 12 0
12 12 13 0
12 12 14 0
12 12 15 0
12 12 16 0
12 12 17 0
12 12 18 0
12 12 19 0
12 13 0 7558
12 13 1 6215
12 13 2 6839
12 13 3 5040
12 13 4 4576
12 13 5 8557
12 13 6 4488
12 13 7 7554
12 13 8 7220
12 13 9 7703
12 13 10 5382
12 13 11 6663
12 13 12 0
12 13 13 0
12 13 14 7445
12 13 15 5606
12 13 16 6261
12 13 17 4554
12 13 18 5585
12 13 19 3188
12 14 0 8270
12 14 1 7159
12 14 2 4973
12 14 3 6565
12 14 4 4713
12 14 5 4310
12 14 6 5150
12 14 7 6581
12 14 8 5055
12 14 9 5258
12 14 10 6499
12 14 11 7058
12 14 12 0
12 14 13 4077
12 14 14 0
12 14 15 6359
12 14 16 4532
12 14 17 4070
12 14 18 3292
12 14 19 5099
12 15 0 8374
12 15 1 7700
12 15 2 7601
12 15 3 6330
12 15 4 4519
12 15 5 4501
12 15 6 5358
12 15 7 4643
12 15 8 5095
12 15 9 7127
12 15 10 6593
12 15 11 4374
12 15 12 0
12 15 13 4529
12 15 14 2759
12 15 15 0
12 15 16 2985
12 15 17 5281
12 15 18 1900
12 15 19 2287
12 16 0 4330
12 16 1 3665
12 16 2 4951
12 16 3 5461
12 16 4 1938
12 16 5 1408
12 16 6 2752
12 16 7 3033
12 16 8 2216
12 16 9 2806
12 16 10 4352
12 16 11 1678
12 16 12 0
12 16 13 1035
12 16 14 5195
12 16 15 5464
12 16 16 0
12 16 17 4075
12 16 18 1120
12 16 19 5450
12 17 0 4851
12 17 1 7945
12 17 2 6978
12 17 3 6056
12 17 4 5879
12 17 5 5411
12 17 6 5256
12 17 7 8098
12 17 8 4859
12 17 9 7192
12 17 10 8462
12 17 11 7134
12 17 12 0
12 17 13 4040
12 17 14 6778
12 17 15 3500
12 17 16 5657
12 17 17 0
12 17 18 4122
12 17 19 3334
12 18 0 2300
12 18 1 5593
12 18 2 2043
12 18 3 5523
12 18 4 1774
12 18 5 1169
12 18 6 5787
12 18 7 4059
12 18 8 1426
12 18 9 4414
12 18 10 3171
12 18 11 3649
12 18 12 0
12 18 13 6916
12 18 14 4500
12 18 15 4902
12 18 16 6495
12 18 17 8422
12 18 18 0
12 18 19 4542
12 19 0 4337
12 19 1 6461
12 19 2 3572
12 19 3 3982
12 19 4 4989
12 19 5 7698
12 19 6 3247
12 19 7 3407
12 19 8 7801
12 19 9 3049
12 19 10 3438
12 19 11 7788
12 19 12 0
12 19 13 4787
12 19 14 4778
12 19 15 4837
12 19 16 3936
12 19 17 3511
12 19 18 4020
12 19 19 0
13 0 0 0
13 0 1 3986
13 0 2 7243
13 0 3 6577
13 0 4 6467
13 0 5 6119
13 0 6 5261
13 0 7 7468
13 0 8 8009
13 0 9 5921
13 0 10 7377
13 0 11 5793
13 0 12 7541
13 0 13 0
13 0 14 8448
13 0 15 9023
13 0 16 7997
13 0 17 5635
13 0 18 5590
13 0 19 5628
13 1 0 4357
13 1 1 0
13 1 2 7018
13 1 3 4882
13 1 4 3822
13 1 5 6403
13 1 6 4910
13 1 7 3653
13 1 8 6065
13 1 9 4215
13 1 10 4775
13 1 11 5960
13 1 12 4168
13 1 13 0
13 1 14 6309
13 1 15 7321
13 1 16 6304
13 1 17 7701
13 1 18 7855
13 1 19 6724
13 2 0 6132
13 2 1 5166
13 2 2 0
13 2 3 7513
13 2 4 5773
13 2 5 5951
13 2 6 5756
13 2 7 3597
13 2 8 4371
13 2 9 5042
13 2 10 3510
13 2 11 6158
13 2 12 5976
13 2 13 0
13 2 14 2290
13 2 15 5389
13 2 16 5757
13 2 17 4901
13 2 18 2472
13 2 19 2002
13 3 0 4381
13 3 1 5019
13 3 2 5014
13 3 3 0
13 3 4 5519
13 3 5 3893
13 3 6 4165
13 3 7 4558
13 3 8 5497
13 3 9 5887
13 3 10 4875
13 3 11 4244
13 3 12 2649
13 3 13 0
13 3 14 3882
13 3 15 4118
13 3 16 6267
13 3 17 3979
13 3 18 5952
13 3 19 2412
13 4 0 1668
13 4 1 1323
13 4 2 2790
13 4 3 4367
13 4 4 0
13 4 5 1901
13 4 6 4984
13 4 7 2600
13 4 8 2922
13 4 9 1575
13 4 10 2692
13 4 11 4562
13 4 12 1676
13 4 13 0
13 4 14 1655
13 4 15 1932
13 4 16 2369
13 4 17 3427
13 4 18 1828
13 4 19 3044
13 5 0 6349
13 5 1 5633
13 5 2 9232
13 5 3 6931
13 5 4 6745
13 5 5 0
13 5 6 6782
13 5 7 8613
13 5 8 4929
13 5 9 9238
13 5 10 9270
13 5 11 6030
13 5 12 5009
13 5 13 0
13 5 14 2900
13 5 15 3562
13 5 16 3487
13 5 17 4607
13 5 18 2871
13 5 19 7401
13 6 0 629
13 6 1 4234
13 6 2 2082
13 6 3 4386
13 6 4 3230
13 6 5 4616
13 6 6 0
13 6 7 4059
13 6 8 1686
13 6 9 3934
13 6 10 4754
13 6 11 3334
13 6 12 3124
13 6 13 0
13 6 14 4957
13 6 15 5636
13 6 16 6048
13 6 17 5669
13 6 18 8706
13 6 19 4167
13 7 0 5005
13 7 1 4104
13 7 2 5497
13 7 3 6509
13 7 4 4323
13 7 5 5778
13 7 6 4439
13 7 7 0
13 7 8 7796
13 7 9 7142
13 7 10 4985
13 7 11 6154
13 7 12 3771
13 7 13 0
13 7 14 3710
13 7 15 2243
13 7 16 3651
13 7 17 5833
13 7 18 4300
13 7 19 1649
13 8 0 6221
13 8 1 6943
13 8 2 4835
13 8 3 4941
13 8 4 6492
13 8 5 6374
13 8 6 6793
13 8 7 6832
13 8 8 0
13 8 9 6406
13 8 10 4612
13 8 11 7215
13 8 12 3376
13 8 13 0
13 8 14 1716
13 8 15 2227
13 8 16 2366
13 8 17 2126
13 8 18 1199
13 8 19 5575
13 9 0 4877
13 9 1 7152
13 9 2 5079
13 9 3 6448
13 9 4 4654
13 9 5 4985
13 9 6 4816
13 9 7 6363
13 9 8 7105
13 9 9 0
13 9 10 8381
13 9 11 7402
13 9 12 6413
13 9 13 0
13 9 14 3059
13 9 15 5399
13 9 16 4096
13 9 17 5599
13 9 18 5327
13 9 19 1963
13 10 0 4964
13 10 1 5961
13 10 2 4171
13 10 3 2922
13 10 4 2312
13 10 5 2874
13 10 6 2877
13 10 7 3721
13 10 8 3402
13 10 9 2663
13 10 10 0
13 10 11 1718
13 10 12 4600
13 10 13 0
13 10 14 7292
13 10 15 7857
13 10 16 8634
13 10 17 9861
13 10 18 7076
13 10 19 5344
13 11 0 2985
13 11 1 2977
13 11 2 3143
13 11 3 6911
13 11 4 5061
13 11 5 5401
13 11 6 7080
13 11 7 6172
13 11 8 4671
13 11 9 2619
13 11 10 7245
13 11 11 0
13 11 12 7215
13 11 13 0
13 11 14 3131
13 11 15 918
13 11 16 1240
13 11 17 3813
13 11 18 2834
13 11 19 4974
13 12 0 4565
13 12 1 3178
13 12 2 3362
13 12 3 5917
13 12 4 3843
13 12 5 5342
13 12 6 3398
13 12 7 7373
13 12 8 3919
13 12 9 4835
13 12 10 7173
13 12 11 3478
13 12 12 0
13 12 13 0
13 12 14 6231
13 12 15 4680
13 12 16 4743
13 12 17 6983
13 12 18 7869
13 12 19 4765
13 13 0 0
13 13 1 0
13 13 2 0
13 13 3 0
13 13 4 0
13 13 5 0
13 13 6 0
13 13 7 0
13 13 8 0
13 13 9 0
13 13 10 0
13 13 11 0
13 13 12 0
13 13 13 0
13 13 14 0
13 13 15 0
13 13 16 0
13 13 17 0
13 13 18 0
13 13 19 0
13 14 0 6154
13 14 1 5043
13 14 2 2857
13 14 3 4449
13 14 4 2597
13 14 5 2194
13 14 6 3034
13 14 7 4465
13 14 8 2939
13 14 9 3142
13 14 10 4383
13 14 11 4942
13 14 12 4077
13 14 13 0
13 14 14 0
13 14 15 8762
13 14 16 6935
13 14 17 6473
13 14 18 5695
13 14 19 7502
13 15 0 8732
13 15 1 8058
13 15 2 7959
13 15 3 6688
13 15 4 4877
13 15 5 4859
13 15 6 5716
13 15 7 5001
13 15 8 5453
13 15 9 7485
13 15 10 6951
13 15 11 4732
13 15 12 4529
13 15 13 0
13 15 14 4874
13 15 15 0
13 15 16 5100
13 15 17 7396
13 15 18 4015
13 15 19 4402
13 16 0 4149
13 16 1 3484
13 16 2 4770
13 16 3 5280
13 16 4 1757
13 16 5 1227
13 16 6 2571
13 16 7 2852
13 16 8 2035
13 16 9 2625
13 16 10 4171
13 16 11 1497
13 16 12 1035
13 16 13 0
13 16 14 7902
13 16 15 8171
13 16 16 0
13 16 17 6782
13 16 18 3827
13 16 19 8157
13 17 0 2552
13 17 1 5646
13 17 2 4679
13 17 3 3757
13 17 4 3580
13 17 5 3112
13 17 6 2957
13 17 7 5799
13 17 8 2560
13 17 9 4893
13 17 10 6163
13 17 11 4835
13 17 12 4040
13 17 13 0
13 17 14 5538
13 17 15 2260
13 17 16 4417
13 17 17 0
13 17 18 2882
13 17 19 2094
13 18 0 4497
13 18 1 7790
13 18 2 4240
13 18 3 7720
13 18 4 3971
13 18 5 3366
13 18 6 7984
13 18 7 6256
13 18 8 3623
13 18 9 6611
13 18 10 5368
13 18 11 5846
13 18 12 6916
13 18 13 0
13 18 14 3405
13 18 15 3807
13 18 16 5400
13 18 17 7327
13 18 18 0
13 18 19 3447
13 19 0 5510
13 19 1 7634
13 19 2 4745
13 19 3 5155
13 19 4 6162
13 19 5 8871
13 19 6 4420
13 19 7 4580
13 19 8 8974
13 19 9 4222
13 19 10 4611
13 19 11 8961
13 19 12 4787
13 19 13 0
13 19 14 4390
13 19 15 4449
13 19 16 3548
13 19 17 3123
13 19 18 3632
13 19 19 0
14 0 0 0
14 0 1 4736
14 0 2 7993
14 0 3 7327
14 0 4 7217
14 0 5 6869
14 0 6 6011
14 0 7 8218
14 0 8 8759
14 0 9 6671
14 0 10 8127
14 0 11 6543
14 0 12 8291
14 0 13 8448
14 0 14 0
14 0 15 5371
14 0 16 4345
14 0 17 1983
14 0 18 1938
14 0 19 1976
14 1 0 5339
14 1 1 0
14 1 2 8000
14 1 3 5864
14 1 4 4804
14 1 5 7385
14 1 6 5892
14 1 7 4635
14 1 8 7047
14 1 9 5197
14 1 10 5757
14 1 11 6942
14 1 12 5150
14 1 13 6309
14 1 14 0
14 1 15 6865
14 1 16 5848
14 1 17 7245
14 1 18 7399
14 1 19 6268
14 2 0 4304
14 2 1 3338
14 2 2 0
14 2 3 5685
14 2 4 3945
14 2 5 4123
14 2 6 3928
14 2 7 1769
14 2 8 2543
14 2 9 3214
14 2 10 1682
14 2 11 4330
14 2 12 4148
14 2 13 2290
14 2 14 0
14 2 15 8590
14 2 16 8958
14 2 17 8102
14 2 18 5673
14 2 19 5203
14 3 0 5944
14 3 1 6582
14 3 2 6577
14 3 3 0
14 3 4 7082
14 3 5 5456
14 3 6 5728
14 3 7 6121
14 3 8 7060
14 3 9 7450
14 3 10 6438
14 3 11 5807
14 3 12 4212
14 3 13 3882
14 3 14 0
14 3 15 5938
14 3 16 8087
14 3 17 5799
14 3 18 7772
14 3 19 4232
14 4 0 1843
14 4 1 1498
14 4 2 2965
14 4 3 4542
14 4 4 0
14 4 5 2076
14 4 6 5159
14 4 7 2775
14 4 8 3097
14 4 9 1750
14 4 10 2867
14 4 11 4737
14 4 12 1851
14 4 13 1655
14 4 14 0
14 4 15 3682
14 4 16 4119
14 4 17 5177
14 4 18 3578
14 4 19 4794
14 5 0 2140
14 5 1 1424
14 5 2 5023
14 5 3 2722
14 5 4 2536
14 5 5 0
14 5 6 2573
14 5 7 4404
14 5 8 720
14 5 9 5029
14 5 10 5061
14 5 11 1821
14 5 12 800
14 5 13 2900
14 5 14 0
14 5 15 3437
14 5 16 3362
14 5 17 4482
14 5 18 2746
14 5 19 7276
14 6 0 1329
14 6 1 4934
14 6 2 2782
14 6 3 5086
14 6 4 3930
14 6 5 5316
14 6 6 0
14 6 7 4759
14 6 8 2386
14 6 9 4634
14 6 10 5454
14 6 11 4034
14 6 12 3824
14 6 13 4957
14 6 14 0
14 6 15 3233
14 6 16 3645
14 6 17 3266
14 6 18 6303
14 6 19 1764
14 7 0 4070
14 7 1 3169
14 7 2 4562
14 7 3 5574
14 7 4 3388
14 7 5 4843
14 7 6 3504
14 7 7 0
14 7 8 6861
14 7 9 6207
14 7 10 4050
14 7 11 5219
14 7 12 2836
14 7 13 3710
14 7 14 0
14 7 15 2168
14 7 16 3576
14 7 17 5758
14 7 18 4225
14 7 19 1574
14 8 0 4094
14 8 1 4816
14 8 2 2708
14 8 3 2814
14 8 4 4365
14 8 5 4247
14 8 6 4666
14 8 7 4705
14 8 8 0
14 8 9 4279
14 8 10 2485
14 8 11 5088
14 8 12 1249
14 8 13 1716
14 8 14 0
14 8 15 2589
14 8 16 2728
14 8 17 2488
14 8 18 1561
14 8 19 5937
14 9 0 2470
14 9 1 4745
14 9 2 2672
14 9 3 4041
14 9 4 2247
14 9 5 2578
14 9 6 2409
14 9 7 3956
14 9 8 4698
14 9 9 0
14 9 10 5974
14 9 11 4995
14 9 12 4006
14 9 13 3059
14 9 14 0
14 9 15 7117
14 9 16 5814
14 9 17 7317
14 9 18 7045
14 9 19 3681
14 10 0 6119
14 10 1 7116
14 10 2 5326
14 10 3 4077
14 10 4 3467
14 10 5 4029
14 10 6 4032
14 10 7 4876
14 10 8 4557
14 10 9 3818
14 10 10 0
14 10 11 2873
14 10 12 5755
14 10 13 7292
14 10 14 0
14 10 15 5479
14 10 16 6256
14 10 17 7483
14 10 18 4698
14 10 19 2966
14 11 0 3418
14 11 1 3410
14 11 2 3576
14 11 3 7344
14 11 4 5494
14 11 5 5834
14 11 6 7513
14 11 7 6605
14 11 8 5104
14 11 9 3052
14 11 10 7678
14 11 11 0
14 11 12 7648
14 11 13 3131
14 11 14 0
14 11 15 4179
14 11 16 4501
14 11 17 7074
14 11 18 6095
14 11 19 8235
14 12 0 3727
14 12 1 2340
14 12 2 2524
14 12 3 5079
14 12 4 3005
14 12 5 4504
14 12 6 2560
14 12 7 6535
14 12 8 3081
14 12 9 3997
14 12 10 6335
14 12 11 2640
14 12 12 0
14 12 13 6231
14 12 14 0
14 12 15 4642
14 12 16 4705
14 12 17 6945
14 12 18 7831
14 12 19 4727
14 13 0 7934
14 13 1 6591
14 13 2 7215
14 13 3 5416
14 13 4 4952
14 13 5 8933
14 13 6 4864
14 13 7 7930
14 13 8 7596
14 13 9 8079
14 13 10 5758
14 13 11 7039
14 13 12 7445
14 13 13 0
14 13 14 0
14 13 15 4641
14 13 16 5296
14 13 17 3589
14 13 18 4620
14 13 19 2223
14 14 0 0
14 14 1 0
14 14 2 0
14 14 3 0
14 14 4 0
14 14 5 0
14 14 6 0
14 14 7 0
14 14 8 0
14 14 9 0
14 14 10 0
14 14 11 0
14 14 12 0
14 14 13 0
14 14 14 0
14 14 15 0
14 14 16 0
14 14 17 0
14 14 18 0
14 14 19 0
14 15 0 6962
14 15 1 6288
14 15 2 6189
14 15 3 4918
14 15 4 3107
14 15 5 3089
14 15 6 3946
14 15 7 3231
14 15 8 3683
14 15 9 5715
14 15 10 5181
14 15 11 2962
14 15 12 2759
14 15 13 4874
14 15 14 0
14 15 15 0
14 15 16 6691
14 15 17 8987
14 15 18 5606
14 15 19 5993
14 16 0 8309
14 16 1 7644
14 16 2 8930
14 16 3 9440
14 16 4 5917
14 16 5 5387
14 16 6 6731
14 16 7 7012
14 16 8 6195
14 16 9 6785
14 16 10 8331
14 16 11 5657
14 16 12 5195
14 16 13 7902
14 16 14 0
14 16 15 7280
14 16 16 0
14 16 17 5891
14 16 18 2936
14 16 19 7266
14 17 0 5290
14 17 1 8384
14 17 2 7417
14 17 3 6495
14 17 4 6318
14 17 5 5850
14 17 6 5695
14 17 7 8537
14 17 8 5298
14 17 9 7631
14 17 10 8901
14 17 11 7573
14 17 12 6778
14 17 13 5538
14 17 14 0
14 17 15 2614
14 17 16 4771
14 17 17 0
14 17 18 3236
14 17 19 2448
14 18 0 2081
14 18 1 5374
14 18 2 1824
14 18 3 5304
14 18 4 1555
14 18 5 950
14 18 6 5568
14 18 7 3840
14 18 8 1207
14 18 9 4195
14 18 10 2952
14 18 11 3430
14 18 12 4500
14 18 13 3405
14 18 14 0
14 18 15 2352
14 18 16 3945
14 18 17 5872
14 18 18 0
14 18 19 1992
14 19 0 5501
14 19 1 7625
14 19 2 4736
14 19 3 5146
14 19 4 6153
14 19 5 8862
14 19 6 4411
14 19 7 4571
14 19 8 8965
14 19 9 4213
14 19 10 4602
14 19 11 8952
14 19 12 4778
14 19 13 4390
14 19 14 0
14 19 15 7198
14 19 16 6297
14 19 17 5872
14 19 18 6381
14 19 19 0
15 0 0 0
15 0 1 5311
15 0 2 8568
15 0 3 7902
15 0 4 7792
15 0 5 7444
15 0 6 6586
15 0 7 8793
15 0 8 9334
15 0 9 7246
15 0 10 8702
15 0 11 7118
15 0 12 8866
15 0 13 9023
15 0 14 5371
15 0 15 0
15 0 16 4009
15 0 17 1647
15 0 18 1602
15 0 19 1640
15 1 0 6351
15 1 1 0
15 1 2 9012
15 1 3 6876
15 1 4 5816
15 1 5 8397
15 1 6 6904
15 1 7 5647
15 1 8 8059
15 1 9 6209
15 1 10 6769
15 1 11 7954
15 1 12 6162
15 1 13 7321
15 1 14 6865
15 1 15 0
15 1 16 3256
15 1 17 4653
15 1 18 4807
15 1 19 3676
15 2 0 7403
15 2 1 6437
15 2 2 0
15 2 3 8784
15 2 4 7044
15 2 5 7222
15 2 6 7027
15 2 7 4868
15 2 8 5642
15 2 9 6313
15 2 10 4781
15 2 11 7429
15 2 12 7247
15 2 13 5389
15 2 14 8590
15 2 15 0
15 2 16 4650
15 2 17 3794
15 2 18 1365
15 2 19 895
15 3 0 6180
15 3 1 6818
15 3 2 6813
15 3 3 0
15 3 4 7318
15 3 5 5692
15 3 6 5964
15 3 7 6357
15 3 8 7296
15 3 9 7686
15 3 10 6674
15 3 11 6043
15 3 12 4448
15 3 13 4118
15 3 14 5938
15 3 15 0
15 3 16 9823
15 3 17 7535
15 3 18 9508
15 3 19 5968
15 4 0 2120
15 4 1 1775
15 4 2 3242
15 4 3 4819
15 4 4 0
15 4 5 2353
15 4 6 5436
15 4 7 3052
15 4 8 3374
15 4 9 2027
15 4 10 3144
15 4 11 5014
15 4 12 2128
15 4 13 1932
15 4 14 3682
15 4 15 0
15 4 16 3168
15 4 17 4226
15 4 18 2627
15 4 19 3843
15 5 0 2802
15 5 1 2086
15 5 2 5685
15 5 3 3384
15 5 4 3198
15 5 5 0
15 5 6 3235
15 5 7 5066
15 5 8 1382
15 5 9 5691
15 5 10 5723
15 5 11 2483
15 5 12 1462
15 5 13 3562
15 5 14 3437
15 5 15 0
15 5 16 1840
15 5 17 2960
15 5 18 1224
15 5 19 5754
15 6 0 2008
15 6 1 5613
15 6 2 3461
15 6 3 5765
15 6 4 4609
15 6 5 5995
15 6 6 0
15 6 7 5438
15 6 8 3065
15 6 9 5313
15 6 10 6133
15 6 11 4713
15 6 12 4503
15 6 13 5636
15 6 14 3233
15 6 15 0
15 6 16 4074
15 6 17 3695
15 6 18 6732
15 6 19 2193
15 7 0 2603
15 7 1 1702
15 7 2 3095
15 7 3 4107
15 7 4 1921
15 7 5 3376
15 7 6 2037
15 7 7 0
15 7 8 5394
15 7 9 4740
15 7 10 2583
15 7 11 3752
15 7 12 1369
15 7 13 2243
15 7 14 2168
15 7 15 0
15 7 16 7255
15 7 17 9437
15 7 18 7904
15 7 19 5253
15 8 0 4605
15 8 1 5327
15 8 2 3219
15 8 3 3325
15 8 4 4876
15 8 5 4758
15 8 6 5177
15 8 7 5216
15 8 8 0
15 8 9 4790
15 8 10 2996
15 8 11 5599
15 8 12 1760
15 8 13 2227
15 8 14 2589
15 8 15 0
15 8 16 3065
15 8 17 2825
15 8 18 1898
15 8 19 6274
15 9 0 4810
15 9 1 7085
15 9 2 5012
15 9 3 6381
15 9 4 4587
15 9 5 4918
15 9 6 4749
15 9 7 6296
15 9 8 7038
15 9 9 0
15 9 10 8314
15 9 11 7335
15 9 12 6346
15 9 13 5399
15 9 14 7117
15 9 15 0
15 9 16 5580
15 9 17 7083
15 9 18 6811
15 9 19 3447
15 10 0 6684
15 10 1 7681
15 10 2 5891
15 10 3 4642
15 10 4 4032
15 10 5 4594
15 10 6 4597
15 10 7 5441
15 10 8 5122
15 10 9 4383
15 10 10 0
15 10 11 3438
15 10 12 6320
15 10 13 7857
15 10 14 5479
15 10 15 0
15 10 16 4092
15 10 17 5319
15 10 18 2534
15 10 19 802
15 11 0 1205
15 11 1 1197
15 11 2 1363
15 11 3 5131
15 11 4 3281
15 11 5 3621
15 11 6 5300
15 11 7 4392
15 11 8 2891
15 11 9 839
15 11 10 5465
15 11 11 0
15 11 12 5435
15 11 13 918
15 11 14 4179
15 11 15 0
15 11 16 1932
15 11 17 4505
15 11 18 3526
15 11 19 5666
15 12 0 2176
15 12 1 789
15 12 2 973
15 12 3 3528
15 12 4 1454
15 12 5 2953
15 12 6 1009
15 12 7 4984
15 12 8 1530
15 12 9 2446
15 12 10 4784
15 12 11 1089
15 12 12 0
15 12 13 4680
15 12 14 4642
15 12 15 0
15 12 16 4234
15 12 17 6474
15 12 18 7360
15 12 19 4256
15 13 0 6095
15 13 1 4752
15 13 2 5376
15 13 3 3577
15 13 4 3113
15 13 5 7094
15 13 6 3025
15 13 7 6091
15 13 8 5757
15 13 9 6240
15 13 10 3919
15 13 11 5200
15 13 12 5606
15 13 13 0
15 13 14 4641
15 13 15 0
15 13 16 7299
15 13 17 5592
15 13 18 6623
15 13 19 4226
15 14 0 8436
15 14 1 7325
15 14 2 5139
15 14 3 6731
15 14 4 4879
15 14 5 4476
15 14 6 5316
15 14 7 6747
15 14 8 5221
15 14 9 5424
15 14 10 6665
15 14 11 7224
15 14 12 6359
15 14 13 8762
15 14 14 0
15 14 15 0
15 14 16 4638
15 14 17 4176
15 14 18 3398
15 14 19 5205
15 15 0 0
15 15 1 0
15 15 2 0
15 15 3 0
15 15 4 0
15 15 5 0
15 15 6 0
15 15 7 0
15 15 8 0
15 15 9 0
15 15 10 0
15 15 11 0
15 15 12 0
15 15 13 0
15 15 14 0
15 15 15 0
15 15 16 0
15 15 17 0
15 15 18 0
15 15 19 0
15 16 0 8578
15 16 1 7913
15 16 2 9199
15 16 3 9709
15 16 4 6186
15 16 5 5656
15 16 6 7000
15 16 7 7281
15 16 8 6464
15 16 9 7054
15 16 10 8600
15 16 11 5926
15 16 12 5464
15 16 13 8171
15 16 14 7280
15 16 15 0
15 16 16 0
15 16 17 5895
15 16 18 2940
15 16 19 7270
15 17 0 2012
15 17 1 5106
15 17 2 4139
15 17 3 3217
15 17 4 3040
15 17 5 2572
15 17 6 2417
15 17 7 5259
15 17 8 2020
15 17 9 4353
15 17 10 5623
15 17 11 4295
15 17 12 3500
15 17 13 2260
15 17 14 2614
15 17 15 0
15 17 16 7533
15 17 17 0
15 17 18 5998
15 17 19 5210
15 18 0 2483
15 18 1 5776
15 18 2 2226
15 18 3 5706
15 18 4 1957
15 18 5 1352
15 18 6 5970
15 18 7 4242
15 18 8 1609
15 18 9 4597
15 18 10 3354
15 18 11 3832
15 18 12 4902
15 18 13 3807
15 18 14 2352
15 18 15 0
15 18 16 4104
15 18 17 6031
15 18 18 0
15 18 19 2151
15 19 0 5560
15 19 1 7684
15 19 2 4795
15 19 3 5205
15 19 4 6212
15 19 5 8921
15 19 6 4470
15 19 7 4630
15 19 8 9024
15 19 9 4272
15 19 10 4661
15 19 11 9011
15 19 12 4837
15 19 13 4449
15 19 14 7198
15 19 15 0
15 19 16 5036
15 19 17 4611
15 19 18 5120
15 19 19 0
16 0 0 0
16 0 1 4285
16 0 2 7542
16 0 3 6876
16 0 4 6766
16 0 5 6418
16 0 6 5560
16 0 7 7767
16 0 8 8308
16 0 9 6220
16 0 10 7676
16 0 11 6092
16 0 12 7840
16 0 13 7997
16 0 14 4345
16 0 15 4009
16 0 16 0
16 0 17 1861
16 0 18 1816
16 0 19 1854
16 1 0 5334
16 1 1 0
16 1 2 7995
16 1 3 5859
16 1 4 4799
16 1 5 7380
16 1 6 5887
16 1 7 4630
16 1 8 7042
16 1 9 5192
16 1 10 5752
16 1 11 6937
16 1 12 5145
16 1 13 6304
16 1 14 5848
16 1 15 3256
16 1 16 0
16 1 17 7012
16 1 18 7166
16 1 19 6035
16 2 0 7771
16 2 1 6805
16 2 2 0
16 2 3 9152
16 2 4 7412
16 2 5 7590
16 2 6 7395
16 2 7 5236
16 2 8 6010
16 2 9 6681
16 2 10 5149
16 2 11 7797
16 2 12 7615
16 2 13 5757
16 2 14 8958
16 2 15 4650
16 2 16 0
16 2 17 5409
16 2 18 2980
16 2 19 2510
16 3 0 8329
16 3 1 8967
16 3 2 8962
16 3 3 0
16 3 4 9467
16 3 5 7841
16 3 6 8113
16 3 7 8506
16 3 8 9445
16 3 9 9835
16 3 10 8823
16 3 11 8192
16 3 12 6597
16 3 13 6267
16 3 14 8087
16 3 15 9823
16 3 16 0
16 3 17 6413
16 3 18 8386
16 3 19 4846
16 4 0 2557
16 4 1 2212
16 4 2 3679
16 4 3 5256
16 4 4 0
16 4 5 2790
16 4 6 5873
16 4 7 3489
16 4 8 3811
16 4 9 2464
16 4 10 3581
16 4 11 5451
16 4 12 2565
16 4 13 2369
16 4 14 4119
16 4 15 3168
16 4 16 0
16 4 17 4736
16 4 18 3137
16 4 19 4353
16 5 0 2727
16 5 1 2011
16 5 2 5610
16 5 3 3309
16 5 4 3123
16 5 5 0
16 5 6 3160
16 5 7 4991
16 5 8 1307
16 5 9 5616
16 5 10 5648
16 5 11 2408
16 5 12 1387
16 5 13 3487
16 5 14 3362
16 5 15 1840
16 5 16 0
16 5 17 3310
16 5 18 1574
16 5 19 6104
16 6 0 2420
16 6 1 6025
16 6 2 3873
16 6 3 6177
16 6 4 5021
16 6 5 6407
16 6 6 0
16 6 7 5850
16 6 8 3477
16 6 9 5725
16 6 10 6545
16 6 11 5125
16 6 12 4915
16 6 13 6048
16 6 14 3645
16 6 15 4074
16 6 16 0
16 6 17 3432
16 6 18 6469
16 6 19 1930
16 7 0 4011
16 7 1 3110
16 7 2 4503
16 7 3 5515
16 7 4 3329
16 7 5 4784
16 7 6 3445
16 7 7 0
16 7 8 6802
16 7 9 6148
16 7 10 3991
16 7 11 5160
16 7 12 2777
16 7 13 3651
16 7 14 3576
16 7 15 7255
16 7 16 0
16 7 17 7297
16 7 18 5764
16 7 19 3113
16 8 0 4744
16 8 1 5466
16 8 2 3358
16 8 3 3464
16 8 4 5015
16 8 5 4897
16 8 6 5316
16 8 7 5355
16 8 8 0
16 8 9 4929
16 8 10 3135
16 8 11 5738
16 8 12 1899
16 8 13 2366
16 8 14 2728
16 8 15 3065
16 8 16 0
16 8 17 4118
16 8 18 3191
16 8 19 7567
16 9 0 3507
16 9 1 5782
16 9 2 3709
16 9 3 5078
16 9 4 3284
16 9 5 3615
16 9 6 3446
16 9 7 4993
16 9 8 5735
16 9 9 0
16 9 10 7011
16 9 11 6032
16 9 12 5043
16 9 13 4096
16 9 14 5814
16 9 15 5580
16 9 16 0
16 9 17 4684
16 9 18 4412
16 9 19 1048
16 10 0 7461
16 10 1 8458
16 10 2 6668
16 10 3 5419
16 10 4 4809
16 10 5 5371
16 10 6 5374
16 10 7 6218
16 10 8 5899
16 10 9 5160
16 10 10 0
16 10 11 4215
16 10 12 7097
16 10 13 8634
16 10 14 6256
16 10 15 4092
16 10 16 0
16 10 17 6361
16 10 18 3576
16 10 19 1844
16 11 0 1527
16 11 1 1519
16 11 2 1685
16 11 3 5453
16 11 4 3603
16 11 5 3943
16 11 6 5622
16 11 7 4714
16 11 8 3213
16 11 9 1161
16 11 10 5787
16 11 11 0
16 11 12 5757
16 11 13 1240
16 11 14 4501
16 11 15 1932
16 11 16 0
16 11 17 6967
16 11 18 5988
16 11 19 8128
16 12 0 2239
16 12 1 852
16 12 2 1036
16 12 3 3591
16 12 4 1517
16 12 5 3016
16 12 6 1072
16 12 7 5047
16 12 8 1593
16 12 9 2509
16 12 10 4847
16 12 11 1152
16 12 12 0
16 12 13 4743
16 12 14 4705
16 12 15 4234
16 12 16 0
16 12 17 3456
16 12 18 4342
16 12 19 1238
16 13 0 6750
16 13 1 5407
16 13 2 6031
16 13 3 4232
16 13 4 3768
16 13 5 7749
16 13 6 3680
16 13 7 6746
16 13 8 6412
16 13 9 6895
16 13 10 4574
16 13 11 5855
16 13 12 6261
16 13 13 0
16 13 14 5296
16 13 15 7299
16 13 16 0
16 13 17 2035
16 13 18 3066
16 13 19 669
16 14 0 6609
16 14 1 5498
16 14 2 3312
16 14 3 4904
16 14 4 3052
16 14 5 2649
16 14 6 3489
16 14 7 4920
16 14 8 3394
16 14 9 3597
16 14 10 4838
16 14 11 5397
16 14 12 4532
16 14 13 6935
16 14 14 0
16 14 15 4638
16 14 16 0
16 14 17 6549
16 14 18 5771
16 14 19 7578
16 15 0 7188
16 15 1 6514
16 15 2 6415
16 15 3 5144
16 15 4 3333
16 15 5 3315
16 15 6 4172
16 15 7 3457
16 15 8 3909
16 15 9 5941
16 15 10 5407
16 15 11 3188
16 15 12 2985
16 15 13 5100
16 15 14 6691
16 15 15 0
16 15 16 0
16 15 17 9580
16 15 18 6199
16 15 19 6586
16 16 0 0
16 16 1 0
16 16 2 0
16 16 3 0
16 16 4 0
16 16 5 0
16 16 6 0
16 16 7 0
16 16 8 0
16 16 9 0
16 16 10 0
16 16 11 0
16 16 12 0
16 16 13 0
16 16 14 0
16 16 15 0
16 16 16 0
16 16 17 0
16 16 18 0
16 16 19 0
16 17 0 4169
16 17 1 7263
16 17 2 6296
16 17 3 5374
16 17 4 5197
16 17 5 4729
16 17 6 4574
16 17 7 7416
16 17 8 4177
16 17 9 6510
16 17 10 7780
16 17 11 6452
16 17 12 5657
16 17 13 4417
16 17 14 4771
16 17 15 7533
16 17 16 0
16 17 17 0
16 17 18 4729
16 17 19 3941
16 18 0 4076
16 18 1 7369
16 18 2 3819
16 18 3 7299
16 18 4 3550
16 18 5 2945
16 18 6 7563
16 18 7 5835
16 18 8 3202
16 18 9 6190
16 18 10 4947
16 18 11 5425
16 18 12 6495
16 18 13 5400
16 18 14 3945
16 18 15 4104
16 18 16 0
16 18 17 5188
16 18 18 0
16 18 19 1308
16 19 0 4659
16 19 1 6783
16 19 2 3894
16 19 3 4304
16 19 4 5311
16 19 5 8020
16 19 6 3569
16 19 7 3729
16 19 8 8123
16 19 9 3371
16 19 10 3760
16 19 11 8110
16 19 12 3936
16 19 13 3548
16 19 14 6297
16 19 15 5036
16 19 16 0
16 19 17 7711
16 19 18 8220
16 19 19 0
17 0 0 0
17 0 1 1923
17 0 2 5180
17 0 3 4514
17 0 4 4404
17 0 5 4056
17 0 6 3198
17 0 7 5405
17 0 8 5946
17 0 9 3858
17 0 10 5314
17 0 11 3730
17 0 12 5478
17 0 13 5635
17 0 14 1983
17 0 15 1647
17 0 16 1861
17 0 17 0
17 0 18 4844
17 0 19 4882
17 1 0 6731
17 1 1 0
17 1 2 9392
17 1 3 7256
17 1 4 6196
17 1 5 8777
17 1 6 7284
17 1 7 6027
17 1 8 8439
17 1 9 6589
17 1 10 7149
17 1 11 8334
17 1 12 6542
17 1 13 7701
17 1 14 7245
17 1 15 4653
17 1 16 7012
17 1 17 0
17 1 18 7117
17 1 19 5986
17 2 0 6915
17 2 1 5949
17 2 2 0
17 2 3 8296
17 2 4 6556
17 2 5 6734
17 2 6 6539
17 2 7 4380
17 2 8 5154
17 2 9 5825
17 2 10 4293
17 2 11 6941
17 2 12 6759
17 2 13 4901
17 2 14 8102
17 2 15 3794
17 2 16 5409
17 2 17 0
17 2 18 3184
17 2 19 2714
17 3 0 6041
17 3 1 6679
17 3 2 6674
17 3 3 0
17 3 4 7179
17 3 5 5553
17 3 6 5825
17 3 7 6218
17 3 8 7157
17 3 9 7547
17 3 10 6535
17 3 11 5904
17 3 12 4309
17 3 13 3979
17 3 14 5799
17 3 15 7535
17 3 16 6413
17 3 17 0
17 3 18 8582
17 3 19 5042
17 4 0 3615
17 4 1 3270
17 4 2 4737
17 4 3 6314
17 4 4 0
17 4 5 3848
17 4 6 6931
17 4 7 4547
17 4 8 4869
17 4 9 3522
17 4 10 4639
17 4 11 6509
17 4 12 3623
17 4 13 3427
17 4 14 5177
17 4 15 4226
17 4 16 4736
17 4 17 0
17 4 18 1393
17 4 19 2609
17 5 0 3847
17 5 1 3131
17 5 2 6730
17 5 3 4429
17 5 4 4243
17 5 5 0
17 5 6 4280
17 5 7 6111
17 5 8 2427
17 5 9 6736
17 5 10 6768
17 5 11 3528
17 5 12 2507
17 5 13 4607
17 5 14 4482
17 5 15 2960
17 5 16 3310
17 5 17 0
17 5 18 205
17 5 19 4735
17 6 0 2041
17 6 1 5646
17 6 2 3494
17 6 3 5798
17 6 4 4642
17 6 5 6028
17 6 6 0
17 6 7 5471
17 6 8 3098
17 6 9 5346
17 6 10 6166
17 6 11 4746
17 6 12 4536
17 6 13 5669
17 6 14 3266
17 6 15 3695
17 6 16 3432
17 6 17 0
17 6 18 6259
17 6 19 1720
17 7 0 6193
17 7 1 5292
17 7 2 6685
17 7 3 7697
17 7 4 5511
17 7 5 6966
17 7 6 5627
17 7 7 0
17 7 8 8984
17 7 9 8330
17 7 10 6173
17 7 11 7342
17 7 12 4959
17 7 13 5833
17 7 14 5758
17 7 15 9437
17 7 16 7297
17 7 17 0
17 7 18 7212
17 7 19 4561
17 8 0 4504
17 8 1 5226
17 8 2 3118
17 8 3 3224
17 8 4 4775
17 8 5 4657
17 8 6 5076
17 8 7 5115
17 8 8 0
17 8 9 4689
17 8 10 2895
17 8 11 5498
17 8 12 1659
17 8 13 2126
17 8 14 2488
17 8 15 2825
17 8 16 4118
17 8 17 0
17 8 18 988
17 8 19 5364
17 9 0 5010
17 9 1 7285
17 9 2 5212
17 9 3 6581
17 9 4 4787
17 9 5 5118
17 9 6 4949
17 9 7 6496
17 9 8 7238
17 9 9 0
17 9 10 8514
17 9 11 7535
17 9 12 6546
17 9 13 5599
17 9 14 7317
17 9 15 7083
17 9 16 4684
17 9 17 0
17 9 18 6891
17 9 19 3527
17 10 0 8688
17 10 1 9685
17 10 2 7895
17 10 3 6646
17 10 4 6036
17 10 5 6598
17 10 6 6601
17 10 7 7445
17 10 8 7126
17 10 9 6387
17 10 10 0
17 10 11 5442
17 10 12 8324
17 10 13 9861
17 10 14 7483
17 10 15 5319
17 10 16 6361
17 10 17 0
17 10 18 5963
17 10 19 4231
17 11 0 4100
17 11 1 4092
17 11 2 4258
17 11 3 8026
17 11 4 6176
17 11 5 6516
17 11 6 8195
17 11 7 7287
17 11 8 5786
17 11 9 3734
17 11 10 8360
17 11 11 0
17 11 12 8330
17 11 13 3813
17 11 14 7074
17 11 15 4505
17 11 16 6967
17 11 17 0
17 11 18 3444
17 11 19 5584
17 12 0 4479
17 12 1 3092
17 12 2 3276
17 12 3 5831
17 12 4 3757
17 12 5 5256
17 12 6 3312
17 12 7 7287
17 12 8 3833
17 12 9 4749
17 12 10 7087
17 12 11 3392
17 12 12 0
17 12 13 6983
17 12 14 6945
17 12 15 6474
17 12 16 3456
17 12 17 0
17 12 18 7225
17 12 19 4121
17 13 0 5043
17 13 1 3700
17 13 2 4324
17 13 3 2525
17 13 4 2061
17 13 5 6042
17 13 6 1973
17 13 7 5039
17 13 8 4705
17 13 9 5188
17 13 10 2867
17 13 11 4148
17 13 12 4554
17 13 13 0
17 13 14 3589
17 13 15 5592
17 13 16 2035
17 13 17 0
17 13 18 3831
17 13 19 1434
17 14 0 6147
17 14 1 5036
17 14 2 2850
17 14 3 4442
17 14 4 2590
17 14 5 2187
17 14 6 3027
17 14 7 4458
17 14 8 2932
17 14 9 3135
17 14 10 4376
17 14 11 4935
17 14 12 4070
17 14 13 6473
17 14 14 0
17 14 15 4176
17 14 16 6549
17 14 17 0
17 14 18 5114
17 14 19 6921
17 15 0 9484
17 15 1 8810
17 15 2 8711
17 15 3 7440
17 15 4 5629
17 15 5 5611
17 15 6 6468
17 15 7 5753
17 15 8 6205
17 15 9 8237
17 15 10 7703
17 15 11 5484
17 15 12 5281
17 15 13 7396
17 15 14 8987
17 15 15 0
17 15 16 9580
17 15 17 0
17 15 18 1995
17 15 19 2382
17 16 0 7189
17 16 1 6524
17 16 2 7810
17 16 3 8320
17 16 4 4797
17 16 5 4267
17 16 6 5611
17 16 7 5892
17 16 8 5075
17 16 9 5665
17 16 10 7211
17 16 11 4537
17 16 12 4075
17 16 13 6782
17 16 14 5891
17 16 15 5895
17 16 16 0
17 16 17 0
17 16 18 3309
17 16 19 7639
17 17 0 0
17 17 1 0
17 17 2 0
17 17 3 0
17 17 4 0
17 17 5 0
17 17 6 0
17 17 7 0
17 17 8 0
17 17 9 0
17 17 10 0
17 17 11 0
17 17 12 0
17 17 13 0
17 17 14 0
17 17 15 0
17 17 16 0
17 17 17 0
17 17 18 0
17 17 19 0
17 18 0 6003
17 18 1 9296
17 18 2 5746
17 18 3 9226
17 18 4 5477
17 18 5 4872
17 18 6 9490
17 18 7 7762
17 18 8 5129
17 18 9 8117
17 18 10 6874
17 18 11 7352
17 18 12 8422
17 18 13 7327
17 18 14 5872
17 18 15 6031
17 18 16 5188
17 18 17 0
17 18 18 0
17 18 19 2070
17 19 0 4234
17 19 1 6358
17 19 2 3469
17 19 3 3879
17 19 4 4886
17 19 5 7595
17 19 6 3144
17 19 7 3304
17 19 8 7698
17 19 9 2946
17 19 10 3335
17 19 11 7685
17 19 12 3511
17 19 13 3123
17 19 14 5872
17 19 15 4611
17 19 16 7711
17 19 17 0
17 19 18 3864
17 19 19 0
18 0 0 0
18 0 1 1878
18 0 2 5135
18 0 3 4469
18 0 4 4359
18 0 5 4011
18 0 6 3153
18 0 7 5360
18 0 8 5901
18 0 9 3813
18 0 10 5269
18 0 11 3685
18 0 12 5433
18 0 13 5590
18 0 14 1938
18 0 15 1602
18 0 16 1816
18 0 17 4844
18 0 18 0
18 0 19 6303
18 1 0 6885
18 1 1 0
18 1 2 9546
18 1 3 7410
18 1 4 6350
18 1 5 8931
18 1 6 7438
18 1 7 6181
18 1 8 8593
18 1 9 6743
18 1 10 7303
18 1 11 8488
18 1 12 6696
18 1 13 7855
18 1 14 7399
18 1 15 4807
18 1 16 7166
18 1 17 7117
18 1 18 0
18 1 19 3931
18 2 0 4486
18 2 1 3520
18 2 2 0
18 2 3 5867
18 2 4 4127
18 2 5 4305
18 2 6 4110
18 2 7 1951
18 2 8 2725
18 2 9 3396
18 2 10 1864
18 2 11 4512
18 2 12 4330
18 2 13 2472
18 2 14 5673
18 2 15 1365
18 2 16 2980
18 2 17 3184
18 2 18 0
18 2 19 2478
18 3 0 8014
18 3 1 8652
18 3 2 8647
18 3 3 0
18 3 4 9152
18 3 5 7526
18 3 6 7798
18 3 7 8191
18 3 8 9130
18 3 9 9520
18 3 10 8508
18 3 11 7877
18 3 12 6282
18 3 13 5952
18 3 14 7772
18 3 15 9508
18 3 16 8386
18 3 17 8582
18 3 18 0
18 3 19 3932
18 4 0 2016
18 4 1 1671
18 4 2 3138
18 4 3 4715
18 4 4 0
18 4 5 2249
18 4 6 5332
18 4 7 2948
18 4 8 3270
18 4 9 1923
18 4 10 3040
18 4 11 4910
18 4 12 2024
18 4 13 1828
18 4 14 3578
18 4 15 2627
18 4 16 3137
18 4 17 1393
18 4 18 0
18 4 19 4829
18 5 0 2111
18 5 1 1395
18 5 2 4994
18 5 3 2693
18 5 4 2507
18 5 5 0
18 5 6 2544
18 5 7 4375
18 5 8 691
18 5 9 5000
18 5 10 5032
18 5 11 1792
18 5 12 771
18 5 13 2871
18 5 14 2746
18 5 15 1224
18 5 16 1574
18 5 17 205
18 5 18 0
18 5 19 8907
18 6 0 5078
18 6 1 8683
18 6 2 6531
18 6 3 8835
18 6 4 7679
18 6 5 9065
18 6 6 0
18 6 7 8508
18 6 8 6135
18 6 9 8383
18 6 10 9203
18 6 11 7783
18 6 12 7573
18 6 13 8706
18 6 14 6303
18 6 15 6732
18 6 16 6469
18 6 17 6259
18 6 18 0
18 6 19 1229
18 7 0 4660
18 7 1 3759
18 7 2 5152
18 7 3 6164
18 7 4 3978
18 7 5 5433
18 7 6 4094
18 7 7 0
18 7 8 7451
18 7 9 6797
18 7 10 4640
18 7 11 5809
18 7 12 3426
18 7 13 4300
18 7 14 4225
18 7 15 7904
18 7 16 5764
18 7 17 7212
18 7 18 0
18 7 19 2201
18 8 0 3577
18 8 1 4299
18 8 2 2191
18 8 3 2297
18 8 4 3848
18 8 5 3730
18 8 6 4149
18 8 7 4188
18 8 8 0
18 8 9 3762
18 8 10 1968
18 8 11 4571
18 8 12 732
18 8 13 1199
18 8 14 1561
18 8 15 1898
18 8 16 3191
18 8 17 988
18 8 18 0
18 8 19 6415
18 9 0 4738
18 9 1 7013
18 9 2 4940
18 9 3 6309
18 9 4 4515
18 9 5 4846
18 9 6 4677
18 9 7 6224
18 9 8 6966
18 9 9 0
18 9 10 8242
18 9 11 7263
18 9 12 6274
18 9 13 5327
18 9 14 7045
18 9 15 6811
18 9 16 4412
18 9 17 6891
18 9 18 0
18 9 19 4196
18 10 0 5903
18 10 1 6900
18 10 2 5110
18 10 3 3861
18 10 4 3251
18 10 5 3813
18 10 6 3816
18 10 7 4660
18 10 8 4341
18 10 9 3602
18 10 10 0
18 10 11 2657
18 10 12 5539
18 10 13 7076
18 10 14 4698
18 10 15 2534
18 10 16 3576
18 10 17 5963
18 10 18 0
18 10 19 3076
18 11 0 3121
18 11 1 3113
18 11 2 3279
18 11 3 7047
18 11 4 5197
18 11 5 5537
18 11 6 7216
18 11 7 6308
18 11 8 4807
18 11 9 2755
18 11 10 7381
18 11 11 0
18 11 12 7351
18 11 13 2834
18 11 14 6095
18 11 15 3526
18 11 16 5988
18 11 17 3444
18 11 18 0
18 11 19 8991
18 12 0 5365
18 12 1 3978
18 12 2 4162
18 12 3 6717
18 12 4 4643
18 12 5 6142
18 12 6 4198
18 12 7 8173
18 12 8 4719
18 12 9 5635
18 12 10 7973
18 12 11 4278
18 12 12 0
18 12 13 7869
18 12 14 7831
18 12 15 7360
18 12 16 4342
18 12 17 7225
18 12 18 0
18 12 19 1615
18 13 0 6074
18 13 1 4731
18 13 2 5355
18 13 3 3556
18 13 4 3092
18 13 5 7073
18 13 6 3004
18 13 7 6070
18 13 8 5736
18 13 9 6219
18 13 10 3898
18 13 11 5179
18 13 12 5585
18 13 13 0
18 13 14 4620
18 13 15 6623
18 13 16 3066
18 13 17 3831
18 13 18 0
18 13 19 3424
18 14 0 5369
18 14 1 4258
18 14 2 2072
18 14 3 3664
18 14 4 1812
18 14 5 1409
18 14 6 2249
18 14 7 3680
18 14 8 2154
18 14 9 2357
18 14 10 3598
18 14 11 4157
18 14 12 3292
18 14 13 5695
18 14 14 0
18 14 15 3398
18 14 16 5771
18 14 17 5114
18 14 18 0
18 14 19 3757
18 15 0 6103
18 15 1 5429
18 15 2 5330
18 15 3 4059
18 15 4 2248
18 15 5 2230
18 15 6 3087
18 15 7 2372
18 15 8 2824
18 15 9 4856
18 15 10 4322
18 15 11 2103
18 15 12 1900
18 15 13 4015
18 15 14 5606
18 15 15 0
18 15 16 6199
18 15 17 1995
18 15 18 0
18 15 19 2898
18 16 0 4234
18 16 1 3569
18 16 2 4855
18 16 3 5365
18 16 4 1842
18 16 5 1312
18 16 6 2656
18 16 7 2937
18 16 8 2120
18 16 9 2710
18 16 10 4256
18 16 11 1582
18 16 12 1120
18 16 13 3827
18 16 14 2936
18 16 15 2940
18 16 16 0
18 16 17 3309
18 16 18 0
18 16 19 7591
18 17 0 2634
18 17 1 5728
18 17 2 4761
18 17 3 3839
18 17 4 3662
18 17 5 3194
18 17 6 3039
18 17 7 5881
18 17 8 2642
18 17 9 4975
18 17 10 6245
18 17 11 4917
18 17 12 4122
18 17 13 2882
18 17 14 3236
18 17 15 5998
18 17 16 4729
18 17 17 0
18 17 18 0
18 17 19 5162
18 18 0 0
18 18 1 0
18 18 2 0
18 18 3 0
18 18 4 0
18 18 5 0
18 18 6 0
18 18 7 0
18 18 8 0
18 18 9 0
18 18 10 0
18 18 11 0
18 18 12 0
18 18 13 0
18 18 14 0
18 18 15 0
18 18 16 0
18 18 17 0
18 18 18 0
18 18 19 0
18 19 0 4743
18 19 1 6867
18 19 2 3978
18 19 3 4388
18 19 4 5395
18 19 5 8104
18 19 6 3653
18 19 7 3813
18 19 8 8207
18 19 9 3455
18 19 10 3844
18 19 11 8194
18 19 12 4020
18 19 13 3632
18 19 14 6381
18 19 15 5120
18 19 16 8220
18 19 17 3864
18 19 18 0
18 19 19 0
19 0 0 0
19 0 1 1916
19 0 2 5173
19 0 3 4507
19 0 4 4397
19 0 5 4049
19 0 6 3191
19 0 7 5398
19 0 8 5939
19 0 9 3851
19 0 10 5307
19 0 11 3723
19 0 12 5471
19 0 13 5628
19 0 14 1976
19 0 15 1640
19 0 16 1854
19 0 17 4882
19 0 18 6303
19 0 19 0
19 1 0 5754
19 1 1 0
19 1 2 8415
19 1 3 6279
19 1 4 5219
19 1 5 7800
19 1 6 6307
19 1 7 5050
19 1 8 7462
19 1 9 5612
19 1 10 6172
19 1 11 7357
19 1 12 5565
19 1 13 6724
19 1 14 6268
19 1 15 3676
19 1 16 6035
19 1 17 5986
19 1 18 3931
19 1 19 0
19 2 0 4016
19 2 1 3050
19 2 2 0
19 2 3 5397
19 2 4 3657
19 2 5 3835
19 2 6 3640
19 2 7 1481
19 2 8 2255
19 2 9 2926
19 2 10 1394
19 2 11 4042
19 2 12 3860
19 2 13 2002
19 2 14 5203
19 2 15 895
19 2 16 2510
19 2 17 2714
19 2 18 2478
19 2 19 0
19 3 0 4474
19 3 1 5112
19 3 2 5107
19 3 3 0
19 3 4 5612
19 3 5 3986
19 3 6 4258
19 3 7 4651
19 3 8 5590
19 3 9 5980
19 3 10 4968
19 3 11 4337
19 3 12 2742
19 3 13 2412
19 3 14 4232
19 3 15 5968
19 3 16 4846
19 3 17 5042
19 3 18 3932
19 3 19 0
19 4 0 3232
19 4 1 2887
19 4 2 4354
19 4 3 5931
19 4 4 0
19 4 5 3465
19 4 6 6548
19 4 7 4164
19 4 8 4486
19 4 9 3139
19 4 10 4256
19 4 11 6126
19 4 12 3240
19 4 13 3044
19 4 14 4794
19 4 15 3843
19 4 16 4353
19 4 17 2609
19 4 18 4829
19 4 19 0
19 5 0 6641
19 5 1 5925
19 5 2 9524
19 5 3 7223
19 5 4 7037
19 5 5 0
19 5 6 7074
19 5 7 8905
19 5 8 5221
19 5 9 9530
19 5 10 9562
19 5 11 6322
19 5 12 5301
19 5 13 7401
19 5 14 7276
19 5 15 5754
19 5 16 6104
19 5 17 4735
19 5 18 8907
19 5 19 0
19 6 0 539
19 6 1 4144
19 6 2 1992
19 6 3 4296
19 6 4 3140
19 6 5 4526
19 6 6 0
19 6 7 3969
19 6 8 1596
19 6 9 3844
19 6 10 4664
19 6 11 3244
19 6 12 3034
19 6 13 4167
19 6 14 1764
19 6 15 2193
19 6 16 1930
19 6 17 1720
19 6 18 1229
19 6 19 0
19 7 0 2009
19 7 1 1108
19 7 2 2501
19 7 3 3513
19 7 4 1327
19 7 5 2782
19 7 6 1443
19 7 7 0
19 7 8 4800
19 7 9 4146
19 7 10 1989
19 7 11 3158
19 7 12 775
19 7 13 1649
19 7 14 1574
19 7 15 5253
19 7 16 3113
19 7 17 4561
19 7 18 2201
19 7 19 0
19 8 0 7953
19 8 1 8675
19 8 2 6567
19 8 3 6673
19 8 4 8224
19 8 5 8106
19 8 6 8525
19 8 7 8564
19 8 8 0
19 8 9 8138
19 8 10 6344
19 8 11 8947
19 8 12 5108
19 8 13 5575
19 8 14 5937
19 8 15 6274
19 8 16 7567
19 8 17 5364
19 8 18 6415
19 8 19 0
19 9 0 1374
19 9 1 3649
19 9 2 1576
19 9 3 2945
19 9 4 1151
19 9 5 1482
19 9 6 1313
19 9 7 2860
19 9 8 3602
19 9 9 0
19 9 10 4878
19 9 11 3899
19 9 12 2910
19 9 13 1963
19 9 14 3681
19 9 15 3447
19 9 16 1048
19 9 17 3527
19 9 18 4196
19 9 19 0
19 10 0 4171
19 10 1 5168
19 10 2 3378
19 10 3 2129
19 10 4 1519
19 10 5 2081
19 10 6 2084
19 10 7 2928
19 10 8 2609
19 10 9 1870
19 10 10 0
19 10 11 925
19 10 12 3807
19 10 13 5344
19 10 14 2966
19 10 15 802
19 10 16 1844
19 10 17 4231
19 10 18 3076
19 10 19 0
19 11 0 5261
19 11 1 5253
19 11 2 5419
19 11 3 9187
19 11 4 7337
19 11 5 7677
19 11 6 9356
19 11 7 8448
19 11 8 6947
19 11 9 4895
19 11 10 9521
19 11 11 0
19 11 12 9491
19 11 13 4974
19 11 14 8235
19 11 15 5666
19 11 16 8128
19 11 17 5584
19 11 18 8991
19 11 19 0
19 12 0 2261
19 12 1 874
19 12 2 1058
19 12 3 3613
19 12 4 1539
19 12 5 3038
19 12 6 1094
19 12 7 5069
19 12 8 1615
19 12 9 2531
19 12 10 4869
19 12 11 1174
19 12 12 0
19 12 13 4765
19 12 14 4727
19 12 15 4256
19 12 16 1238
19 12 17 4121
19 12 18 1615
19 12 19 0
19 13 0 3677
19 13 1 2334
19 13 2 2958
19 13 3 1159
19 13 4 695
19 13 5 4676
19 13 6 607
19 13 7 3673
19 13 8 3339
19 13 9 3822
19 13 10 1501
19 13 11 2782
19 13 12 3188
19 13 13 0
19 13 14 2223
19 13 15 4226
19 13 16 669
19 13 17 1434
19 13 18 3424
19 13 19 0
19 14 0 7176
19 14 1 6065
19 14 2 3879
19 14 3 5471
19 14 4 3619
19 14 5 3216
19 14 6 4056
19 14 7 5487
19 14 8 3961
19 14 9 4164
19 14 10 5405
19 14 11 5964
19 14 12 5099
19 14 13 7502
19 14 14 0
19 14 15 5205
19 14 16 7578
19 14 17 6921
19 14 18 3757
19 14 19 0
19 15 0 6490
19 15 1 5816
19 15 2 5717
19 15 3 4446
19 15 4 2635
19 15 5 2617
19 15 6 3474
19 15 7 2759
19 15 8 3211
19 15 9 5243
19 15 10 4709
19 15 11 2490
19 15 12 2287
19 15 13 4402
19 15 14 5993
19 15 15 0
19 15 16 6586
19 15 17 2382
19 15 18 2898
19 15 19 0
19 16 0 8564
19 16 1 7899
19 16 2 9185
19 16 3 9695
19 16 4 6172
19 16 5 5642
19 16 6 6986
19 16 7 7267
19 16 8 6450
19 16 9 7040
19 16 10 8586
19 16 11 5912
19 16 12 5450
19 16 13 8157
19 16 14 7266
19 16 15 7270
19 16 16 0
19 16 17 7639
19 16 18 7591
19 16 19 0
19 17 0 1846
19 17 1 4940
19 17 2 3973
19 17 3 3051
19 17 4 2874
19 17 5 2406
19 17 6 2251
19 17 7 5093
19 17 8 1854
19 17 9 4187
19 17 10 5457
19 17 11 4129
19 17 12 3334
19 17 13 2094
19 17 14 2448
19 17 15 5210
19 17 16 3941
19 17 17 0
19 17 18 5162
19 17 19 0
19 18 0 2123
19 18 1 5416
19 18 2 1866
19 18 3 5346
19 18 4 1597
19 18 5 992
19 18 6 5610
19 18 7 3882
19 18 8 1249
19 18 9 4237
19 18 10 2994
19 18 11 3472
19 18 12 4542
19 18 13 3447
19 18 14 1992
19 18 15 2151
19 18 16 1308
19 18 17 2070
19 18 18 0
19 18 19 0
19 19 0 0
19 19 1 0
19 19 2 0
19 19 3 0
19 19 4 0
19 19 5 0
19 19 6 0
19 19 7 0
19 19 8 0
19 19 9 0
19 19 10 0
19 19 11 0
19 19 12 0
19 19 13 0
19 19 14 0
19 19 15 0
19 19 16 0
19 19 17 0
19 19 18 0
19 19 19 0
