20
0 0 0 0
0 0 1 0
0 0 2 0
0 0 3 0
0 0 4 0
0 0 5 0
0 0 6 0
0 0 7 0
0 0 8 0
0 0 9 0
0 0 10 0
0 0 11 0
0 0 12 0
0 0 13 0
0 0 14 0
0 0 15 0
0 0 16 0
0 0 17 0
0 0 18 0
0 0 19 0
0 1 0 0
0 1 1 0
0 1 2 3816
0 1 3 3163
0 1 4 2229
0 1 5 5524
0 1 6 4259
0 1 7 4844
0 1 8 1755
0 1 9 1726
0 1 10 932
0 1 11 1586
0 1 12 1722
0 1 13 3151
0 1 14 1226
0 1 15 3709
0 1 16 5066
0 1 17 2482
0 1 18 2860
0 1 19 5587
0 2 0 0
0 2 1 3729
0 2 2 0
0 2 3 1722
0 2 4 3540
0 2 5 2946
0 2 6 2604
0 2 7 2173
0 2 8 3923
0 2 9 3320
0 2 10 3869
0 2 11 4770
0 2 12 2384
0 2 13 4665
0 2 14 3135
0 2 15 2706
0 2 16 1590
0 2 17 4477
0 2 18 2798
0 2 19 4931
0 3 0 0
0 3 1 4459
0 3 2 2996
0 3 3 0
0 3 4 6965
0 3 5 5084
0 3 6 3597
0 3 7 3004
0 3 8 2993
0 3 9 5095
0 3 10 6435
0 3 11 2823
0 3 12 4730
0 3 13 3409
0 3 14 4181
0 3 15 7008
0 3 16 4329
0 3 17 4782
0 3 18 3629
0 3 19 4736
0 4 0 0
0 4 1 7257
0 4 2 6571
0 4 3 5890
0 4 4 0
0 4 5 6375
0 4 6 7070
0 4 7 3383
0 4 8 5614
0 4 9 6501
0 4 10 5944
0 4 11 4533
0 4 12 7637
0 4 13 3875
0 4 14 3911
0 4 15 7527
0 4 16 3780
0 4 17 5687
0 4 18 4249
0 4 19 3098
0 5 0 0
0 5 1 8078
0 5 2 5406
0 5 3 4013
0 5 4 6628
0 5 5 0
0 5 6 5793
0 5 7 4527
0 5 8 7446
0 5 9 7637
0 5 10 6266
0 5 11 6718
0 5 12 4043
0 5 13 3711
0 5 14 6490
0 5 15 7003
0 5 16 8472
0 5 17 6475
0 5 18 7786
0 5 19 7675
0 6 0 0
0 6 1 3405
0 6 2 6935
0 6 3 2627
0 6 4 6397
0 6 5 4647
0 6 6 0
0 6 7 5147
0 6 8 6751
0 6 9 6137
0 6 10 7000
0 6 11 6913
0 6 12 2418
0 6 13 2026
0 6 14 2791
0 6 15 4063
0 6 16 4503
0 6 17 3031
0 6 18 2146
0 6 19 2406
0 7 0 0
0 7 1 4824
0 7 2 8538
0 7 3 7070
0 7 4 8411
0 7 5 5226
0 7 6 7194
0 7 7 0
0 7 8 4015
0 7 9 4339
0 7 10 6184
0 7 11 7168
0 7 12 6623
0 7 13 5488
0 7 14 7699
0 7 15 5896
0 7 16 4198
0 7 17 5265
0 7 18 4593
0 7 19 6645
0 8 0 0
0 8 1 5550
0 8 2 1641
0 8 3 4936
0 8 4 1695
0 8 5 6361
0 8 6 3309
0 8 7 3363
0 8 8 0
0 8 9 4586
0 8 10 6105
0 8 11 5830
0 8 12 2514
0 8 13 4114
0 8 14 3090
0 8 15 3867
0 8 16 6205
0 8 17 3281
0 8 18 1829
0 8 19 6513
0 9 0 0
0 9 1 5849
0 9 2 6270
0 9 3 6786
0 9 4 9206
0 9 5 9838
0 9 6 5336
0 9 7 5925
0 9 8 7596
0 9 9 0
0 9 10 4931
0 9 11 5271
0 9 12 7788
0 9 13 7783
0 9 14 4997
0 9 15 7800
0 9 16 7389
0 9 17 5301
0 9 18 6070
0 9 19 7919
0 10 0 0
0 10 1 2171
0 10 2 3842
0 10 3 3762
0 10 4 4558
0 10 5 5854
0 10 6 4715
0 10 7 3680
0 10 8 2809
0 10 9 3551
0 10 10 0
0 10 11 2575
0 10 12 2709
0 10 13 2581
0 10 14 5374
0 10 15 4821
0 10 16 4512
0 10 17 3704
0 10 18 4214
0 10 19 4174
0 11 0 0
0 11 1 720
0 11 2 4508
0 11 3 4480
0 11 4 1038
0 11 5 3558
0 11 6 1912
0 11 7 1283
0 11 8 1113
0 11 9 4719
0 11 10 277
0 11 11 0
0 11 12 2440
0 11 13 3981
0 11 14 2366
0 11 15 3368
0 11 16 2134
0 11 17 4871
0 11 18 2397
0 11 19 2964
0 12 0 0
0 12 1 3400
0 12 2 4697
0 12 3 3798
0 12 4 1048
0 12 5 1664
0 12 6 2462
0 12 7 3410
0 12 8 664
0 12 9 4232
0 12 10 3177
0 12 11 5430
0 12 12 0
0 12 13 4075
0 12 14 4198
0 12 15 1372
0 12 16 2143
0 12 17 3304
0 12 18 5561
0 12 19 1369
0 13 0 0
0 13 1 5512
0 13 2 7260
0 13 3 6569
0 13 4 3979
0 13 5 3254
0 13 6 4769
0 13 7 6949
0 13 8 6779
0 13 9 5625
0 13 10 3045
0 13 11 7143
0 13 12 6357
0 13 13 0
0 13 14 3089
0 13 15 5653
0 13 16 4682
0 13 17 6392
0 13 18 7231
0 13 19 2803
0 14 0 0
0 14 1 8440
0 14 2 8453
0 14 3 6118
0 14 4 6059
0 14 5 5115
0 14 6 7367
0 14 7 9393
0 14 8 7668
0 14 9 8088
0 14 10 7763
0 14 11 6119
0 14 12 8546
0 14 13 7602
0 14 14 0
0 14 15 9754
0 14 16 8566
0 14 17 9871
0 14 18 9134
0 14 19 6924
0 15 0 0
0 15 1 4497
0 15 2 3692
0 15 3 5377
0 15 4 1816
0 15 5 4654
0 15 6 3377
0 15 7 4407
0 15 8 1391
0 15 9 957
0 15 10 943
0 15 11 1438
0 15 12 4864
0 15 13 4568
0 15 14 2828
0 15 15 0
0 15 16 4697
0 15 17 4997
0 15 18 4253
0 15 19 1573
0 16 0 0
0 16 1 7658
0 16 2 5034
0 16 3 3947
0 16 4 4140
0 16 5 7860
0 16 6 4713
0 16 7 4459
0 16 8 5814
0 16 9 7650
0 16 10 4371
0 16 11 4118
0 16 12 3742
0 16 13 7056
0 16 14 7323
0 16 15 7534
0 16 16 0
0 16 17 4721
0 16 18 7564
0 16 19 7918
0 17 0 0
0 17 1 1601
0 17 2 4155
0 17 3 2352
0 17 4 3563
0 17 5 2349
0 17 6 2047
0 17 7 5740
0 17 8 1616
0 17 9 4061
0 17 10 3950
0 17 11 2348
0 17 12 5887
0 17 13 6258
0 17 14 5593
0 17 15 4847
0 17 16 2608
0 17 17 0
0 17 18 2903
0 17 19 2639
0 18 0 0
0 18 1 4023
0 18 2 5159
0 18 3 3813
0 18 4 4934
0 18 5 5810
0 18 6 2995
0 18 7 3895
0 18 8 7134
0 18 9 3540
0 18 10 5229
0 18 11 7410
0 18 12 7040
0 18 13 3323
0 18 14 4583
0 18 15 3176
0 18 16 7493
0 18 17 5836
0 18 18 0
0 18 19 4029
0 19 0 0
0 19 1 7251
0 19 2 8999
0 19 3 5407
0 19 4 7491
0 19 5 7369
0 19 6 6011
0 19 7 6767
0 19 8 6276
0 19 9 5522
0 19 10 6199
0 19 11 5710
0 19 12 9352
0 19 13 8309
0 19 14 7719
0 19 15 8921
0 19 16 5295
0 19 17 9122
0 19 18 7655
0 19 19 0
1 0 0 0
1 0 1 0
1 0 2 3302
1 0 3 4935
1 0 4 5814
1 0 5 6305
1 0 6 4744
1 0 7 6274
1 0 8 4255
1 0 9 7618
1 0 10 3744
1 0 11 2805
1 0 12 3296
1 0 13 5207
1 0 14 7698
1 0 15 3527
1 0 16 6053
1 0 17 4288
1 0 18 5240
1 0 19 7123
1 1 0 0
1 1 1 0
1 1 2 0
1 1 3 0
1 1 4 0
1 1 5 0
1 1 6 0
1 1 7 0
1 1 8 0
1 1 9 0
1 1 10 0
1 1 11 0
1 1 12 0
1 1 13 0
1 1 14 0
1 1 15 0
1 1 16 0
1 1 17 0
1 1 18 0
1 1 19 0
1 2 0 3729
1 2 1 0
1 2 2 0
1 2 3 4226
1 2 4 6044
1 2 5 5450
1 2 6 5108
1 2 7 4677
1 2 8 6427
1 2 9 5824
1 2 10 6373
1 2 11 7274
1 2 12 4888
1 2 13 7169
1 2 14 5639
1 2 15 5210
1 2 16 4094
1 2 17 6981
1 2 18 5302
1 2 19 7435
1 3 0 4459
1 3 1 0
1 3 2 3214
1 3 3 0
1 3 4 7183
1 3 5 5302
1 3 6 3815
1 3 7 3222
1 3 8 3211
1 3 9 5313
1 3 10 6653
1 3 11 3041
1 3 12 4948
1 3 13 3627
1 3 14 4399
1 3 15 7226
1 3 16 4547
1 3 17 5000
1 3 18 3847
1 3 19 4954
1 4 0 7257
1 4 1 0
1 4 2 4976
1 4 3 4295
1 4 4 0
1 4 5 4780
1 4 6 5475
1 4 7 1788
1 4 8 4019
1 4 9 4906
1 4 10 4349
1 4 11 2938
1 4 12 6042
1 4 13 2280
1 4 14 2316
1 4 15 5932
1 4 16 2185
1 4 17 4092
1 4 18 2654
1 4 19 1503
1 5 0 8078
1 5 1 0
1 5 2 6615
1 5 3 5222
1 5 4 7837
1 5 5 0
1 5 6 7002
1 5 7 5736
1 5 8 8655
1 5 9 8846
1 5 10 7475
1 5 11 7927
1 5 12 5252
1 5 13 4920
1 5 14 7699
1 5 15 8212
1 5 16 9681
1 5 17 7684
1 5 18 8995
1 5 19 8884
1 6 0 3405
1 6 1 0
1 6 2 8440
1 6 3 4132
1 6 4 7902
1 6 5 6152
1 6 6 0
1 6 7 6652
1 6 8 8256
1 6 9 7642
1 6 10 8505
1 6 11 8418
1 6 12 3923
1 6 13 3531
1 6 14 4296
1 6 15 5568
1 6 16 6008
1 6 17 4536
1 6 18 3651
1 6 19 3911
1 7 0 4824
1 7 1 0
1 7 2 9098
1 7 3 7630
1 7 4 8971
1 7 5 5786
1 7 6 7754
1 7 7 0
1 7 8 4575
1 7 9 4899
1 7 10 6744
1 7 11 7728
1 7 12 7183
1 7 13 6048
1 7 14 8259
1 7 15 6456
1 7 16 4758
1 7 17 5825
1 7 18 5153
1 7 19 7205
1 8 0 5550
1 8 1 0
1 8 2 1131
1 8 3 4426
1 8 4 1185
1 8 5 5851
1 8 6 2799
1 8 7 2853
1 8 8 0
1 8 9 4076
1 8 10 5595
1 8 11 5320
1 8 12 2004
1 8 13 3604
1 8 14 2580
1 8 15 3357
1 8 16 5695
1 8 17 2771
1 8 18 1319
1 8 19 6003
1 9 0 5849
1 9 1 0
1 9 2 2368
1 9 3 2884
1 9 4 5304
1 9 5 5936
1 9 6 1434
1 9 7 2023
1 9 8 3694
1 9 9 0
1 9 10 1029
1 9 11 1369
1 9 12 3886
1 9 13 3881
1 9 14 1095
1 9 15 3898
1 9 16 3487
1 9 17 1399
1 9 18 2168
1 9 19 4017
1 10 0 2171
1 10 1 0
1 10 2 3020
1 10 3 2940
1 10 4 3736
1 10 5 5032
1 10 6 3893
1 10 7 2858
1 10 8 1987
1 10 9 2729
1 10 10 0
1 10 11 1753
1 10 12 1887
1 10 13 1759
1 10 14 4552
1 10 15 3999
1 10 16 3690
1 10 17 2882
1 10 18 3392
1 10 19 3352
1 11 0 720
1 11 1 0
1 11 2 5279
1 11 3 5251
1 11 4 1809
1 11 5 4329
1 11 6 2683
1 11 7 2054
1 11 8 1884
1 11 9 5490
1 11 10 1048
1 11 11 0
1 11 12 3211
1 11 13 4752
1 11 14 3137
1 11 15 4139
1 11 16 2905
1 11 17 5642
1 11 18 3168
1 11 19 3735
1 12 0 3400
1 12 1 0
1 12 2 5113
1 12 3 4214
1 12 4 1464
1 12 5 2080
1 12 6 2878
1 12 7 3826
1 12 8 1080
1 12 9 4648
1 12 10 3593
1 12 11 5846
1 12 12 0
1 12 13 4491
1 12 14 4614
1 12 15 1788
1 12 16 2559
1 12 17 3720
1 12 18 5977
1 12 19 1785
1 13 0 5512
1 13 1 0
1 13 2 7194
1 13 3 6503
1 13 4 3913
1 13 5 3188
1 13 6 4703
1 13 7 6883
1 13 8 6713
1 13 9 5559
1 13 10 2979
1 13 11 7077
1 13 12 6291
1 13 13 0
1 13 14 3023
1 13 15 5587
1 13 16 4616
1 13 17 6326
1 13 18 7165
1 13 19 2737
1 14 0 8440
1 14 1 0
1 14 2 3971
1 14 3 1636
1 14 4 1577
1 14 5 633
1 14 6 2885
1 14 7 4911
1 14 8 3186
1 14 9 3606
1 14 10 3281
1 14 11 1637
1 14 12 4064
1 14 13 3120
1 14 14 0
1 14 15 5272
1 14 16 4084
1 14 17 5389
1 14 18 4652
1 14 19 2442
1 15 0 4497
1 15 1 0
1 15 2 5864
1 15 3 7549
1 15 4 3988
1 15 5 6826
1 15 6 5549
1 15 7 6579
1 15 8 3563
1 15 9 3129
1 15 10 3115
1 15 11 3610
1 15 12 7036
1 15 13 6740
1 15 14 5000
1 15 15 0
1 15 16 6869
1 15 17 7169
1 15 18 6425
1 15 19 3745
1 16 0 7658
1 16 1 0
1 16 2 6037
1 16 3 4950
1 16 4 5143
1 16 5 8863
1 16 6 5716
1 16 7 5462
1 16 8 6817
1 16 9 8653
1 16 10 5374
1 16 11 5121
1 16 12 4745
1 16 13 8059
1 16 14 8326
1 16 15 8537
1 16 16 0
1 16 17 5724
1 16 18 8567
1 16 19 8921
1 17 0 1601
1 17 1 0
1 17 2 4339
1 17 3 2536
1 17 4 3747
1 17 5 2533
1 17 6 2231
1 17 7 5924
1 17 8 1800
1 17 9 4245
1 17 10 4134
1 17 11 2532
1 17 12 6071
1 17 13 6442
1 17 14 5777
1 17 15 5031
1 17 16 2792
1 17 17 0
1 17 18 3087
1 17 19 2823
1 18 0 4023
1 18 1 0
1 18 2 4769
1 18 3 3423
1 18 4 4544
1 18 5 5420
1 18 6 2605
1 18 7 3505
1 18 8 6744
1 18 9 3150
1 18 10 4839
1 18 11 7020
1 18 12 6650
1 18 13 2933
1 18 14 4193
1 18 15 2786
1 18 16 7103
1 18 17 5446
1 18 18 0
1 18 19 3639
1 19 0 7251
1 19 1 0
1 19 2 9453
1 19 3 5861
1 19 4 7945
1 19 5 7823
1 19 6 6465
1 19 7 7221
1 19 8 6730
1 19 9 5976
1 19 10 6653
1 19 11 6164
1 19 12 9806
1 19 13 8763
1 19 14 8173
1 19 15 9375
1 19 16 5749
1 19 17 9576
1 19 18 8109
1 19 19 0
2 0 0 0
2 0 1 3302
2 0 2 0
2 0 3 7116
2 0 4 7995
2 0 5 8486
2 0 6 6925
2 0 7 8455
2 0 8 6436
2 0 9 9799
2 0 10 5925
2 0 11 4986
2 0 12 5477
2 0 13 7388
2 0 14 9879
2 0 15 5708
2 0 16 8234
2 0 17 6469
2 0 18 7421
2 0 19 9304
2 1 0 3816
2 1 1 0
2 1 2 0
2 1 3 5580
2 1 4 4646
2 1 5 7941
2 1 6 6676
2 1 7 7261
2 1 8 4172
2 1 9 4143
2 1 10 3349
2 1 11 4003
2 1 12 4139
2 1 13 5568
2 1 14 3643
2 1 15 6126
2 1 16 7483
2 1 17 4899
2 1 18 5277
2 1 19 8004
2 2 0 0
2 2 1 0
2 2 2 0
2 2 3 0
2 2 4 0
2 2 5 0
2 2 6 0
2 2 7 0
2 2 8 0
2 2 9 0
2 2 10 0
2 2 11 0
2 2 12 0
2 2 13 0
2 2 14 0
2 2 15 0
2 2 16 0
2 2 17 0
2 2 18 0
2 2 19 0
2 3 0 2996
2 3 1 3214
2 3 2 0
2 3 3 0
2 3 4 5910
2 3 5 4029
2 3 6 2542
2 3 7 1949
2 3 8 1938
2 3 9 4040
2 3 10 5380
2 3 11 1768
2 3 12 3675
2 3 13 2354
2 3 14 3126
2 3 15 5953
2 3 16 3274
2 3 17 3727
2 3 18 2574
2 3 19 3681
2 4 0 6571
2 4 1 4976
2 4 2 0
2 4 3 5774
2 4 4 0
2 4 5 6259
2 4 6 6954
2 4 7 3267
2 4 8 5498
2 4 9 6385
2 4 10 5828
2 4 11 4417
2 4 12 7521
2 4 13 3759
2 4 14 3795
2 4 15 7411
2 4 16 3664
2 4 17 5571
2 4 18 4133
2 4 19 2982
2 5 0 5406
2 5 1 6615
2 5 2 0
2 5 3 2812
2 5 4 5427
2 5 5 0
2 5 6 4592
2 5 7 3326
2 5 8 6245
2 5 9 6436
2 5 10 5065
2 5 11 5517
2 5 12 2842
2 5 13 2510
2 5 14 5289
2 5 15 5802
2 5 16 7271
2 5 17 5274
2 5 18 6585
2 5 19 6474
2 6 0 6935
2 6 1 8440
2 6 2 0
2 6 3 2645
2 6 4 6415
2 6 5 4665
2 6 6 0
2 6 7 5165
2 6 8 6769
2 6 9 6155
2 6 10 7018
2 6 11 6931
2 6 12 2436
2 6 13 2044
2 6 14 2809
2 6 15 4081
2 6 16 4521
2 6 17 3049
2 6 18 2164
2 6 19 2424
2 7 0 8538
2 7 1 9098
2 7 2 0
2 7 3 5127
2 7 4 6468
2 7 5 3283
2 7 6 5251
2 7 7 0
2 7 8 2072
2 7 9 2396
2 7 10 4241
2 7 11 5225
2 7 12 4680
2 7 13 3545
2 7 14 5756
2 7 15 3953
2 7 16 2255
2 7 17 3322
2 7 18 2650
2 7 19 4702
2 8 0 1641
2 8 1 1131
2 8 2 0
2 8 3 6762
2 8 4 3521
2 8 5 8187
2 8 6 5135
2 8 7 5189
2 8 8 0
2 8 9 6412
2 8 10 7931
2 8 11 7656
2 8 12 4340
2 8 13 5940
2 8 14 4916
2 8 15 5693
2 8 16 8031
2 8 17 5107
2 8 18 3655
2 8 19 8339
2 9 0 6270
2 9 1 2368
2 9 2 0
2 9 3 4646
2 9 4 7066
2 9 5 7698
2 9 6 3196
2 9 7 3785
2 9 8 5456
2 9 9 0
2 9 10 2791
2 9 11 3131
2 9 12 5648
2 9 13 5643
2 9 14 2857
2 9 15 5660
2 9 16 5249
2 9 17 3161
2 9 18 3930
2 9 19 5779
2 10 0 3842
2 10 1 3020
2 10 2 0
2 10 3 6045
2 10 4 6841
2 10 5 8137
2 10 6 6998
2 10 7 5963
2 10 8 5092
2 10 9 5834
2 10 10 0
2 10 11 4858
2 10 12 4992
2 10 13 4864
2 10 14 7657
2 10 15 7104
2 10 16 6795
2 10 17 5987
2 10 18 6497
2 10 19 6457
2 11 0 4508
2 11 1 5279
2 11 2 0
2 11 3 8603
2 11 4 5161
2 11 5 7681
2 11 6 6035
2 11 7 5406
2 11 8 5236
2 11 9 8842
2 11 10 4400
2 11 11 0
2 11 12 6563
2 11 13 8104
2 11 14 6489
2 11 15 7491
2 11 16 6257
2 11 17 8994
2 11 18 6520
2 11 19 7087
2 12 0 4697
2 12 1 5113
2 12 2 0
2 12 3 5044
2 12 4 2294
2 12 5 2910
2 12 6 3708
2 12 7 4656
2 12 8 1910
2 12 9 5478
2 12 10 4423
2 12 11 6676
2 12 12 0
2 12 13 5321
2 12 14 5444
2 12 15 2618
2 12 16 3389
2 12 17 4550
2 12 18 6807
2 12 19 2615
2 13 0 7260
2 13 1 7194
2 13 2 0
2 13 3 8185
2 13 4 5595
2 13 5 4870
2 13 6 6385
2 13 7 8565
2 13 8 8395
2 13 9 7241
2 13 10 4661
2 13 11 8759
2 13 12 7973
2 13 13 0
2 13 14 4705
2 13 15 7269
2 13 16 6298
2 13 17 8008
2 13 18 8847
2 13 19 4419
2 14 0 8453
2 14 1 3971
2 14 2 0
2 14 3 3713
2 14 4 3654
2 14 5 2710
2 14 6 4962
2 14 7 6988
2 14 8 5263
2 14 9 5683
2 14 10 5358
2 14 11 3714
2 14 12 6141
2 14 13 5197
2 14 14 0
2 14 15 7349
2 14 16 6161
2 14 17 7466
2 14 18 6729
2 14 19 4519
2 15 0 3692
2 15 1 5864
2 15 2 0
2 15 3 6714
2 15 4 3153
2 15 5 5991
2 15 6 4714
2 15 7 5744
2 15 8 2728
2 15 9 2294
2 15 10 2280
2 15 11 2775
2 15 12 6201
2 15 13 5905
2 15 14 4165
2 15 15 0
2 15 16 6034
2 15 17 6334
2 15 18 5590
2 15 19 2910
2 16 0 5034
2 16 1 6037
2 16 2 0
2 16 3 1642
2 16 4 1835
2 16 5 5555
2 16 6 2408
2 16 7 2154
2 16 8 3509
2 16 9 5345
2 16 10 2066
2 16 11 1813
2 16 12 1437
2 16 13 4751
2 16 14 5018
2 16 15 5229
2 16 16 0
2 16 17 2416
2 16 18 5259
2 16 19 5613
2 17 0 4155
2 17 1 4339
2 17 2 0
2 17 3 4699
2 17 4 5910
2 17 5 4696
2 17 6 4394
2 17 7 8087
2 17 8 3963
2 17 9 6408
2 17 10 6297
2 17 11 4695
2 17 12 8234
2 17 13 8605
2 17 14 7940
2 17 15 7194
2 17 16 4955
2 17 17 0
2 17 18 5250
2 17 19 4986
2 18 0 5159
2 18 1 4769
2 18 2 0
2 18 3 3529
2 18 4 4650
2 18 5 5526
2 18 6 2711
2 18 7 3611
2 18 8 6850
2 18 9 3256
2 18 10 4945
2 18 11 7126
2 18 12 6756
2 18 13 3039
2 18 14 4299
2 18 15 2892
2 18 16 7209
2 18 17 5552
2 18 18 0
2 18 19 3745
2 19 0 8999
2 19 1 9453
2 19 2 0
2 19 3 5373
2 19 4 7457
2 19 5 7335
2 19 6 5977
2 19 7 6733
2 19 8 6242
2 19 9 5488
2 19 10 6165
2 19 11 5676
2 19 12 9318
2 19 13 8275
2 19 14 7685
2 19 15 8887
2 19 16 5261
2 19 17 9088
2 19 18 7621
2 19 19 0
3 0 0 0
3 0 1 4935
3 0 2 7116
3 0 3 0
3 0 4 4929
3 0 5 5420
3 0 6 3859
3 0 7 5389
3 0 8 3370
3 0 9 6733
3 0 10 2859
3 0 11 1920
3 0 12 2411
3 0 13 4322
3 0 14 6813
3 0 15 2642
3 0 16 5168
3 0 17 3403
3 0 18 4355
3 0 19 6238
3 1 0 3163
3 1 1 0
3 1 2 5580
3 1 3 0
3 1 4 3743
3 1 5 7038
3 1 6 5773
3 1 7 6358
3 1 8 3269
3 1 9 3240
3 1 10 2446
3 1 11 3100
3 1 12 3236
3 1 13 4665
3 1 14 2740
3 1 15 5223
3 1 16 6580
3 1 17 3996
3 1 18 4374
3 1 19 7101
3 2 0 1722
3 2 1 4226
3 2 2 0
3 2 3 0
3 2 4 3759
3 2 5 3165
3 2 6 2823
3 2 7 2392
3 2 8 4142
3 2 9 3539
3 2 10 4088
3 2 11 4989
3 2 12 2603
3 2 13 4884
3 2 14 3354
3 2 15 2925
3 2 16 1809
3 2 17 4696
3 2 18 3017
3 2 19 5150
3 3 0 0
3 3 1 0
3 3 2 0
3 3 3 0
3 3 4 0
3 3 5 0
3 3 6 0
3 3 7 0
3 3 8 0
3 3 9 0
3 3 10 0
3 3 11 0
3 3 12 0
3 3 13 0
3 3 14 0
3 3 15 0
3 3 16 0
3 3 17 0
3 3 18 0
3 3 19 0
3 4 0 5890
3 4 1 4295
3 4 2 5774
3 4 3 0
3 4 4 0
3 4 5 8051
3 4 6 8746
3 4 7 5059
3 4 8 7290
3 4 9 8177
3 4 10 7620
3 4 11 6209
3 4 12 9313
3 4 13 5551
3 4 14 5587
3 4 15 9203
3 4 16 5456
3 4 17 7363
3 4 18 5925
3 4 19 4774
3 5 0 4013
3 5 1 5222
3 5 2 2812
3 5 3 0
3 5 4 5932
3 5 5 0
3 5 6 5097
3 5 7 3831
3 5 8 6750
3 5 9 6941
3 5 10 5570
3 5 11 6022
3 5 12 3347
3 5 13 3015
3 5 14 5794
3 5 15 6307
3 5 16 7776
3 5 17 5779
3 5 18 7090
3 5 19 6979
3 6 0 2627
3 6 1 4132
3 6 2 2645
3 6 3 0
3 6 4 5775
3 6 5 4025
3 6 6 0
3 6 7 4525
3 6 8 6129
3 6 9 5515
3 6 10 6378
3 6 11 6291
3 6 12 1796
3 6 13 1404
3 6 14 2169
3 6 15 3441
3 6 16 3881
3 6 17 2409
3 6 18 1524
3 6 19 1784
3 7 0 7070
3 7 1 7630
3 7 2 5127
3 7 3 0
3 7 4 5666
3 7 5 2481
3 7 6 4449
3 7 7 0
3 7 8 1270
3 7 9 1594
3 7 10 3439
3 7 11 4423
3 7 12 3878
3 7 13 2743
3 7 14 4954
3 7 15 3151
3 7 16 1453
3 7 17 2520
3 7 18 1848
3 7 19 3900
3 8 0 4936
3 8 1 4426
3 8 2 6762
3 8 3 0
3 8 4 958
3 8 5 5624
3 8 6 2572
3 8 7 2626
3 8 8 0
3 8 9 3849
3 8 10 5368
3 8 11 5093
3 8 12 1777
3 8 13 3377
3 8 14 2353
3 8 15 3130
3 8 16 5468
3 8 17 2544
3 8 18 1092
3 8 19 5776
3 9 0 6786
3 9 1 2884
3 9 2 4646
3 9 3 0
3 9 4 7208
3 9 5 7840
3 9 6 3338
3 9 7 3927
3 9 8 5598
3 9 9 0
3 9 10 2933
3 9 11 3273
3 9 12 5790
3 9 13 5785
3 9 14 2999
3 9 15 5802
3 9 16 5391
3 9 17 3303
3 9 18 4072
3 9 19 5921
3 10 0 3762
3 10 1 2940
3 10 2 6045
3 10 3 0
3 10 4 7774
3 10 5 9070
3 10 6 7931
3 10 7 6896
3 10 8 6025
3 10 9 6767
3 10 10 0
3 10 11 5791
3 10 12 5925
3 10 13 5797
3 10 14 8590
3 10 15 8037
3 10 16 7728
3 10 17 6920
3 10 18 7430
3 10 19 7390
3 11 0 4480
3 11 1 5251
3 11 2 8603
3 11 3 0
3 11 4 1581
3 11 5 4101
3 11 6 2455
3 11 7 1826
3 11 8 1656
3 11 9 5262
3 11 10 820
3 11 11 0
3 11 12 2983
3 11 13 4524
3 11 14 2909
3 11 15 3911
3 11 16 2677
3 11 17 5414
3 11 18 2940
3 11 19 3507
3 12 0 3798
3 12 1 4214
3 12 2 5044
3 12 3 0
3 12 4 3007
3 12 5 3623
3 12 6 4421
3 12 7 5369
3 12 8 2623
3 12 9 6191
3 12 10 5136
3 12 11 7389
3 12 12 0
3 12 13 6034
3 12 14 6157
3 12 15 3331
3 12 16 4102
3 12 17 5263
3 12 18 7520
3 12 19 3328
3 13 0 6569
3 13 1 6503
3 13 2 8185
3 13 3 0
3 13 4 2706
3 13 5 1981
3 13 6 3496
3 13 7 5676
3 13 8 5506
3 13 9 4352
3 13 10 1772
3 13 11 5870
3 13 12 5084
3 13 13 0
3 13 14 1816
3 13 15 4380
3 13 16 3409
3 13 17 5119
3 13 18 5958
3 13 19 1530
3 14 0 6118
3 14 1 1636
3 14 2 3713
3 14 3 0
3 14 4 3067
3 14 5 2123
3 14 6 4375
3 14 7 6401
3 14 8 4676
3 14 9 5096
3 14 10 4771
3 14 11 3127
3 14 12 5554
3 14 13 4610
3 14 14 0
3 14 15 6762
3 14 16 5574
3 14 17 6879
3 14 18 6142
3 14 19 3932
3 15 0 5377
3 15 1 7549
3 15 2 6714
3 15 3 0
3 15 4 5822
3 15 5 8660
3 15 6 7383
3 15 7 8413
3 15 8 5397
3 15 9 4963
3 15 10 4949
3 15 11 5444
3 15 12 8870
3 15 13 8574
3 15 14 6834
3 15 15 0
3 15 16 8703
3 15 17 9003
3 15 18 8259
3 15 19 5579
3 16 0 3947
3 16 1 4950
3 16 2 1642
3 16 3 0
3 16 4 2941
3 16 5 6661
3 16 6 3514
3 16 7 3260
3 16 8 4615
3 16 9 6451
3 16 10 3172
3 16 11 2919
3 16 12 2543
3 16 13 5857
3 16 14 6124
3 16 15 6335
3 16 16 0
3 16 17 3522
3 16 18 6365
3 16 19 6719
3 17 0 2352
3 17 1 2536
3 17 2 4699
3 17 3 0
3 17 4 4582
3 17 5 3368
3 17 6 3066
3 17 7 6759
3 17 8 2635
3 17 9 5080
3 17 10 4969
3 17 11 3367
3 17 12 6906
3 17 13 7277
3 17 14 6612
3 17 15 5866
3 17 16 3627
3 17 17 0
3 17 18 3922
3 17 19 3658
3 18 0 3813
3 18 1 3423
3 18 2 3529
3 18 3 0
3 18 4 3848
3 18 5 4724
3 18 6 1909
3 18 7 2809
3 18 8 6048
3 18 9 2454
3 18 10 4143
3 18 11 6324
3 18 12 5954
3 18 13 2237
3 18 14 3497
3 18 15 2090
3 18 16 6407
3 18 17 4750
3 18 18 0
3 18 19 2943
3 19 0 5407
3 19 1 5861
3 19 2 5373
3 19 3 0
3 19 4 5629
3 19 5 5507
3 19 6 4149
3 19 7 4905
3 19 8 4414
3 19 9 3660
3 19 10 4337
3 19 11 3848
3 19 12 7490
3 19 13 6447
3 19 14 5857
3 19 15 7059
3 19 16 3433
3 19 17 7260
3 19 18 5793
3 19 19 0
4 0 0 0
4 0 1 5814
4 0 2 7995
4 0 3 4929
4 0 4 0
4 0 5 6101
4 0 6 4540
4 0 7 6070
4 0 8 4051
4 0 9 7414
4 0 10 3540
4 0 11 2601
4 0 12 3092
4 0 13 5003
4 0 14 7494
4 0 15 3323
4 0 16 5849
4 0 17 4084
4 0 18 5036
4 0 19 6919
4 1 0 2229
4 1 1 0
4 1 2 4646
4 1 3 3743
4 1 4 0
4 1 5 8957
4 1 6 7692
4 1 7 8277
4 1 8 5188
4 1 9 5159
4 1 10 4365
4 1 11 5019
4 1 12 5155
4 1 13 6584
4 1 14 4659
4 1 15 7142
4 1 16 8499
4 1 17 5915
4 1 18 6293
4 1 19 9020
4 2 0 3540
4 2 1 6044
4 2 2 0
4 2 3 3759
4 2 4 0
4 2 5 5861
4 2 6 5519
4 2 7 5088
4 2 8 6838
4 2 9 6235
4 2 10 6784
4 2 11 7685
4 2 12 5299
4 2 13 7580
4 2 14 6050
4 2 15 5621
4 2 16 4505
4 2 17 7392
4 2 18 5713
4 2 19 7846
4 3 0 6965
4 3 1 7183
4 3 2 5910
4 3 3 0
4 3 4 0
4 3 5 5685
4 3 6 4198
4 3 7 3605
4 3 8 3594
4 3 9 5696
4 3 10 7036
4 3 11 3424
4 3 12 5331
4 3 13 4010
4 3 14 4782
4 3 15 7609
4 3 16 4930
4 3 17 5383
4 3 18 4230
4 3 19 5337
4 4 0 0
4 4 1 0
4 4 2 0
4 4 3 0
4 4 4 0
4 4 5 0
4 4 6 0
4 4 7 0
4 4 8 0
4 4 9 0
4 4 10 0
4 4 11 0
4 4 12 0
4 4 13 0
4 4 14 0
4 4 15 0
4 4 16 0
4 4 17 0
4 4 18 0
4 4 19 0
4 5 0 6628
4 5 1 7837
4 5 2 5427
4 5 3 5932
4 5 4 0
4 5 5 0
4 5 6 5509
4 5 7 4243
4 5 8 7162
4 5 9 7353
4 5 10 5982
4 5 11 6434
4 5 12 3759
4 5 13 3427
4 5 14 6206
4 5 15 6719
4 5 16 8188
4 5 17 6191
4 5 18 7502
4 5 19 7391
4 6 0 6397
4 6 1 7902
4 6 2 6415
4 6 3 5775
4 6 4 0
4 6 5 6619
4 6 6 0
4 6 7 7119
4 6 8 8723
4 6 9 8109
4 6 10 8972
4 6 11 8885
4 6 12 4390
4 6 13 3998
4 6 14 4763
4 6 15 6035
4 6 16 6475
4 6 17 5003
4 6 18 4118
4 6 19 4378
4 7 0 8411
4 7 1 8971
4 7 2 6468
4 7 3 5666
4 7 4 0
4 7 5 1981
4 7 6 3949
4 7 7 0
4 7 8 770
4 7 9 1094
4 7 10 2939
4 7 11 3923
4 7 12 3378
4 7 13 2243
4 7 14 4454
4 7 15 2651
4 7 16 953
4 7 17 2020
4 7 18 1348
4 7 19 3400
4 8 0 1695
4 8 1 1185
4 8 2 3521
4 8 3 958
4 8 4 0
4 8 5 7366
4 8 6 4314
4 8 7 4368
4 8 8 0
4 8 9 5591
4 8 10 7110
4 8 11 6835
4 8 12 3519
4 8 13 5119
4 8 14 4095
4 8 15 4872
4 8 16 7210
4 8 17 4286
4 8 18 2834
4 8 19 7518
4 9 0 9206
4 9 1 5304
4 9 2 7066
4 9 3 7208
4 9 4 0
4 9 5 8367
4 9 6 3865
4 9 7 4454
4 9 8 6125
4 9 9 0
4 9 10 3460
4 9 11 3800
4 9 12 6317
4 9 13 6312
4 9 14 3526
4 9 15 6329
4 9 16 5918
4 9 17 3830
4 9 18 4599
4 9 19 6448
4 10 0 4558
4 10 1 3736
4 10 2 6841
4 10 3 7774
4 10 4 0
4 10 5 7700
4 10 6 6561
4 10 7 5526
4 10 8 4655
4 10 9 5397
4 10 10 0
4 10 11 4421
4 10 12 4555
4 10 13 4427
4 10 14 7220
4 10 15 6667
4 10 16 6358
4 10 17 5550
4 10 18 6060
4 10 19 6020
4 11 0 1038
4 11 1 1809
4 11 2 5161
4 11 3 1581
4 11 4 0
4 11 5 4932
4 11 6 3286
4 11 7 2657
4 11 8 2487
4 11 9 6093
4 11 10 1651
4 11 11 0
4 11 12 3814
4 11 13 5355
4 11 14 3740
4 11 15 4742
4 11 16 3508
4 11 17 6245
4 11 18 3771
4 11 19 4338
4 12 0 1048
4 12 1 1464
4 12 2 2294
4 12 3 3007
4 12 4 0
4 12 5 5651
4 12 6 6449
4 12 7 7397
4 12 8 4651
4 12 9 8219
4 12 10 7164
4 12 11 9417
4 12 12 0
4 12 13 8062
4 12 14 8185
4 12 15 5359
4 12 16 6130
4 12 17 7291
4 12 18 9548
4 12 19 5356
4 13 0 3979
4 13 1 3913
4 13 2 5595
4 13 3 2706
4 13 4 0
4 13 5 1568
4 13 6 3083
4 13 7 5263
4 13 8 5093
4 13 9 3939
4 13 10 1359
4 13 11 5457
4 13 12 4671
4 13 13 0
4 13 14 1403
4 13 15 3967
4 13 16 2996
4 13 17 4706
4 13 18 5545
4 13 19 1117
4 14 0 6059
4 14 1 1577
4 14 2 3654
4 14 3 3067
4 14 4 0
4 14 5 974
4 14 6 3226
4 14 7 5252
4 14 8 3527
4 14 9 3947
4 14 10 3622
4 14 11 1978
4 14 12 4405
4 14 13 3461
4 14 14 0
4 14 15 5613
4 14 16 4425
4 14 17 5730
4 14 18 4993
4 14 19 2783
4 15 0 1816
4 15 1 3988
4 15 2 3153
4 15 3 5822
4 15 4 0
4 15 5 8300
4 15 6 7023
4 15 7 8053
4 15 8 5037
4 15 9 4603
4 15 10 4589
4 15 11 5084
4 15 12 8510
4 15 13 8214
4 15 14 6474
4 15 15 0
4 15 16 8343
4 15 17 8643
4 15 18 7899
4 15 19 5219
4 16 0 4140
4 16 1 5143
4 16 2 1835
4 16 3 2941
4 16 4 0
4 16 5 5233
4 16 6 2086
4 16 7 1832
4 16 8 3187
4 16 9 5023
4 16 10 1744
4 16 11 1491
4 16 12 1115
4 16 13 4429
4 16 14 4696
4 16 15 4907
4 16 16 0
4 16 17 2094
4 16 18 4937
4 16 19 5291
4 17 0 3563
4 17 1 3747
4 17 2 5910
4 17 3 4582
4 17 4 0
4 17 5 3394
4 17 6 3092
4 17 7 6785
4 17 8 2661
4 17 9 5106
4 17 10 4995
4 17 11 3393
4 17 12 6932
4 17 13 7303
4 17 14 6638
4 17 15 5892
4 17 16 3653
4 17 17 0
4 17 18 3948
4 17 19 3684
4 18 0 4934
4 18 1 4544
4 18 2 4650
4 18 3 3848
4 18 4 0
4 18 5 4465
4 18 6 1650
4 18 7 2550
4 18 8 5789
4 18 9 2195
4 18 10 3884
4 18 11 6065
4 18 12 5695
4 18 13 1978
4 18 14 3238
4 18 15 1831
4 18 16 6148
4 18 17 4491
4 18 18 0
4 18 19 2684
4 19 0 7491
4 19 1 7945
4 19 2 7457
4 19 3 5629
4 19 4 0
4 19 5 2990
4 19 6 1632
4 19 7 2388
4 19 8 1897
4 19 9 1143
4 19 10 1820
4 19 11 1331
4 19 12 4973
4 19 13 3930
4 19 14 3340
4 19 15 4542
4 19 16 916
4 19 17 4743
4 19 18 3276
4 19 19 0
5 0 0 0
5 0 1 6305
5 0 2 8486
5 0 3 5420
5 0 4 6101
5 0 5 0
5 0 6 6397
5 0 7 7927
5 0 8 5908
5 0 9 9271
5 0 10 5397
5 0 11 4458
5 0 12 4949
5 0 13 6860
5 0 14 9351
5 0 15 5180
5 0 16 7706
5 0 17 5941
5 0 18 6893
5 0 19 8776
5 1 0 5524
5 1 1 0
5 1 2 7941
5 1 3 7038
5 1 4 8957
5 1 5 0
5 1 6 8022
5 1 7 8607
5 1 8 5518
5 1 9 5489
5 1 10 4695
5 1 11 5349
5 1 12 5485
5 1 13 6914
5 1 14 4989
5 1 15 7472
5 1 16 8829
5 1 17 6245
5 1 18 6623
5 1 19 9350
5 2 0 2946
5 2 1 5450
5 2 2 0
5 2 3 3165
5 2 4 5861
5 2 5 0
5 2 6 3863
5 2 7 3432
5 2 8 5182
5 2 9 4579
5 2 10 5128
5 2 11 6029
5 2 12 3643
5 2 13 5924
5 2 14 4394
5 2 15 3965
5 2 16 2849
5 2 17 5736
5 2 18 4057
5 2 19 6190
5 3 0 5084
5 3 1 5302
5 3 2 4029
5 3 3 0
5 3 4 5685
5 3 5 0
5 3 6 1830
5 3 7 1237
5 3 8 1226
5 3 9 3328
5 3 10 4668
5 3 11 1056
5 3 12 2963
5 3 13 1642
5 3 14 2414
5 3 15 5241
5 3 16 2562
5 3 17 3015
5 3 18 1862
5 3 19 2969
5 4 0 6375
5 4 1 4780
5 4 2 6259
5 4 3 8051
5 4 4 0
5 4 5 0
5 4 6 7039
5 4 7 3352
5 4 8 5583
5 4 9 6470
5 4 10 5913
5 4 11 4502
5 4 12 7606
5 4 13 3844
5 4 14 3880
5 4 15 7496
5 4 16 3749
5 4 17 5656
5 4 18 4218
5 4 19 3067
5 5 0 0
5 5 1 0
5 5 2 0
5 5 3 0
5 5 4 0
5 5 5 0
5 5 6 0
5 5 7 0
5 5 8 0
5 5 9 0
5 5 10 0
5 5 11 0
5 5 12 0
5 5 13 0
5 5 14 0
5 5 15 0
5 5 16 0
5 5 17 0
5 5 18 0
5 5 19 0
5 6 0 4647
5 6 1 6152
5 6 2 4665
5 6 3 4025
5 6 4 6619
5 6 5 0
5 6 6 0
5 6 7 5351
5 6 8 6955
5 6 9 6341
5 6 10 7204
5 6 11 7117
5 6 12 2622
5 6 13 2230
5 6 14 2995
5 6 15 4267
5 6 16 4707
5 6 17 3235
5 6 18 2350
5 6 19 2610
5 7 0 5226
5 7 1 5786
5 7 2 3283
5 7 3 2481
5 7 4 1981
5 7 5 0
5 7 6 4602
5 7 7 0
5 7 8 1423
5 7 9 1747
5 7 10 3592
5 7 11 4576
5 7 12 4031
5 7 13 2896
5 7 14 5107
5 7 15 3304
5 7 16 1606
5 7 17 2673
5 7 18 2001
5 7 19 4053
5 8 0 6361
5 8 1 5851
5 8 2 8187
5 8 3 5624
5 8 4 7366
5 8 5 0
5 8 6 5655
5 8 7 5709
5 8 8 0
5 8 9 6932
5 8 10 8451
5 8 11 8176
5 8 12 4860
5 8 13 6460
5 8 14 5436
5 8 15 6213
5 8 16 8551
5 8 17 5627
5 8 18 4175
5 8 19 8859
5 9 0 9838
5 9 1 5936
5 9 2 7698
5 9 3 7840
5 9 4 8367
5 9 5 0
5 9 6 4510
5 9 7 5099
5 9 8 6770
5 9 9 0
5 9 10 4105
5 9 11 4445
5 9 12 6962
5 9 13 6957
5 9 14 4171
5 9 15 6974
5 9 16 6563
5 9 17 4475
5 9 18 5244
5 9 19 7093
5 10 0 5854
5 10 1 5032
5 10 2 8137
5 10 3 9070
5 10 4 7700
5 10 5 0
5 10 6 6392
5 10 7 5357
5 10 8 4486
5 10 9 5228
5 10 10 0
5 10 11 4252
5 10 12 4386
5 10 13 4258
5 10 14 7051
5 10 15 6498
5 10 16 6189
5 10 17 5381
5 10 18 5891
5 10 19 5851
5 11 0 3558
5 11 1 4329
5 11 2 7681
5 11 3 4101
5 11 4 4932
5 11 5 0
5 11 6 4980
5 11 7 4351
5 11 8 4181
5 11 9 7787
5 11 10 3345
5 11 11 0
5 11 12 5508
5 11 13 7049
5 11 14 5434
5 11 15 6436
5 11 16 5202
5 11 17 7939
5 11 18 5465
5 11 19 6032
5 12 0 1664
5 12 1 2080
5 12 2 2910
5 12 3 3623
5 12 4 5651
5 12 5 0
5 12 6 2364
5 12 7 3312
5 12 8 566
5 12 9 4134
5 12 10 3079
5 12 11 5332
5 12 12 0
5 12 13 3977
5 12 14 4100
5 12 15 1274
5 12 16 2045
5 12 17 3206
5 12 18 5463
5 12 19 1271
5 13 0 3254
5 13 1 3188
5 13 2 4870
5 13 3 1981
5 13 4 1568
5 13 5 0
5 13 6 2428
5 13 7 4608
5 13 8 4438
5 13 9 3284
5 13 10 704
5 13 11 4802
5 13 12 4016
5 13 13 0
5 13 14 748
5 13 15 3312
5 13 16 2341
5 13 17 4051
5 13 18 4890
5 13 19 462
5 14 0 5115
5 14 1 633
5 14 2 2710
5 14 3 2123
5 14 4 974
5 14 5 0
5 14 6 5314
5 14 7 7340
5 14 8 5615
5 14 9 6035
5 14 10 5710
5 14 11 4066
5 14 12 6493
5 14 13 5549
5 14 14 0
5 14 15 7701
5 14 16 6513
5 14 17 7818
5 14 18 7081
5 14 19 4871
5 15 0 4654
5 15 1 6826
5 15 2 5991
5 15 3 8660
5 15 4 8300
5 15 5 0
5 15 6 6008
5 15 7 7038
5 15 8 4022
5 15 9 3588
5 15 10 3574
5 15 11 4069
5 15 12 7495
5 15 13 7199
5 15 14 5459
5 15 15 0
5 15 16 7328
5 15 17 7628
5 15 18 6884
5 15 19 4204
5 16 0 7860
5 16 1 8863
5 16 2 5555
5 16 3 6661
5 16 4 5233
5 16 5 0
5 16 6 6287
5 16 7 6033
5 16 8 7388
5 16 9 9224
5 16 10 5945
5 16 11 5692
5 16 12 5316
5 16 13 8630
5 16 14 8897
5 16 15 9108
5 16 16 0
5 16 17 6295
5 16 18 9138
5 16 19 9492
5 17 0 2349
5 17 1 2533
5 17 2 4696
5 17 3 3368
5 17 4 3394
5 17 5 0
5 17 6 3389
5 17 7 7082
5 17 8 2958
5 17 9 5403
5 17 10 5292
5 17 11 3690
5 17 12 7229
5 17 13 7600
5 17 14 6935
5 17 15 6189
5 17 16 3950
5 17 17 0
5 17 18 4245
5 17 19 3981
5 18 0 5810
5 18 1 5420
5 18 2 5526
5 18 3 4724
5 18 4 4465
5 18 5 0
5 18 6 4696
5 18 7 5596
5 18 8 8835
5 18 9 5241
5 18 10 6930
5 18 11 9111
5 18 12 8741
5 18 13 5024
5 18 14 6284
5 18 15 4877
5 18 16 9194
5 18 17 7537
5 18 18 0
5 18 19 5730
5 19 0 7369
5 19 1 7823
5 19 2 7335
5 19 3 5507
5 19 4 2990
5 19 5 0
5 19 6 5718
5 19 7 6474
5 19 8 5983
5 19 9 5229
5 19 10 5906
5 19 11 5417
5 19 12 9059
5 19 13 8016
5 19 14 7426
5 19 15 8628
5 19 16 5002
5 19 17 8829
5 19 18 7362
5 19 19 0
6 0 0 0
6 0 1 4744
6 0 2 6925
6 0 3 3859
6 0 4 4540
6 0 5 6397
6 0 6 0
6 0 7 7328
6 0 8 5309
6 0 9 8672
6 0 10 4798
6 0 11 3859
6 0 12 4350
6 0 13 6261
6 0 14 8752
6 0 15 4581
6 0 16 7107
6 0 17 5342
6 0 18 6294
6 0 19 8177
6 1 0 4259
6 1 1 0
6 1 2 6676
6 1 3 5773
6 1 4 7692
6 1 5 8022
6 1 6 0
6 1 7 5495
6 1 8 2406
6 1 9 2377
6 1 10 1583
6 1 11 2237
6 1 12 2373
6 1 13 3802
6 1 14 1877
6 1 15 4360
6 1 16 5717
6 1 17 3133
6 1 18 3511
6 1 19 6238
6 2 0 2604
6 2 1 5108
6 2 2 0
6 2 3 2823
6 2 4 5519
6 2 5 3863
6 2 6 0
6 2 7 6522
6 2 8 8272
6 2 9 7669
6 2 10 8218
6 2 11 9119
6 2 12 6733
6 2 13 9014
6 2 14 7484
6 2 15 7055
6 2 16 5939
6 2 17 8826
6 2 18 7147
6 2 19 9280
6 3 0 3597
6 3 1 3815
6 3 2 2542
6 3 3 0
6 3 4 4198
6 3 5 1830
6 3 6 0
6 3 7 1412
6 3 8 1401
6 3 9 3503
6 3 10 4843
6 3 11 1231
6 3 12 3138
6 3 13 1817
6 3 14 2589
6 3 15 5416
6 3 16 2737
6 3 17 3190
6 3 18 2037
6 3 19 3144
6 4 0 7070
6 4 1 5475
6 4 2 6954
6 4 3 8746
6 4 4 0
6 4 5 7039
6 4 6 0
6 4 7 4682
6 4 8 6913
6 4 9 7800
6 4 10 7243
6 4 11 5832
6 4 12 8936
6 4 13 5174
6 4 14 5210
6 4 15 8826
6 4 16 5079
6 4 17 6986
6 4 18 5548
6 4 19 4397
6 5 0 5793
6 5 1 7002
6 5 2 4592
6 5 3 5097
6 5 4 5509
6 5 5 0
6 5 6 0
6 5 7 3585
6 5 8 6504
6 5 9 6695
6 5 10 5324
6 5 11 5776
6 5 12 3101
6 5 13 2769
6 5 14 5548
6 5 15 6061
6 5 16 7530
6 5 17 5533
6 5 18 6844
6 5 19 6733
6 6 0 0
6 6 1 0
6 6 2 0
6 6 3 0
6 6 4 0
6 6 5 0
6 6 6 0
6 6 7 0
6 6 8 0
6 6 9 0
6 6 10 0
6 6 11 0
6 6 12 0
6 6 13 0
6 6 14 0
6 6 15 0
6 6 16 0
6 6 17 0
6 6 18 0
6 6 19 0
6 7 0 7194
6 7 1 7754
6 7 2 5251
6 7 3 4449
6 7 4 3949
6 7 5 4602
6 7 6 0
6 7 7 0
6 7 8 3604
6 7 9 3928
6 7 10 5773
6 7 11 6757
6 7 12 6212
6 7 13 5077
6 7 14 7288
6 7 15 5485
6 7 16 3787
6 7 17 4854
6 7 18 4182
6 7 19 6234
6 8 0 3309
6 8 1 2799
6 8 2 5135
6 8 3 2572
6 8 4 4314
6 8 5 5655
6 8 6 0
6 8 7 6575
6 8 8 0
6 8 9 7798
6 8 10 9317
6 8 11 9042
6 8 12 5726
6 8 13 7326
6 8 14 6302
6 8 15 7079
6 8 16 9417
6 8 17 6493
6 8 18 5041
6 8 19 9725
6 9 0 5336
6 9 1 1434
6 9 2 3196
6 9 3 3338
6 9 4 3865
6 9 5 4510
6 9 6 0
6 9 7 5160
6 9 8 6831
6 9 9 0
6 9 10 4166
6 9 11 4506
6 9 12 7023
6 9 13 7018
6 9 14 4232
6 9 15 7035
6 9 16 6624
6 9 17 4536
6 9 18 5305
6 9 19 7154
6 10 0 4715
6 10 1 3893
6 10 2 6998
6 10 3 7931
6 10 4 6561
6 10 5 6392
6 10 6 0
6 10 7 7652
6 10 8 6781
6 10 9 7523
6 10 10 0
6 10 11 6547
6 10 12 6681
6 10 13 6553
6 10 14 9346
6 10 15 8793
6 10 16 8484
6 10 17 7676
6 10 18 8186
6 10 19 8146
6 11 0 1912
6 11 1 2683
6 11 2 6035
6 11 3 2455
6 11 4 3286
6 11 5 4980
6 11 6 0
6 11 7 6107
6 11 8 5937
6 11 9 9543
6 11 10 5101
6 11 11 0
6 11 12 7264
6 11 13 8805
6 11 14 7190
6 11 15 8192
6 11 16 6958
6 11 17 9695
6 11 18 7221
6 11 19 7788
6 12 0 2462
6 12 1 2878
6 12 2 3708
6 12 3 4421
6 12 4 6449
6 12 5 2364
6 12 6 0
6 12 7 3248
6 12 8 502
6 12 9 4070
6 12 10 3015
6 12 11 5268
6 12 12 0
6 12 13 3913
6 12 14 4036
6 12 15 1210
6 12 16 1981
6 12 17 3142
6 12 18 5399
6 12 19 1207
6 13 0 4769
6 13 1 4703
6 13 2 6385
6 13 3 3496
6 13 4 3083
6 13 5 2428
6 13 6 0
6 13 7 4484
6 13 8 4314
6 13 9 3160
6 13 10 580
6 13 11 4678
6 13 12 3892
6 13 13 0
6 13 14 624
6 13 15 3188
6 13 16 2217
6 13 17 3927
6 13 18 4766
6 13 19 338
6 14 0 7367
6 14 1 2885
6 14 2 4962
6 14 3 4375
6 14 4 3226
6 14 5 5314
6 14 6 0
6 14 7 5202
6 14 8 3477
6 14 9 3897
6 14 10 3572
6 14 11 1928
6 14 12 4355
6 14 13 3411
6 14 14 0
6 14 15 5563
6 14 16 4375
6 14 17 5680
6 14 18 4943
6 14 19 2733
6 15 0 3377
6 15 1 5549
6 15 2 4714
6 15 3 7383
6 15 4 7023
6 15 5 6008
6 15 6 0
6 15 7 5659
6 15 8 2643
6 15 9 2209
6 15 10 2195
6 15 11 2690
6 15 12 6116
6 15 13 5820
6 15 14 4080
6 15 15 0
6 15 16 5949
6 15 17 6249
6 15 18 5505
6 15 19 2825
6 16 0 4713
6 16 1 5716
6 16 2 2408
6 16 3 3514
6 16 4 2086
6 16 5 6287
6 16 6 0
6 16 7 3625
6 16 8 4980
6 16 9 6816
6 16 10 3537
6 16 11 3284
6 16 12 2908
6 16 13 6222
6 16 14 6489
6 16 15 6700
6 16 16 0
6 16 17 3887
6 16 18 6730
6 16 19 7084
6 17 0 2047
6 17 1 2231
6 17 2 4394
6 17 3 3066
6 17 4 3092
6 17 5 3389
6 17 6 0
6 17 7 5199
6 17 8 1075
6 17 9 3520
6 17 10 3409
6 17 11 1807
6 17 12 5346
6 17 13 5717
6 17 14 5052
6 17 15 4306
6 17 16 2067
6 17 17 0
6 17 18 2362
6 17 19 2098
6 18 0 2995
6 18 1 2605
6 18 2 2711
6 18 3 1909
6 18 4 1650
6 18 5 4696
6 18 6 0
6 18 7 1517
6 18 8 4756
6 18 9 1162
6 18 10 2851
6 18 11 5032
6 18 12 4662
6 18 13 945
6 18 14 2205
6 18 15 798
6 18 16 5115
6 18 17 3458
6 18 18 0
6 18 19 1651
6 19 0 6011
6 19 1 6465
6 19 2 5977
6 19 3 4149
6 19 4 1632
6 19 5 5718
6 19 6 0
6 19 7 2766
6 19 8 2275
6 19 9 1521
6 19 10 2198
6 19 11 1709
6 19 12 5351
6 19 13 4308
6 19 14 3718
6 19 15 4920
6 19 16 1294
6 19 17 5121
6 19 18 3654
6 19 19 0
7 0 0 0
7 0 1 6274
7 0 2 8455
7 0 3 5389
7 0 4 6070
7 0 5 7927
7 0 6 7328
7 0 7 0
7 0 8 5753
7 0 9 9116
7 0 10 5242
7 0 11 4303
7 0 12 4794
7 0 13 6705
7 0 14 9196
7 0 15 5025
7 0 16 7551
7 0 17 5786
7 0 18 6738
7 0 19 8621
7 1 0 4844
7 1 1 0
7 1 2 7261
7 1 3 6358
7 1 4 8277
7 1 5 8607
7 1 6 5495
7 1 7 0
7 1 8 2295
7 1 9 2266
7 1 10 1472
7 1 11 2126
7 1 12 2262
7 1 13 3691
7 1 14 1766
7 1 15 4249
7 1 16 5606
7 1 17 3022
7 1 18 3400
7 1 19 6127
7 2 0 2173
7 2 1 4677
7 2 2 0
7 2 3 2392
7 2 4 5088
7 2 5 3432
7 2 6 6522
7 2 7 0
7 2 8 8345
7 2 9 7742
7 2 10 8291
7 2 11 9192
7 2 12 6806
7 2 13 9087
7 2 14 7557
7 2 15 7128
7 2 16 6012
7 2 17 8899
7 2 18 7220
7 2 19 9353
7 3 0 3004
7 3 1 3222
7 3 2 1949
7 3 3 0
7 3 4 3605
7 3 5 1237
7 3 6 1412
7 3 7 0
7 3 8 4314
7 3 9 6416
7 3 10 7756
7 3 11 4144
7 3 12 6051
7 3 13 4730
7 3 14 5502
7 3 15 8329
7 3 16 5650
7 3 17 6103
7 3 18 4950
7 3 19 6057
7 4 0 3383
7 4 1 1788
7 4 2 3267
7 4 3 5059
7 4 4 0
7 4 5 3352
7 4 6 4682
7 4 7 0
7 4 8 7397
7 4 9 8284
7 4 10 7727
7 4 11 6316
7 4 12 9420
7 4 13 5658
7 4 14 5694
7 4 15 9310
7 4 16 5563
7 4 17 7470
7 4 18 6032
7 4 19 4881
7 5 0 4527
7 5 1 5736
7 5 2 3326
7 5 3 3831
7 5 4 4243
7 5 5 0
7 5 6 3585
7 5 7 0
7 5 8 5553
7 5 9 5744
7 5 10 4373
7 5 11 4825
7 5 12 2150
7 5 13 1818
7 5 14 4597
7 5 15 5110
7 5 16 6579
7 5 17 4582
7 5 18 5893
7 5 19 5782
7 6 0 5147
7 6 1 6652
7 6 2 5165
7 6 3 4525
7 6 4 7119
7 6 5 5351
7 6 6 0
7 6 7 0
7 6 8 8387
7 6 9 7773
7 6 10 8636
7 6 11 8549
7 6 12 4054
7 6 13 3662
7 6 14 4427
7 6 15 5699
7 6 16 6139
7 6 17 4667
7 6 18 3782
7 6 19 4042
7 7 0 0
7 7 1 0
7 7 2 0
7 7 3 0
7 7 4 0
7 7 5 0
7 7 6 0
7 7 7 0
7 7 8 0
7 7 9 0
7 7 10 0
7 7 11 0
7 7 12 0
7 7 13 0
7 7 14 0
7 7 15 0
7 7 16 0
7 7 17 0
7 7 18 0
7 7 19 0
7 8 0 3363
7 8 1 2853
7 8 2 5189
7 8 3 2626
7 8 4 4368
7 8 5 5709
7 8 6 6575
7 8 7 0
7 8 8 0
7 8 9 3532
7 8 10 5051
7 8 11 4776
7 8 12 1460
7 8 13 3060
7 8 14 2036
7 8 15 2813
7 8 16 5151
7 8 17 2227
7 8 18 775
7 8 19 5459
7 9 0 5925
7 9 1 2023
7 9 2 3785
7 9 3 3927
7 9 4 4454
7 9 5 5099
7 9 6 5160
7 9 7 0
7 9 8 3503
7 9 9 0
7 9 10 838
7 9 11 1178
7 9 12 3695
7 9 13 3690
7 9 14 904
7 9 15 3707
7 9 16 3296
7 9 17 1208
7 9 18 1977
7 9 19 3826
7 10 0 3680
7 10 1 2858
7 10 2 5963
7 10 3 6896
7 10 4 5526
7 10 5 5357
7 10 6 7652
7 10 7 0
7 10 8 4435
7 10 9 5177
7 10 10 0
7 10 11 4201
7 10 12 4335
7 10 13 4207
7 10 14 7000
7 10 15 6447
7 10 16 6138
7 10 17 5330
7 10 18 5840
7 10 19 5800
7 11 0 1283
7 11 1 2054
7 11 2 5406
7 11 3 1826
7 11 4 2657
7 11 5 4351
7 11 6 6107
7 11 7 0
7 11 8 4662
7 11 9 8268
7 11 10 3826
7 11 11 0
7 11 12 5989
7 11 13 7530
7 11 14 5915
7 11 15 6917
7 11 16 5683
7 11 17 8420
7 11 18 5946
7 11 19 6513
7 12 0 3410
7 12 1 3826
7 12 2 4656
7 12 3 5369
7 12 4 7397
7 12 5 3312
7 12 6 3248
7 12 7 0
7 12 8 3177
7 12 9 6745
7 12 10 5690
7 12 11 7943
7 12 12 0
7 12 13 6588
7 12 14 6711
7 12 15 3885
7 12 16 4656
7 12 17 5817
7 12 18 8074
7 12 19 3882
7 13 0 6949
7 13 1 6883
7 13 2 8565
7 13 3 5676
7 13 4 5263
7 13 5 4608
7 13 6 4484
7 13 7 0
7 13 8 6246
7 13 9 5092
7 13 10 2512
7 13 11 6610
7 13 12 5824
7 13 13 0
7 13 14 2556
7 13 15 5120
7 13 16 4149
7 13 17 5859
7 13 18 6698
7 13 19 2270
7 14 0 9393
7 14 1 4911
7 14 2 6988
7 14 3 6401
7 14 4 5252
7 14 5 7340
7 14 6 5202
7 14 7 0
7 14 8 6855
7 14 9 7275
7 14 10 6950
7 14 11 5306
7 14 12 7733
7 14 13 6789
7 14 14 0
7 14 15 8941
7 14 16 7753
7 14 17 9058
7 14 18 8321
7 14 19 6111
7 15 0 4407
7 15 1 6579
7 15 2 5744
7 15 3 8413
7 15 4 8053
7 15 5 7038
7 15 6 5659
7 15 7 0
7 15 8 2946
7 15 9 2512
7 15 10 2498
7 15 11 2993
7 15 12 6419
7 15 13 6123
7 15 14 4383
7 15 15 0
7 15 16 6252
7 15 17 6552
7 15 18 5808
7 15 19 3128
7 16 0 4459
7 16 1 5462
7 16 2 2154
7 16 3 3260
7 16 4 1832
7 16 5 6033
7 16 6 3625
7 16 7 0
7 16 8 3145
7 16 9 4981
7 16 10 1702
7 16 11 1449
7 16 12 1073
7 16 13 4387
7 16 14 4654
7 16 15 4865
7 16 16 0
7 16 17 2052
7 16 18 4895
7 16 19 5249
7 17 0 5740
7 17 1 5924
7 17 2 8087
7 17 3 6759
7 17 4 6785
7 17 5 7082
7 17 6 5199
7 17 7 0
7 17 8 1779
7 17 9 4224
7 17 10 4113
7 17 11 2511
7 17 12 6050
7 17 13 6421
7 17 14 5756
7 17 15 5010
7 17 16 2771
7 17 17 0
7 17 18 3066
7 17 19 2802
7 18 0 3895
7 18 1 3505
7 18 2 3611
7 18 3 2809
7 18 4 2550
7 18 5 5596
7 18 6 1517
7 18 7 0
7 18 8 5673
7 18 9 2079
7 18 10 3768
7 18 11 5949
7 18 12 5579
7 18 13 1862
7 18 14 3122
7 18 15 1715
7 18 16 6032
7 18 17 4375
7 18 18 0
7 18 19 2568
7 19 0 6767
7 19 1 7221
7 19 2 6733
7 19 3 4905
7 19 4 2388
7 19 5 6474
7 19 6 2766
7 19 7 0
7 19 8 4984
7 19 9 4230
7 19 10 4907
7 19 11 4418
7 19 12 8060
7 19 13 7017
7 19 14 6427
7 19 15 7629
7 19 16 4003
7 19 17 7830
7 19 18 6363
7 19 19 0
8 0 0 0
8 0 1 4255
8 0 2 6436
8 0 3 3370
8 0 4 4051
8 0 5 5908
8 0 6 5309
8 0 7 5753
8 0 8 0
8 0 9 5671
8 0 10 1797
8 0 11 858
8 0 12 1349
8 0 13 3260
8 0 14 5751
8 0 15 1580
8 0 16 4106
8 0 17 2341
8 0 18 3293
8 0 19 5176
8 1 0 1755
8 1 1 0
8 1 2 4172
8 1 3 3269
8 1 4 5188
8 1 5 5518
8 1 6 2406
8 1 7 2295
8 1 8 0
8 1 9 5011
8 1 10 4217
8 1 11 4871
8 1 12 5007
8 1 13 6436
8 1 14 4511
8 1 15 6994
8 1 16 8351
8 1 17 5767
8 1 18 6145
8 1 19 8872
8 2 0 3923
8 2 1 6427
8 2 2 0
8 2 3 4142
8 2 4 6838
8 2 5 5182
8 2 6 8272
8 2 7 8345
8 2 8 0
8 2 9 2864
8 2 10 3413
8 2 11 4314
8 2 12 1928
8 2 13 4209
8 2 14 2679
8 2 15 2250
8 2 16 1134
8 2 17 4021
8 2 18 2342
8 2 19 4475
8 3 0 2993
8 3 1 3211
8 3 2 1938
8 3 3 0
8 3 4 3594
8 3 5 1226
8 3 6 1401
8 3 7 4314
8 3 8 0
8 3 9 6301
8 3 10 7641
8 3 11 4029
8 3 12 5936
8 3 13 4615
8 3 14 5387
8 3 15 8214
8 3 16 5535
8 3 17 5988
8 3 18 4835
8 3 19 5942
8 4 0 5614
8 4 1 4019
8 4 2 5498
8 4 3 7290
8 4 4 0
8 4 5 5583
8 4 6 6913
8 4 7 7397
8 4 8 0
8 4 9 3587
8 4 10 3030
8 4 11 1619
8 4 12 4723
8 4 13 961
8 4 14 997
8 4 15 4613
8 4 16 866
8 4 17 2773
8 4 18 1335
8 4 19 184
8 5 0 7446
8 5 1 8655
8 5 2 6245
8 5 3 6750
8 5 4 7162
8 5 5 0
8 5 6 6504
8 5 7 5553
8 5 8 0
8 5 9 8898
8 5 10 7527
8 5 11 7979
8 5 12 5304
8 5 13 4972
8 5 14 7751
8 5 15 8264
8 5 16 9733
8 5 17 7736
8 5 18 9047
8 5 19 8936
8 6 0 6751
8 6 1 8256
8 6 2 6769
8 6 3 6129
8 6 4 8723
8 6 5 6955
8 6 6 0
8 6 7 8387
8 6 8 0
8 6 9 5907
8 6 10 6770
8 6 11 6683
8 6 12 2188
8 6 13 1796
8 6 14 2561
8 6 15 3833
8 6 16 4273
8 6 17 2801
8 6 18 1916
8 6 19 2176
8 7 0 4015
8 7 1 4575
8 7 2 2072
8 7 3 1270
8 7 4 770
8 7 5 1423
8 7 6 3604
8 7 7 0
8 7 8 0
8 7 9 2633
8 7 10 4478
8 7 11 5462
8 7 12 4917
8 7 13 3782
8 7 14 5993
8 7 15 4190
8 7 16 2492
8 7 17 3559
8 7 18 2887
8 7 19 4939
8 8 0 0
8 8 1 0
8 8 2 0
8 8 3 0
8 8 4 0
8 8 5 0
8 8 6 0
8 8 7 0
8 8 8 0
8 8 9 0
8 8 10 0
8 8 11 0
8 8 12 0
8 8 13 0
8 8 14 0
8 8 15 0
8 8 16 0
8 8 17 0
8 8 18 0
8 8 19 0
8 9 0 7596
8 9 1 3694
8 9 2 5456
8 9 3 5598
8 9 4 6125
8 9 5 6770
8 9 6 6831
8 9 7 3503
8 9 8 0
8 9 9 0
8 9 10 3104
8 9 11 3444
8 9 12 5961
8 9 13 5956
8 9 14 3170
8 9 15 5973
8 9 16 5562
8 9 17 3474
8 9 18 4243
8 9 19 6092
8 10 0 2809
8 10 1 1987
8 10 2 5092
8 10 3 6025
8 10 4 4655
8 10 5 4486
8 10 6 6781
8 10 7 4435
8 10 8 0
8 10 9 7117
8 10 10 0
8 10 11 6141
8 10 12 6275
8 10 13 6147
8 10 14 8940
8 10 15 8387
8 10 16 8078
8 10 17 7270
8 10 18 7780
8 10 19 7740
8 11 0 1113
8 11 1 1884
8 11 2 5236
8 11 3 1656
8 11 4 2487
8 11 5 4181
8 11 6 5937
8 11 7 4662
8 11 8 0
8 11 9 8949
8 11 10 4507
8 11 11 0
8 11 12 6670
8 11 13 8211
8 11 14 6596
8 11 15 7598
8 11 16 6364
8 11 17 9101
8 11 18 6627
8 11 19 7194
8 12 0 664
8 12 1 1080
8 12 2 1910
8 12 3 2623
8 12 4 4651
8 12 5 566
8 12 6 502
8 12 7 3177
8 12 8 0
8 12 9 4655
8 12 10 3600
8 12 11 5853
8 12 12 0
8 12 13 4498
8 12 14 4621
8 12 15 1795
8 12 16 2566
8 12 17 3727
8 12 18 5984
8 12 19 1792
8 13 0 6779
8 13 1 6713
8 13 2 8395
8 13 3 5506
8 13 4 5093
8 13 5 4438
8 13 6 4314
8 13 7 6246
8 13 8 0
8 13 9 5737
8 13 10 3157
8 13 11 7255
8 13 12 6469
8 13 13 0
8 13 14 3201
8 13 15 5765
8 13 16 4794
8 13 17 6504
8 13 18 7343
8 13 19 2915
8 14 0 7668
8 14 1 3186
8 14 2 5263
8 14 3 4676
8 14 4 3527
8 14 5 5615
8 14 6 3477
8 14 7 6855
8 14 8 0
8 14 9 4685
8 14 10 4360
8 14 11 2716
8 14 12 5143
8 14 13 4199
8 14 14 0
8 14 15 6351
8 14 16 5163
8 14 17 6468
8 14 18 5731
8 14 19 3521
8 15 0 1391
8 15 1 3563
8 15 2 2728
8 15 3 5397
8 15 4 5037
8 15 5 4022
8 15 6 2643
8 15 7 2946
8 15 8 0
8 15 9 2502
8 15 10 2488
8 15 11 2983
8 15 12 6409
8 15 13 6113
8 15 14 4373
8 15 15 0
8 15 16 6242
8 15 17 6542
8 15 18 5798
8 15 19 3118
8 16 0 5814
8 16 1 6817
8 16 2 3509
8 16 3 4615
8 16 4 3187
8 16 5 7388
8 16 6 4980
8 16 7 3145
8 16 8 0
8 16 9 9007
8 16 10 5728
8 16 11 5475
8 16 12 5099
8 16 13 8413
8 16 14 8680
8 16 15 8891
8 16 16 0
8 16 17 6078
8 16 18 8921
8 16 19 9275
8 17 0 1616
8 17 1 1800
8 17 2 3963
8 17 3 2635
8 17 4 2661
8 17 5 2958
8 17 6 1075
8 17 7 1779
8 17 8 0
8 17 9 4259
8 17 10 4148
8 17 11 2546
8 17 12 6085
8 17 13 6456
8 17 14 5791
8 17 15 5045
8 17 16 2806
8 17 17 0
8 17 18 3101
8 17 19 2837
8 18 0 7134
8 18 1 6744
8 18 2 6850
8 18 3 6048
8 18 4 5789
8 18 5 8835
8 18 6 4756
8 18 7 5673
8 18 8 0
8 18 9 1334
8 18 10 3023
8 18 11 5204
8 18 12 4834
8 18 13 1117
8 18 14 2377
8 18 15 970
8 18 16 5287
8 18 17 3630
8 18 18 0
8 18 19 1823
8 19 0 6276
8 19 1 6730
8 19 2 6242
8 19 3 4414
8 19 4 1897
8 19 5 5983
8 19 6 2275
8 19 7 4984
8 19 8 0
8 19 9 6117
8 19 10 6794
8 19 11 6305
8 19 12 9947
8 19 13 8904
8 19 14 8314
8 19 15 9516
8 19 16 5890
8 19 17 9717
8 19 18 8250
8 19 19 0
9 0 0 0
9 0 1 7618
9 0 2 9799
9 0 3 6733
9 0 4 7414
9 0 5 9271
9 0 6 8672
9 0 7 9116
9 0 8 5671
9 0 9 0
9 0 10 1820
9 0 11 881
9 0 12 1372
9 0 13 3283
9 0 14 5774
9 0 15 1603
9 0 16 4129
9 0 17 2364
9 0 18 3316
9 0 19 5199
9 1 0 1726
9 1 1 0
9 1 2 4143
9 1 3 3240
9 1 4 5159
9 1 5 5489
9 1 6 2377
9 1 7 2266
9 1 8 5011
9 1 9 0
9 1 10 1153
9 1 11 1807
9 1 12 1943
9 1 13 3372
9 1 14 1447
9 1 15 3930
9 1 16 5287
9 1 17 2703
9 1 18 3081
9 1 19 5808
9 2 0 3320
9 2 1 5824
9 2 2 0
9 2 3 3539
9 2 4 6235
9 2 5 4579
9 2 6 7669
9 2 7 7742
9 2 8 2864
9 2 9 0
9 2 10 4679
9 2 11 5580
9 2 12 3194
9 2 13 5475
9 2 14 3945
9 2 15 3516
9 2 16 2400
9 2 17 5287
9 2 18 3608
9 2 19 5741
9 3 0 5095
9 3 1 5313
9 3 2 4040
9 3 3 0
9 3 4 5696
9 3 5 3328
9 3 6 3503
9 3 7 6416
9 3 8 6301
9 3 9 0
9 3 10 6128
9 3 11 2516
9 3 12 4423
9 3 13 3102
9 3 14 3874
9 3 15 6701
9 3 16 4022
9 3 17 4475
9 3 18 3322
9 3 19 4429
9 4 0 6501
9 4 1 4906
9 4 2 6385
9 4 3 8177
9 4 4 0
9 4 5 6470
9 4 6 7800
9 4 7 8284
9 4 8 3587
9 4 9 0
9 4 10 7178
9 4 11 5767
9 4 12 8871
9 4 13 5109
9 4 14 5145
9 4 15 8761
9 4 16 5014
9 4 17 6921
9 4 18 5483
9 4 19 4332
9 5 0 7637
9 5 1 8846
9 5 2 6436
9 5 3 6941
9 5 4 7353
9 5 5 0
9 5 6 6695
9 5 7 5744
9 5 8 8898
9 5 9 0
9 5 10 7641
9 5 11 8093
9 5 12 5418
9 5 13 5086
9 5 14 7865
9 5 15 8378
9 5 16 9847
9 5 17 7850
9 5 18 9161
9 5 19 9050
9 6 0 6137
9 6 1 7642
9 6 2 6155
9 6 3 5515
9 6 4 8109
9 6 5 6341
9 6 6 0
9 6 7 7773
9 6 8 5907
9 6 9 0
9 6 10 5434
9 6 11 5347
9 6 12 852
9 6 13 460
9 6 14 1225
9 6 15 2497
9 6 16 2937
9 6 17 1465
9 6 18 580
9 6 19 840
9 7 0 4339
9 7 1 4899
9 7 2 2396
9 7 3 1594
9 7 4 1094
9 7 5 1747
9 7 6 3928
9 7 7 0
9 7 8 2633
9 7 9 0
9 7 10 3677
9 7 11 4661
9 7 12 4116
9 7 13 2981
9 7 14 5192
9 7 15 3389
9 7 16 1691
9 7 17 2758
9 7 18 2086
9 7 19 4138
9 8 0 4586
9 8 1 4076
9 8 2 6412
9 8 3 3849
9 8 4 5591
9 8 5 6932
9 8 6 7798
9 8 7 3532
9 8 8 0
9 8 9 0
9 8 10 7288
9 8 11 7013
9 8 12 3697
9 8 13 5297
9 8 14 4273
9 8 15 5050
9 8 16 7388
9 8 17 4464
9 8 18 3012
9 8 19 7696
9 9 0 0
9 9 1 0
9 9 2 0
9 9 3 0
9 9 4 0
9 9 5 0
9 9 6 0
9 9 7 0
9 9 8 0
9 9 9 0
9 9 10 0
9 9 11 0
9 9 12 0
9 9 13 0
9 9 14 0
9 9 15 0
9 9 16 0
9 9 17 0
9 9 18 0
9 9 19 0
9 10 0 3551
9 10 1 2729
9 10 2 5834
9 10 3 6767
9 10 4 5397
9 10 5 5228
9 10 6 7523
9 10 7 5177
9 10 8 7117
9 10 9 0
9 10 10 0
9 10 11 1604
9 10 12 1738
9 10 13 1610
9 10 14 4403
9 10 15 3850
9 10 16 3541
9 10 17 2733
9 10 18 3243
9 10 19 3203
9 11 0 4719
9 11 1 5490
9 11 2 8842
9 11 3 5262
9 11 4 6093
9 11 5 7787
9 11 6 9543
9 11 7 8268
9 11 8 8949
9 11 9 0
9 11 10 585
9 11 11 0
9 11 12 2748
9 11 13 4289
9 11 14 2674
9 11 15 3676
9 11 16 2442
9 11 17 5179
9 11 18 2705
9 11 19 3272
9 12 0 4232
9 12 1 4648
9 12 2 5478
9 12 3 6191
9 12 4 8219
9 12 5 4134
9 12 6 4070
9 12 7 6745
9 12 8 4655
9 12 9 0
9 12 10 5511
9 12 11 7764
9 12 12 0
9 12 13 6409
9 12 14 6532
9 12 15 3706
9 12 16 4477
9 12 17 5638
9 12 18 7895
9 12 19 3703
9 13 0 5625
9 13 1 5559
9 13 2 7241
9 13 3 4352
9 13 4 3939
9 13 5 3284
9 13 6 3160
9 13 7 5092
9 13 8 5737
9 13 9 0
9 13 10 3463
9 13 11 7561
9 13 12 6775
9 13 13 0
9 13 14 3507
9 13 15 6071
9 13 16 5100
9 13 17 6810
9 13 18 7649
9 13 19 3221
9 14 0 8088
9 14 1 3606
9 14 2 5683
9 14 3 5096
9 14 4 3947
9 14 5 6035
9 14 6 3897
9 14 7 7275
9 14 8 4685
9 14 9 0
9 14 10 2904
9 14 11 1260
9 14 12 3687
9 14 13 2743
9 14 14 0
9 14 15 4895
9 14 16 3707
9 14 17 5012
9 14 18 4275
9 14 19 2065
9 15 0 957
9 15 1 3129
9 15 2 2294
9 15 3 4963
9 15 4 4603
9 15 5 3588
9 15 6 2209
9 15 7 2512
9 15 8 2502
9 15 9 0
9 15 10 3058
9 15 11 3553
9 15 12 6979
9 15 13 6683
9 15 14 4943
9 15 15 0
9 15 16 6812
9 15 17 7112
9 15 18 6368
9 15 19 3688
9 16 0 7650
9 16 1 8653
9 16 2 5345
9 16 3 6451
9 16 4 5023
9 16 5 9224
9 16 6 6816
9 16 7 4981
9 16 8 9007
9 16 9 0
9 16 10 3549
9 16 11 3296
9 16 12 2920
9 16 13 6234
9 16 14 6501
9 16 15 6712
9 16 16 0
9 16 17 3899
9 16 18 6742
9 16 19 7096
9 17 0 4061
9 17 1 4245
9 17 2 6408
9 17 3 5080
9 17 4 5106
9 17 5 5403
9 17 6 3520
9 17 7 4224
9 17 8 4259
9 17 9 0
9 17 10 2805
9 17 11 1203
9 17 12 4742
9 17 13 5113
9 17 14 4448
9 17 15 3702
9 17 16 1463
9 17 17 0
9 17 18 1758
9 17 19 1494
9 18 0 3540
9 18 1 3150
9 18 2 3256
9 18 3 2454
9 18 4 2195
9 18 5 5241
9 18 6 1162
9 18 7 2079
9 18 8 1334
9 18 9 0
9 18 10 3901
9 18 11 6082
9 18 12 5712
9 18 13 1995
9 18 14 3255
9 18 15 1848
9 18 16 6165
9 18 17 4508
9 18 18 0
9 18 19 2701
9 19 0 5522
9 19 1 5976
9 19 2 5488
9 19 3 3660
9 19 4 1143
9 19 5 5229
9 19 6 1521
9 19 7 4230
9 19 8 6117
9 19 9 0
9 19 10 4837
9 19 11 4348
9 19 12 7990
9 19 13 6947
9 19 14 6357
9 19 15 7559
9 19 16 3933
9 19 17 7760
9 19 18 6293
9 19 19 0
10 0 0 0
10 0 1 3744
10 0 2 5925
10 0 3 2859
10 0 4 3540
10 0 5 5397
10 0 6 4798
10 0 7 5242
10 0 8 1797
10 0 9 1820
10 0 10 0
10 0 11 2005
10 0 12 2496
10 0 13 4407
10 0 14 6898
10 0 15 2727
10 0 16 5253
10 0 17 3488
10 0 18 4440
10 0 19 6323
10 1 0 932
10 1 1 0
10 1 2 3349
10 1 3 2446
10 1 4 4365
10 1 5 4695
10 1 6 1583
10 1 7 1472
10 1 8 4217
10 1 9 1153
10 1 10 0
10 1 11 2003
10 1 12 2139
10 1 13 3568
10 1 14 1643
10 1 15 4126
10 1 16 5483
10 1 17 2899
10 1 18 3277
10 1 19 6004
10 2 0 3869
10 2 1 6373
10 2 2 0
10 2 3 4088
10 2 4 6784
10 2 5 5128
10 2 6 8218
10 2 7 8291
10 2 8 3413
10 2 9 4679
10 2 10 0
10 2 11 7026
10 2 12 4640
10 2 13 6921
10 2 14 5391
10 2 15 4962
10 2 16 3846
10 2 17 6733
10 2 18 5054
10 2 19 7187
10 3 0 6435
10 3 1 6653
10 3 2 5380
10 3 3 0
10 3 4 7036
10 3 5 4668
10 3 6 4843
10 3 7 7756
10 3 8 7641
10 3 9 6128
10 3 10 0
10 3 11 3366
10 3 12 5273
10 3 13 3952
10 3 14 4724
10 3 15 7551
10 3 16 4872
10 3 17 5325
10 3 18 4172
10 3 19 5279
10 4 0 5944
10 4 1 4349
10 4 2 5828
10 4 3 7620
10 4 4 0
10 4 5 5913
10 4 6 7243
10 4 7 7727
10 4 8 3030
10 4 9 7178
10 4 10 0
10 4 11 4993
10 4 12 8097
10 4 13 4335
10 4 14 4371
10 4 15 7987
10 4 16 4240
10 4 17 6147
10 4 18 4709
10 4 19 3558
10 5 0 6266
10 5 1 7475
10 5 2 5065
10 5 3 5570
10 5 4 5982
10 5 5 0
10 5 6 5324
10 5 7 4373
10 5 8 7527
10 5 9 7641
10 5 10 0
10 5 11 7983
10 5 12 5308
10 5 13 4976
10 5 14 7755
10 5 15 8268
10 5 16 9737
10 5 17 7740
10 5 18 9051
10 5 19 8940
10 6 0 7000
10 6 1 8505
10 6 2 7018
10 6 3 6378
10 6 4 8972
10 6 5 7204
10 6 6 0
10 6 7 8636
10 6 8 6770
10 6 9 5434
10 6 10 0
10 6 11 8600
10 6 12 4105
10 6 13 3713
10 6 14 4478
10 6 15 5750
10 6 16 6190
10 6 17 4718
10 6 18 3833
10 6 19 4093
10 7 0 6184
10 7 1 6744
10 7 2 4241
10 7 3 3439
10 7 4 2939
10 7 5 3592
10 7 6 5773
10 7 7 0
10 7 8 4478
10 7 9 3677
10 7 10 0
10 7 11 6290
10 7 12 5745
10 7 13 4610
10 7 14 6821
10 7 15 5018
10 7 16 3320
10 7 17 4387
10 7 18 3715
10 7 19 5767
10 8 0 6105
10 8 1 5595
10 8 2 7931
10 8 3 5368
10 8 4 7110
10 8 5 8451
10 8 6 9317
10 8 7 5051
10 8 8 0
10 8 9 7288
10 8 10 0
10 8 11 6100
10 8 12 2784
10 8 13 4384
10 8 14 3360
10 8 15 4137
10 8 16 6475
10 8 17 3551
10 8 18 2099
10 8 19 6783
10 9 0 4931
10 9 1 1029
10 9 2 2791
10 9 3 2933
10 9 4 3460
10 9 5 4105
10 9 6 4166
10 9 7 838
10 9 8 3104
10 9 9 0
10 9 10 0
10 9 11 2920
10 9 12 5437
10 9 13 5432
10 9 14 2646
10 9 15 5449
10 9 16 5038
10 9 17 2950
10 9 18 3719
10 9 19 5568
10 10 0 0
10 10 1 0
10 10 2 0
10 10 3 0
10 10 4 0
10 10 5 0
10 10 6 0
10 10 7 0
10 10 8 0
10 10 9 0
10 10 10 0
10 10 11 0
10 10 12 0
10 10 13 0
10 10 14 0
10 10 15 0
10 10 16 0
10 10 17 0
10 10 18 0
10 10 19 0
10 11 0 277
10 11 1 1048
10 11 2 4400
10 11 3 820
10 11 4 1651
10 11 5 3345
10 11 6 5101
10 11 7 3826
10 11 8 4507
10 11 9 585
10 11 10 0
10 11 11 0
10 11 12 3926
10 11 13 5467
10 11 14 3852
10 11 15 4854
10 11 16 3620
10 11 17 6357
10 11 18 3883
10 11 19 4450
10 12 0 3177
10 12 1 3593
10 12 2 4423
10 12 3 5136
10 12 4 7164
10 12 5 3079
10 12 6 3015
10 12 7 5690
10 12 8 3600
10 12 9 5511
10 12 10 0
10 12 11 6559
10 12 12 0
10 12 13 5204
10 12 14 5327
10 12 15 2501
10 12 16 3272
10 12 17 4433
10 12 18 6690
10 12 19 2498
10 13 0 3045
10 13 1 2979
10 13 2 4661
10 13 3 1772
10 13 4 1359
10 13 5 704
10 13 6 580
10 13 7 2512
10 13 8 3157
10 13 9 3463
10 13 10 0
10 13 11 6233
10 13 12 5447
10 13 13 0
10 13 14 2179
10 13 15 4743
10 13 16 3772
10 13 17 5482
10 13 18 6321
10 13 19 1893
10 14 0 7763
10 14 1 3281
10 14 2 5358
10 14 3 4771
10 14 4 3622
10 14 5 5710
10 14 6 3572
10 14 7 6950
10 14 8 4360
10 14 9 2904
10 14 10 0
10 14 11 5511
10 14 12 7938
10 14 13 6994
10 14 14 0
10 14 15 9146
10 14 16 7958
10 14 17 9263
10 14 18 8526
10 14 19 6316
10 15 0 943
10 15 1 3115
10 15 2 2280
10 15 3 4949
10 15 4 4589
10 15 5 3574
10 15 6 2195
10 15 7 2498
10 15 8 2488
10 15 9 3058
10 15 10 0
10 15 11 4448
10 15 12 7874
10 15 13 7578
10 15 14 5838
10 15 15 0
10 15 16 7707
10 15 17 8007
10 15 18 7263
10 15 19 4583
10 16 0 4371
10 16 1 5374
10 16 2 2066
10 16 3 3172
10 16 4 1744
10 16 5 5945
10 16 6 3537
10 16 7 1702
10 16 8 5728
10 16 9 3549
10 16 10 0
10 16 11 4293
10 16 12 3917
10 16 13 7231
10 16 14 7498
10 16 15 7709
10 16 16 0
10 16 17 4896
10 16 18 7739
10 16 19 8093
10 17 0 3950
10 17 1 4134
10 17 2 6297
10 17 3 4969
10 17 4 4995
10 17 5 5292
10 17 6 3409
10 17 7 4113
10 17 8 4148
10 17 9 2805
10 17 10 0
10 17 11 3480
10 17 12 7019
10 17 13 7390
10 17 14 6725
10 17 15 5979
10 17 16 3740
10 17 17 0
10 17 18 4035
10 17 19 3771
10 18 0 5229
10 18 1 4839
10 18 2 4945
10 18 3 4143
10 18 4 3884
10 18 5 6930
10 18 6 2851
10 18 7 3768
10 18 8 3023
10 18 9 3901
10 18 10 0
10 18 11 8100
10 18 12 7730
10 18 13 4013
10 18 14 5273
10 18 15 3866
10 18 16 8183
10 18 17 6526
10 18 18 0
10 18 19 4719
10 19 0 6199
10 19 1 6653
10 19 2 6165
10 19 3 4337
10 19 4 1820
10 19 5 5906
10 19 6 2198
10 19 7 4907
10 19 8 6794
10 19 9 4837
10 19 10 0
10 19 11 4477
10 19 12 8119
10 19 13 7076
10 19 14 6486
10 19 15 7688
10 19 16 4062
10 19 17 7889
10 19 18 6422
10 19 19 0
11 0 0 0
11 0 1 2805
11 0 2 4986
11 0 3 1920
11 0 4 2601
11 0 5 4458
11 0 6 3859
11 0 7 4303
11 0 8 858
11 0 9 881
11 0 10 2005
11 0 11 0
11 0 12 576
11 0 13 2487
11 0 14 4978
11 0 15 807
11 0 16 3333
11 0 17 1568
11 0 18 2520
11 0 19 4403
11 1 0 1586
11 1 1 0
11 1 2 4003
11 1 3 3100
11 1 4 5019
11 1 5 5349
11 1 6 2237
11 1 7 2126
11 1 8 4871
11 1 9 1807
11 1 10 2003
11 1 11 0
11 1 12 1627
11 1 13 3056
11 1 14 1131
11 1 15 3614
11 1 16 4971
11 1 17 2387
11 1 18 2765
11 1 19 5492
11 2 0 4770
11 2 1 7274
11 2 2 0
11 2 3 4989
11 2 4 7685
11 2 5 6029
11 2 6 9119
11 2 7 9192
11 2 8 4314
11 2 9 5580
11 2 10 7026
11 2 11 0
11 2 12 6245
11 2 13 8526
11 2 14 6996
11 2 15 6567
11 2 16 5451
11 2 17 8338
11 2 18 6659
11 2 19 8792
11 3 0 2823
11 3 1 3041
11 3 2 1768
11 3 3 0
11 3 4 3424
11 3 5 1056
11 3 6 1231
11 3 7 4144
11 3 8 4029
11 3 9 2516
11 3 10 3366
11 3 11 0
11 3 12 6930
11 3 13 5609
11 3 14 6381
11 3 15 9208
11 3 16 6529
11 3 17 6982
11 3 18 5829
11 3 19 6936
11 4 0 4533
11 4 1 2938
11 4 2 4417
11 4 3 6209
11 4 4 0
11 4 5 4502
11 4 6 5832
11 4 7 6316
11 4 8 1619
11 4 9 5767
11 4 10 4993
11 4 11 0
11 4 12 5516
11 4 13 1754
11 4 14 1790
11 4 15 5406
11 4 16 1659
11 4 17 3566
11 4 18 2128
11 4 19 977
11 5 0 6718
11 5 1 7927
11 5 2 5517
11 5 3 6022
11 5 4 6434
11 5 5 0
11 5 6 5776
11 5 7 4825
11 5 8 7979
11 5 9 8093
11 5 10 7983
11 5 11 0
11 5 12 3951
11 5 13 3619
11 5 14 6398
11 5 15 6911
11 5 16 8380
11 5 17 6383
11 5 18 7694
11 5 19 7583
11 6 0 6913
11 6 1 8418
11 6 2 6931
11 6 3 6291
11 6 4 8885
11 6 5 7117
11 6 6 0
11 6 7 8549
11 6 8 6683
11 6 9 5347
11 6 10 8600
11 6 11 0
11 6 12 2241
11 6 13 1849
11 6 14 2614
11 6 15 3886
11 6 16 4326
11 6 17 2854
11 6 18 1969
11 6 19 2229
11 7 0 7168
11 7 1 7728
11 7 2 5225
11 7 3 4423
11 7 4 3923
11 7 5 4576
11 7 6 6757
11 7 7 0
11 7 8 5462
11 7 9 4661
11 7 10 6290
11 7 11 0
11 7 12 4287
11 7 13 3152
11 7 14 5363
11 7 15 3560
11 7 16 1862
11 7 17 2929
11 7 18 2257
11 7 19 4309
11 8 0 5830
11 8 1 5320
11 8 2 7656
11 8 3 5093
11 8 4 6835
11 8 5 8176
11 8 6 9042
11 8 7 4776
11 8 8 0
11 8 9 7013
11 8 10 6100
11 8 11 0
11 8 12 2027
11 8 13 3627
11 8 14 2603
11 8 15 3380
11 8 16 5718
11 8 17 2794
11 8 18 1342
11 8 19 6026
11 9 0 5271
11 9 1 1369
11 9 2 3131
11 9 3 3273
11 9 4 3800
11 9 5 4445
11 9 6 4506
11 9 7 1178
11 9 8 3444
11 9 9 0
11 9 10 2920
11 9 11 0
11 9 12 7544
11 9 13 7539
11 9 14 4753
11 9 15 7556
11 9 16 7145
11 9 17 5057
11 9 18 5826
11 9 19 7675
11 10 0 2575
11 10 1 1753
11 10 2 4858
11 10 3 5791
11 10 4 4421
11 10 5 4252
11 10 6 6547
11 10 7 4201
11 10 8 6141
11 10 9 1604
11 10 10 0
11 10 11 0
11 10 12 1897
11 10 13 1769
11 10 14 4562
11 10 15 4009
11 10 16 3700
11 10 17 2892
11 10 18 3402
11 10 19 3362
11 11 0 0
11 11 1 0
11 11 2 0
11 11 3 0
11 11 4 0
11 11 5 0
11 11 6 0
11 11 7 0
11 11 8 0
11 11 9 0
11 11 10 0
11 11 11 0
11 11 12 0
11 11 13 0
11 11 14 0
11 11 15 0
11 11 16 0
11 11 17 0
11 11 18 0
11 11 19 0
11 12 0 5430
11 12 1 5846
11 12 2 6676
11 12 3 7389
11 12 4 9417
11 12 5 5332
11 12 6 5268
11 12 7 7943
11 12 8 5853
11 12 9 7764
11 12 10 6559
11 12 11 0
11 12 12 0
11 12 13 5874
11 12 14 5997
11 12 15 3171
11 12 16 3942
11 12 17 5103
11 12 18 7360
11 12 19 3168
11 13 0 7143
11 13 1 7077
11 13 2 8759
11 13 3 5870
11 13 4 5457
11 13 5 4802
11 13 6 4678
11 13 7 6610
11 13 8 7255
11 13 9 7561
11 13 10 6233
11 13 11 0
11 13 12 7786
11 13 13 0
11 13 14 4518
11 13 15 7082
11 13 16 6111
11 13 17 7821
11 13 18 8660
11 13 19 4232
11 14 0 6119
11 14 1 1637
11 14 2 3714
11 14 3 3127
11 14 4 1978
11 14 5 4066
11 14 6 1928
11 14 7 5306
11 14 8 2716
11 14 9 1260
11 14 10 5511
11 14 11 0
11 14 12 5869
11 14 13 4925
11 14 14 0
11 14 15 7077
11 14 16 5889
11 14 17 7194
11 14 18 6457
11 14 19 4247
11 15 0 1438
11 15 1 3610
11 15 2 2775
11 15 3 5444
11 15 4 5084
11 15 5 4069
11 15 6 2690
11 15 7 2993
11 15 8 2983
11 15 9 3553
11 15 10 4448
11 15 11 0
11 15 12 7360
11 15 13 7064
11 15 14 5324
11 15 15 0
11 15 16 7193
11 15 17 7493
11 15 18 6749
11 15 19 4069
11 16 0 4118
11 16 1 5121
11 16 2 1813
11 16 3 2919
11 16 4 1491
11 16 5 5692
11 16 6 3284
11 16 7 1449
11 16 8 5475
11 16 9 3296
11 16 10 4293
11 16 11 0
11 16 12 2478
11 16 13 5792
11 16 14 6059
11 16 15 6270
11 16 16 0
11 16 17 3457
11 16 18 6300
11 16 19 6654
11 17 0 2348
11 17 1 2532
11 17 2 4695
11 17 3 3367
11 17 4 3393
11 17 5 3690
11 17 6 1807
11 17 7 2511
11 17 8 2546
11 17 9 1203
11 17 10 3480
11 17 11 0
11 17 12 9125
11 17 13 9496
11 17 14 8831
11 17 15 8085
11 17 16 5846
11 17 17 0
11 17 18 6141
11 17 19 5877
11 18 0 7410
11 18 1 7020
11 18 2 7126
11 18 3 6324
11 18 4 6065
11 18 5 9111
11 18 6 5032
11 18 7 5949
11 18 8 5204
11 18 9 6082
11 18 10 8100
11 18 11 0
11 18 12 6852
11 18 13 3135
11 18 14 4395
11 18 15 2988
11 18 16 7305
11 18 17 5648
11 18 18 0
11 18 19 3841
11 19 0 5710
11 19 1 6164
11 19 2 5676
11 19 3 3848
11 19 4 1331
11 19 5 5417
11 19 6 1709
11 19 7 4418
11 19 8 6305
11 19 9 4348
11 19 10 4477
11 19 11 0
11 19 12 7848
11 19 13 6805
11 19 14 6215
11 19 15 7417
11 19 16 3791
11 19 17 7618
11 19 18 6151
11 19 19 0
12 0 0 0
12 0 1 3296
12 0 2 5477
12 0 3 2411
12 0 4 3092
12 0 5 4949
12 0 6 4350
12 0 7 4794
12 0 8 1349
12 0 9 1372
12 0 10 2496
12 0 11 576
12 0 12 0
12 0 13 4732
12 0 14 7223
12 0 15 3052
12 0 16 5578
12 0 17 3813
12 0 18 4765
12 0 19 6648
12 1 0 1722
12 1 1 0
12 1 2 4139
12 1 3 3236
12 1 4 5155
12 1 5 5485
12 1 6 2373
12 1 7 2262
12 1 8 5007
12 1 9 1943
12 1 10 2139
12 1 11 1627
12 1 12 0
12 1 13 5245
12 1 14 3320
12 1 15 5803
12 1 16 7160
12 1 17 4576
12 1 18 4954
12 1 19 7681
12 2 0 2384
12 2 1 4888
12 2 2 0
12 2 3 2603
12 2 4 5299
12 2 5 3643
12 2 6 6733
12 2 7 6806
12 2 8 1928
12 2 9 3194
12 2 10 4640
12 2 11 6245
12 2 12 0
12 2 13 8224
12 2 14 6694
12 2 15 6265
12 2 16 5149
12 2 17 8036
12 2 18 6357
12 2 19 8490
12 3 0 4730
12 3 1 4948
12 3 2 3675
12 3 3 0
12 3 4 5331
12 3 5 2963
12 3 6 3138
12 3 7 6051
12 3 8 5936
12 3 9 4423
12 3 10 5273
12 3 11 6930
12 3 12 0
12 3 13 4436
12 3 14 5208
12 3 15 8035
12 3 16 5356
12 3 17 5809
12 3 18 4656
12 3 19 5763
12 4 0 7637
12 4 1 6042
12 4 2 7521
12 4 3 9313
12 4 4 0
12 4 5 7606
12 4 6 8936
12 4 7 9420
12 4 8 4723
12 4 9 8871
12 4 10 8097
12 4 11 5516
12 4 12 0
12 4 13 1273
12 4 14 1309
12 4 15 4925
12 4 16 1178
12 4 17 3085
12 4 18 1647
12 4 19 496
12 5 0 4043
12 5 1 5252
12 5 2 2842
12 5 3 3347
12 5 4 3759
12 5 5 0
12 5 6 3101
12 5 7 2150
12 5 8 5304
12 5 9 5418
12 5 10 5308
12 5 11 3951
12 5 12 0
12 5 13 1234
12 5 14 4013
12 5 15 4526
12 5 16 5995
12 5 17 3998
12 5 18 5309
12 5 19 5198
12 6 0 2418
12 6 1 3923
12 6 2 2436
12 6 3 1796
12 6 4 4390
12 6 5 2622
12 6 6 0
12 6 7 4054
12 6 8 2188
12 6 9 852
12 6 10 4105
12 6 11 2241
12 6 12 0
12 6 13 1908
12 6 14 2673
12 6 15 3945
12 6 16 4385
12 6 17 2913
12 6 18 2028
12 6 19 2288
12 7 0 6623
12 7 1 7183
12 7 2 4680
12 7 3 3878
12 7 4 3378
12 7 5 4031
12 7 6 6212
12 7 7 0
12 7 8 4917
12 7 9 4116
12 7 10 5745
12 7 11 4287
12 7 12 0
12 7 13 4788
12 7 14 6999
12 7 15 5196
12 7 16 3498
12 7 17 4565
12 7 18 3893
12 7 19 5945
12 8 0 2514
12 8 1 2004
12 8 2 4340
12 8 3 1777
12 8 4 3519
12 8 5 4860
12 8 6 5726
12 8 7 1460
12 8 8 0
12 8 9 3697
12 8 10 2784
12 8 11 2027
12 8 12 0
12 8 13 2687
12 8 14 1663
12 8 15 2440
12 8 16 4778
12 8 17 1854
12 8 18 402
12 8 19 5086
12 9 0 7788
12 9 1 3886
12 9 2 5648
12 9 3 5790
12 9 4 6317
12 9 5 6962
12 9 6 7023
12 9 7 3695
12 9 8 5961
12 9 9 0
12 9 10 5437
12 9 11 7544
12 9 12 0
12 9 13 6561
12 9 14 3775
12 9 15 6578
12 9 16 6167
12 9 17 4079
12 9 18 4848
12 9 19 6697
12 10 0 2709
12 10 1 1887
12 10 2 4992
12 10 3 5925
12 10 4 4555
12 10 5 4386
12 10 6 6681
12 10 7 4335
12 10 8 6275
12 10 9 1738
12 10 10 0
12 10 11 1897
12 10 12 0
12 10 13 4178
12 10 14 6971
12 10 15 6418
12 10 16 6109
12 10 17 5301
12 10 18 5811
12 10 19 5771
12 11 0 2440
12 11 1 3211
12 11 2 6563
12 11 3 2983
12 11 4 3814
12 11 5 5508
12 11 6 7264
12 11 7 5989
12 11 8 6670
12 11 9 2748
12 11 10 3926
12 11 11 0
12 11 12 0
12 11 13 8770
12 11 14 7155
12 11 15 8157
12 11 16 6923
12 11 17 9660
12 11 18 7186
12 11 19 7753
12 12 0 0
12 12 1 0
12 12 2 0
12 12 3 0
12 12 4 0
12 12 5 0
12 12 6 0
12 12 7 0
12 12 8 0
12 12 9 0
12 12 10 0
12 12 11 0
12 12 12 0
12 12 13 0
12 12 14 0
12 12 15 0
12 12 16 0
12 12 17 0
12 12 18 0
12 12 19 0
12 13 0 6357
12 13 1 6291
12 13 2 7973
12 13 3 5084
12 13 4 4671
12 13 5 4016
12 13 6 3892
12 13 7 5824
12 13 8 6469
12 13 9 6775
12 13 10 5447
12 13 11 7786
12 13 12 0
12 13 13 0
12 13 14 4121
12 13 15 6685
12 13 16 5714
12 13 17 7424
12 13 18 8263
12 13 19 3835
12 14 0 8546
12 14 1 4064
12 14 2 6141
12 14 3 5554
12 14 4 4405
12 14 5 6493
12 14 6 4355
12 14 7 7733
12 14 8 5143
12 14 9 3687
12 14 10 7938
12 14 11 5869
12 14 12 0
12 14 13 6266
12 14 14 0
12 14 15 8418
12 14 16 7230
12 14 17 8535
12 14 18 7798
12 14 19 5588
12 15 0 4864
12 15 1 7036
12 15 2 6201
12 15 3 8870
12 15 4 8510
12 15 5 7495
12 15 6 6116
12 15 7 6419
12 15 8 6409
12 15 9 6979
12 15 10 7874
12 15 11 7360
12 15 12 0
12 15 13 4577
12 15 14 2837
12 15 15 0
12 15 16 4706
12 15 17 5006
12 15 18 4262
12 15 19 1582
12 16 0 3742
12 16 1 4745
12 16 2 1437
12 16 3 2543
12 16 4 1115
12 16 5 5316
12 16 6 2908
12 16 7 1073
12 16 8 5099
12 16 9 2920
12 16 10 3917
12 16 11 2478
12 16 12 0
12 16 13 5310
12 16 14 5577
12 16 15 5788
12 16 16 0
12 16 17 2975
12 16 18 5818
12 16 19 6172
12 17 0 5887
12 17 1 6071
12 17 2 8234
12 17 3 6906
12 17 4 6932
12 17 5 7229
12 17 6 5346
12 17 7 6050
12 17 8 6085
12 17 9 4742
12 17 10 7019
12 17 11 9125
12 17 12 0
12 17 13 7438
12 17 14 6773
12 17 15 6027
12 17 16 3788
12 17 17 0
12 17 18 4083
12 17 19 3819
12 18 0 7040
12 18 1 6650
12 18 2 6756
12 18 3 5954
12 18 4 5695
12 18 5 8741
12 18 6 4662
12 18 7 5579
12 18 8 4834
12 18 9 5712
12 18 10 7730
12 18 11 6852
12 18 12 0
12 18 13 5808
12 18 14 7068
12 18 15 5661
12 18 16 9978
12 18 17 8321
12 18 18 0
12 18 19 6514
12 19 0 9352
12 19 1 9806
12 19 2 9318
12 19 3 7490
12 19 4 4973
12 19 5 9059
12 19 6 5351
12 19 7 8060
12 19 8 9947
12 19 9 7990
12 19 10 8119
12 19 11 7848
12 19 12 0
12 19 13 4719
12 19 14 4129
12 19 15 5331
12 19 16 1705
12 19 17 5532
12 19 18 4065
12 19 19 0
13 0 0 0
13 0 1 5207
13 0 2 7388
13 0 3 4322
13 0 4 5003
13 0 5 6860
13 0 6 6261
13 0 7 6705
13 0 8 3260
13 0 9 3283
13 0 10 4407
13 0 11 2487
13 0 12 4732
13 0 13 0
13 0 14 5998
13 0 15 1827
13 0 16 4353
13 0 17 2588
13 0 18 3540
13 0 19 5423
13 1 0 3151
13 1 1 0
13 1 2 5568
13 1 3 4665
13 1 4 6584
13 1 5 6914
13 1 6 3802
13 1 7 3691
13 1 8 6436
13 1 9 3372
13 1 10 3568
13 1 11 3056
13 1 12 5245
13 1 13 0
13 1 14 3521
13 1 15 6004
13 1 16 7361
13 1 17 4777
13 1 18 5155
13 1 19 7882
13 2 0 4665
13 2 1 7169
13 2 2 0
13 2 3 4884
13 2 4 7580
13 2 5 5924
13 2 6 9014
13 2 7 9087
13 2 8 4209
13 2 9 5475
13 2 10 6921
13 2 11 8526
13 2 12 8224
13 2 13 0
13 2 14 7346
13 2 15 6917
13 2 16 5801
13 2 17 8688
13 2 18 7009
13 2 19 9142
13 3 0 3409
13 3 1 3627
13 3 2 2354
13 3 3 0
13 3 4 4010
13 3 5 1642
13 3 6 1817
13 3 7 4730
13 3 8 4615
13 3 9 3102
13 3 10 3952
13 3 11 5609
13 3 12 4436
13 3 13 0
13 3 14 6068
13 3 15 8895
13 3 16 6216
13 3 17 6669
13 3 18 5516
13 3 19 6623
13 4 0 3875
13 4 1 2280
13 4 2 3759
13 4 3 5551
13 4 4 0
13 4 5 3844
13 4 6 5174
13 4 7 5658
13 4 8 961
13 4 9 5109
13 4 10 4335
13 4 11 1754
13 4 12 1273
13 4 13 0
13 4 14 2329
13 4 15 5945
13 4 16 2198
13 4 17 4105
13 4 18 2667
13 4 19 1516
13 5 0 3711
13 5 1 4920
13 5 2 2510
13 5 3 3015
13 5 4 3427
13 5 5 0
13 5 6 2769
13 5 7 1818
13 5 8 4972
13 5 9 5086
13 5 10 4976
13 5 11 3619
13 5 12 1234
13 5 13 0
13 5 14 3692
13 5 15 4205
13 5 16 5674
13 5 17 3677
13 5 18 4988
13 5 19 4877
13 6 0 2026
13 6 1 3531
13 6 2 2044
13 6 3 1404
13 6 4 3998
13 6 5 2230
13 6 6 0
13 6 7 3662
13 6 8 1796
13 6 9 460
13 6 10 3713
13 6 11 1849
13 6 12 1908
13 6 13 0
13 6 14 3069
13 6 15 4341
13 6 16 4781
13 6 17 3309
13 6 18 2424
13 6 19 2684
13 7 0 5488
13 7 1 6048
13 7 2 3545
13 7 3 2743
13 7 4 2243
13 7 5 2896
13 7 6 5077
13 7 7 0
13 7 8 3782
13 7 9 2981
13 7 10 4610
13 7 11 3152
13 7 12 4788
13 7 13 0
13 7 14 8627
13 7 15 6824
13 7 16 5126
13 7 17 6193
13 7 18 5521
13 7 19 7573
13 8 0 4114
13 8 1 3604
13 8 2 5940
13 8 3 3377
13 8 4 5119
13 8 5 6460
13 8 6 7326
13 8 7 3060
13 8 8 0
13 8 9 5297
13 8 10 4384
13 8 11 3627
13 8 12 2687
13 8 13 0
13 8 14 5867
13 8 15 6644
13 8 16 8982
13 8 17 6058
13 8 18 4606
13 8 19 9290
13 9 0 7783
13 9 1 3881
13 9 2 5643
13 9 3 5785
13 9 4 6312
13 9 5 6957
13 9 6 7018
13 9 7 3690
13 9 8 5956
13 9 9 0
13 9 10 5432
13 9 11 7539
13 9 12 6561
13 9 13 0
13 9 14 3257
13 9 15 6060
13 9 16 5649
13 9 17 3561
13 9 18 4330
13 9 19 6179
13 10 0 2581
13 10 1 1759
13 10 2 4864
13 10 3 5797
13 10 4 4427
13 10 5 4258
13 10 6 6553
13 10 7 4207
13 10 8 6147
13 10 9 1610
13 10 10 0
13 10 11 1769
13 10 12 4178
13 10 13 0
13 10 14 4928
13 10 15 4375
13 10 16 4066
13 10 17 3258
13 10 18 3768
13 10 19 3728
13 11 0 3981
13 11 1 4752
13 11 2 8104
13 11 3 4524
13 11 4 5355
13 11 5 7049
13 11 6 8805
13 11 7 7530
13 11 8 8211
13 11 9 4289
13 11 10 5467
13 11 11 0
13 11 12 8770
13 11 13 0
13 11 14 6957
13 11 15 7959
13 11 16 6725
13 11 17 9462
13 11 18 6988
13 11 19 7555
13 12 0 4075
13 12 1 4491
13 12 2 5321
13 12 3 6034
13 12 4 8062
13 12 5 3977
13 12 6 3913
13 12 7 6588
13 12 8 4498
13 12 9 6409
13 12 10 5204
13 12 11 5874
13 12 12 0
13 12 13 0
13 12 14 7512
13 12 15 4686
13 12 16 5457
13 12 17 6618
13 12 18 8875
13 12 19 4683
13 13 0 0
13 13 1 0
13 13 2 0
13 13 3 0
13 13 4 0
13 13 5 0
13 13 6 0
13 13 7 0
13 13 8 0
13 13 9 0
13 13 10 0
13 13 11 0
13 13 12 0
13 13 13 0
13 13 14 0
13 13 15 0
13 13 16 0
13 13 17 0
13 13 18 0
13 13 19 0
13 14 0 7602
13 14 1 3120
13 14 2 5197
13 14 3 4610
13 14 4 3461
13 14 5 5549
13 14 6 3411
13 14 7 6789
13 14 8 4199
13 14 9 2743
13 14 10 6994
13 14 11 4925
13 14 12 6266
13 14 13 0
13 14 14 0
13 14 15 5398
13 14 16 4210
13 14 17 5515
13 14 18 4778
13 14 19 2568
13 15 0 4568
13 15 1 6740
13 15 2 5905
13 15 3 8574
13 15 4 8214
13 15 5 7199
13 15 6 5820
13 15 7 6123
13 15 8 6113
13 15 9 6683
13 15 10 7578
13 15 11 7064
13 15 12 4577
13 15 13 0
13 15 14 5207
13 15 15 0
13 15 16 7076
13 15 17 7376
13 15 18 6632
13 15 19 3952
13 16 0 7056
13 16 1 8059
13 16 2 4751
13 16 3 5857
13 16 4 4429
13 16 5 8630
13 16 6 6222
13 16 7 4387
13 16 8 8413
13 16 9 6234
13 16 10 7231
13 16 11 5792
13 16 12 5310
13 16 13 0
13 16 14 6205
13 16 15 6416
13 16 16 0
13 16 17 3603
13 16 18 6446
13 16 19 6800
13 17 0 6258
13 17 1 6442
13 17 2 8605
13 17 3 7277
13 17 4 7303
13 17 5 7600
13 17 6 5717
13 17 7 6421
13 17 8 6456
13 17 9 5113
13 17 10 7390
13 17 11 9496
13 17 12 7438
13 17 13 0
13 17 14 7950
13 17 15 7204
13 17 16 4965
13 17 17 0
13 17 18 5260
13 17 19 4996
13 18 0 3323
13 18 1 2933
13 18 2 3039
13 18 3 2237
13 18 4 1978
13 18 5 5024
13 18 6 945
13 18 7 1862
13 18 8 1117
13 18 9 1995
13 18 10 4013
13 18 11 3135
13 18 12 5808
13 18 13 0
13 18 14 6827
13 18 15 5420
13 18 16 9737
13 18 17 8080
13 18 18 0
13 18 19 6273
13 19 0 8309
13 19 1 8763
13 19 2 8275
13 19 3 6447
13 19 4 3930
13 19 5 8016
13 19 6 4308
13 19 7 7017
13 19 8 8904
13 19 9 6947
13 19 10 7076
13 19 11 6805
13 19 12 4719
13 19 13 0
13 19 14 3652
13 19 15 4854
13 19 16 1228
13 19 17 5055
13 19 18 3588
13 19 19 0
14 0 0 0
14 0 1 7698
14 0 2 9879
14 0 3 6813
14 0 4 7494
14 0 5 9351
14 0 6 8752
14 0 7 9196
14 0 8 5751
14 0 9 5774
14 0 10 6898
14 0 11 4978
14 0 12 7223
14 0 13 5998
14 0 14 0
14 0 15 2888
14 0 16 5414
14 0 17 3649
14 0 18 4601
14 0 19 6484
14 1 0 1226
14 1 1 0
14 1 2 3643
14 1 3 2740
14 1 4 4659
14 1 5 4989
14 1 6 1877
14 1 7 1766
14 1 8 4511
14 1 9 1447
14 1 10 1643
14 1 11 1131
14 1 12 3320
14 1 13 3521
14 1 14 0
14 1 15 6441
14 1 16 7798
14 1 17 5214
14 1 18 5592
14 1 19 8319
14 2 0 3135
14 2 1 5639
14 2 2 0
14 2 3 3354
14 2 4 6050
14 2 5 4394
14 2 6 7484
14 2 7 7557
14 2 8 2679
14 2 9 3945
14 2 10 5391
14 2 11 6996
14 2 12 6694
14 2 13 7346
14 2 14 0
14 2 15 5619
14 2 16 4503
14 2 17 7390
14 2 18 5711
14 2 19 7844
14 3 0 4181
14 3 1 4399
14 3 2 3126
14 3 3 0
14 3 4 4782
14 3 5 2414
14 3 6 2589
14 3 7 5502
14 3 8 5387
14 3 9 3874
14 3 10 4724
14 3 11 6381
14 3 12 5208
14 3 13 6068
14 3 14 0
14 3 15 5953
14 3 16 3274
14 3 17 3727
14 3 18 2574
14 3 19 3681
14 4 0 3911
14 4 1 2316
14 4 2 3795
14 4 3 5587
14 4 4 0
14 4 5 3880
14 4 6 5210
14 4 7 5694
14 4 8 997
14 4 9 5145
14 4 10 4371
14 4 11 1790
14 4 12 1309
14 4 13 2329
14 4 14 0
14 4 15 5534
14 4 16 1787
14 4 17 3694
14 4 18 2256
14 4 19 1105
14 5 0 6490
14 5 1 7699
14 5 2 5289
14 5 3 5794
14 5 4 6206
14 5 5 0
14 5 6 5548
14 5 7 4597
14 5 8 7751
14 5 9 7865
14 5 10 7755
14 5 11 6398
14 5 12 4013
14 5 13 3692
14 5 14 0
14 5 15 3575
14 5 16 5044
14 5 17 3047
14 5 18 4358
14 5 19 4247
14 6 0 2791
14 6 1 4296
14 6 2 2809
14 6 3 2169
14 6 4 4763
14 6 5 2995
14 6 6 0
14 6 7 4427
14 6 8 2561
14 6 9 1225
14 6 10 4478
14 6 11 2614
14 6 12 2673
14 6 13 3069
14 6 14 0
14 6 15 4448
14 6 16 4888
14 6 17 3416
14 6 18 2531
14 6 19 2791
14 7 0 7699
14 7 1 8259
14 7 2 5756
14 7 3 4954
14 7 4 4454
14 7 5 5107
14 7 6 7288
14 7 7 0
14 7 8 5993
14 7 9 5192
14 7 10 6821
14 7 11 5363
14 7 12 6999
14 7 13 8627
14 7 14 0
14 7 15 6777
14 7 16 5079
14 7 17 6146
14 7 18 5474
14 7 19 7526
14 8 0 3090
14 8 1 2580
14 8 2 4916
14 8 3 2353
14 8 4 4095
14 8 5 5436
14 8 6 6302
14 8 7 2036
14 8 8 0
14 8 9 4273
14 8 10 3360
14 8 11 2603
14 8 12 1663
14 8 13 5867
14 8 14 0
14 8 15 5042
14 8 16 7380
14 8 17 4456
14 8 18 3004
14 8 19 7688
14 9 0 4997
14 9 1 1095
14 9 2 2857
14 9 3 2999
14 9 4 3526
14 9 5 4171
14 9 6 4232
14 9 7 904
14 9 8 3170
14 9 9 0
14 9 10 2646
14 9 11 4753
14 9 12 3775
14 9 13 3257
14 9 14 0
14 9 15 6032
14 9 16 5621
14 9 17 3533
14 9 18 4302
14 9 19 6151
14 10 0 5374
14 10 1 4552
14 10 2 7657
14 10 3 8590
14 10 4 7220
14 10 5 7051
14 10 6 9346
14 10 7 7000
14 10 8 8940
14 10 9 4403
14 10 10 0
14 10 11 4562
14 10 12 6971
14 10 13 4928
14 10 14 0
14 10 15 6602
14 10 16 6293
14 10 17 5485
14 10 18 5995
14 10 19 5955
14 11 0 2366
14 11 1 3137
14 11 2 6489
14 11 3 2909
14 11 4 3740
14 11 5 5434
14 11 6 7190
14 11 7 5915
14 11 8 6596
14 11 9 2674
14 11 10 3852
14 11 11 0
14 11 12 7155
14 11 13 6957
14 11 14 0
14 11 15 4444
14 11 16 3210
14 11 17 5947
14 11 18 3473
14 11 19 4040
14 12 0 4198
14 12 1 4614
14 12 2 5444
14 12 3 6157
14 12 4 8185
14 12 5 4100
14 12 6 4036
14 12 7 6711
14 12 8 4621
14 12 9 6532
14 12 10 5327
14 12 11 5997
14 12 12 0
14 12 13 7512
14 12 14 0
14 12 15 4384
14 12 16 5155
14 12 17 6316
14 12 18 8573
14 12 19 4381
14 13 0 3089
14 13 1 3023
14 13 2 4705
14 13 3 1816
14 13 4 1403
14 13 5 748
14 13 6 624
14 13 7 2556
14 13 8 3201
14 13 9 3507
14 13 10 2179
14 13 11 4518
14 13 12 4121
14 13 13 0
14 13 14 0
14 13 15 5810
14 13 16 4839
14 13 17 6549
14 13 18 7388
14 13 19 2960
14 14 0 0
14 14 1 0
14 14 2 0
14 14 3 0
14 14 4 0
14 14 5 0
14 14 6 0
14 14 7 0
14 14 8 0
14 14 9 0
14 14 10 0
14 14 11 0
14 14 12 0
14 14 13 0
14 14 14 0
14 14 15 0
14 14 16 0
14 14 17 0
14 14 18 0
14 14 19 0
14 15 0 2828
14 15 1 5000
14 15 2 4165
14 15 3 6834
14 15 4 6474
14 15 5 5459
14 15 6 4080
14 15 7 4383
14 15 8 4373
14 15 9 4943
14 15 10 5838
14 15 11 5324
14 15 12 2837
14 15 13 5207
14 15 14 0
14 15 15 0
14 15 16 8686
14 15 17 8986
14 15 18 8242
14 15 19 5562
14 16 0 7323
14 16 1 8326
14 16 2 5018
14 16 3 6124
14 16 4 4696
14 16 5 8897
14 16 6 6489
14 16 7 4654
14 16 8 8680
14 16 9 6501
14 16 10 7498
14 16 11 6059
14 16 12 5577
14 16 13 6205
14 16 14 0
14 16 15 7809
14 16 16 0
14 16 17 4996
14 16 18 7839
14 16 19 8193
14 17 0 5593
14 17 1 5777
14 17 2 7940
14 17 3 6612
14 17 4 6638
14 17 5 6935
14 17 6 5052
14 17 7 5756
14 17 8 5791
14 17 9 4448
14 17 10 6725
14 17 11 8831
14 17 12 6773
14 17 13 7950
14 17 14 0
14 17 15 8192
14 17 16 5953
14 17 17 0
14 17 18 6248
14 17 19 5984
14 18 0 4583
14 18 1 4193
14 18 2 4299
14 18 3 3497
14 18 4 3238
14 18 5 6284
14 18 6 2205
14 18 7 3122
14 18 8 2377
14 18 9 3255
14 18 10 5273
14 18 11 4395
14 18 12 7068
14 18 13 6827
14 18 14 0
14 18 15 4832
14 18 16 9149
14 18 17 7492
14 18 18 0
14 18 19 5685
14 19 0 7719
14 19 1 8173
14 19 2 7685
14 19 3 5857
14 19 4 3340
14 19 5 7426
14 19 6 3718
14 19 7 6427
14 19 8 8314
14 19 9 6357
14 19 10 6486
14 19 11 6215
14 19 12 4129
14 19 13 3652
14 19 14 0
14 19 15 6484
14 19 16 2858
14 19 17 6685
14 19 18 5218
14 19 19 0
15 0 0 0
15 0 1 3527
15 0 2 5708
15 0 3 2642
15 0 4 3323
15 0 5 5180
15 0 6 4581
15 0 7 5025
15 0 8 1580
15 0 9 1603
15 0 10 2727
15 0 11 807
15 0 12 3052
15 0 13 1827
15 0 14 2888
15 0 15 0
15 0 16 4287
15 0 17 2522
15 0 18 3474
15 0 19 5357
15 1 0 3709
15 1 1 0
15 1 2 6126
15 1 3 5223
15 1 4 7142
15 1 5 7472
15 1 6 4360
15 1 7 4249
15 1 8 6994
15 1 9 3930
15 1 10 4126
15 1 11 3614
15 1 12 5803
15 1 13 6004
15 1 14 6441
15 1 15 0
15 1 16 8026
15 1 17 5442
15 1 18 5820
15 1 19 8547
15 2 0 2706
15 2 1 5210
15 2 2 0
15 2 3 2925
15 2 4 5621
15 2 5 3965
15 2 6 7055
15 2 7 7128
15 2 8 2250
15 2 9 3516
15 2 10 4962
15 2 11 6567
15 2 12 6265
15 2 13 6917
15 2 14 5619
15 2 15 0
15 2 16 3913
15 2 17 6800
15 2 18 5121
15 2 19 7254
15 3 0 7008
15 3 1 7226
15 3 2 5953
15 3 3 0
15 3 4 7609
15 3 5 5241
15 3 6 5416
15 3 7 8329
15 3 8 8214
15 3 9 6701
15 3 10 7551
15 3 11 9208
15 3 12 8035
15 3 13 8895
15 3 14 5953
15 3 15 0
15 3 16 6704
15 3 17 7157
15 3 18 6004
15 3 19 7111
15 4 0 7527
15 4 1 5932
15 4 2 7411
15 4 3 9203
15 4 4 0
15 4 5 7496
15 4 6 8826
15 4 7 9310
15 4 8 4613
15 4 9 8761
15 4 10 7987
15 4 11 5406
15 4 12 4925
15 4 13 5945
15 4 14 5534
15 4 15 0
15 4 16 1715
15 4 17 3622
15 4 18 2184
15 4 19 1033
15 5 0 7003
15 5 1 8212
15 5 2 5802
15 5 3 6307
15 5 4 6719
15 5 5 0
15 5 6 6061
15 5 7 5110
15 5 8 8264
15 5 9 8378
15 5 10 8268
15 5 11 6911
15 5 12 4526
15 5 13 4205
15 5 14 3575
15 5 15 0
15 5 16 8754
15 5 17 6757
15 5 18 8068
15 5 19 7957
15 6 0 4063
15 6 1 5568
15 6 2 4081
15 6 3 3441
15 6 4 6035
15 6 5 4267
15 6 6 0
15 6 7 5699
15 6 8 3833
15 6 9 2497
15 6 10 5750
15 6 11 3886
15 6 12 3945
15 6 13 4341
15 6 14 4448
15 6 15 0
15 6 16 5069
15 6 17 3597
15 6 18 2712
15 6 19 2972
15 7 0 5896
15 7 1 6456
15 7 2 3953
15 7 3 3151
15 7 4 2651
15 7 5 3304
15 7 6 5485
15 7 7 0
15 7 8 4190
15 7 9 3389
15 7 10 5018
15 7 11 3560
15 7 12 5196
15 7 13 6824
15 7 14 6777
15 7 15 0
15 7 16 4264
15 7 17 5331
15 7 18 4659
15 7 19 6711
15 8 0 3867
15 8 1 3357
15 8 2 5693
15 8 3 3130
15 8 4 4872
15 8 5 6213
15 8 6 7079
15 8 7 2813
15 8 8 0
15 8 9 5050
15 8 10 4137
15 8 11 3380
15 8 12 2440
15 8 13 6644
15 8 14 5042
15 8 15 0
15 8 16 5274
15 8 17 2350
15 8 18 898
15 8 19 5582
15 9 0 7800
15 9 1 3898
15 9 2 5660
15 9 3 5802
15 9 4 6329
15 9 5 6974
15 9 6 7035
15 9 7 3707
15 9 8 5973
15 9 9 0
15 9 10 5449
15 9 11 7556
15 9 12 6578
15 9 13 6060
15 9 14 6032
15 9 15 0
15 9 16 2661
15 9 17 573
15 9 18 1342
15 9 19 3191
15 10 0 4821
15 10 1 3999
15 10 2 7104
15 10 3 8037
15 10 4 6667
15 10 5 6498
15 10 6 8793
15 10 7 6447
15 10 8 8387
15 10 9 3850
15 10 10 0
15 10 11 4009
15 10 12 6418
15 10 13 4375
15 10 14 6602
15 10 15 0
15 10 16 3644
15 10 17 2836
15 10 18 3346
15 10 19 3306
15 11 0 3368
15 11 1 4139
15 11 2 7491
15 11 3 3911
15 11 4 4742
15 11 5 6436
15 11 6 8192
15 11 7 6917
15 11 8 7598
15 11 9 3676
15 11 10 4854
15 11 11 0
15 11 12 8157
15 11 13 7959
15 11 14 4444
15 11 15 0
15 11 16 2700
15 11 17 5437
15 11 18 2963
15 11 19 3530
15 12 0 1372
15 12 1 1788
15 12 2 2618
15 12 3 3331
15 12 4 5359
15 12 5 1274
15 12 6 1210
15 12 7 3885
15 12 8 1795
15 12 9 3706
15 12 10 2501
15 12 11 3171
15 12 12 0
15 12 13 4686
15 12 14 4384
15 12 15 0
15 12 16 5644
15 12 17 6805
15 12 18 9062
15 12 19 4870
15 13 0 5653
15 13 1 5587
15 13 2 7269
15 13 3 4380
15 13 4 3967
15 13 5 3312
15 13 6 3188
15 13 7 5120
15 13 8 5765
15 13 9 6071
15 13 10 4743
15 13 11 7082
15 13 12 6685
15 13 13 0
15 13 14 5810
15 13 15 0
15 13 16 5976
15 13 17 7686
15 13 18 8525
15 13 19 4097
15 14 0 9754
15 14 1 5272
15 14 2 7349
15 14 3 6762
15 14 4 5613
15 14 5 7701
15 14 6 5563
15 14 7 8941
15 14 8 6351
15 14 9 4895
15 14 10 9146
15 14 11 7077
15 14 12 8418
15 14 13 5398
15 14 14 0
15 14 15 0
15 14 16 5629
15 14 17 6934
15 14 18 6197
15 14 19 3987
15 15 0 0
15 15 1 0
15 15 2 0
15 15 3 0
15 15 4 0
15 15 5 0
15 15 6 0
15 15 7 0
15 15 8 0
15 15 9 0
15 15 10 0
15 15 11 0
15 15 12 0
15 15 13 0
15 15 14 0
15 15 15 0
15 15 16 0
15 15 17 0
15 15 18 0
15 15 19 0
15 16 0 7534
15 16 1 8537
15 16 2 5229
15 16 3 6335
15 16 4 4907
15 16 5 9108
15 16 6 6700
15 16 7 4865
15 16 8 8891
15 16 9 6712
15 16 10 7709
15 16 11 6270
15 16 12 5788
15 16 13 6416
15 16 14 7809
15 16 15 0
15 16 16 0
15 16 17 5298
15 16 18 8141
15 16 19 8495
15 17 0 4847
15 17 1 5031
15 17 2 7194
15 17 3 5866
15 17 4 5892
15 17 5 6189
15 17 6 4306
15 17 7 5010
15 17 8 5045
15 17 9 3702
15 17 10 5979
15 17 11 8085
15 17 12 6027
15 17 13 7204
15 17 14 8192
15 17 15 0
15 17 16 5250
15 17 17 0
15 17 18 5545
15 17 19 5281
15 18 0 3176
15 18 1 2786
15 18 2 2892
15 18 3 2090
15 18 4 1831
15 18 5 4877
15 18 6 798
15 18 7 1715
15 18 8 970
15 18 9 1848
15 18 10 3866
15 18 11 2988
15 18 12 5661
15 18 13 5420
15 18 14 4832
15 18 15 0
15 18 16 8439
15 18 17 6782
15 18 18 0
15 18 19 4975
15 19 0 8921
15 19 1 9375
15 19 2 8887
15 19 3 7059
15 19 4 4542
15 19 5 8628
15 19 6 4920
15 19 7 7629
15 19 8 9516
15 19 9 7559
15 19 10 7688
15 19 11 7417
15 19 12 5331
15 19 13 4854
15 19 14 6484
15 19 15 0
15 19 16 1678
15 19 17 5505
15 19 18 4038
15 19 19 0
16 0 0 0
16 0 1 6053
16 0 2 8234
16 0 3 5168
16 0 4 5849
16 0 5 7706
16 0 6 7107
16 0 7 7551
16 0 8 4106
16 0 9 4129
16 0 10 5253
16 0 11 3333
16 0 12 5578
16 0 13 4353
16 0 14 5414
16 0 15 4287
16 0 16 0
16 0 17 5107
16 0 18 6059
16 0 19 7942
16 1 0 5066
16 1 1 0
16 1 2 7483
16 1 3 6580
16 1 4 8499
16 1 5 8829
16 1 6 5717
16 1 7 5606
16 1 8 8351
16 1 9 5287
16 1 10 5483
16 1 11 4971
16 1 12 7160
16 1 13 7361
16 1 14 7798
16 1 15 8026
16 1 16 0
16 1 17 6077
16 1 18 6455
16 1 19 9182
16 2 0 1590
16 2 1 4094
16 2 2 0
16 2 3 1809
16 2 4 4505
16 2 5 2849
16 2 6 5939
16 2 7 6012
16 2 8 1134
16 2 9 2400
16 2 10 3846
16 2 11 5451
16 2 12 5149
16 2 13 5801
16 2 14 4503
16 2 15 3913
16 2 16 0
16 2 17 5616
16 2 18 3937
16 2 19 6070
16 3 0 4329
16 3 1 4547
16 3 2 3274
16 3 3 0
16 3 4 4930
16 3 5 2562
16 3 6 2737
16 3 7 5650
16 3 8 5535
16 3 9 4022
16 3 10 4872
16 3 11 6529
16 3 12 5356
16 3 13 6216
16 3 14 3274
16 3 15 6704
16 3 16 0
16 3 17 3201
16 3 18 2048
16 3 19 3155
16 4 0 3780
16 4 1 2185
16 4 2 3664
16 4 3 5456
16 4 4 0
16 4 5 3749
16 4 6 5079
16 4 7 5563
16 4 8 866
16 4 9 5014
16 4 10 4240
16 4 11 1659
16 4 12 1178
16 4 13 2198
16 4 14 1787
16 4 15 1715
16 4 16 0
16 4 17 3420
16 4 18 1982
16 4 19 831
16 5 0 8472
16 5 1 9681
16 5 2 7271
16 5 3 7776
16 5 4 8188
16 5 5 0
16 5 6 7530
16 5 7 6579
16 5 8 9733
16 5 9 9847
16 5 10 9737
16 5 11 8380
16 5 12 5995
16 5 13 5674
16 5 14 5044
16 5 15 8754
16 5 16 0
16 5 17 7437
16 5 18 8748
16 5 19 8637
16 6 0 4503
16 6 1 6008
16 6 2 4521
16 6 3 3881
16 6 4 6475
16 6 5 4707
16 6 6 0
16 6 7 6139
16 6 8 4273
16 6 9 2937
16 6 10 6190
16 6 11 4326
16 6 12 4385
16 6 13 4781
16 6 14 4888
16 6 15 5069
16 6 16 0
16 6 17 2407
16 6 18 1522
16 6 19 1782
16 7 0 4198
16 7 1 4758
16 7 2 2255
16 7 3 1453
16 7 4 953
16 7 5 1606
16 7 6 3787
16 7 7 0
16 7 8 2492
16 7 9 1691
16 7 10 3320
16 7 11 1862
16 7 12 3498
16 7 13 5126
16 7 14 5079
16 7 15 4264
16 7 16 0
16 7 17 2857
16 7 18 2185
16 7 19 4237
16 8 0 6205
16 8 1 5695
16 8 2 8031
16 8 3 5468
16 8 4 7210
16 8 5 8551
16 8 6 9417
16 8 7 5151
16 8 8 0
16 8 9 7388
16 8 10 6475
16 8 11 5718
16 8 12 4778
16 8 13 8982
16 8 14 7380
16 8 15 5274
16 8 16 0
16 8 17 4247
16 8 18 2795
16 8 19 7479
16 9 0 7389
16 9 1 3487
16 9 2 5249
16 9 3 5391
16 9 4 5918
16 9 5 6563
16 9 6 6624
16 9 7 3296
16 9 8 5562
16 9 9 0
16 9 10 5038
16 9 11 7145
16 9 12 6167
16 9 13 5649
16 9 14 5621
16 9 15 2661
16 9 16 0
16 9 17 4740
16 9 18 5509
16 9 19 7358
16 10 0 4512
16 10 1 3690
16 10 2 6795
16 10 3 7728
16 10 4 6358
16 10 5 6189
16 10 6 8484
16 10 7 6138
16 10 8 8078
16 10 9 3541
16 10 10 0
16 10 11 3700
16 10 12 6109
16 10 13 4066
16 10 14 6293
16 10 15 3644
16 10 16 0
16 10 17 3738
16 10 18 4248
16 10 19 4208
16 11 0 2134
16 11 1 2905
16 11 2 6257
16 11 3 2677
16 11 4 3508
16 11 5 5202
16 11 6 6958
16 11 7 5683
16 11 8 6364
16 11 9 2442
16 11 10 3620
16 11 11 0
16 11 12 6923
16 11 13 6725
16 11 14 3210
16 11 15 2700
16 11 16 0
16 11 17 5591
16 11 18 3117
16 11 19 3684
16 12 0 2143
16 12 1 2559
16 12 2 3389
16 12 3 4102
16 12 4 6130
16 12 5 2045
16 12 6 1981
16 12 7 4656
16 12 8 2566
16 12 9 4477
16 12 10 3272
16 12 11 3942
16 12 12 0
16 12 13 5457
16 12 14 5155
16 12 15 5644
16 12 16 0
16 12 17 3157
16 12 18 5414
16 12 19 1222
16 13 0 4682
16 13 1 4616
16 13 2 6298
16 13 3 3409
16 13 4 2996
16 13 5 2341
16 13 6 2217
16 13 7 4149
16 13 8 4794
16 13 9 5100
16 13 10 3772
16 13 11 6111
16 13 12 5714
16 13 13 0
16 13 14 4839
16 13 15 5976
16 13 16 0
16 13 17 7648
16 13 18 8487
16 13 19 4059
16 14 0 8566
16 14 1 4084
16 14 2 6161
16 14 3 5574
16 14 4 4425
16 14 5 6513
16 14 6 4375
16 14 7 7753
16 14 8 5163
16 14 9 3707
16 14 10 7958
16 14 11 5889
16 14 12 7230
16 14 13 4210
16 14 14 0
16 14 15 5629
16 14 16 0
16 14 17 8903
16 14 18 8166
16 14 19 5956
16 15 0 4697
16 15 1 6869
16 15 2 6034
16 15 3 8703
16 15 4 8343
16 15 5 7328
16 15 6 5949
16 15 7 6252
16 15 8 6242
16 15 9 6812
16 15 10 7707
16 15 11 7193
16 15 12 4706
16 15 13 7076
16 15 14 8686
16 15 15 0
16 15 16 0
16 15 17 8411
16 15 18 7667
16 15 19 4987
16 16 0 0
16 16 1 0
16 16 2 0
16 16 3 0
16 16 4 0
16 16 5 0
16 16 6 0
16 16 7 0
16 16 8 0
16 16 9 0
16 16 10 0
16 16 11 0
16 16 12 0
16 16 13 0
16 16 14 0
16 16 15 0
16 16 16 0
16 16 17 0
16 16 18 0
16 16 19 0
16 17 0 2608
16 17 1 2792
16 17 2 4955
16 17 3 3627
16 17 4 3653
16 17 5 3950
16 17 6 2067
16 17 7 2771
16 17 8 2806
16 17 9 1463
16 17 10 3740
16 17 11 5846
16 17 12 3788
16 17 13 4965
16 17 14 5953
16 17 15 5250
16 17 16 0
16 17 17 0
16 17 18 2743
16 17 19 2479
16 18 0 7493
16 18 1 7103
16 18 2 7209
16 18 3 6407
16 18 4 6148
16 18 5 9194
16 18 6 5115
16 18 7 6032
16 18 8 5287
16 18 9 6165
16 18 10 8183
16 18 11 7305
16 18 12 9978
16 18 13 9737
16 18 14 9149
16 18 15 8439
16 18 16 0
16 18 17 7567
16 18 18 0
16 18 19 5760
16 19 0 5295
16 19 1 5749
16 19 2 5261
16 19 3 3433
16 19 4 916
16 19 5 5002
16 19 6 1294
16 19 7 4003
16 19 8 5890
16 19 9 3933
16 19 10 4062
16 19 11 3791
16 19 12 1705
16 19 13 1228
16 19 14 2858
16 19 15 1678
16 19 16 0
16 19 17 9324
16 19 18 7857
16 19 19 0
17 0 0 0
17 0 1 4288
17 0 2 6469
17 0 3 3403
17 0 4 4084
17 0 5 5941
17 0 6 5342
17 0 7 5786
17 0 8 2341
17 0 9 2364
17 0 10 3488
17 0 11 1568
17 0 12 3813
17 0 13 2588
17 0 14 3649
17 0 15 2522
17 0 16 5107
17 0 17 0
17 0 18 4460
17 0 19 6343
17 1 0 2482
17 1 1 0
17 1 2 4899
17 1 3 3996
17 1 4 5915
17 1 5 6245
17 1 6 3133
17 1 7 3022
17 1 8 5767
17 1 9 2703
17 1 10 2899
17 1 11 2387
17 1 12 4576
17 1 13 4777
17 1 14 5214
17 1 15 5442
17 1 16 6077
17 1 17 0
17 1 18 2163
17 1 19 4890
17 2 0 4477
17 2 1 6981
17 2 2 0
17 2 3 4696
17 2 4 7392
17 2 5 5736
17 2 6 8826
17 2 7 8899
17 2 8 4021
17 2 9 5287
17 2 10 6733
17 2 11 8338
17 2 12 8036
17 2 13 8688
17 2 14 7390
17 2 15 6800
17 2 16 5616
17 2 17 0
17 2 18 4823
17 2 19 6956
17 3 0 4782
17 3 1 5000
17 3 2 3727
17 3 3 0
17 3 4 5383
17 3 5 3015
17 3 6 3190
17 3 7 6103
17 3 8 5988
17 3 9 4475
17 3 10 5325
17 3 11 6982
17 3 12 5809
17 3 13 6669
17 3 14 3727
17 3 15 7157
17 3 16 3201
17 3 17 0
17 3 18 2218
17 3 19 3325
17 4 0 5687
17 4 1 4092
17 4 2 5571
17 4 3 7363
17 4 4 0
17 4 5 5656
17 4 6 6986
17 4 7 7470
17 4 8 2773
17 4 9 6921
17 4 10 6147
17 4 11 3566
17 4 12 3085
17 4 13 4105
17 4 14 3694
17 4 15 3622
17 4 16 3420
17 4 17 0
17 4 18 3170
17 4 19 2019
17 5 0 6475
17 5 1 7684
17 5 2 5274
17 5 3 5779
17 5 4 6191
17 5 5 0
17 5 6 5533
17 5 7 4582
17 5 8 7736
17 5 9 7850
17 5 10 7740
17 5 11 6383
17 5 12 3998
17 5 13 3677
17 5 14 3047
17 5 15 6757
17 5 16 7437
17 5 17 0
17 5 18 5002
17 5 19 4891
17 6 0 3031
17 6 1 4536
17 6 2 3049
17 6 3 2409
17 6 4 5003
17 6 5 3235
17 6 6 0
17 6 7 4667
17 6 8 2801
17 6 9 1465
17 6 10 4718
17 6 11 2854
17 6 12 2913
17 6 13 3309
17 6 14 3416
17 6 15 3597
17 6 16 2407
17 6 17 0
17 6 18 621
17 6 19 881
17 7 0 5265
17 7 1 5825
17 7 2 3322
17 7 3 2520
17 7 4 2020
17 7 5 2673
17 7 6 4854
17 7 7 0
17 7 8 3559
17 7 9 2758
17 7 10 4387
17 7 11 2929
17 7 12 4565
17 7 13 6193
17 7 14 6146
17 7 15 5331
17 7 16 2857
17 7 17 0
17 7 18 5231
17 7 19 7283
17 8 0 3281
17 8 1 2771
17 8 2 5107
17 8 3 2544
17 8 4 4286
17 8 5 5627
17 8 6 6493
17 8 7 2227
17 8 8 0
17 8 9 4464
17 8 10 3551
17 8 11 2794
17 8 12 1854
17 8 13 6058
17 8 14 4456
17 8 15 2350
17 8 16 4247
17 8 17 0
17 8 18 362
17 8 19 5046
17 9 0 5301
17 9 1 1399
17 9 2 3161
17 9 3 3303
17 9 4 3830
17 9 5 4475
17 9 6 4536
17 9 7 1208
17 9 8 3474
17 9 9 0
17 9 10 2950
17 9 11 5057
17 9 12 4079
17 9 13 3561
17 9 14 3533
17 9 15 573
17 9 16 4740
17 9 17 0
17 9 18 3685
17 9 19 5534
17 10 0 3704
17 10 1 2882
17 10 2 5987
17 10 3 6920
17 10 4 5550
17 10 5 5381
17 10 6 7676
17 10 7 5330
17 10 8 7270
17 10 9 2733
17 10 10 0
17 10 11 2892
17 10 12 5301
17 10 13 3258
17 10 14 5485
17 10 15 2836
17 10 16 3738
17 10 17 0
17 10 18 5592
17 10 19 5552
17 11 0 4871
17 11 1 5642
17 11 2 8994
17 11 3 5414
17 11 4 6245
17 11 5 7939
17 11 6 9695
17 11 7 8420
17 11 8 9101
17 11 9 5179
17 11 10 6357
17 11 11 0
17 11 12 9660
17 11 13 9462
17 11 14 5947
17 11 15 5437
17 11 16 5591
17 11 17 0
17 11 18 3112
17 11 19 3679
17 12 0 3304
17 12 1 3720
17 12 2 4550
17 12 3 5263
17 12 4 7291
17 12 5 3206
17 12 6 3142
17 12 7 5817
17 12 8 3727
17 12 9 5638
17 12 10 4433
17 12 11 5103
17 12 12 0
17 12 13 6618
17 12 14 6316
17 12 15 6805
17 12 16 3157
17 12 17 0
17 12 18 9324
17 12 19 5132
17 13 0 6392
17 13 1 6326
17 13 2 8008
17 13 3 5119
17 13 4 4706
17 13 5 4051
17 13 6 3927
17 13 7 5859
17 13 8 6504
17 13 9 6810
17 13 10 5482
17 13 11 7821
17 13 12 7424
17 13 13 0
17 13 14 6549
17 13 15 7686
17 13 16 7648
17 13 17 0
17 13 18 9454
17 13 19 5026
17 14 0 9871
17 14 1 5389
17 14 2 7466
17 14 3 6879
17 14 4 5730
17 14 5 7818
17 14 6 5680
17 14 7 9058
17 14 8 6468
17 14 9 5012
17 14 10 9263
17 14 11 7194
17 14 12 8535
17 14 13 5515
17 14 14 0
17 14 15 6934
17 14 16 8903
17 14 17 0
17 14 18 8201
17 14 19 5991
17 15 0 4997
17 15 1 7169
17 15 2 6334
17 15 3 9003
17 15 4 8643
17 15 5 7628
17 15 6 6249
17 15 7 6552
17 15 8 6542
17 15 9 7112
17 15 10 8007
17 15 11 7493
17 15 12 5006
17 15 13 7376
17 15 14 8986
17 15 15 0
17 15 16 8411
17 15 17 0
17 15 18 6745
17 15 19 4065
17 16 0 4721
17 16 1 5724
17 16 2 2416
17 16 3 3522
17 16 4 2094
17 16 5 6295
17 16 6 3887
17 16 7 2052
17 16 8 6078
17 16 9 3899
17 16 10 4896
17 16 11 3457
17 16 12 2975
17 16 13 3603
17 16 14 4996
17 16 15 5298
17 16 16 0
17 16 17 0
17 16 18 5291
17 16 19 5645
17 17 0 0
17 17 1 0
17 17 2 0
17 17 3 0
17 17 4 0
17 17 5 0
17 17 6 0
17 17 7 0
17 17 8 0
17 17 9 0
17 17 10 0
17 17 11 0
17 17 12 0
17 17 13 0
17 17 14 0
17 17 15 0
17 17 16 0
17 17 17 0
17 17 18 0
17 17 19 0
17 18 0 5836
17 18 1 5446
17 18 2 5552
17 18 3 4750
17 18 4 4491
17 18 5 7537
17 18 6 3458
17 18 7 4375
17 18 8 3630
17 18 9 4508
17 18 10 6526
17 18 11 5648
17 18 12 8321
17 18 13 8080
17 18 14 7492
17 18 15 6782
17 18 16 7567
17 18 17 0
17 18 18 0
17 18 19 2864
17 19 0 9122
17 19 1 9576
17 19 2 9088
17 19 3 7260
17 19 4 4743
17 19 5 8829
17 19 6 5121
17 19 7 7830
17 19 8 9717
17 19 9 7760
17 19 10 7889
17 19 11 7618
17 19 12 5532
17 19 13 5055
17 19 14 6685
17 19 15 5505
17 19 16 9324
17 19 17 0
17 19 18 4343
17 19 19 0
18 0 0 0
18 0 1 5240
18 0 2 7421
18 0 3 4355
18 0 4 5036
18 0 5 6893
18 0 6 6294
18 0 7 6738
18 0 8 3293
18 0 9 3316
18 0 10 4440
18 0 11 2520
18 0 12 4765
18 0 13 3540
18 0 14 4601
18 0 15 3474
18 0 16 6059
18 0 17 4460
18 0 18 0
18 0 19 5254
18 1 0 2860
18 1 1 0
18 1 2 5277
18 1 3 4374
18 1 4 6293
18 1 5 6623
18 1 6 3511
18 1 7 3400
18 1 8 6145
18 1 9 3081
18 1 10 3277
18 1 11 2765
18 1 12 4954
18 1 13 5155
18 1 14 5592
18 1 15 5820
18 1 16 6455
18 1 17 2163
18 1 18 0
18 1 19 6360
18 2 0 2798
18 2 1 5302
18 2 2 0
18 2 3 3017
18 2 4 5713
18 2 5 4057
18 2 6 7147
18 2 7 7220
18 2 8 2342
18 2 9 3608
18 2 10 5054
18 2 11 6659
18 2 12 6357
18 2 13 7009
18 2 14 5711
18 2 15 5121
18 2 16 3937
18 2 17 4823
18 2 18 0
18 2 19 7008
18 3 0 3629
18 3 1 3847
18 3 2 2574
18 3 3 0
18 3 4 4230
18 3 5 1862
18 3 6 2037
18 3 7 4950
18 3 8 4835
18 3 9 3322
18 3 10 4172
18 3 11 5829
18 3 12 4656
18 3 13 5516
18 3 14 2574
18 3 15 6004
18 3 16 2048
18 3 17 2218
18 3 18 0
18 3 19 3834
18 4 0 4249
18 4 1 2654
18 4 2 4133
18 4 3 5925
18 4 4 0
18 4 5 4218
18 4 6 5548
18 4 7 6032
18 4 8 1335
18 4 9 5483
18 4 10 4709
18 4 11 2128
18 4 12 1647
18 4 13 2667
18 4 14 2256
18 4 15 2184
18 4 16 1982
18 4 17 3170
18 4 18 0
18 4 19 2438
18 5 0 7786
18 5 1 8995
18 5 2 6585
18 5 3 7090
18 5 4 7502
18 5 5 0
18 5 6 6844
18 5 7 5893
18 5 8 9047
18 5 9 9161
18 5 10 9051
18 5 11 7694
18 5 12 5309
18 5 13 4988
18 5 14 4358
18 5 15 8068
18 5 16 8748
18 5 17 5002
18 5 18 0
18 5 19 7400
18 6 0 2146
18 6 1 3651
18 6 2 2164
18 6 3 1524
18 6 4 4118
18 6 5 2350
18 6 6 0
18 6 7 3782
18 6 8 1916
18 6 9 580
18 6 10 3833
18 6 11 1969
18 6 12 2028
18 6 13 2424
18 6 14 2531
18 6 15 2712
18 6 16 1522
18 6 17 621
18 6 18 0
18 6 19 877
18 7 0 4593
18 7 1 5153
18 7 2 2650
18 7 3 1848
18 7 4 1348
18 7 5 2001
18 7 6 4182
18 7 7 0
18 7 8 2887
18 7 9 2086
18 7 10 3715
18 7 11 2257
18 7 12 3893
18 7 13 5521
18 7 14 5474
18 7 15 4659
18 7 16 2185
18 7 17 5231
18 7 18 0
18 7 19 4486
18 8 0 1829
18 8 1 1319
18 8 2 3655
18 8 3 1092
18 8 4 2834
18 8 5 4175
18 8 6 5041
18 8 7 775
18 8 8 0
18 8 9 3012
18 8 10 2099
18 8 11 1342
18 8 12 402
18 8 13 4606
18 8 14 3004
18 8 15 898
18 8 16 2795
18 8 17 362
18 8 18 0
18 8 19 9612
18 9 0 6070
18 9 1 2168
18 9 2 3930
18 9 3 4072
18 9 4 4599
18 9 5 5244
18 9 6 5305
18 9 7 1977
18 9 8 4243
18 9 9 0
18 9 10 3719
18 9 11 5826
18 9 12 4848
18 9 13 4330
18 9 14 4302
18 9 15 1342
18 9 16 5509
18 9 17 3685
18 9 18 0
18 9 19 4061
18 10 0 4214
18 10 1 3392
18 10 2 6497
18 10 3 7430
18 10 4 6060
18 10 5 5891
18 10 6 8186
18 10 7 5840
18 10 8 7780
18 10 9 3243
18 10 10 0
18 10 11 3402
18 10 12 5811
18 10 13 3768
18 10 14 5995
18 10 15 3346
18 10 16 4248
18 10 17 5592
18 10 18 0
18 10 19 5879
18 11 0 2397
18 11 1 3168
18 11 2 6520
18 11 3 2940
18 11 4 3771
18 11 5 5465
18 11 6 7221
18 11 7 5946
18 11 8 6627
18 11 9 2705
18 11 10 3883
18 11 11 0
18 11 12 7186
18 11 13 6988
18 11 14 3473
18 11 15 2963
18 11 16 3117
18 11 17 3112
18 11 18 0
18 11 19 7789
18 12 0 5561
18 12 1 5977
18 12 2 6807
18 12 3 7520
18 12 4 9548
18 12 5 5463
18 12 6 5399
18 12 7 8074
18 12 8 5984
18 12 9 7895
18 12 10 6690
18 12 11 7360
18 12 12 0
18 12 13 8875
18 12 14 8573
18 12 15 9062
18 12 16 5414
18 12 17 9324
18 12 18 0
18 12 19 5333
18 13 0 7231
18 13 1 7165
18 13 2 8847
18 13 3 5958
18 13 4 5545
18 13 5 4890
18 13 6 4766
18 13 7 6698
18 13 8 7343
18 13 9 7649
18 13 10 6321
18 13 11 8660
18 13 12 8263
18 13 13 0
18 13 14 7388
18 13 15 8525
18 13 16 8487
18 13 17 9454
18 13 18 0
18 13 19 1139
18 14 0 9134
18 14 1 4652
18 14 2 6729
18 14 3 6142
18 14 4 4993
18 14 5 7081
18 14 6 4943
18 14 7 8321
18 14 8 5731
18 14 9 4275
18 14 10 8526
18 14 11 6457
18 14 12 7798
18 14 13 4778
18 14 14 0
18 14 15 6197
18 14 16 8166
18 14 17 8201
18 14 18 0
18 14 19 4029
18 15 0 4253
18 15 1 6425
18 15 2 5590
18 15 3 8259
18 15 4 7899
18 15 5 6884
18 15 6 5505
18 15 7 5808
18 15 8 5798
18 15 9 6368
18 15 10 7263
18 15 11 6749
18 15 12 4262
18 15 13 6632
18 15 14 8242
18 15 15 0
18 15 16 7667
18 15 17 6745
18 15 18 0
18 15 19 1442
18 16 0 7564
18 16 1 8567
18 16 2 5259
18 16 3 6365
18 16 4 4937
18 16 5 9138
18 16 6 6730
18 16 7 4895
18 16 8 8921
18 16 9 6742
18 16 10 7739
18 16 11 6300
18 16 12 5818
18 16 13 6446
18 16 14 7839
18 16 15 8141
18 16 16 0
18 16 17 5291
18 16 18 0
18 16 19 9578
18 17 0 2903
18 17 1 3087
18 17 2 5250
18 17 3 3922
18 17 4 3948
18 17 5 4245
18 17 6 2362
18 17 7 3066
18 17 8 3101
18 17 9 1758
18 17 10 4035
18 17 11 6141
18 17 12 4083
18 17 13 5260
18 17 14 6248
18 17 15 5545
18 17 16 2743
18 17 17 0
18 17 18 0
18 17 19 4407
18 18 0 0
18 18 1 0
18 18 2 0
18 18 3 0
18 18 4 0
18 18 5 0
18 18 6 0
18 18 7 0
18 18 8 0
18 18 9 0
18 18 10 0
18 18 11 0
18 18 12 0
18 18 13 0
18 18 14 0
18 18 15 0
18 18 16 0
18 18 17 0
18 18 18 0
18 18 19 0
18 19 0 7655
18 19 1 8109
18 19 2 7621
18 19 3 5793
18 19 4 3276
18 19 5 7362
18 19 6 3654
18 19 7 6363
18 19 8 8250
18 19 9 6293
18 19 10 6422
18 19 11 6151
18 19 12 4065
18 19 13 3588
18 19 14 5218
18 19 15 4038
18 19 16 7857
18 19 17 4343
18 19 18 0
18 19 19 0
19 0 0 0
19 0 1 7123
19 0 2 9304
19 0 3 6238
19 0 4 6919
19 0 5 8776
19 0 6 8177
19 0 7 8621
19 0 8 5176
19 0 9 5199
19 0 10 6323
19 0 11 4403
19 0 12 6648
19 0 13 5423
19 0 14 6484
19 0 15 5357
19 0 16 7942
19 0 17 6343
19 0 18 5254
19 0 19 0
19 1 0 5587
19 1 1 0
19 1 2 8004
19 1 3 7101
19 1 4 9020
19 1 5 9350
19 1 6 6238
19 1 7 6127
19 1 8 8872
19 1 9 5808
19 1 10 6004
19 1 11 5492
19 1 12 7681
19 1 13 7882
19 1 14 8319
19 1 15 8547
19 1 16 9182
19 1 17 4890
19 1 18 6360
19 1 19 0
19 2 0 4931
19 2 1 7435
19 2 2 0
19 2 3 5150
19 2 4 7846
19 2 5 6190
19 2 6 9280
19 2 7 9353
19 2 8 4475
19 2 9 5741
19 2 10 7187
19 2 11 8792
19 2 12 8490
19 2 13 9142
19 2 14 7844
19 2 15 7254
19 2 16 6070
19 2 17 6956
19 2 18 7008
19 2 19 0
19 3 0 4736
19 3 1 4954
19 3 2 3681
19 3 3 0
19 3 4 5337
19 3 5 2969
19 3 6 3144
19 3 7 6057
19 3 8 5942
19 3 9 4429
19 3 10 5279
19 3 11 6936
19 3 12 5763
19 3 13 6623
19 3 14 3681
19 3 15 7111
19 3 16 3155
19 3 17 3325
19 3 18 3834
19 3 19 0
19 4 0 3098
19 4 1 1503
19 4 2 2982
19 4 3 4774
19 4 4 0
19 4 5 3067
19 4 6 4397
19 4 7 4881
19 4 8 184
19 4 9 4332
19 4 10 3558
19 4 11 977
19 4 12 496
19 4 13 1516
19 4 14 1105
19 4 15 1033
19 4 16 831
19 4 17 2019
19 4 18 2438
19 4 19 0
19 5 0 7675
19 5 1 8884
19 5 2 6474
19 5 3 6979
19 5 4 7391
19 5 5 0
19 5 6 6733
19 5 7 5782
19 5 8 8936
19 5 9 9050
19 5 10 8940
19 5 11 7583
19 5 12 5198
19 5 13 4877
19 5 14 4247
19 5 15 7957
19 5 16 8637
19 5 17 4891
19 5 18 7400
19 5 19 0
19 6 0 2406
19 6 1 3911
19 6 2 2424
19 6 3 1784
19 6 4 4378
19 6 5 2610
19 6 6 0
19 6 7 4042
19 6 8 2176
19 6 9 840
19 6 10 4093
19 6 11 2229
19 6 12 2288
19 6 13 2684
19 6 14 2791
19 6 15 2972
19 6 16 1782
19 6 17 881
19 6 18 877
19 6 19 0
19 7 0 6645
19 7 1 7205
19 7 2 4702
19 7 3 3900
19 7 4 3400
19 7 5 4053
19 7 6 6234
19 7 7 0
19 7 8 4939
19 7 9 4138
19 7 10 5767
19 7 11 4309
19 7 12 5945
19 7 13 7573
19 7 14 7526
19 7 15 6711
19 7 16 4237
19 7 17 7283
19 7 18 4486
19 7 19 0
19 8 0 6513
19 8 1 6003
19 8 2 8339
19 8 3 5776
19 8 4 7518
19 8 5 8859
19 8 6 9725
19 8 7 5459
19 8 8 0
19 8 9 7696
19 8 10 6783
19 8 11 6026
19 8 12 5086
19 8 13 9290
19 8 14 7688
19 8 15 5582
19 8 16 7479
19 8 17 5046
19 8 18 9612
19 8 19 0
19 9 0 7919
19 9 1 4017
19 9 2 5779
19 9 3 5921
19 9 4 6448
19 9 5 7093
19 9 6 7154
19 9 7 3826
19 9 8 6092
19 9 9 0
19 9 10 5568
19 9 11 7675
19 9 12 6697
19 9 13 6179
19 9 14 6151
19 9 15 3191
19 9 16 7358
19 9 17 5534
19 9 18 4061
19 9 19 0
19 10 0 4174
19 10 1 3352
19 10 2 6457
19 10 3 7390
19 10 4 6020
19 10 5 5851
19 10 6 8146
19 10 7 5800
19 10 8 7740
19 10 9 3203
19 10 10 0
19 10 11 3362
19 10 12 5771
19 10 13 3728
19 10 14 5955
19 10 15 3306
19 10 16 4208
19 10 17 5552
19 10 18 5879
19 10 19 0
19 11 0 2964
19 11 1 3735
19 11 2 7087
19 11 3 3507
19 11 4 4338
19 11 5 6032
19 11 6 7788
19 11 7 6513
19 11 8 7194
19 11 9 3272
19 11 10 4450
19 11 11 0
19 11 12 7753
19 11 13 7555
19 11 14 4040
19 11 15 3530
19 11 16 3684
19 11 17 3679
19 11 18 7789
19 11 19 0
19 12 0 1369
19 12 1 1785
19 12 2 2615
19 12 3 3328
19 12 4 5356
19 12 5 1271
19 12 6 1207
19 12 7 3882
19 12 8 1792
19 12 9 3703
19 12 10 2498
19 12 11 3168
19 12 12 0
19 12 13 4683
19 12 14 4381
19 12 15 4870
19 12 16 1222
19 12 17 5132
19 12 18 5333
19 12 19 0
19 13 0 2803
19 13 1 2737
19 13 2 4419
19 13 3 1530
19 13 4 1117
19 13 5 462
19 13 6 338
19 13 7 2270
19 13 8 2915
19 13 9 3221
19 13 10 1893
19 13 11 4232
19 13 12 3835
19 13 13 0
19 13 14 2960
19 13 15 4097
19 13 16 4059
19 13 17 5026
19 13 18 1139
19 13 19 0
19 14 0 6924
19 14 1 2442
19 14 2 4519
19 14 3 3932
19 14 4 2783
19 14 5 4871
19 14 6 2733
19 14 7 6111
19 14 8 3521
19 14 9 2065
19 14 10 6316
19 14 11 4247
19 14 12 5588
19 14 13 2568
19 14 14 0
19 14 15 3987
19 14 16 5956
19 14 17 5991
19 14 18 4029
19 14 19 0
19 15 0 1573
19 15 1 3745
19 15 2 2910
19 15 3 5579
19 15 4 5219
19 15 5 4204
19 15 6 2825
19 15 7 3128
19 15 8 3118
19 15 9 3688
19 15 10 4583
19 15 11 4069
19 15 12 1582
19 15 13 3952
19 15 14 5562
19 15 15 0
19 15 16 4987
19 15 17 4065
19 15 18 1442
19 15 19 0
19 16 0 7918
19 16 1 8921
19 16 2 5613
19 16 3 6719
19 16 4 5291
19 16 5 9492
19 16 6 7084
19 16 7 5249
19 16 8 9275
19 16 9 7096
19 16 10 8093
19 16 11 6654
19 16 12 6172
19 16 13 6800
19 16 14 8193
19 16 15 8495
19 16 16 0
19 16 17 5645
19 16 18 9578
19 16 19 0
19 17 0 2639
19 17 1 2823
19 17 2 4986
19 17 3 3658
19 17 4 3684
19 17 5 3981
19 17 6 2098
19 17 7 2802
19 17 8 2837
19 17 9 1494
19 17 10 3771
19 17 11 5877
19 17 12 3819
19 17 13 4996
19 17 14 5984
19 17 15 5281
19 17 16 2479
19 17 17 0
19 17 18 4407
19 17 19 0
19 18 0 4029
19 18 1 3639
19 18 2 3745
19 18 3 2943
19 18 4 2684
19 18 5 5730
19 18 6 1651
19 18 7 2568
19 18 8 1823
19 18 9 2701
19 18 10 4719
19 18 11 3841
19 18 12 6514
19 18 13 6273
19 18 14 5685
19 18 15 4975
19 18 16 5760
19 18 17 2864
19 18 18 0
19 18 19 0
19 19 0 0
19 19 1 0
19 19 2 0
19 19 3 0
19 19 4 0
19 19 5 0
19 19 6 0
19 19 7 0
19 19 8 0
19 19 9 0
19 19 10 0
19 19 11 0
19 19 12 0
19 19 13 0
19 19 14 0
19 19 15 0
19 19 16 0
19 19 17 0
19 19 18 0
19 19 19 0
