5
0 0 0 0
0 0 1 0
0 0 2 0
0 0 3 0
0 0 4 0
0 1 0 0
0 1 1 0
0 1 2 3430
0 1 3 4361
0 1 4 4998
0 2 0 0
0 2 1 2104
0 2 2 0
0 2 3 2834
0 2 4 2919
0 3 0 0
0 3 1 7533
0 3 2 4822
0 3 3 0
0 3 4 8217
0 4 0 0
0 4 1 6792
0 4 2 4900
0 4 3 6784
0 4 4 0
1 0 0 0
1 0 1 0
1 0 2 1661
1 0 3 5238
1 0 4 4643
1 1 0 0
1 1 1 0
1 1 2 0
1 1 3 0
1 1 4 0
1 2 0 2104
1 2 1 0
1 2 2 0
1 2 3 5727
1 2 4 5812
1 3 0 7533
1 3 1 0
1 3 2 5069
1 3 3 0
1 3 4 8464
1 4 0 6792
1 4 1 0
1 4 2 6379
1 4 3 8263
1 4 4 0
2 0 0 0
2 0 1 1661
2 0 2 0
2 0 3 5605
2 0 4 5010
2 1 0 3430
2 1 1 0
2 1 2 0
2 1 3 5928
2 1 4 6565
2 2 0 0
2 2 1 0
2 2 2 0
2 2 3 0
2 2 4 0
2 3 0 4822
2 3 1 5069
2 3 2 0
2 3 3 0
2 3 4 6688
2 4 0 4900
2 4 1 6379
2 4 2 0
2 4 3 5935
2 4 4 0
3 0 0 0
3 0 1 5238
3 0 2 5605
3 0 3 0
3 0 4 5738
3 1 0 4361
3 1 1 0
3 1 2 5928
3 1 3 0
3 1 4 8417
3 2 0 2834
3 2 1 5727
3 2 2 0
3 2 3 0
3 2 4 3378
3 3 0 0
3 3 1 0
3 3 2 0
3 3 3 0
3 3 4 0
3 4 0 6784
3 4 1 8263
3 4 2 5935
3 4 3 0
3 4 4 0
4 0 0 0
4 0 1 4643
4 0 2 5010
4 0 3 5738
4 0 4 0
4 1 0 4998
4 1 1 0
4 1 2 6565
4 1 3 8417
4 1 4 0
4 2 0 2919
4 2 1 5812
4 2 2 0
4 2 3 3378
4 2 4 0
4 3 0 8217
4 3 1 8464
4 3 2 6688
4 3 3 0
4 3 4 0
4 4 0 0
4 4 1 0
4 4 2 0
4 4 3 0
4 4 4 0
