5
0 0 0 0
0 0 1 0
0 0 2 0
0 0 3 0
0 0 4 0
0 1 0 0
0 1 1 0
0 1 2 4779
0 1 3 6711
0 1 4 5388
0 2 0 0
0 2 1 4798
0 2 2 0
0 2 3 1091
0 2 4 5409
0 3 0 0
0 3 1 5726
0 3 2 5876
0 3 3 0
0 3 4 4805
0 4 0 0
0 4 1 6327
0 4 2 4961
0 4 3 6410
0 4 4 0
1 0 0 0
1 0 1 0
1 0 2 5962
1 0 3 9527
1 0 4 7263
1 1 0 0
1 1 1 0
1 1 2 0
1 1 3 0
1 1 4 0
1 2 0 4798
1 2 1 0
1 2 2 0
1 2 3 2097
1 2 4 6415
1 3 0 5726
1 3 1 0
1 3 2 5249
1 3 3 0
1 3 4 4178
1 4 0 6327
1 4 1 0
1 4 2 5275
1 4 3 6724
1 4 4 0
2 0 0 0
2 0 1 5962
2 0 2 0
2 0 3 9369
2 0 4 7105
2 1 0 4779
2 1 1 0
2 1 2 0
2 1 3 7736
2 1 4 6413
2 2 0 0
2 2 1 0
2 2 2 0
2 2 3 0
2 2 4 0
2 3 0 5876
2 3 1 5249
2 3 2 0
2 3 3 0
2 3 4 253
2 4 0 4961
2 4 1 5275
2 4 2 0
2 4 3 8440
2 4 4 0
3 0 0 0
3 0 1 9527
3 0 2 9369
3 0 3 0
3 0 4 2523
3 1 0 6711
3 1 1 0
3 1 2 7736
3 1 3 0
3 1 4 3776
3 2 0 1091
3 2 1 2097
3 2 2 0
3 2 3 0
3 2 4 5642
3 3 0 0
3 3 1 0
3 3 2 0
3 3 3 0
3 3 4 0
3 4 0 6410
3 4 1 6724
3 4 2 8440
3 4 3 0
3 4 4 0
4 0 0 0
4 0 1 7263
4 0 2 7105
4 0 3 2523
4 0 4 0
4 1 0 5388
4 1 1 0
4 1 2 6413
4 1 3 3776
4 1 4 0
4 2 0 5409
4 2 1 6415
4 2 2 0
4 2 3 5642
4 2 4 0
4 3 0 4805
4 3 1 4178
4 3 2 253
4 3 3 0
4 3 4 0
4 4 0 0
4 4 1 0
4 4 2 0
4 4 3 0
4 4 4 0
