5
0 0 0 0
0 0 1 0
0 0 2 0
0 0 3 0
0 0 4 0
0 1 0 0
0 1 1 0
0 1 2 3679
0 1 3 6752
0 1 4 4232
0 2 0 0
0 2 1 5696
0 2 2 0
0 2 3 9292
0 2 4 6934
0 3 0 0
0 3 1 7877
0 3 2 4316
0 3 3 0
0 3 4 7660
0 4 0 0
0 4 1 9371
0 4 2 5252
0 4 3 7189
0 4 4 0
1 0 0 0
1 0 1 0
1 0 2 8876
1 0 3 7498
1 0 4 9334
1 1 0 0
1 1 1 0
1 1 2 0
1 1 3 0
1 1 4 0
1 2 0 5696
1 2 1 0
1 2 2 0
1 2 3 5560
1 2 4 3202
1 3 0 7877
1 3 1 0
1 3 2 5035
1 3 3 0
1 3 4 8379
1 4 0 9371
1 4 1 0
1 4 2 1615
1 4 3 3552
1 4 4 0
2 0 0 0
2 0 1 8876
2 0 2 0
2 0 3 4515
2 0 4 6351
2 1 0 3679
2 1 1 0
2 1 2 0
2 1 3 5037
2 1 4 2517
2 2 0 0
2 2 1 0
2 2 2 0
2 2 3 0
2 2 4 0
2 3 0 4316
2 3 1 5035
2 3 2 0
2 3 3 0
2 3 4 9286
2 4 0 5252
2 4 1 1615
2 4 2 0
2 4 3 4621
2 4 4 0
3 0 0 0
3 0 1 7498
3 0 2 4515
3 0 3 0
3 0 4 9123
3 1 0 6752
3 1 1 0
3 1 2 5037
3 1 3 0
3 1 4 6076
3 2 0 9292
3 2 1 5560
3 2 2 0
3 2 3 0
3 2 4 3584
3 3 0 0
3 3 1 0
3 3 2 0
3 3 3 0
3 3 4 0
3 4 0 7189
3 4 1 3552
3 4 2 4621
3 4 3 0
3 4 4 0
4 0 0 0
4 0 1 9334
4 0 2 6351
4 0 3 9123
4 0 4 0
4 1 0 4232
4 1 1 0
4 1 2 2517
4 1 3 6076
4 1 4 0
4 2 0 6934
4 2 1 3202
4 2 2 0
4 2 3 3584
4 2 4 0
4 3 0 7660
4 3 1 8379
4 3 2 9286
4 3 3 0
4 3 4 0
4 4 0 0
4 4 1 0
4 4 2 0
4 4 3 0
4 4 4 0
