5
0 0 0 0
0 0 1 0
0 0 2 0
0 0 3 0
0 0 4 0
0 1 0 0
0 1 1 0
0 1 2 7709
0 1 3 7695
0 1 4 4718
0 2 0 0
0 2 1 2105
0 2 2 0
0 2 3 2035
0 2 4 4007
0 3 0 0
0 3 1 2526
0 3 2 546
0 3 3 0
0 3 4 2665
0 4 0 0
0 4 1 5287
0 4 2 2577
0 4 3 3990
0 4 4 0
1 0 0 0
1 0 1 0
1 0 2 3447
1 0 3 3305
1 0 4 4104
1 1 0 0
1 1 1 0
1 1 2 0
1 1 3 0
1 1 4 0
1 2 0 2105
1 2 1 0
1 2 2 0
1 2 3 6342
1 2 4 8314
1 3 0 2526
1 3 1 0
1 3 2 4981
1 3 3 0
1 3 4 7100
1 4 0 5287
1 4 1 0
1 4 2 3236
1 4 3 4649
1 4 4 0
2 0 0 0
2 0 1 3447
2 0 2 0
2 0 3 3245
2 0 4 4044
2 1 0 7709
2 1 1 0
2 1 2 0
2 1 3 6398
2 1 4 3421
2 2 0 0
2 2 1 0
2 2 2 0
2 2 3 0
2 2 4 0
2 3 0 546
2 3 1 4981
2 3 2 0
2 3 3 0
2 3 4 3698
2 4 0 2577
2 4 1 3236
2 4 2 0
2 4 3 6196
2 4 4 0
3 0 0 0
3 0 1 3305
3 0 2 3245
3 0 3 0
3 0 4 5211
3 1 0 7695
3 1 1 0
3 1 2 6398
3 1 3 0
3 1 4 3984
3 2 0 2035
3 2 1 6342
3 2 2 0
3 2 3 0
3 2 4 3551
3 3 0 0
3 3 1 0
3 3 2 0
3 3 3 0
3 3 4 0
3 4 0 3990
3 4 1 4649
3 4 2 6196
3 4 3 0
3 4 4 0
4 0 0 0
4 0 1 4104
4 0 2 4044
4 0 3 5211
4 0 4 0
4 1 0 4718
4 1 1 0
4 1 2 3421
4 1 3 3984
4 1 4 0
4 2 0 4007
4 2 1 8314
4 2 2 0
4 2 3 3551
4 2 4 0
4 3 0 2665
4 3 1 7100
4 3 2 3698
4 3 3 0
4 3 4 0
4 4 0 0
4 4 1 0
4 4 2 0
4 4 3 0
4 4 4 0
