6
0 0 0 0
0 0 1 0
0 0 2 0
0 0 3 0
0 0 4 0
0 0 5 0
0 1 0 0
0 1 1 0
0 1 2 3626
0 1 3 1681
0 1 4 1098
0 1 5 1580
0 2 0 0
0 2 1 5033
0 2 2 0
0 2 3 2002
0 2 4 954
0 2 5 4824
0 3 0 0
0 3 1 6697
0 3 2 7470
0 3 3 0
0 3 4 6695
0 3 5 5099
0 4 0 0
0 4 1 2825
0 4 2 3051
0 4 3 6158
0 4 4 0
0 4 5 5457
0 5 0 0
0 5 1 5522
0 5 2 4252
0 5 3 4008
0 5 4 2881
0 5 5 0
1 0 0 0
1 0 1 0
1 0 2 5004
1 0 3 8172
1 0 4 5890
1 0 5 5295
1 1 0 0
1 1 1 0
1 1 2 0
1 1 3 0
1 1 4 0
1 1 5 0
1 2 0 5033
1 2 1 0
1 2 2 0
1 2 3 3805
1 2 4 2757
1 2 5 6627
1 3 0 6697
1 3 1 0
1 3 2 4160
1 3 3 0
1 3 4 3385
1 3 5 1789
1 4 0 2825
1 4 1 0
1 4 2 1440
1 4 3 4547
1 4 4 0
1 4 5 3846
1 5 0 5522
1 5 1 0
1 5 2 3718
1 5 3 3474
1 5 4 2347
1 5 5 0
2 0 0 0
2 0 1 5004
2 0 2 0
2 0 3 5701
2 0 4 3419
2 0 5 2824
2 1 0 3626
2 1 1 0
2 1 2 0
2 1 3 4891
2 1 4 4308
2 1 5 4790
2 2 0 0
2 2 1 0
2 2 2 0
2 2 3 0
2 2 4 0
2 2 5 0
2 3 0 7470
2 3 1 4160
2 3 2 0
2 3 3 0
2 3 4 3775
2 3 5 2179
2 4 0 3051
2 4 1 1440
2 4 2 0
2 4 3 4472
2 4 4 0
2 4 5 3771
2 5 0 4252
2 5 1 3718
2 5 2 0
2 5 3 6787
2 5 4 5660
2 5 5 0
3 0 0 0
3 0 1 8172
3 0 2 5701
3 0 3 0
3 0 4 5748
3 0 5 5153
3 1 0 1681
3 1 1 0
3 1 2 4891
3 1 3 0
3 1 4 2804
3 1 5 3286
3 2 0 2002
3 2 1 3805
3 2 2 0
3 2 3 0
3 2 4 3502
3 2 5 7372
3 3 0 0
3 3 1 0
3 3 2 0
3 3 3 0
3 3 4 0
3 3 5 0
3 4 0 6158
3 4 1 4547
3 4 2 4472
3 4 3 0
3 4 4 0
3 4 5 6344
3 5 0 4008
3 5 1 3474
3 5 2 6787
3 5 3 0
3 5 4 2767
3 5 5 0
4 0 0 0
4 0 1 5890
4 0 2 3419
4 0 3 5748
4 0 4 0
4 0 5 3239
4 1 0 1098
4 1 1 0
4 1 2 4308
4 1 3 2804
4 1 4 0
4 1 5 1696
4 2 0 954
4 2 1 2757
4 2 2 0
4 2 3 3502
4 2 4 0
4 2 5 5235
4 3 0 6695
4 3 1 3385
4 3 2 3775
4 3 3 0
4 3 4 0
4 3 5 5449
4 4 0 0
4 4 1 0
4 4 2 0
4 4 3 0
4 4 4 0
4 4 5 0
4 5 0 2881
4 5 1 2347
4 5 2 5660
4 5 3 2767
4 5 4 0
4 5 5 0
5 0 0 0
5 0 1 5295
5 0 2 2824
5 0 3 5153
5 0 4 3239
5 0 5 0
5 1 0 1580
5 1 1 0
5 1 2 4790
5 1 3 3286
5 1 4 1696
5 1 5 0
5 2 0 4824
5 2 1 6627
5 2 2 0
5 2 3 7372
5 2 4 5235
5 2 5 0
5 3 0 5099
5 3 1 1789
5 3 2 2179
5 3 3 0
5 3 4 5449
5 3 5 0
5 4 0 5457
5 4 1 3846
5 4 2 3771
5 4 3 6344
5 4 4 0
5 4 5 0
5 5 0 0
5 5 1 0
5 5 2 0
5 5 3 0
5 5 4 0
5 5 5 0
