6
0 0 0 0
0 0 1 0
0 0 2 0
0 0 3 0
0 0 4 0
0 0 5 0
0 1 0 0
0 1 1 0
0 1 2 6020
0 1 3 2384
0 1 4 5932
0 1 5 3345
0 2 0 0
0 2 1 8362
0 2 2 0
0 2 3 7105
0 2 4 5894
0 2 5 3805
0 3 0 0
0 3 1 7163
0 3 2 5142
0 3 3 0
0 3 4 5956
0 3 5 7380
0 4 0 0
0 4 1 7705
0 4 2 6211
0 4 3 5139
0 4 4 0
0 4 5 5674
0 5 0 0
0 5 1 5334
0 5 2 5552
0 5 3 2480
0 5 4 2142
0 5 5 0
1 0 0 0
1 0 1 0
1 0 2 8455
1 0 3 8350
1 0 4 8882
1 0 5 5394
1 1 0 0
1 1 1 0
1 1 2 0
1 1 3 0
1 1 4 0
1 1 5 0
1 2 0 8362
1 2 1 0
1 2 2 0
1 2 3 7240
1 2 4 6029
1 2 5 3940
1 3 0 7163
1 3 1 0
1 3 2 1746
1 3 3 0
1 3 4 2560
1 3 5 3984
1 4 0 7705
1 4 1 0
1 4 2 5831
1 4 3 4759
1 4 4 0
1 4 5 5294
1 5 0 5334
1 5 1 0
1 5 2 6073
1 5 3 3001
1 5 4 2663
1 5 5 0
2 0 0 0
2 0 1 8455
2 0 2 0
2 0 3 6565
2 0 4 7097
2 0 5 3609
2 1 0 6020
2 1 1 0
2 1 2 0
2 1 3 4861
2 1 4 8409
2 1 5 5822
2 2 0 0
2 2 1 0
2 2 2 0
2 2 3 0
2 2 4 0
2 2 5 0
2 3 0 5142
2 3 1 1746
2 3 2 0
2 3 3 0
2 3 4 5910
2 3 5 7334
2 4 0 6211
2 4 1 5831
2 4 2 0
2 4 3 3350
2 4 4 0
2 4 5 3885
2 5 0 5552
2 5 1 6073
2 5 2 0
2 5 3 2090
2 5 4 1752
2 5 5 0
3 0 0 0
3 0 1 8350
3 0 2 6565
3 0 3 0
3 0 4 4191
3 0 5 703
3 1 0 2384
3 1 1 0
3 1 2 4861
3 1 3 0
3 1 4 7315
3 1 5 4728
3 2 0 7105
3 2 1 7240
3 2 2 0
3 2 3 0
3 2 4 3885
3 2 5 1796
3 3 0 0
3 3 1 0
3 3 2 0
3 3 3 0
3 3 4 0
3 3 5 0
3 4 0 5139
3 4 1 4759
3 4 2 3350
3 4 3 0
3 4 4 0
3 4 5 4052
3 5 0 2480
3 5 1 3001
3 5 2 2090
3 5 3 0
3 5 4 5432
3 5 5 0
4 0 0 0
4 0 1 8882
4 0 2 7097
4 0 3 4191
4 0 4 0
4 0 5 2542
4 1 0 5932
4 1 1 0
4 1 2 8409
4 1 3 7315
4 1 4 0
4 1 5 4738
4 2 0 5894
4 2 1 6029
4 2 2 0
4 2 3 3885
4 2 4 0
4 2 5 2333
4 3 0 5956
4 3 1 2560
4 3 2 5910
4 3 3 0
4 3 4 0
4 3 5 4941
4 4 0 0
4 4 1 0
4 4 2 0
4 4 3 0
4 4 4 0
4 4 5 0
4 5 0 2142
4 5 1 2663
4 5 2 1752
4 5 3 5432
4 5 4 0
4 5 5 0
5 0 0 0
5 0 1 5394
5 0 2 3609
5 0 3 703
5 0 4 2542
5 0 5 0
5 1 0 3345
5 1 1 0
5 1 2 5822
5 1 3 4728
5 1 4 4738
5 1 5 0
5 2 0 3805
5 2 1 3940
5 2 2 0
5 2 3 1796
5 2 4 2333
5 2 5 0
5 3 0 7380
5 3 1 3984
5 3 2 7334
5 3 3 0
5 3 4 4941
5 3 5 0
5 4 0 5674
5 4 1 5294
5 4 2 3885
5 4 3 4052
5 4 4 0
5 4 5 0
5 5 0 0
5 5 1 0
5 5 2 0
5 5 3 0
5 5 4 0
5 5 5 0
