6
0 0 0 0
0 0 1 0
0 0 2 0
0 0 3 0
0 0 4 0
0 0 5 0
0 1 0 0
0 1 1 0
0 1 2 4235
0 1 3 4468
0 1 4 4335
0 1 5 3670
0 2 0 0
0 2 1 7329
0 2 2 0
0 2 3 6663
0 2 4 8357
0 2 5 3858
0 3 0 0
0 3 1 9737
0 3 2 6473
0 3 3 0
0 3 4 8100
0 3 5 8953
0 4 0 0
0 4 1 3270
0 4 2 2201
0 4 3 1597
0 4 4 0
0 4 5 4341
0 5 0 0
0 5 1 3943
0 5 2 2326
0 5 3 477
0 5 4 4746
0 5 5 0
1 0 0 0
1 0 1 0
1 0 2 4586
1 0 3 5829
1 0 4 1822
1 0 5 1342
1 1 0 0
1 1 1 0
1 1 2 0
1 1 3 0
1 1 4 0
1 1 5 0
1 2 0 7329
1 2 1 0
1 2 2 0
1 2 3 5265
1 2 4 6959
1 2 5 2460
1 3 0 9737
1 3 1 0
1 3 2 4065
1 3 3 0
1 3 4 5692
1 3 5 6545
1 4 0 3270
1 4 1 0
1 4 2 3667
1 4 3 3063
1 4 4 0
1 4 5 5807
1 5 0 3943
1 5 1 0
1 5 2 3607
1 5 3 1758
1 5 4 6027
1 5 5 0
2 0 0 0
2 0 1 4586
2 0 2 0
2 0 3 9011
2 0 4 5004
2 0 5 4524
2 1 0 4235
2 1 1 0
2 1 2 0
2 1 3 6164
2 1 4 6031
2 1 5 5366
2 2 0 0
2 2 1 0
2 2 2 0
2 2 3 0
2 2 4 0
2 2 5 0
2 3 0 6473
2 3 1 4065
2 3 2 0
2 3 3 0
2 3 4 6426
2 3 5 7279
2 4 0 2201
2 4 1 3667
2 4 2 0
2 4 3 5624
2 4 4 0
2 4 5 8368
2 5 0 2326
2 5 1 3607
2 5 2 0
2 5 3 485
2 5 4 4754
2 5 5 0
3 0 0 0
3 0 1 5829
3 0 2 9011
3 0 3 0
3 0 4 2710
3 0 5 2230
3 1 0 4468
3 1 1 0
3 1 2 6164
3 1 3 0
3 1 4 7196
3 1 5 6531
3 2 0 6663
3 2 1 5265
3 2 2 0
3 2 3 0
3 2 4 6493
3 2 5 1994
3 3 0 0
3 3 1 0
3 3 2 0
3 3 3 0
3 3 4 0
3 3 5 0
3 4 0 1597
3 4 1 3063
3 4 2 5624
3 4 3 0
3 4 4 0
3 4 5 6868
3 5 0 477
3 5 1 1758
3 5 2 485
3 5 3 0
3 5 4 8606
3 5 5 0
4 0 0 0
4 0 1 1822
4 0 2 5004
4 0 3 2710
4 0 4 0
4 0 5 4111
4 1 0 4335
4 1 1 0
4 1 2 6031
4 1 3 7196
4 1 4 0
4 1 5 4071
4 2 0 8357
4 2 1 6959
4 2 2 0
4 2 3 6493
4 2 4 0
4 2 5 1729
4 3 0 8100
4 3 1 5692
4 3 2 6426
4 3 3 0
4 3 4 0
4 3 5 4977
4 4 0 0
4 4 1 0
4 4 2 0
4 4 3 0
4 4 4 0
4 4 5 0
4 5 0 4746
4 5 1 6027
4 5 2 4754
4 5 3 8606
4 5 4 0
4 5 5 0
5 0 0 0
5 0 1 1342
5 0 2 4524
5 0 3 2230
5 0 4 4111
5 0 5 0
5 1 0 3670
5 1 1 0
5 1 2 5366
5 1 3 6531
5 1 4 4071
5 1 5 0
5 2 0 3858
5 2 1 2460
5 2 2 0
5 2 3 1994
5 2 4 1729
5 2 5 0
5 3 0 8953
5 3 1 6545
5 3 2 7279
5 3 3 0
5 3 4 4977
5 3 5 0
5 4 0 4341
5 4 1 5807
5 4 2 8368
5 4 3 6868
5 4 4 0
5 4 5 0
5 5 0 0
5 5 1 0
5 5 2 0
5 5 3 0
5 5 4 0
5 5 5 0
