6
0 0 0 0
0 0 1 0
0 0 2 0
0 0 3 0
0 0 4 0
0 0 5 0
0 1 0 0
0 1 1 0
0 1 2 4795
0 1 3 6809
0 1 4 5790
0 1 5 7611
0 2 0 0
0 2 1 4236
0 2 2 0
0 2 3 1804
0 2 4 3360
0 2 5 3052
0 3 0 0
0 3 1 7218
0 3 2 9176
0 3 3 0
0 3 4 8424
0 3 5 6277
0 4 0 0
0 4 1 6877
0 4 2 5931
0 4 3 5466
0 4 4 0
0 4 5 5450
0 5 0 0
0 5 1 5808
0 5 2 5044
0 5 3 6382
0 5 4 5595
0 5 5 0
1 0 0 0
1 0 1 0
1 0 2 6036
1 0 3 9316
1 0 4 8271
1 0 5 6688
1 1 0 0
1 1 1 0
1 1 2 0
1 1 3 0
1 1 4 0
1 1 5 0
1 2 0 4236
1 2 1 0
1 2 2 0
1 2 3 1850
1 2 4 3406
1 2 5 3098
1 3 0 7218
1 3 1 0
1 3 2 7956
1 3 3 0
1 3 4 7204
1 3 5 5057
1 4 0 6877
1 4 1 0
1 4 2 4737
1 4 3 4272
1 4 4 0
1 4 5 4256
1 5 0 5808
1 5 1 0
1 5 2 7254
1 5 3 8592
1 5 4 7805
1 5 5 0
2 0 0 0
2 0 1 6036
2 0 2 0
2 0 3 6991
2 0 4 5946
2 0 5 4363
2 1 0 4795
2 1 1 0
2 1 2 0
2 1 3 6296
2 1 4 5277
2 1 5 7098
2 2 0 0
2 2 1 0
2 2 2 0
2 2 3 0
2 2 4 0
2 2 5 0
2 3 0 9176
2 3 1 7956
2 3 2 0
2 3 3 0
2 3 4 3630
2 3 5 1483
2 4 0 5931
2 4 1 4737
2 4 2 0
2 4 3 3273
2 4 4 0
2 4 5 3257
2 5 0 5044
2 5 1 7254
2 5 2 0
2 5 3 5464
2 5 4 4677
2 5 5 0
3 0 0 0
3 0 1 9316
3 0 2 6991
3 0 3 0
3 0 4 4365
3 0 5 2782
3 1 0 6809
3 1 1 0
3 1 2 6296
3 1 3 0
3 1 4 4979
3 1 5 6800
3 2 0 1804
3 2 1 1850
3 2 2 0
3 2 3 0
3 2 4 5938
3 2 5 5630
3 3 0 0
3 3 1 0
3 3 2 0
3 3 3 0
3 3 4 0
3 3 5 0
3 4 0 5466
3 4 1 4272
3 4 2 3273
3 4 3 0
3 4 4 0
3 4 5 5041
3 5 0 6382
3 5 1 8592
3 5 2 5464
3 5 3 0
3 5 4 4622
3 5 5 0
4 0 0 0
4 0 1 8271
4 0 2 5946
4 0 3 4365
4 0 4 0
4 0 5 4279
4 1 0 5790
4 1 1 0
4 1 2 5277
4 1 3 4979
4 1 4 0
4 1 5 7504
4 2 0 3360
4 2 1 3406
4 2 2 0
4 2 3 5938
4 2 4 0
4 2 5 3430
4 3 0 8424
4 3 1 7204
4 3 2 3630
4 3 3 0
4 3 4 0
4 3 5 2910
4 4 0 0
4 4 1 0
4 4 2 0
4 4 3 0
4 4 4 0
4 4 5 0
4 5 0 5595
4 5 1 7805
4 5 2 4677
4 5 3 4622
4 5 4 0
4 5 5 0
5 0 0 0
5 0 1 6688
5 0 2 4363
5 0 3 2782
5 0 4 4279
5 0 5 0
5 1 0 7611
5 1 1 0
5 1 2 7098
5 1 3 6800
5 1 4 7504
5 1 5 0
5 2 0 3052
5 2 1 3098
5 2 2 0
5 2 3 5630
5 2 4 3430
5 2 5 0
5 3 0 6277
5 3 1 5057
5 3 2 1483
5 3 3 0
5 3 4 2910
5 3 5 0
5 4 0 5450
5 4 1 4256
5 4 2 3257
5 4 3 5041
5 4 4 0
5 4 5 0
5 5 0 0
5 5 1 0
5 5 2 0
5 5 3 0
5 5 4 0
5 5 5 0
