6
0 0 0 0
0 0 1 0
0 0 2 0
0 0 3 0
0 0 4 0
0 0 5 0
0 1 0 0
0 1 1 0
0 1 2 6958
0 1 3 4437
0 1 4 5201
0 1 5 5734
0 2 0 0
0 2 1 4428
0 2 2 0
0 2 3 5353
0 2 4 3572
0 2 5 6165
0 3 0 0
0 3 1 3649
0 3 2 5832
0 3 3 0
0 3 4 6326
0 3 5 3025
0 4 0 0
0 4 1 2143
0 4 2 3057
0 4 3 4447
0 4 4 0
0 4 5 2795
0 5 0 0
0 5 1 6051
0 5 2 4968
0 5 3 1668
0 5 4 4629
0 5 5 0
1 0 0 0
1 0 1 0
1 0 2 4705
1 0 3 3192
1 0 4 3116
1 0 5 2942
1 1 0 0
1 1 1 0
1 1 2 0
1 1 3 0
1 1 4 0
1 1 5 0
1 2 0 4428
1 2 1 0
1 2 2 0
1 2 3 5952
1 2 4 4171
1 2 5 6764
1 3 0 3649
1 3 1 0
1 3 2 5423
1 3 3 0
1 3 4 5917
1 3 5 2616
1 4 0 2143
1 4 1 0
1 4 2 3488
1 4 3 4878
1 4 4 0
1 4 5 3226
1 5 0 6051
1 5 1 0
1 5 2 6106
1 5 3 2806
1 5 4 5767
1 5 5 0
2 0 0 0
2 0 1 4705
2 0 2 0
2 0 3 3722
2 0 4 3646
2 0 5 3472
2 1 0 6958
2 1 1 0
2 1 2 0
2 1 3 2506
2 1 4 3270
2 1 5 3803
2 2 0 0
2 2 1 0
2 2 2 0
2 2 3 0
2 2 4 0
2 2 5 0
2 3 0 5832
2 3 1 5423
2 3 2 0
2 3 3 0
2 3 4 7230
2 3 5 3929
2 4 0 3057
2 4 1 3488
2 4 2 0
2 4 3 3646
2 4 4 0
2 4 5 1994
2 5 0 4968
2 5 1 6106
2 5 2 0
2 5 3 3634
2 5 4 6595
2 5 5 0
3 0 0 0
3 0 1 3192
3 0 2 3722
3 0 3 0
3 0 4 4080
3 0 5 3906
3 1 0 4437
3 1 1 0
3 1 2 2506
3 1 3 0
3 1 4 4004
3 1 5 4537
3 2 0 5353
3 2 1 5952
3 2 2 0
3 2 3 0
3 2 4 4955
3 2 5 7548
3 3 0 0
3 3 1 0
3 3 2 0
3 3 3 0
3 3 4 0
3 3 5 0
3 4 0 4447
3 4 1 4878
3 4 2 3646
3 4 3 0
3 4 4 0
3 4 5 6261
3 5 0 1668
3 5 1 2806
3 5 2 3634
3 5 3 0
3 5 4 4968
3 5 5 0
4 0 0 0
4 0 1 3116
4 0 2 3646
4 0 3 4080
4 0 4 0
4 0 5 2121
4 1 0 5201
4 1 1 0
4 1 2 3270
4 1 3 4004
4 1 4 0
4 1 5 3107
4 2 0 3572
4 2 1 4171
4 2 2 0
4 2 3 4955
4 2 4 0
4 2 5 4849
4 3 0 6326
4 3 1 5917
4 3 2 7230
4 3 3 0
4 3 4 0
4 3 5 4612
4 4 0 0
4 4 1 0
4 4 2 0
4 4 3 0
4 4 4 0
4 4 5 0
4 5 0 4629
4 5 1 5767
4 5 2 6595
4 5 3 4968
4 5 4 0
4 5 5 0
5 0 0 0
5 0 1 2942
5 0 2 3472
5 0 3 3906
5 0 4 2121
5 0 5 0
5 1 0 5734
5 1 1 0
5 1 2 3803
5 1 3 4537
5 1 4 3107
5 1 5 0
5 2 0 6165
5 2 1 6764
5 2 2 0
5 2 3 7548
5 2 4 4849
5 2 5 0
5 3 0 3025
5 3 1 2616
5 3 2 3929
5 3 3 0
5 3 4 4612
5 3 5 0
5 4 0 2795
5 4 1 3226
5 4 2 1994
5 4 3 6261
5 4 4 0
5 4 5 0
5 5 0 0
5 5 1 0
5 5 2 0
5 5 3 0
5 5 4 0
5 5 5 0
