7
0 0 0 0
0 0 1 0
0 0 2 0
0 0 3 0
0 0 4 0
0 0 5 0
0 0 6 0
0 1 0 0
0 1 1 0
0 1 2 3389
0 1 3 2561
0 1 4 1129
0 1 5 2146
0 1 6 1934
0 2 0 0
0 2 1 2425
0 2 2 0
0 2 3 4852
0 2 4 1788
0 2 5 2506
0 2 6 1450
0 3 0 0
0 3 1 3337
0 3 2 5380
0 3 3 0
0 3 4 5142
0 3 5 4694
0 3 6 5619
0 4 0 0
0 4 1 5827
0 4 2 8303
0 4 3 6160
0 4 4 0
0 4 5 4958
0 4 6 8816
0 5 0 0
0 5 1 7115
0 5 2 6642
0 5 3 6340
0 5 4 6957
0 5 5 0
0 5 6 7723
0 6 0 0
0 6 1 3949
0 6 2 3124
0 6 3 3828
0 6 4 4918
0 6 5 7885
0 6 6 0
1 0 0 0
1 0 1 0
1 0 2 5309
1 0 3 6097
1 0 4 9206
1 0 5 9038
1 0 6 7804
1 1 0 0
1 1 1 0
1 1 2 0
1 1 3 0
1 1 4 0
1 1 5 0
1 1 6 0
1 2 0 2425
1 2 1 0
1 2 2 0
1 2 3 7474
1 2 4 4410
1 2 5 5128
1 2 6 4072
1 3 0 3337
1 3 1 0
1 3 2 6386
1 3 3 0
1 3 4 6148
1 3 5 5700
1 3 6 6625
1 4 0 5827
1 4 1 0
1 4 2 4768
1 4 3 2625
1 4 4 0
1 4 5 1423
1 4 6 5281
1 5 0 7115
1 5 1 0
1 5 2 4292
1 5 3 3990
1 5 4 4607
1 5 5 0
1 5 6 5373
1 6 0 3949
1 6 1 0
1 6 2 1796
1 6 3 2500
1 6 4 3590
1 6 5 6557
1 6 6 0
2 0 0 0
2 0 1 5309
2 0 2 0
2 0 3 1577
2 0 4 4686
2 0 5 4518
2 0 6 3284
2 1 0 3389
2 1 1 0
2 1 2 0
2 1 3 4219
2 1 4 2787
2 1 5 3804
2 1 6 3592
2 2 0 0
2 2 1 0
2 2 2 0
2 2 3 0
2 2 4 0
2 2 5 0
2 2 6 0
2 3 0 5380
2 3 1 6386
2 3 2 0
2 3 3 0
2 3 4 8286
2 3 5 7838
2 3 6 8763
2 4 0 8303
2 4 1 4768
2 4 2 0
2 4 3 3131
2 4 4 0
2 4 5 1929
2 4 6 5787
2 5 0 6642
2 5 1 4292
2 5 2 0
2 5 3 4197
2 5 4 4814
2 5 5 0
2 5 6 5580
2 6 0 3124
2 6 1 1796
2 6 2 0
2 6 3 1863
2 6 4 2953
2 6 5 5920
2 6 6 0
3 0 0 0
3 0 1 6097
3 0 2 1577
3 0 3 0
3 0 4 8894
3 0 5 8726
3 0 6 7492
3 1 0 2561
3 1 1 0
3 1 2 4219
3 1 3 0
3 1 4 2911
3 1 5 3928
3 1 6 3716
3 2 0 4852
3 2 1 7474
3 2 2 0
3 2 3 0
3 2 4 5460
3 2 5 6178
3 2 6 5122
3 3 0 0
3 3 1 0
3 3 2 0
3 3 3 0
3 3 4 0
3 3 5 0
3 3 6 0
3 4 0 6160
3 4 1 2625
3 4 2 3131
3 4 3 0
3 4 4 0
3 4 5 4495
3 4 6 8353
3 5 0 6340
3 5 1 3990
3 5 2 4197
3 5 3 0
3 5 4 6214
3 5 5 0
3 5 6 6980
3 6 0 3828
3 6 1 2500
3 6 2 1863
3 6 3 0
3 6 4 6334
3 6 5 9301
3 6 6 0
4 0 0 0
4 0 1 9206
4 0 2 4686
4 0 3 8894
4 0 4 0
4 0 5 6714
4 0 6 5480
4 1 0 1129
4 1 1 0
4 1 2 2787
4 1 3 2911
4 1 4 0
4 1 5 3309
4 1 6 3097
4 2 0 1788
4 2 1 4410
4 2 2 0
4 2 3 5460
4 2 4 0
4 2 5 5992
4 2 6 4936
4 3 0 5142
4 3 1 6148
4 3 2 8286
4 3 3 0
4 3 4 0
4 3 5 5249
4 3 6 6174
4 4 0 0
4 4 1 0
4 4 2 0
4 4 3 0
4 4 4 0
4 4 5 0
4 4 6 0
4 5 0 6957
4 5 1 4607
4 5 2 4814
4 5 3 6214
4 5 4 0
4 5 5 0
4 5 6 4135
4 6 0 4918
4 6 1 3590
4 6 2 2953
4 6 3 6334
4 6 4 0
4 6 5 9389
4 6 6 0
5 0 0 0
5 0 1 9038
5 0 2 4518
5 0 3 8726
5 0 4 6714
5 0 5 0
5 0 6 5289
5 1 0 2146
5 1 1 0
5 1 2 3804
5 1 3 3928
5 1 4 3309
5 1 5 0
5 1 6 4553
5 2 0 2506
5 2 1 5128
5 2 2 0
5 2 3 6178
5 2 4 5992
5 2 5 0
5 2 6 3443
5 3 0 4694
5 3 1 5700
5 3 2 7838
5 3 3 0
5 3 4 5249
5 3 5 0
5 3 6 6522
5 4 0 4958
5 4 1 1423
5 4 2 1929
5 4 3 4495
5 4 4 0
5 4 5 0
5 4 6 7227
5 5 0 0
5 5 1 0
5 5 2 0
5 5 3 0
5 5 4 0
5 5 5 0
5 5 6 0
5 6 0 7885
5 6 1 6557
5 6 2 5920
5 6 3 9301
5 6 4 9389
5 6 5 0
5 6 6 0
6 0 0 0
6 0 1 7804
6 0 2 3284
6 0 3 7492
6 0 4 5480
6 0 5 5289
6 0 6 0
6 1 0 1934
6 1 1 0
6 1 2 3592
6 1 3 3716
6 1 4 3097
6 1 5 4553
6 1 6 0
6 2 0 1450
6 2 1 4072
6 2 2 0
6 2 3 5122
6 2 4 4936
6 2 5 3443
6 2 6 0
6 3 0 5619
6 3 1 6625
6 3 2 8763
6 3 3 0
6 3 4 6174
6 3 5 6522
6 3 6 0
6 4 0 8816
6 4 1 5281
6 4 2 5787
6 4 3 8353
6 4 4 0
6 4 5 7227
6 4 6 0
6 5 0 7723
6 5 1 5373
6 5 2 5580
6 5 3 6980
6 5 4 4135
6 5 5 0
6 5 6 0
6 6 0 0
6 6 1 0
6 6 2 0
6 6 3 0
6 6 4 0
6 6 5 0
6 6 6 0
