7
0 0 0 0
0 0 1 0
0 0 2 0
0 0 3 0
0 0 4 0
0 0 5 0
0 0 6 0
0 1 0 0
0 1 1 0
0 1 2 2241
0 1 3 2663
0 1 4 5122
0 1 5 5826
0 1 6 6364
0 2 0 0
0 2 1 2842
0 2 2 0
0 2 3 6964
0 2 4 2608
0 2 5 3772
0 2 6 7124
0 3 0 0
0 3 1 4208
0 3 2 5118
0 3 3 0
0 3 4 839
0 3 5 764
0 3 6 3205
0 4 0 0
0 4 1 4043
0 4 2 2637
0 4 3 4947
0 4 4 0
0 4 5 2911
0 4 6 1556
0 5 0 0
0 5 1 1860
0 5 2 776
0 5 3 4112
0 5 4 2802
0 5 5 0
0 5 6 283
0 6 0 0
0 6 1 2613
0 6 2 1752
0 6 3 2492
0 6 4 4295
0 6 5 1609
0 6 6 0
1 0 0 0
1 0 1 0
1 0 2 5716
1 0 3 3925
1 0 4 4719
1 0 5 3522
1 0 6 4037
1 1 0 0
1 1 1 0
1 1 2 0
1 1 3 0
1 1 4 0
1 1 5 0
1 1 6 0
1 2 0 2842
1 2 1 0
1 2 2 0
1 2 3 5044
1 2 4 688
1 2 5 1852
1 2 6 5204
1 3 0 4208
1 3 1 0
1 3 2 5411
1 3 3 0
1 3 4 1132
1 3 5 1057
1 3 6 3498
1 4 0 4043
1 4 1 0
1 4 2 4595
1 4 3 6905
1 4 4 0
1 4 5 4869
1 4 6 3514
1 5 0 1860
1 5 1 0
1 5 2 4635
1 5 3 7971
1 5 4 6661
1 5 5 0
1 5 6 4142
1 6 0 2613
1 6 1 0
1 6 2 5634
1 6 3 6374
1 6 4 8177
1 6 5 5491
1 6 6 0
2 0 0 0
2 0 1 5716
2 0 2 0
2 0 3 1921
2 0 4 2715
2 0 5 1518
2 0 6 2033
2 1 0 2241
2 1 1 0
2 1 2 0
2 1 3 1344
2 1 4 3803
2 1 5 4507
2 1 6 5045
2 2 0 0
2 2 1 0
2 2 2 0
2 2 3 0
2 2 4 0
2 2 5 0
2 2 6 0
2 3 0 5118
2 3 1 5411
2 3 2 0
2 3 3 0
2 3 4 4644
2 3 5 4569
2 3 6 7010
2 4 0 2637
2 4 1 4595
2 4 2 0
2 4 3 3602
2 4 4 0
2 4 5 1566
2 4 6 211
2 5 0 776
2 5 1 4635
2 5 2 0
2 5 3 5128
2 5 4 3818
2 5 5 0
2 5 6 1299
2 6 0 1752
2 6 1 5634
2 6 2 0
2 6 3 6345
2 6 4 8148
2 6 5 5462
2 6 6 0
3 0 0 0
3 0 1 3925
3 0 2 1921
3 0 3 0
3 0 4 4986
3 0 5 3789
3 0 6 4304
3 1 0 2663
3 1 1 0
3 1 2 1344
3 1 3 0
3 1 4 6960
3 1 5 7664
3 1 6 8202
3 2 0 6964
3 2 1 5044
3 2 2 0
3 2 3 0
3 2 4 4567
3 2 5 5731
3 2 6 9083
3 3 0 0
3 3 1 0
3 3 2 0
3 3 3 0
3 3 4 0
3 3 5 0
3 3 6 0
3 4 0 4947
3 4 1 6905
3 4 2 3602
3 4 3 0
3 4 4 0
3 4 5 1588
3 4 6 233
3 5 0 4112
3 5 1 7971
3 5 2 5128
3 5 3 0
3 5 4 2601
3 5 5 0
3 5 6 82
3 6 0 2492
3 6 1 6374
3 6 2 6345
3 6 3 0
3 6 4 6020
3 6 5 3334
3 6 6 0
4 0 0 0
4 0 1 4719
4 0 2 2715
4 0 3 4986
4 0 4 0
4 0 5 2640
4 0 6 3155
4 1 0 5122
4 1 1 0
4 1 2 3803
4 1 3 6960
4 1 4 0
4 1 5 6705
4 1 6 7243
4 2 0 2608
4 2 1 688
4 2 2 0
4 2 3 4567
4 2 4 0
4 2 5 2456
4 2 6 5808
4 3 0 839
4 3 1 1132
4 3 2 4644
4 3 3 0
4 3 4 0
4 3 5 3549
4 3 6 5990
4 4 0 0
4 4 1 0
4 4 2 0
4 4 3 0
4 4 4 0
4 4 5 0
4 4 6 0
4 5 0 2802
4 5 1 6661
4 5 2 3818
4 5 3 2601
4 5 4 0
4 5 5 0
4 5 6 1435
4 6 0 4295
4 6 1 8177
4 6 2 8148
4 6 3 6020
4 6 4 0
4 6 5 891
4 6 6 0
5 0 0 0
5 0 1 3522
5 0 2 1518
5 0 3 3789
5 0 4 2640
5 0 5 0
5 0 6 4940
5 1 0 5826
5 1 1 0
5 1 2 4507
5 1 3 7664
5 1 4 6705
5 1 5 0
5 1 6 6257
5 2 0 3772
5 2 1 1852
5 2 2 0
5 2 3 5731
5 2 4 2456
5 2 5 0
5 2 6 5144
5 3 0 764
5 3 1 1057
5 3 2 4569
5 3 3 0
5 3 4 3549
5 3 5 0
5 3 6 6352
5 4 0 2911
5 4 1 4869
5 4 2 1566
5 4 3 1588
5 4 4 0
5 4 5 0
5 4 6 2599
5 5 0 0
5 5 1 0
5 5 2 0
5 5 3 0
5 5 4 0
5 5 5 0
5 5 6 0
5 6 0 1609
5 6 1 5491
5 6 2 5462
5 6 3 3334
5 6 4 891
5 6 5 0
5 6 6 0
6 0 0 0
6 0 1 4037
6 0 2 2033
6 0 3 4304
6 0 4 3155
6 0 5 4940
6 0 6 0
6 1 0 6364
6 1 1 0
6 1 2 5045
6 1 3 8202
6 1 4 7243
6 1 5 6257
6 1 6 0
6 2 0 7124
6 2 1 5204
6 2 2 0
6 2 3 9083
6 2 4 5808
6 2 5 5144
6 2 6 0
6 3 0 3205
6 3 1 3498
6 3 2 7010
6 3 3 0
6 3 4 5990
6 3 5 6352
6 3 6 0
6 4 0 1556
6 4 1 3514
6 4 2 211
6 4 3 233
6 4 4 0
6 4 5 2599
6 4 6 0
6 5 0 283
6 5 1 4142
6 5 2 1299
6 5 3 82
6 5 4 1435
6 5 5 0
6 5 6 0
6 6 0 0
6 6 1 0
6 6 2 0
6 6 3 0
6 6 4 0
6 6 5 0
6 6 6 0
