7
0 0 0 0
0 0 1 0
0 0 2 0
0 0 3 0
0 0 4 0
0 0 5 0
0 0 6 0
0 1 0 0
0 1 1 0
0 1 2 4045
0 1 3 1848
0 1 4 1745
0 1 5 4014
0 1 6 5596
0 2 0 0
0 2 1 5839
0 2 2 0
0 2 3 3481
0 2 4 2352
0 2 5 1614
0 2 6 1612
0 3 0 0
0 3 1 188
0 3 2 3375
0 3 3 0
0 3 4 2752
0 3 5 3969
0 3 6 1579
0 4 0 0
0 4 1 4976
0 4 2 3669
0 4 3 3390
0 4 4 0
0 4 5 5858
0 4 6 4270
0 5 0 0
0 5 1 4172
0 5 2 3068
0 5 3 2224
0 5 4 2805
0 5 5 0
0 5 6 5380
0 6 0 0
0 6 1 5498
0 6 2 3244
0 6 3 4515
0 6 4 5292
0 6 5 6616
0 6 6 0
1 0 0 0
1 0 1 0
1 0 2 3840
1 0 3 2378
1 0 4 4106
1 0 5 3194
1 0 6 4487
1 1 0 0
1 1 1 0
1 1 2 0
1 1 3 0
1 1 4 0
1 1 5 0
1 1 6 0
1 2 0 5839
1 2 1 0
1 2 2 0
1 2 3 4563
1 2 4 3434
1 2 5 2696
1 2 6 2694
1 3 0 188
1 3 1 0
1 3 2 3722
1 3 3 0
1 3 4 3099
1 3 5 4316
1 3 6 1926
1 4 0 4976
1 4 1 0
1 4 2 2185
1 4 3 1906
1 4 4 0
1 4 5 4374
1 4 6 2786
1 5 0 4172
1 5 1 0
1 5 2 4765
1 5 3 3921
1 5 4 4502
1 5 5 0
1 5 6 7077
1 6 0 5498
1 6 1 0
1 6 2 5230
1 6 3 6501
1 6 4 7278
1 6 5 8602
1 6 6 0
2 0 0 0
2 0 1 3840
2 0 2 0
2 0 3 3570
2 0 4 5298
2 0 5 4386
2 0 6 5679
2 1 0 4045
2 1 1 0
2 1 2 0
2 1 3 4724
2 1 4 4621
2 1 5 6890
2 1 6 8472
2 2 0 0
2 2 1 0
2 2 2 0
2 2 3 0
2 2 4 0
2 2 5 0
2 2 6 0
2 3 0 3375
2 3 1 3722
2 3 2 0
2 3 3 0
2 3 4 4639
2 3 5 5856
2 3 6 3466
2 4 0 3669
2 4 1 2185
2 4 2 0
2 4 3 2420
2 4 4 0
2 4 5 4888
2 4 6 3300
2 5 0 3068
2 5 1 4765
2 5 2 0
2 5 3 1428
2 5 4 2009
2 5 5 0
2 5 6 4584
2 6 0 3244
2 6 1 5230
2 6 2 0
2 6 3 2424
2 6 4 3201
2 6 5 4525
2 6 6 0
3 0 0 0
3 0 1 2378
3 0 2 3570
3 0 3 0
3 0 4 5655
3 0 5 4743
3 0 6 6036
3 1 0 1848
3 1 1 0
3 1 2 4724
3 1 3 0
3 1 4 432
3 1 5 2701
3 1 6 4283
3 2 0 3481
3 2 1 4563
3 2 2 0
3 2 3 0
3 2 4 4133
3 2 5 3395
3 2 6 3393
3 3 0 0
3 3 1 0
3 3 2 0
3 3 3 0
3 3 4 0
3 3 5 0
3 3 6 0
3 4 0 3390
3 4 1 1906
3 4 2 2420
3 4 3 0
3 4 4 0
3 4 5 6750
3 4 6 5162
3 5 0 2224
3 5 1 3921
3 5 2 1428
3 5 3 0
3 5 4 5826
3 5 5 0
3 5 6 8401
3 6 0 4515
3 6 1 6501
3 6 2 2424
3 6 3 0
3 6 4 4630
3 6 5 5954
3 6 6 0
4 0 0 0
4 0 1 4106
4 0 2 5298
4 0 3 5655
4 0 4 0
4 0 5 2275
4 0 6 3568
4 1 0 1745
4 1 1 0
4 1 2 4621
4 1 3 432
4 1 4 0
4 1 5 5761
4 1 6 7343
4 2 0 2352
4 2 1 3434
4 2 2 0
4 2 3 4133
4 2 4 0
4 2 5 1961
4 2 6 1959
4 3 0 2752
4 3 1 3099
4 3 2 4639
4 3 3 0
4 3 4 0
4 3 5 5499
4 3 6 3109
4 4 0 0
4 4 1 0
4 4 2 0
4 4 3 0
4 4 4 0
4 4 5 0
4 4 6 0
4 5 0 2805
4 5 1 4502
4 5 2 2009
4 5 3 5826
4 5 4 0
4 5 5 0
4 5 6 8562
4 6 0 5292
4 6 1 7278
4 6 2 3201
4 6 3 4630
4 6 4 0
4 6 5 6917
4 6 6 0
5 0 0 0
5 0 1 3194
5 0 2 4386
5 0 3 4743
5 0 4 2275
5 0 5 0
5 0 6 2268
5 1 0 4014
5 1 1 0
5 1 2 6890
5 1 3 2701
5 1 4 5761
5 1 5 0
5 1 6 7451
5 2 0 1614
5 2 1 2696
5 2 2 0
5 2 3 3395
5 2 4 1961
5 2 5 0
5 2 6 2270
5 3 0 3969
5 3 1 4316
5 3 2 5856
5 3 3 0
5 3 4 5499
5 3 5 0
5 3 6 2855
5 4 0 5858
5 4 1 4374
5 4 2 4888
5 4 3 6750
5 4 4 0
5 4 5 0
5 4 6 4399
5 5 0 0
5 5 1 0
5 5 2 0
5 5 3 0
5 5 4 0
5 5 5 0
5 5 6 0
5 6 0 6616
5 6 1 8602
5 6 2 4525
5 6 3 5954
5 6 4 6917
5 6 5 0
5 6 6 0
6 0 0 0
6 0 1 4487
6 0 2 5679
6 0 3 6036
6 0 4 3568
6 0 5 2268
6 0 6 0
6 1 0 5596
6 1 1 0
6 1 2 8472
6 1 3 4283
6 1 4 7343
6 1 5 7451
6 1 6 0
6 2 0 1612
6 2 1 2694
6 2 2 0
6 2 3 3393
6 2 4 1959
6 2 5 2270
6 2 6 0
6 3 0 1579
6 3 1 1926
6 3 2 3466
6 3 3 0
6 3 4 3109
6 3 5 2855
6 3 6 0
6 4 0 4270
6 4 1 2786
6 4 2 3300
6 4 3 5162
6 4 4 0
6 4 5 4399
6 4 6 0
6 5 0 5380
6 5 1 7077
6 5 2 4584
6 5 3 8401
6 5 4 8562
6 5 5 0
6 5 6 0
6 6 0 0
6 6 1 0
6 6 2 0
6 6 3 0
6 6 4 0
6 6 5 0
6 6 6 0
