7
0 0 0 0
0 0 1 0
0 0 2 0
0 0 3 0
0 0 4 0
0 0 5 0
0 0 6 0
0 1 0 0
0 1 1 0
0 1 2 4248
0 1 3 6605
0 1 4 5664
0 1 5 6349
0 1 6 5398
0 2 0 0
0 2 1 3291
0 2 2 0
0 2 3 3160
0 2 4 1580
0 2 5 576
0 2 6 2261
0 3 0 0
0 3 1 1573
0 3 2 5672
0 3 3 0
0 3 4 5136
0 3 5 2658
0 3 6 2145
0 4 0 0
0 4 1 5145
0 4 2 4364
0 4 3 1667
0 4 4 0
0 4 5 5776
0 4 6 2640
0 5 0 0
0 5 1 8349
0 5 2 5606
0 5 3 5908
0 5 4 5284
0 5 5 0
0 5 6 7118
0 6 0 0
0 6 1 4409
0 6 2 6265
0 6 3 3784
0 6 4 3197
0 6 5 5662
0 6 6 0
1 0 0 0
1 0 1 0
1 0 2 4833
1 0 3 5134
1 0 4 5263
1 0 5 7967
1 0 6 6231
1 1 0 0
1 1 1 0
1 1 2 0
1 1 3 0
1 1 4 0
1 1 5 0
1 1 6 0
1 2 0 3291
1 2 1 0
1 2 2 0
1 2 3 3992
1 2 4 2412
1 2 5 1408
1 2 6 3093
1 3 0 1573
1 3 1 0
1 3 2 8560
1 3 3 0
1 3 4 8024
1 3 5 5546
1 3 6 5033
1 4 0 5145
1 4 1 0
1 4 2 6182
1 4 3 3485
1 4 4 0
1 4 5 7594
1 4 6 4458
1 5 0 8349
1 5 1 0
1 5 2 5405
1 5 3 5707
1 5 4 5083
1 5 5 0
1 5 6 6917
1 6 0 4409
1 6 1 0
1 6 2 6849
1 6 3 4368
1 6 4 3781
1 6 5 6246
1 6 6 0
2 0 0 0
2 0 1 4833
2 0 2 0
2 0 3 5492
2 0 4 5621
2 0 5 8325
2 0 6 6589
2 1 0 4248
2 1 1 0
2 1 2 0
2 1 3 6480
2 1 4 5539
2 1 5 6224
2 1 6 5273
2 2 0 0
2 2 1 0
2 2 2 0
2 2 3 0
2 2 4 0
2 2 5 0
2 2 6 0
2 3 0 5672
2 3 1 8560
2 3 2 0
2 3 3 0
2 3 4 6861
2 3 5 4383
2 3 6 3870
2 4 0 4364
2 4 1 6182
2 4 2 0
2 4 3 1683
2 4 4 0
2 4 5 5792
2 4 6 2656
2 5 0 5606
2 5 1 5405
2 5 2 0
2 5 3 2216
2 5 4 1592
2 5 5 0
2 5 6 3426
2 6 0 6265
2 6 1 6849
2 6 2 0
2 6 3 3513
2 6 4 2926
2 6 5 5391
2 6 6 0
3 0 0 0
3 0 1 5134
3 0 2 5492
3 0 3 0
3 0 4 4585
3 0 5 7289
3 0 6 5553
3 1 0 6605
3 1 1 0
3 1 2 6480
3 1 3 0
3 1 4 3520
3 1 5 4205
3 1 6 3254
3 2 0 3160
3 2 1 3992
3 2 2 0
3 2 3 0
3 2 4 5817
3 2 5 4813
3 2 6 6498
3 3 0 0
3 3 1 0
3 3 2 0
3 3 3 0
3 3 4 0
3 3 5 0
3 3 6 0
3 4 0 1667
3 4 1 3485
3 4 2 1683
3 4 3 0
3 4 4 0
3 4 5 9047
3 4 6 5911
3 5 0 5908
3 5 1 5707
3 5 2 2216
3 5 3 0
3 5 4 3373
3 5 5 0
3 5 6 5207
3 6 0 3784
3 6 1 4368
3 6 2 3513
3 6 3 0
3 6 4 2509
3 6 5 4974
3 6 6 0
4 0 0 0
4 0 1 5263
4 0 2 5621
4 0 3 4585
4 0 4 0
4 0 5 3974
4 0 6 2238
4 1 0 5664
4 1 1 0
4 1 2 5539
4 1 3 3520
4 1 4 0
4 1 5 7648
4 1 6 6697
4 2 0 1580
4 2 1 2412
4 2 2 0
4 2 3 5817
4 2 4 0
4 2 5 3376
4 2 6 5061
4 3 0 5136
4 3 1 8024
4 3 2 6861
4 3 3 0
4 3 4 0
4 3 5 2460
4 3 6 1947
4 4 0 0
4 4 1 0
4 4 2 0
4 4 3 0
4 4 4 0
4 4 5 0
4 4 6 0
4 5 0 5284
4 5 1 5083
4 5 2 1592
4 5 3 3373
4 5 4 0
4 5 5 0
4 5 6 8196
4 6 0 3197
4 6 1 3781
4 6 2 2926
4 6 3 2509
4 6 4 0
4 6 5 5340
4 6 6 0
5 0 0 0
5 0 1 7967
5 0 2 8325
5 0 3 7289
5 0 4 3974
5 0 5 0
5 0 6 5264
5 1 0 6349
5 1 1 0
5 1 2 6224
5 1 3 4205
5 1 4 7648
5 1 5 0
5 1 6 7197
5 2 0 576
5 2 1 1408
5 2 2 0
5 2 3 4813
5 2 4 3376
5 2 5 0
5 2 6 3599
5 3 0 2658
5 3 1 5546
5 3 2 4383
5 3 3 0
5 3 4 2460
5 3 5 0
5 3 6 3484
5 4 0 5776
5 4 1 7594
5 4 2 5792
5 4 3 9047
5 4 4 0
5 4 5 0
5 4 6 3226
5 5 0 0
5 5 1 0
5 5 2 0
5 5 3 0
5 5 4 0
5 5 5 0
5 5 6 0
5 6 0 5662
5 6 1 6246
5 6 2 5391
5 6 3 4974
5 6 4 5340
5 6 5 0
5 6 6 0
6 0 0 0
6 0 1 6231
6 0 2 6589
6 0 3 5553
6 0 4 2238
6 0 5 5264
6 0 6 0
6 1 0 5398
6 1 1 0
6 1 2 5273
6 1 3 3254
6 1 4 6697
6 1 5 7197
6 1 6 0
6 2 0 2261
6 2 1 3093
6 2 2 0
6 2 3 6498
6 2 4 5061
6 2 5 3599
6 2 6 0
6 3 0 2145
6 3 1 5033
6 3 2 3870
6 3 3 0
6 3 4 1947
6 3 5 3484
6 3 6 0
6 4 0 2640
6 4 1 4458
6 4 2 2656
6 4 3 5911
6 4 4 0
6 4 5 3226
6 4 6 0
6 5 0 7118
6 5 1 6917
6 5 2 3426
6 5 3 5207
6 5 4 8196
6 5 5 0
6 5 6 0
6 6 0 0
6 6 1 0
6 6 2 0
6 6 3 0
6 6 4 0
6 6 5 0
6 6 6 0
