7
0 0 0 0
0 0 1 0
0 0 2 0
0 0 3 0
0 0 4 0
0 0 5 0
0 0 6 0
0 1 0 0
0 1 1 0
0 1 2 4417
0 1 3 4060
0 1 4 3767
0 1 5 5827
0 1 6 6178
0 2 0 0
0 2 1 7415
0 2 2 0
0 2 3 6701
0 2 4 6802
0 2 5 6465
0 2 6 6000
0 3 0 0
0 3 1 4975
0 3 2 5621
0 3 3 0
0 3 4 4657
0 3 5 5845
0 3 6 5231
0 4 0 0
0 4 1 7663
0 4 2 5152
0 4 3 7129
0 4 4 0
0 4 5 8351
0 4 6 5361
0 5 0 0
0 5 1 7376
0 5 2 4315
0 5 3 7157
0 5 4 7663
0 5 5 0
0 5 6 6883
0 6 0 0
0 6 1 8334
0 6 2 5261
0 6 3 5876
0 6 4 7037
0 6 5 7060
0 6 6 0
1 0 0 0
1 0 1 0
1 0 2 5331
1 0 3 5989
1 0 4 5125
1 0 5 5299
1 0 6 6088
1 1 0 0
1 1 1 0
1 1 2 0
1 1 3 0
1 1 4 0
1 1 5 0
1 1 6 0
1 2 0 7415
1 2 1 0
1 2 2 0
1 2 3 4033
1 2 4 4134
1 2 5 3797
1 2 6 3332
1 3 0 4975
1 3 1 0
1 3 2 1938
1 3 3 0
1 3 4 974
1 3 5 2162
1 3 6 1548
1 4 0 7663
1 4 1 0
1 4 2 2040
1 4 3 4017
1 4 4 0
1 4 5 5239
1 4 6 2249
1 5 0 7376
1 5 1 0
1 5 2 3089
1 5 3 5931
1 5 4 6437
1 5 5 0
1 5 6 5657
1 6 0 8334
1 6 1 0
1 6 2 3597
1 6 3 4212
1 6 4 5373
1 6 5 5396
1 6 6 0
2 0 0 0
2 0 1 5331
2 0 2 0
2 0 3 8901
2 0 4 8037
2 0 5 8211
2 0 6 9000
2 1 0 4417
2 1 1 0
2 1 2 0
2 1 3 4390
2 1 4 4097
2 1 5 6157
2 1 6 6508
2 2 0 0
2 2 1 0
2 2 2 0
2 2 3 0
2 2 4 0
2 2 5 0
2 2 6 0
2 3 0 5621
2 3 1 1938
2 3 2 0
2 3 3 0
2 3 4 3218
2 3 5 4406
2 3 6 3792
2 4 0 5152
2 4 1 2040
2 4 2 0
2 4 3 6655
2 4 4 0
2 4 5 7877
2 4 6 4887
2 5 0 4315
2 5 1 3089
2 5 2 0
2 5 3 6172
2 5 4 6678
2 5 5 0
2 5 6 5898
2 6 0 5261
2 6 1 3597
2 6 2 0
2 6 3 3637
2 6 4 4798
2 6 5 4821
2 6 6 0
3 0 0 0
3 0 1 5989
3 0 2 8901
3 0 3 0
3 0 4 8254
3 0 5 8428
3 0 6 9217
3 1 0 4060
3 1 1 0
3 1 2 4390
3 1 3 0
3 1 4 999
3 1 5 3059
3 1 6 3410
3 2 0 6701
3 2 1 4033
3 2 2 0
3 2 3 0
3 2 4 4283
3 2 5 3946
3 2 6 3481
3 3 0 0
3 3 1 0
3 3 2 0
3 3 3 0
3 3 4 0
3 3 5 0
3 3 6 0
3 4 0 7129
3 4 1 4017
3 4 2 6655
3 4 3 0
3 4 4 0
3 4 5 5074
3 4 6 2084
3 5 0 7157
3 5 1 5931
3 5 2 6172
3 5 3 0
3 5 4 5400
3 5 5 0
3 5 6 4620
3 6 0 5876
3 6 1 4212
3 6 2 3637
3 6 3 0
3 6 4 3371
3 6 5 3394
3 6 6 0
4 0 0 0
4 0 1 5125
4 0 2 8037
4 0 3 8254
4 0 4 0
4 0 5 6970
4 0 6 7759
4 1 0 3767
4 1 1 0
4 1 2 4097
4 1 3 999
4 1 4 0
4 1 5 6611
4 1 6 6962
4 2 0 6802
4 2 1 4134
4 2 2 0
4 2 3 4283
4 2 4 0
4 2 5 4341
4 2 6 3876
4 3 0 4657
4 3 1 974
4 3 2 3218
4 3 3 0
4 3 4 0
4 3 5 5040
4 3 6 4426
4 4 0 0
4 4 1 0
4 4 2 0
4 4 3 0
4 4 4 0
4 4 5 0
4 4 6 0
4 5 0 7663
4 5 1 6437
4 5 2 6678
4 5 3 5400
4 5 4 0
4 5 5 0
4 5 6 7990
4 6 0 7037
4 6 1 5373
4 6 2 4798
4 6 3 3371
4 6 4 0
4 6 5 4388
4 6 6 0
5 0 0 0
5 0 1 5299
5 0 2 8211
5 0 3 8428
5 0 4 6970
5 0 5 0
5 0 6 7239
5 1 0 5827
5 1 1 0
5 1 2 6157
5 1 3 3059
5 1 4 6611
5 1 5 0
5 1 6 6501
5 2 0 6465
5 2 1 3797
5 2 2 0
5 2 3 3946
5 2 4 4341
5 2 5 0
5 2 6 2865
5 3 0 5845
5 3 1 2162
5 3 2 4406
5 3 3 0
5 3 4 5040
5 3 5 0
5 3 6 4280
5 4 0 8351
5 4 1 5239
5 4 2 7877
5 4 3 5074
5 4 4 0
5 4 5 0
5 4 6 5780
5 5 0 0
5 5 1 0
5 5 2 0
5 5 3 0
5 5 4 0
5 5 5 0
5 5 6 0
5 6 0 7060
5 6 1 5396
5 6 2 4821
5 6 3 3394
5 6 4 4388
5 6 5 0
5 6 6 0
6 0 0 0
6 0 1 6088
6 0 2 9000
6 0 3 9217
6 0 4 7759
6 0 5 7239
6 0 6 0
6 1 0 6178
6 1 1 0
6 1 2 6508
6 1 3 3410
6 1 4 6962
6 1 5 6501
6 1 6 0
6 2 0 6000
6 2 1 3332
6 2 2 0
6 2 3 3481
6 2 4 3876
6 2 5 2865
6 2 6 0
6 3 0 5231
6 3 1 1548
6 3 2 3792
6 3 3 0
6 3 4 4426
6 3 5 4280
6 3 6 0
6 4 0 5361
6 4 1 2249
6 4 2 4887
6 4 3 2084
6 4 4 0
6 4 5 5780
6 4 6 0
6 5 0 6883
6 5 1 5657
6 5 2 5898
6 5 3 4620
6 5 4 7990
6 5 5 0
6 5 6 0
6 6 0 0
6 6 1 0
6 6 2 0
6 6 3 0
6 6 4 0
6 6 5 0
6 6 6 0
