8
0 0 0 0
0 0 1 0
0 0 2 0
0 0 3 0
0 0 4 0
0 0 5 0
0 0 6 0
0 0 7 0
0 1 0 0
0 1 1 0
0 1 2 7695
0 1 3 3460
0 1 4 7124
0 1 5 4669
0 1 6 3860
0 1 7 5616
0 2 0 0
0 2 1 5945
0 2 2 0
0 2 3 7987
0 2 4 3941
0 2 5 4099
0 2 6 5822
0 2 7 5581
0 3 0 0
0 3 1 4547
0 3 2 1783
0 3 3 0
0 3 4 2178
0 3 5 5622
0 3 6 5443
0 3 7 1277
0 4 0 0
0 4 1 4720
0 4 2 7725
0 4 3 5435
0 4 4 0
0 4 5 9042
0 4 6 4335
0 4 7 6715
0 5 0 0
0 5 1 5453
0 5 2 4769
0 5 3 5638
0 5 4 4295
0 5 5 0
0 5 6 4852
0 5 7 4947
0 6 0 0
0 6 1 2463
0 6 2 1647
0 6 3 6005
0 6 4 3128
0 6 5 2936
0 6 6 0
0 6 7 6370
0 7 0 0
0 7 1 3246
0 7 2 1221
0 7 3 3241
0 7 4 5548
0 7 5 5031
0 7 6 1933
0 7 7 0
1 0 0 0
1 0 1 0
1 0 2 5271
1 0 3 2178
1 0 4 5705
1 0 5 2034
1 0 6 2947
1 0 7 2340
1 1 0 0
1 1 1 0
1 1 2 0
1 1 3 0
1 1 4 0
1 1 5 0
1 1 6 0
1 1 7 0
1 2 0 5945
1 2 1 0
1 2 2 0
1 2 3 8357
1 2 4 4311
1 2 5 4469
1 2 6 6192
1 2 7 5951
1 3 0 4547
1 3 1 0
1 3 2 1011
1 3 3 0
1 3 4 1406
1 3 5 4850
1 3 6 4671
1 3 7 505
1 4 0 4720
1 4 1 0
1 4 2 7090
1 4 3 4800
1 4 4 0
1 4 5 8407
1 4 6 3700
1 4 7 6080
1 5 0 5453
1 5 1 0
1 5 2 5350
1 5 3 6219
1 5 4 4876
1 5 5 0
1 5 6 5433
1 5 7 5528
1 6 0 2463
1 6 1 0
1 6 2 506
1 6 3 4864
1 6 4 1987
1 6 5 1795
1 6 6 0
1 6 7 5229
1 7 0 3246
1 7 1 0
1 7 2 2443
1 7 3 4463
1 7 4 6770
1 7 5 6253
1 7 6 3155
1 7 7 0
2 0 0 0
2 0 1 5271
2 0 2 0
2 0 3 1251
2 0 4 4778
2 0 5 1107
2 0 6 2020
2 0 7 1413
2 1 0 7695
2 1 1 0
2 1 2 0
2 1 3 2080
2 1 4 5744
2 1 5 3289
2 1 6 2480
2 1 7 4236
2 2 0 0
2 2 1 0
2 2 2 0
2 2 3 0
2 2 4 0
2 2 5 0
2 2 6 0
2 2 7 0
2 3 0 1783
2 3 1 1011
2 3 2 0
2 3 3 0
2 3 4 5484
2 3 5 8928
2 3 6 8749
2 3 7 4583
2 4 0 7725
2 4 1 7090
2 4 2 0
2 4 3 1168
2 4 4 0
2 4 5 4775
2 4 6 68
2 4 7 2448
2 5 0 4769
2 5 1 5350
2 5 2 0
2 5 3 5200
2 5 4 3857
2 5 5 0
2 5 6 4414
2 5 7 4509
2 6 0 1647
2 6 1 506
2 6 2 0
2 6 3 6377
2 6 4 3500
2 6 5 3308
2 6 6 0
2 6 7 6742
2 7 0 1221
2 7 1 2443
2 7 2 0
2 7 3 3979
2 7 4 6286
2 7 5 5769
2 7 6 2671
2 7 7 0
3 0 0 0
3 0 1 2178
3 0 2 1251
3 0 3 0
3 0 4 5948
3 0 5 2277
3 0 6 3190
3 0 7 2583
3 1 0 3460
3 1 1 0
3 1 2 2080
3 1 3 0
3 1 4 7439
3 1 5 4984
3 1 6 4175
3 1 7 5931
3 2 0 7987
3 2 1 8357
3 2 2 0
3 2 3 0
3 2 4 1043
3 2 5 1201
3 2 6 2924
3 2 7 2683
3 3 0 0
3 3 1 0
3 3 2 0
3 3 3 0
3 3 4 0
3 3 5 0
3 3 6 0
3 3 7 0
3 4 0 5435
3 4 1 4800
3 4 2 1168
3 4 3 0
3 4 4 0
3 4 5 6105
3 4 6 1398
3 4 7 3778
3 5 0 5638
3 5 1 6219
3 5 2 5200
3 5 3 0
3 5 4 8473
3 5 5 0
3 5 6 9030
3 5 7 9125
3 6 0 6005
3 6 1 4864
3 6 2 6377
3 6 3 0
3 6 4 6214
3 6 5 6022
3 6 6 0
3 6 7 9456
3 7 0 3241
3 7 1 4463
3 7 2 3979
3 7 3 0
3 7 4 5075
3 7 5 4558
3 7 6 1460
3 7 7 0
4 0 0 0
4 0 1 5705
4 0 2 4778
4 0 3 5948
4 0 4 0
4 0 5 5468
4 0 6 6381
4 0 7 5774
4 1 0 7124
4 1 1 0
4 1 2 5744
4 1 3 7439
4 1 4 0
4 1 5 1630
4 1 6 821
4 1 7 2577
4 2 0 3941
4 2 1 4311
4 2 2 0
4 2 3 1043
4 2 4 0
4 2 5 3616
4 2 6 5339
4 2 7 5098
4 3 0 2178
4 3 1 1406
4 3 2 5484
4 3 3 0
4 3 4 0
4 3 5 5942
4 3 6 5763
4 3 7 1597
4 4 0 0
4 4 1 0
4 4 2 0
4 4 3 0
4 4 4 0
4 4 5 0
4 4 6 0
4 4 7 0
4 5 0 4295
4 5 1 4876
4 5 2 3857
4 5 3 8473
4 5 4 0
4 5 5 0
4 5 6 8923
4 5 7 9018
4 6 0 3128
4 6 1 1987
4 6 2 3500
4 6 3 6214
4 6 4 0
4 6 5 1387
4 6 6 0
4 6 7 4821
4 7 0 5548
4 7 1 6770
4 7 2 6286
4 7 3 5075
4 7 4 0
4 7 5 6469
4 7 6 3371
4 7 7 0
5 0 0 0
5 0 1 2034
5 0 2 1107
5 0 3 2277
5 0 4 5468
5 0 5 0
5 0 6 3193
5 0 7 2586
5 1 0 4669
5 1 1 0
5 1 2 3289
5 1 3 4984
5 1 4 1630
5 1 5 0
5 1 6 5225
5 1 7 6981
5 2 0 4099
5 2 1 4469
5 2 2 0
5 2 3 1201
5 2 4 3616
5 2 5 0
5 2 6 6054
5 2 7 5813
5 3 0 5622
5 3 1 4850
5 3 2 8928
5 3 3 0
5 3 4 5942
5 3 5 0
5 3 6 9637
5 3 7 5471
5 4 0 9042
5 4 1 8407
5 4 2 4775
5 4 3 6105
5 4 4 0
5 4 5 0
5 4 6 3659
5 4 7 6039
5 5 0 0
5 5 1 0
5 5 2 0
5 5 3 0
5 5 4 0
5 5 5 0
5 5 6 0
5 5 7 0
5 6 0 2936
5 6 1 1795
5 6 2 3308
5 6 3 6022
5 6 4 1387
5 6 5 0
5 6 6 0
5 6 7 9009
5 7 0 5031
5 7 1 6253
5 7 2 5769
5 7 3 4558
5 7 4 6469
5 7 5 0
5 7 6 5274
5 7 7 0
6 0 0 0
6 0 1 2947
6 0 2 2020
6 0 3 3190
6 0 4 6381
6 0 5 3193
6 0 6 0
6 0 7 4132
6 1 0 3860
6 1 1 0
6 1 2 2480
6 1 3 4175
6 1 4 821
6 1 5 5225
6 1 6 0
6 1 7 3078
6 2 0 5822
6 2 1 6192
6 2 2 0
6 2 3 2924
6 2 4 5339
6 2 5 6054
6 2 6 0
6 2 7 1778
6 3 0 5443
6 3 1 4671
6 3 2 8749
6 3 3 0
6 3 4 5763
6 3 5 9637
6 3 6 0
6 3 7 4925
6 4 0 4335
6 4 1 3700
6 4 2 68
6 4 3 1398
6 4 4 0
6 4 5 3659
6 4 6 0
6 4 7 3959
6 5 0 4852
6 5 1 5433
6 5 2 4414
6 5 3 9030
6 5 4 8923
6 5 5 0
6 5 6 0
6 5 7 5670
6 6 0 0
6 6 1 0
6 6 2 0
6 6 3 0
6 6 4 0
6 6 5 0
6 6 6 0
6 6 7 0
6 7 0 1933
6 7 1 3155
6 7 2 2671
6 7 3 1460
6 7 4 3371
6 7 5 5274
6 7 6 0
6 7 7 0
7 0 0 0
7 0 1 2340
7 0 2 1413
7 0 3 2583
7 0 4 5774
7 0 5 2586
7 0 6 4132
7 0 7 0
7 1 0 5616
7 1 1 0
7 1 2 4236
7 1 3 5931
7 1 4 2577
7 1 5 6981
7 1 6 3078
7 1 7 0
7 2 0 5581
7 2 1 5951
7 2 2 0
7 2 3 2683
7 2 4 5098
7 2 5 5813
7 2 6 1778
7 2 7 0
7 3 0 1277
7 3 1 505
7 3 2 4583
7 3 3 0
7 3 4 1597
7 3 5 5471
7 3 6 4925
7 3 7 0
7 4 0 6715
7 4 1 6080
7 4 2 2448
7 4 3 3778
7 4 4 0
7 4 5 6039
7 4 6 3959
7 4 7 0
7 5 0 4947
7 5 1 5528
7 5 2 4509
7 5 3 9125
7 5 4 9018
7 5 5 0
7 5 6 5670
7 5 7 0
7 6 0 6370
7 6 1 5229
7 6 2 6742
7 6 3 9456
7 6 4 4821
7 6 5 9009
7 6 6 0
7 6 7 0
7 7 0 0
7 7 1 0
7 7 2 0
7 7 3 0
7 7 4 0
7 7 5 0
7 7 6 0
7 7 7 0
