8
0 0 0 0
0 0 1 0
0 0 2 0
0 0 3 0
0 0 4 0
0 0 5 0
0 0 6 0
0 0 7 0
0 1 0 0
0 1 1 0
0 1 2 4883
0 1 3 5491
0 1 4 5598
0 1 5 4844
0 1 6 2147
0 1 7 3399
0 2 0 0
0 2 1 3248
0 2 2 0
0 2 3 3775
0 2 4 4473
0 2 5 4156
0 2 6 4864
0 2 7 2659
0 3 0 0
0 3 1 1115
0 3 2 4139
0 3 3 0
0 3 4 2730
0 3 5 3357
0 3 6 5688
0 3 7 4990
0 4 0 0
0 4 1 1934
0 4 2 1180
0 4 3 4343
0 4 4 0
0 4 5 4985
0 4 6 5016
0 4 7 1868
0 5 0 0
0 5 1 7455
0 5 2 6814
0 5 3 6984
0 5 4 7015
0 5 5 0
0 5 6 3623
0 5 7 3636
0 6 0 0
0 6 1 8052
0 6 2 9371
0 6 3 5322
0 6 4 7701
0 6 5 6008
0 6 6 0
0 6 7 5210
0 7 0 0
0 7 1 5079
0 7 2 3589
0 7 3 4499
0 7 4 2142
0 7 5 1478
0 7 6 4750
0 7 7 0
1 0 0 0
1 0 1 0
1 0 2 6036
1 0 3 5219
1 0 4 4606
1 0 5 6960
1 0 6 8938
1 0 7 5536
1 1 0 0
1 1 1 0
1 1 2 0
1 1 3 0
1 1 4 0
1 1 5 0
1 1 6 0
1 1 7 0
1 2 0 3248
1 2 1 0
1 2 2 0
1 2 3 5818
1 2 4 6516
1 2 5 6199
1 2 6 6907
1 2 7 4702
1 3 0 1115
1 3 1 0
1 3 2 7607
1 3 3 0
1 3 4 6198
1 3 5 6825
1 3 6 9156
1 3 7 8458
1 4 0 1934
1 4 1 0
1 4 2 5368
1 4 3 8531
1 4 4 0
1 4 5 9173
1 4 6 9204
1 4 7 6056
1 5 0 7455
1 5 1 0
1 5 2 7894
1 5 3 8064
1 5 4 8095
1 5 5 0
1 5 6 4703
1 5 7 4716
1 6 0 8052
1 6 1 0
1 6 2 5776
1 6 3 1727
1 6 4 4106
1 6 5 2413
1 6 6 0
1 6 7 1615
1 7 0 5079
1 7 1 0
1 7 2 4648
1 7 3 5558
1 7 4 3201
1 7 5 2537
1 7 6 5809
1 7 7 0
2 0 0 0
2 0 1 6036
2 0 2 0
2 0 3 4665
2 0 4 4052
2 0 5 6406
2 0 6 8384
2 0 7 4982
2 1 0 4883
2 1 1 0
2 1 2 0
2 1 3 5899
2 1 4 6006
2 1 5 5252
2 1 6 2555
2 1 7 3807
2 2 0 0
2 2 1 0
2 2 2 0
2 2 3 0
2 2 4 0
2 2 5 0
2 2 6 0
2 2 7 0
2 3 0 4139
2 3 1 7607
2 3 2 0
2 3 3 0
2 3 4 3816
2 3 5 4443
2 3 6 6774
2 3 7 6076
2 4 0 1180
2 4 1 5368
2 4 2 0
2 4 3 6740
2 4 4 0
2 4 5 7382
2 4 6 7413
2 4 7 4265
2 5 0 6814
2 5 1 7894
2 5 2 0
2 5 3 6710
2 5 4 6741
2 5 5 0
2 5 6 3349
2 5 7 3362
2 6 0 9371
2 6 1 5776
2 6 2 0
2 6 3 3778
2 6 4 6157
2 6 5 4464
2 6 6 0
2 6 7 3666
2 7 0 3589
2 7 1 4648
2 7 2 0
2 7 3 4152
2 7 4 1795
2 7 5 1131
2 7 6 4403
2 7 7 0
3 0 0 0
3 0 1 5219
3 0 2 4665
3 0 3 0
3 0 4 1499
3 0 5 3853
3 0 6 5831
3 0 7 2429
3 1 0 5491
3 1 1 0
3 1 2 5899
3 1 3 0
3 1 4 4690
3 1 5 3936
3 1 6 1239
3 1 7 2491
3 2 0 3775
3 2 1 5818
3 2 2 0
3 2 3 0
3 2 4 5923
3 2 5 5606
3 2 6 6314
3 2 7 4109
3 3 0 0
3 3 1 0
3 3 2 0
3 3 3 0
3 3 4 0
3 3 5 0
3 3 6 0
3 3 7 0
3 4 0 4343
3 4 1 8531
3 4 2 6740
3 4 3 0
3 4 4 0
3 4 5 6456
3 4 6 6487
3 4 7 3339
3 5 0 6984
3 5 1 8064
3 5 2 6710
3 5 3 0
3 5 4 6759
3 5 5 0
3 5 6 3367
3 5 7 3380
3 6 0 5322
3 6 1 1727
3 6 2 3778
3 6 3 0
3 6 4 7798
3 6 5 6105
3 6 6 0
3 6 7 5307
3 7 0 4499
3 7 1 5558
3 7 2 4152
3 7 3 0
3 7 4 4943
3 7 5 4279
3 7 6 7551
3 7 7 0
4 0 0 0
4 0 1 4606
4 0 2 4052
4 0 3 1499
4 0 4 0
4 0 5 5075
4 0 6 7053
4 0 7 3651
4 1 0 5598
4 1 1 0
4 1 2 6006
4 1 3 4690
4 1 4 0
4 1 5 5368
4 1 6 2671
4 1 7 3923
4 2 0 4473
4 2 1 6516
4 2 2 0
4 2 3 5923
4 2 4 0
4 2 5 3260
4 2 6 3968
4 2 7 1763
4 3 0 2730
4 3 1 6198
4 3 2 3816
4 3 3 0
4 3 4 0
4 3 5 6441
4 3 6 8772
4 3 7 8074
4 4 0 0
4 4 1 0
4 4 2 0
4 4 3 0
4 4 4 0
4 4 5 0
4 4 6 0
4 4 7 0
4 5 0 7015
4 5 1 8095
4 5 2 6741
4 5 3 6759
4 5 4 0
4 5 5 0
4 5 6 5608
4 5 7 5621
4 6 0 7701
4 6 1 4106
4 6 2 6157
4 6 3 7798
4 6 4 0
4 6 5 6046
4 6 6 0
4 6 7 5248
4 7 0 2142
4 7 1 3201
4 7 2 1795
4 7 3 4943
4 7 4 0
4 7 5 1770
4 7 6 5042
4 7 7 0
5 0 0 0
5 0 1 6960
5 0 2 6406
5 0 3 3853
5 0 4 5075
5 0 5 0
5 0 6 5206
5 0 7 1804
5 1 0 4844
5 1 1 0
5 1 2 5252
5 1 3 3936
5 1 4 5368
5 1 5 0
5 1 6 5838
5 1 7 7090
5 2 0 4156
5 2 1 6199
5 2 2 0
5 2 3 5606
5 2 4 3260
5 2 5 0
5 2 6 7248
5 2 7 5043
5 3 0 3357
5 3 1 6825
5 3 2 4443
5 3 3 0
5 3 4 6441
5 3 5 0
5 3 6 9059
5 3 7 8361
5 4 0 4985
5 4 1 9173
5 4 2 7382
5 4 3 6456
5 4 4 0
5 4 5 0
5 4 6 9031
5 4 7 5883
5 5 0 0
5 5 1 0
5 5 2 0
5 5 3 0
5 5 4 0
5 5 5 0
5 5 6 0
5 5 7 0
5 6 0 6008
5 6 1 2413
5 6 2 4464
5 6 3 6105
5 6 4 6046
5 6 5 0
5 6 6 0
5 6 7 1501
5 7 0 1478
5 7 1 2537
5 7 2 1131
5 7 3 4279
5 7 4 1770
5 7 5 0
5 7 6 4456
5 7 7 0
6 0 0 0
6 0 1 8938
6 0 2 8384
6 0 3 5831
6 0 4 7053
6 0 5 5206
6 0 6 0
6 0 7 3170
6 1 0 2147
6 1 1 0
6 1 2 2555
6 1 3 1239
6 1 4 2671
6 1 5 5838
6 1 6 0
6 1 7 5709
6 2 0 4864
6 2 1 6907
6 2 2 0
6 2 3 6314
6 2 4 3968
6 2 5 7248
6 2 6 0
6 2 7 5622
6 3 0 5688
6 3 1 9156
6 3 2 6774
6 3 3 0
6 3 4 8772
6 3 5 9059
6 3 6 0
6 3 7 4721
6 4 0 5016
6 4 1 9204
6 4 2 7413
6 4 3 6487
6 4 4 0
6 4 5 9031
6 4 6 0
6 4 7 4591
6 5 0 3623
6 5 1 4703
6 5 2 3349
6 5 3 3367
6 5 4 5608
6 5 5 0
6 5 6 0
6 5 7 2312
6 6 0 0
6 6 1 0
6 6 2 0
6 6 3 0
6 6 4 0
6 6 5 0
6 6 6 0
6 6 7 0
6 7 0 4750
6 7 1 5809
6 7 2 4403
6 7 3 7551
6 7 4 5042
6 7 5 4456
6 7 6 0
6 7 7 0
7 0 0 0
7 0 1 5536
7 0 2 4982
7 0 3 2429
7 0 4 3651
7 0 5 1804
7 0 6 3170
7 0 7 0
7 1 0 3399
7 1 1 0
7 1 2 3807
7 1 3 2491
7 1 4 3923
7 1 5 7090
7 1 6 5709
7 1 7 0
7 2 0 2659
7 2 1 4702
7 2 2 0
7 2 3 4109
7 2 4 1763
7 2 5 5043
7 2 6 5622
7 2 7 0
7 3 0 4990
7 3 1 8458
7 3 2 6076
7 3 3 0
7 3 4 8074
7 3 5 8361
7 3 6 4721
7 3 7 0
7 4 0 1868
7 4 1 6056
7 4 2 4265
7 4 3 3339
7 4 4 0
7 4 5 5883
7 4 6 4591
7 4 7 0
7 5 0 3636
7 5 1 4716
7 5 2 3362
7 5 3 3380
7 5 4 5621
7 5 5 0
7 5 6 2312
7 5 7 0
7 6 0 5210
7 6 1 1615
7 6 2 3666
7 6 3 5307
7 6 4 5248
7 6 5 1501
7 6 6 0
7 6 7 0
7 7 0 0
7 7 1 0
7 7 2 0
7 7 3 0
7 7 4 0
7 7 5 0
7 7 6 0
7 7 7 0
