8
0 0 0 0
0 0 1 0
0 0 2 0
0 0 3 0
0 0 4 0
0 0 5 0
0 0 6 0
0 0 7 0
0 1 0 0
0 1 1 0
0 1 2 4163
0 1 3 8542
0 1 4 7610
0 1 5 5749
0 1 6 5713
0 1 7 3990
0 2 0 0
0 2 1 3062
0 2 2 0
0 2 3 5579
0 2 4 1937
0 2 5 4102
0 2 6 1532
0 2 7 3120
0 3 0 0
0 3 1 3845
0 3 2 4787
0 3 3 0
0 3 4 3399
0 3 5 4766
0 3 6 2597
0 3 7 1158
0 4 0 0
0 4 1 7178
0 4 2 8439
0 4 3 8528
0 4 4 0
0 4 5 6673
0 4 6 8751
0 4 7 9170
0 5 0 0
0 5 1 6162
0 5 2 4368
0 5 3 6658
0 5 4 4150
0 5 5 0
0 5 6 6396
0 5 7 5945
0 6 0 0
0 6 1 6203
0 6 2 2759
0 6 3 4274
0 6 4 5718
0 6 5 1956
0 6 6 0
0 6 7 5860
0 7 0 0
0 7 1 1520
0 7 2 1454
0 7 3 4623
0 7 4 4669
0 7 5 2276
0 7 6 1069
0 7 7 0
1 0 0 0
1 0 1 0
1 0 2 5427
1 0 3 5373
1 0 4 9411
1 0 5 8567
1 0 6 6130
1 0 7 5171
1 1 0 0
1 1 1 0
1 1 2 0
1 1 3 0
1 1 4 0
1 1 5 0
1 1 6 0
1 1 7 0
1 2 0 3062
1 2 1 0
1 2 2 0
1 2 3 5034
1 2 4 1392
1 2 5 3557
1 2 6 987
1 2 7 2575
1 3 0 3845
1 3 1 0
1 3 2 8675
1 3 3 0
1 3 4 7287
1 3 5 8654
1 3 6 6485
1 3 7 5046
1 4 0 7178
1 4 1 0
1 4 2 7357
1 4 3 7446
1 4 4 0
1 4 5 5591
1 4 6 7669
1 4 7 8088
1 5 0 6162
1 5 1 0
1 5 2 2269
1 5 3 4559
1 5 4 2051
1 5 5 0
1 5 6 4297
1 5 7 3846
1 6 0 6203
1 6 1 0
1 6 2 3061
1 6 3 4576
1 6 4 6020
1 6 5 2258
1 6 6 0
1 6 7 6162
1 7 0 1520
1 7 1 0
1 7 2 992
1 7 3 4161
1 7 4 4207
1 7 5 1814
1 7 6 607
1 7 7 0
2 0 0 0
2 0 1 5427
2 0 2 0
2 0 3 4287
2 0 4 8325
2 0 5 7481
2 0 6 5044
2 0 7 4085
2 1 0 4163
2 1 1 0
2 1 2 0
2 1 3 6896
2 1 4 5964
2 1 5 4103
2 1 6 4067
2 1 7 2344
2 2 0 0
2 2 1 0
2 2 2 0
2 2 3 0
2 2 4 0
2 2 5 0
2 2 6 0
2 2 7 0
2 3 0 4787
2 3 1 8675
2 3 2 0
2 3 3 0
2 3 4 7014
2 3 5 8381
2 3 6 6212
2 3 7 4773
2 4 0 8439
2 4 1 7357
2 4 2 0
2 4 3 4463
2 4 4 0
2 4 5 2608
2 4 6 4686
2 4 7 5105
2 5 0 4368
2 5 1 2269
2 5 2 0
2 5 3 5602
2 5 4 3094
2 5 5 0
2 5 6 5340
2 5 7 4889
2 6 0 2759
2 6 1 3061
2 6 2 0
2 6 3 3085
2 6 4 4529
2 6 5 767
2 6 6 0
2 6 7 4671
2 7 0 1454
2 7 1 992
2 7 2 0
2 7 3 5981
2 7 4 6027
2 7 5 3634
2 7 6 2427
2 7 7 0
3 0 0 0
3 0 1 5373
3 0 2 4287
3 0 3 0
3 0 4 5811
3 0 5 4967
3 0 6 2530
3 0 7 1571
3 1 0 8542
3 1 1 0
3 1 2 6896
3 1 3 0
3 1 4 6801
3 1 5 4940
3 1 6 4904
3 1 7 3181
3 2 0 5579
3 2 1 5034
3 2 2 0
3 2 3 0
3 2 4 4760
3 2 5 6925
3 2 6 4355
3 2 7 5943
3 3 0 0
3 3 1 0
3 3 2 0
3 3 3 0
3 3 4 0
3 3 5 0
3 3 6 0
3 3 7 0
3 4 0 8528
3 4 1 7446
3 4 2 4463
3 4 3 0
3 4 4 0
3 4 5 4124
3 4 6 6202
3 4 7 6621
3 5 0 6658
3 5 1 4559
3 5 2 5602
3 5 3 0
3 5 4 3812
3 5 5 0
3 5 6 6058
3 5 7 5607
3 6 0 4274
3 6 1 4576
3 6 2 3085
3 6 3 0
3 6 4 5648
3 6 5 1886
3 6 6 0
3 6 7 5790
3 7 0 4623
3 7 1 4161
3 7 2 5981
3 7 3 0
3 7 4 4119
3 7 5 1726
3 7 6 519
3 7 7 0
4 0 0 0
4 0 1 9411
4 0 2 8325
4 0 3 5811
4 0 4 0
4 0 5 6700
4 0 6 4263
4 0 7 3304
4 1 0 7610
4 1 1 0
4 1 2 5964
4 1 3 6801
4 1 4 0
4 1 5 4235
4 1 6 4199
4 1 7 2476
4 2 0 1937
4 2 1 1392
4 2 2 0
4 2 3 4760
4 2 4 0
4 2 5 6539
4 2 6 3969
4 2 7 5557
4 3 0 3399
4 3 1 7287
4 3 2 7014
4 3 3 0
4 3 4 0
4 3 5 7346
4 3 6 5177
4 3 7 3738
4 4 0 0
4 4 1 0
4 4 2 0
4 4 3 0
4 4 4 0
4 4 5 0
4 4 6 0
4 4 7 0
4 5 0 4150
4 5 1 2051
4 5 2 3094
4 5 3 3812
4 5 4 0
4 5 5 0
4 5 6 3927
4 5 7 3476
4 6 0 5718
4 6 1 6020
4 6 2 4529
4 6 3 5648
4 6 4 0
4 6 5 4002
4 6 6 0
4 6 7 7906
4 7 0 4669
4 7 1 4207
4 7 2 6027
4 7 3 4119
4 7 4 0
4 7 5 5700
4 7 6 4493
4 7 7 0
5 0 0 0
5 0 1 8567
5 0 2 7481
5 0 3 4967
5 0 4 6700
5 0 5 0
5 0 6 4226
5 0 7 3267
5 1 0 5749
5 1 1 0
5 1 2 4103
5 1 3 4940
5 1 4 4235
5 1 5 0
5 1 6 4027
5 1 7 2304
5 2 0 4102
5 2 1 3557
5 2 2 0
5 2 3 6925
5 2 4 6539
5 2 5 0
5 2 6 742
5 2 7 2330
5 3 0 4766
5 3 1 8654
5 3 2 8381
5 3 3 0
5 3 4 7346
5 3 5 0
5 3 6 4151
5 3 7 2712
5 4 0 6673
5 4 1 5591
5 4 2 2608
5 4 3 4124
5 4 4 0
5 4 5 0
5 4 6 3759
5 4 7 4178
5 5 0 0
5 5 1 0
5 5 2 0
5 5 3 0
5 5 4 0
5 5 5 0
5 5 6 0
5 5 7 0
5 6 0 1956
5 6 1 2258
5 6 2 767
5 6 3 1886
5 6 4 4002
5 6 5 0
5 6 6 0
5 6 7 6395
5 7 0 2276
5 7 1 1814
5 7 2 3634
5 7 3 1726
5 7 4 5700
5 7 5 0
5 7 6 2112
5 7 7 0
6 0 0 0
6 0 1 6130
6 0 2 5044
6 0 3 2530
6 0 4 4263
6 0 5 4226
6 0 6 0
6 0 7 5492
6 1 0 5713
6 1 1 0
6 1 2 4067
6 1 3 4904
6 1 4 4199
6 1 5 4027
6 1 6 0
6 1 7 4782
6 2 0 1532
6 2 1 987
6 2 2 0
6 2 3 4355
6 2 4 3969
6 2 5 742
6 2 6 0
6 2 7 3158
6 3 0 2597
6 3 1 6485
6 3 2 6212
6 3 3 0
6 3 4 5177
6 3 5 4151
6 3 6 0
6 3 7 2765
6 4 0 8751
6 4 1 7669
6 4 2 4686
6 4 3 6202
6 4 4 0
6 4 5 3759
6 4 6 0
6 4 7 8183
6 5 0 6396
6 5 1 4297
6 5 2 5340
6 5 3 6058
6 5 4 3927
6 5 5 0
6 5 6 0
6 5 7 2040
6 6 0 0
6 6 1 0
6 6 2 0
6 6 3 0
6 6 4 0
6 6 5 0
6 6 6 0
6 6 7 0
6 7 0 1069
6 7 1 607
6 7 2 2427
6 7 3 519
6 7 4 4493
6 7 5 2112
6 7 6 0
6 7 7 0
7 0 0 0
7 0 1 5171
7 0 2 4085
7 0 3 1571
7 0 4 3304
7 0 5 3267
7 0 6 5492
7 0 7 0
7 1 0 3990
7 1 1 0
7 1 2 2344
7 1 3 3181
7 1 4 2476
7 1 5 2304
7 1 6 4782
7 1 7 0
7 2 0 3120
7 2 1 2575
7 2 2 0
7 2 3 5943
7 2 4 5557
7 2 5 2330
7 2 6 3158
7 2 7 0
7 3 0 1158
7 3 1 5046
7 3 2 4773
7 3 3 0
7 3 4 3738
7 3 5 2712
7 3 6 2765
7 3 7 0
7 4 0 9170
7 4 1 8088
7 4 2 5105
7 4 3 6621
7 4 4 0
7 4 5 4178
7 4 6 8183
7 4 7 0
7 5 0 5945
7 5 1 3846
7 5 2 4889
7 5 3 5607
7 5 4 3476
7 5 5 0
7 5 6 2040
7 5 7 0
7 6 0 5860
7 6 1 6162
7 6 2 4671
7 6 3 5790
7 6 4 7906
7 6 5 6395
7 6 6 0
7 6 7 0
7 7 0 0
7 7 1 0
7 7 2 0
7 7 3 0
7 7 4 0
7 7 5 0
7 7 6 0
7 7 7 0
