8
0 0 0 0
0 0 1 0
0 0 2 0
0 0 3 0
0 0 4 0
0 0 5 0
0 0 6 0
0 0 7 0
0 1 0 0
0 1 1 0
0 1 2 5470
0 1 3 4242
0 1 4 4862
0 1 5 3603
0 1 6 2125
0 1 7 2410
0 2 0 0
0 2 1 3081
0 2 2 0
0 2 3 6003
0 2 4 6552
0 2 5 3591
0 2 6 2562
0 2 7 5906
0 3 0 0
0 3 1 5554
0 3 2 1688
0 3 3 0
0 3 4 4151
0 3 5 1504
0 3 6 2432
0 3 7 4405
0 4 0 0
0 4 1 3462
0 4 2 3591
0 4 3 5533
0 4 4 0
0 4 5 5445
0 4 6 4665
0 4 7 3144
0 5 0 0
0 5 1 6736
0 5 2 6788
0 5 3 4572
0 5 4 6249
0 5 5 0
0 5 6 7320
0 5 7 4395
0 6 0 0
0 6 1 7773
0 6 2 6415
0 6 3 6565
0 6 4 5306
0 6 5 8710
0 6 6 0
0 6 7 8988
0 7 0 0
0 7 1 1351
0 7 2 4218
0 7 3 3998
0 7 4 3716
0 7 5 4628
0 7 6 5363
0 7 7 0
1 0 0 0
1 0 1 0
1 0 2 5055
1 0 3 4121
1 0 4 4168
1 0 5 6345
1 0 6 7368
1 0 7 4000
1 1 0 0
1 1 1 0
1 1 2 0
1 1 3 0
1 1 4 0
1 1 5 0
1 1 6 0
1 1 7 0
1 2 0 3081
1 2 1 0
1 2 2 0
1 2 3 7827
1 2 4 8376
1 2 5 5415
1 2 6 4386
1 2 7 7730
1 3 0 5554
1 3 1 0
1 3 2 3218
1 3 3 0
1 3 4 5681
1 3 5 3034
1 3 6 3962
1 3 7 5935
1 4 0 3462
1 4 1 0
1 4 2 5694
1 4 3 7636
1 4 4 0
1 4 5 7548
1 4 6 6768
1 4 7 5247
1 5 0 6736
1 5 1 0
1 5 2 5455
1 5 3 3239
1 5 4 4916
1 5 5 0
1 5 6 5987
1 5 7 3062
1 6 0 7773
1 6 1 0
1 6 2 2581
1 6 3 2731
1 6 4 1472
1 6 5 4876
1 6 6 0
1 6 7 5154
1 7 0 1351
1 7 1 0
1 7 2 4037
1 7 3 3817
1 7 4 3535
1 7 5 4447
1 7 6 5182
1 7 7 0
2 0 0 0
2 0 1 5055
2 0 2 0
2 0 3 5887
2 0 4 5934
2 0 5 8111
2 0 6 9134
2 0 7 5766
2 1 0 5470
2 1 1 0
2 1 2 0
2 1 3 3677
2 1 4 4297
2 1 5 3038
2 1 6 1560
2 1 7 1845
2 2 0 0
2 2 1 0
2 2 2 0
2 2 3 0
2 2 4 0
2 2 5 0
2 2 6 0
2 2 7 0
2 3 0 1688
2 3 1 3218
2 3 2 0
2 3 3 0
2 3 4 6482
2 3 5 3835
2 3 6 4763
2 3 7 6736
2 4 0 3591
2 4 1 5694
2 4 2 0
2 4 3 8366
2 4 4 0
2 4 5 8278
2 4 6 7498
2 4 7 5977
2 5 0 6788
2 5 1 5455
2 5 2 0
2 5 3 2267
2 5 4 3944
2 5 5 0
2 5 6 5015
2 5 7 2090
2 6 0 6415
2 6 1 2581
2 6 2 0
2 6 3 2208
2 6 4 949
2 6 5 4353
2 6 6 0
2 6 7 4631
2 7 0 4218
2 7 1 4037
2 7 2 0
2 7 3 6353
2 7 4 6071
2 7 5 6983
2 7 6 7718
2 7 7 0
3 0 0 0
3 0 1 4121
3 0 2 5887
3 0 3 0
3 0 4 1484
3 0 5 3661
3 0 6 4684
3 0 7 1316
3 1 0 4242
3 1 1 0
3 1 2 3677
3 1 3 0
3 1 4 7704
3 1 5 6445
3 1 6 4967
3 1 7 5252
3 2 0 6003
3 2 1 7827
3 2 2 0
3 2 3 0
3 2 4 4568
3 2 5 1607
3 2 6 578
3 2 7 3922
3 3 0 0
3 3 1 0
3 3 2 0
3 3 3 0
3 3 4 0
3 3 5 0
3 3 6 0
3 3 7 0
3 4 0 5533
3 4 1 7636
3 4 2 8366
3 4 3 0
3 4 4 0
3 4 5 6811
3 4 6 6031
3 4 7 4510
3 5 0 4572
3 5 1 3239
3 5 2 2267
3 5 3 0
3 5 4 2791
3 5 5 0
3 5 6 3862
3 5 7 937
3 6 0 6565
3 6 1 2731
3 6 2 2208
3 6 3 0
3 6 4 1753
3 6 5 5157
3 6 6 0
3 6 7 5435
3 7 0 3998
3 7 1 3817
3 7 2 6353
3 7 3 0
3 7 4 5504
3 7 5 6416
3 7 6 7151
3 7 7 0
4 0 0 0
4 0 1 4168
4 0 2 5934
4 0 3 1484
4 0 4 0
4 0 5 6117
4 0 6 7140
4 0 7 3772
4 1 0 4862
4 1 1 0
4 1 2 4297
4 1 3 7704
4 1 4 0
4 1 5 4306
4 1 6 2828
4 1 7 3113
4 2 0 6552
4 2 1 8376
4 2 2 0
4 2 3 4568
4 2 4 0
4 2 5 3463
4 2 6 2434
4 2 7 5778
4 3 0 4151
4 3 1 5681
4 3 2 6482
4 3 3 0
4 3 4 0
4 3 5 4252
4 3 6 5180
4 3 7 7153
4 4 0 0
4 4 1 0
4 4 2 0
4 4 3 0
4 4 4 0
4 4 5 0
4 4 6 0
4 4 7 0
4 5 0 6249
4 5 1 4916
4 5 2 3944
4 5 3 2791
4 5 4 0
4 5 5 0
4 5 6 7756
4 5 7 4831
4 6 0 5306
4 6 1 1472
4 6 2 949
4 6 3 1753
4 6 4 0
4 6 5 7343
4 6 6 0
4 6 7 7621
4 7 0 3716
4 7 1 3535
4 7 2 6071
4 7 3 5504
4 7 4 0
4 7 5 5108
4 7 6 5843
4 7 7 0
5 0 0 0
5 0 1 6345
5 0 2 8111
5 0 3 3661
5 0 4 6117
5 0 5 0
5 0 6 5804
5 0 7 2436
5 1 0 3603
5 1 1 0
5 1 2 3038
5 1 3 6445
5 1 4 4306
5 1 5 0
5 1 6 3925
5 1 7 4210
5 2 0 3591
5 2 1 5415
5 2 2 0
5 2 3 1607
5 2 4 3463
5 2 5 0
5 2 6 3454
5 2 7 6798
5 3 0 1504
5 3 1 3034
5 3 2 3835
5 3 3 0
5 3 4 4252
5 3 5 0
5 3 6 2042
5 3 7 4015
5 4 0 5445
5 4 1 7548
5 4 2 8278
5 4 3 6811
5 4 4 0
5 4 5 0
5 4 6 5905
5 4 7 4384
5 5 0 0
5 5 1 0
5 5 2 0
5 5 3 0
5 5 4 0
5 5 5 0
5 5 6 0
5 5 7 0
5 6 0 8710
5 6 1 4876
5 6 2 4353
5 6 3 5157
5 6 4 7343
5 6 5 0
5 6 6 0
5 6 7 8099
5 7 0 4628
5 7 1 4447
5 7 2 6983
5 7 3 6416
5 7 4 5108
5 7 5 0
5 7 6 4917
5 7 7 0
6 0 0 0
6 0 1 7368
6 0 2 9134
6 0 3 4684
6 0 4 7140
6 0 5 5804
6 0 6 0
6 0 7 1587
6 1 0 2125
6 1 1 0
6 1 2 1560
6 1 3 4967
6 1 4 2828
6 1 5 3925
6 1 6 0
6 1 7 4224
6 2 0 2562
6 2 1 4386
6 2 2 0
6 2 3 578
6 2 4 2434
6 2 5 3454
6 2 6 0
6 2 7 5402
6 3 0 2432
6 3 1 3962
6 3 2 4763
6 3 3 0
6 3 4 5180
6 3 5 2042
6 3 6 0
6 3 7 4985
6 4 0 4665
6 4 1 6768
6 4 2 7498
6 4 3 6031
6 4 4 0
6 4 5 5905
6 4 6 0
6 4 7 2418
6 5 0 7320
6 5 1 5987
6 5 2 5015
6 5 3 3862
6 5 4 7756
6 5 5 0
6 5 6 0
6 5 7 4896
6 6 0 0
6 6 1 0
6 6 2 0
6 6 3 0
6 6 4 0
6 6 5 0
6 6 6 0
6 6 7 0
6 7 0 5363
6 7 1 5182
6 7 2 7718
6 7 3 7151
6 7 4 5843
6 7 5 4917
6 7 6 0
6 7 7 0
7 0 0 0
7 0 1 4000
7 0 2 5766
7 0 3 1316
7 0 4 3772
7 0 5 2436
7 0 6 1587
7 0 7 0
7 1 0 2410
7 1 1 0
7 1 2 1845
7 1 3 5252
7 1 4 3113
7 1 5 4210
7 1 6 4224
7 1 7 0
7 2 0 5906
7 2 1 7730
7 2 2 0
7 2 3 3922
7 2 4 5778
7 2 5 6798
7 2 6 5402
7 2 7 0
7 3 0 4405
7 3 1 5935
7 3 2 6736
7 3 3 0
7 3 4 7153
7 3 5 4015
7 3 6 4985
7 3 7 0
7 4 0 3144
7 4 1 5247
7 4 2 5977
7 4 3 4510
7 4 4 0
7 4 5 4384
7 4 6 2418
7 4 7 0
7 5 0 4395
7 5 1 3062
7 5 2 2090
7 5 3 937
7 5 4 4831
7 5 5 0
7 5 6 4896
7 5 7 0
7 6 0 8988
7 6 1 5154
7 6 2 4631
7 6 3 5435
7 6 4 7621
7 6 5 8099
7 6 6 0
7 6 7 0
7 7 0 0
7 7 1 0
7 7 2 0
7 7 3 0
7 7 4 0
7 7 5 0
7 7 6 0
7 7 7 0
