8
0 0 0 0
0 0 1 0
0 0 2 0
0 0 3 0
0 0 4 0
0 0 5 0
0 0 6 0
0 0 7 0
0 1 0 0
0 1 1 0
0 1 2 4574
0 1 3 6526
0 1 4 2862
0 1 5 5254
0 1 6 6840
0 1 7 3981
0 2 0 0
0 2 1 1479
0 2 2 0
0 2 3 2799
0 2 4 2208
0 2 5 1029
0 2 6 4746
0 2 7 5014
0 3 0 0
0 3 1 4292
0 3 2 2374
0 3 3 0
0 3 4 2413
0 3 5 4108
0 3 6 6166
0 3 7 5963
0 4 0 0
0 4 1 3352
0 4 2 2465
0 4 3 827
0 4 4 0
0 4 5 2764
0 4 6 3939
0 4 7 3356
0 5 0 0
0 5 1 8806
0 5 2 7223
0 5 3 4877
0 5 4 9418
0 5 5 0
0 5 6 6231
0 5 7 5406
0 6 0 0
0 6 1 3739
0 6 2 1677
0 6 3 3722
0 6 4 2208
0 6 5 4285
0 6 6 0
0 6 7 2394
0 7 0 0
0 7 1 3955
0 7 2 3135
0 7 3 3172
0 7 4 4106
0 7 5 2785
0 7 6 2241
0 7 7 0
1 0 0 0
1 0 1 0
1 0 2 2263
1 0 3 3137
1 0 4 1912
1 0 5 6222
1 0 6 2641
1 0 7 3376
1 1 0 0
1 1 1 0
1 1 2 0
1 1 3 0
1 1 4 0
1 1 5 0
1 1 6 0
1 1 7 0
1 2 0 1479
1 2 1 0
1 2 2 0
1 2 3 4487
1 2 4 3896
1 2 5 2717
1 2 6 6434
1 2 7 6702
1 3 0 4292
1 3 1 0
1 3 2 5140
1 3 3 0
1 3 4 5179
1 3 5 6874
1 3 6 8932
1 3 7 8729
1 4 0 3352
1 4 1 0
1 4 2 2792
1 4 3 1154
1 4 4 0
1 4 5 3091
1 4 6 4266
1 4 7 3683
1 5 0 8806
1 5 1 0
1 5 2 5632
1 5 3 3286
1 5 4 7827
1 5 5 0
1 5 6 4640
1 5 7 3815
1 6 0 3739
1 6 1 0
1 6 2 5253
1 6 3 7298
1 6 4 5784
1 6 5 7861
1 6 6 0
1 6 7 5970
1 7 0 3955
1 7 1 0
1 7 2 3117
1 7 3 3154
1 7 4 4088
1 7 5 2767
1 7 6 2223
1 7 7 0
2 0 0 0
2 0 1 2263
2 0 2 0
2 0 3 6224
2 0 4 4999
2 0 5 9309
2 0 6 5728
2 0 7 6463
2 1 0 4574
2 1 1 0
2 1 2 0
2 1 3 5119
2 1 4 1455
2 1 5 3847
2 1 6 5433
2 1 7 2574
2 2 0 0
2 2 1 0
2 2 2 0
2 2 3 0
2 2 4 0
2 2 5 0
2 2 6 0
2 2 7 0
2 3 0 2374
2 3 1 5140
2 3 2 0
2 3 3 0
2 3 4 3070
2 3 5 4765
2 3 6 6823
2 3 7 6620
2 4 0 2465
2 4 1 2792
2 4 2 0
2 4 3 2118
2 4 4 0
2 4 5 4055
2 4 6 5230
2 4 7 4647
2 5 0 7223
2 5 1 5632
2 5 2 0
2 5 3 679
2 5 4 5220
2 5 5 0
2 5 6 2033
2 5 7 1208
2 6 0 1677
2 6 1 5253
2 6 2 0
2 6 3 6822
2 6 4 5308
2 6 5 7385
2 6 6 0
2 6 7 5494
2 7 0 3135
2 7 1 3117
2 7 2 0
2 7 3 5805
2 7 4 6739
2 7 5 5418
2 7 6 4874
2 7 7 0
3 0 0 0
3 0 1 3137
3 0 2 6224
3 0 3 0
3 0 4 1641
3 0 5 5951
3 0 6 2370
3 0 7 3105
3 1 0 6526
3 1 1 0
3 1 2 5119
3 1 3 0
3 1 4 3394
3 1 5 5786
3 1 6 7372
3 1 7 4513
3 2 0 2799
3 2 1 4487
3 2 2 0
3 2 3 0
3 2 4 2440
3 2 5 1261
3 2 6 4978
3 2 7 5246
3 3 0 0
3 3 1 0
3 3 2 0
3 3 3 0
3 3 4 0
3 3 5 0
3 3 6 0
3 3 7 0
3 4 0 827
3 4 1 1154
3 4 2 2118
3 4 3 0
3 4 4 0
3 4 5 3386
3 4 6 4561
3 4 7 3978
3 5 0 4877
3 5 1 3286
3 5 2 679
3 5 3 0
3 5 4 7425
3 5 5 0
3 5 6 4238
3 5 7 3413
3 6 0 3722
3 6 1 7298
3 6 2 6822
3 6 3 0
3 6 4 5854
3 6 5 7931
3 6 6 0
3 6 7 6040
3 7 0 3172
3 7 1 3154
3 7 2 5805
3 7 3 0
3 7 4 6814
3 7 5 5493
3 7 6 4949
3 7 7 0
4 0 0 0
4 0 1 1912
4 0 2 4999
4 0 3 1641
4 0 4 0
4 0 5 5134
4 0 6 1553
4 0 7 2288
4 1 0 2862
4 1 1 0
4 1 2 1455
4 1 3 3394
4 1 4 0
4 1 5 6071
4 1 6 7657
4 1 7 4798
4 2 0 2208
4 2 1 3896
4 2 2 0
4 2 3 2440
4 2 4 0
4 2 5 2577
4 2 6 6294
4 2 7 6562
4 3 0 2413
4 3 1 5179
4 3 2 3070
4 3 3 0
4 3 4 0
4 3 5 3144
4 3 6 5202
4 3 7 4999
4 4 0 0
4 4 1 0
4 4 2 0
4 4 3 0
4 4 4 0
4 4 5 0
4 4 6 0
4 4 7 0
4 5 0 9418
4 5 1 7827
4 5 2 5220
4 5 3 7425
4 5 4 0
4 5 5 0
4 5 6 4119
4 5 7 3294
4 6 0 2208
4 6 1 5784
4 6 2 5308
4 6 3 5854
4 6 4 0
4 6 5 6929
4 6 6 0
4 6 7 5038
4 7 0 4106
4 7 1 4088
4 7 2 6739
4 7 3 6814
4 7 4 0
4 7 5 4111
4 7 6 3567
4 7 7 0
5 0 0 0
5 0 1 6222
5 0 2 9309
5 0 3 5951
5 0 4 5134
5 0 5 0
5 0 6 5324
5 0 7 6059
5 1 0 5254
5 1 1 0
5 1 2 3847
5 1 3 5786
5 1 4 6071
5 1 5 0
5 1 6 8801
5 1 7 5942
5 2 0 1029
5 2 1 2717
5 2 2 0
5 2 3 1261
5 2 4 2577
5 2 5 0
5 2 6 6742
5 2 7 7010
5 3 0 4108
5 3 1 6874
5 3 2 4765
5 3 3 0
5 3 4 3144
5 3 5 0
5 3 6 4942
5 3 7 4739
5 4 0 2764
5 4 1 3091
5 4 2 4055
5 4 3 3386
5 4 4 0
5 4 5 0
5 4 6 8481
5 4 7 7898
5 5 0 0
5 5 1 0
5 5 2 0
5 5 3 0
5 5 4 0
5 5 5 0
5 5 6 0
5 5 7 0
5 6 0 4285
5 6 1 7861
5 6 2 7385
5 6 3 7931
5 6 4 6929
5 6 5 0
5 6 6 0
5 6 7 3020
5 7 0 2785
5 7 1 2767
5 7 2 5418
5 7 3 5493
5 7 4 4111
5 7 5 0
5 7 6 1307
5 7 7 0
6 0 0 0
6 0 1 2641
6 0 2 5728
6 0 3 2370
6 0 4 1553
6 0 5 5324
6 0 6 0
6 0 7 2501
6 1 0 6840
6 1 1 0
6 1 2 5433
6 1 3 7372
6 1 4 7657
6 1 5 8801
6 1 6 0
6 1 7 4456
6 2 0 4746
6 2 1 6434
6 2 2 0
6 2 3 4978
6 2 4 6294
6 2 5 6742
6 2 6 0
6 2 7 5045
6 3 0 6166
6 3 1 8932
6 3 2 6823
6 3 3 0
6 3 4 5202
6 3 5 4942
6 3 6 0
6 3 7 7165
6 4 0 3939
6 4 1 4266
6 4 2 5230
6 4 3 4561
6 4 4 0
6 4 5 8481
6 4 6 0
6 4 7 4269
6 5 0 6231
6 5 1 4640
6 5 2 2033
6 5 3 4238
6 5 4 4119
6 5 5 0
6 5 6 0
6 5 7 4086
6 6 0 0
6 6 1 0
6 6 2 0
6 6 3 0
6 6 4 0
6 6 5 0
6 6 6 0
6 6 7 0
6 7 0 2241
6 7 1 2223
6 7 2 4874
6 7 3 4949
6 7 4 3567
6 7 5 1307
6 7 6 0
6 7 7 0
7 0 0 0
7 0 1 3376
7 0 2 6463
7 0 3 3105
7 0 4 2288
7 0 5 6059
7 0 6 2501
7 0 7 0
7 1 0 3981
7 1 1 0
7 1 2 2574
7 1 3 4513
7 1 4 4798
7 1 5 5942
7 1 6 4456
7 1 7 0
7 2 0 5014
7 2 1 6702
7 2 2 0
7 2 3 5246
7 2 4 6562
7 2 5 7010
7 2 6 5045
7 2 7 0
7 3 0 5963
7 3 1 8729
7 3 2 6620
7 3 3 0
7 3 4 4999
7 3 5 4739
7 3 6 7165
7 3 7 0
7 4 0 3356
7 4 1 3683
7 4 2 4647
7 4 3 3978
7 4 4 0
7 4 5 7898
7 4 6 4269
7 4 7 0
7 5 0 5406
7 5 1 3815
7 5 2 1208
7 5 3 3413
7 5 4 3294
7 5 5 0
7 5 6 4086
7 5 7 0
7 6 0 2394
7 6 1 5970
7 6 2 5494
7 6 3 6040
7 6 4 5038
7 6 5 3020
7 6 6 0
7 6 7 0
7 7 0 0
7 7 1 0
7 7 2 0
7 7 3 0
7 7 4 0
7 7 5 0
7 7 6 0
7 7 7 0
