9
0 0 0 0
0 0 1 0
0 0 2 0
0 0 3 0
0 0 4 0
0 0 5 0
0 0 6 0
0 0 7 0
0 0 8 0
0 1 0 0
0 1 1 0
0 1 2 8329
0 1 3 6328
0 1 4 4338
0 1 5 7237
0 1 6 6837
0 1 7 6009
0 1 8 7718
0 2 0 0
0 2 1 7175
0 2 2 0
0 2 3 4917
0 2 4 3365
0 2 5 6516
0 2 6 3290
0 2 7 3453
0 2 8 7191
0 3 0 0
0 3 1 5010
0 3 2 3989
0 3 3 0
0 3 4 3205
0 3 5 5529
0 3 6 5913
0 3 7 3046
0 3 8 2343
0 4 0 0
0 4 1 6479
0 4 2 6731
0 4 3 6566
0 4 4 0
0 4 5 3909
0 4 6 5020
0 4 7 4886
0 4 8 6641
0 5 0 0
0 5 1 5052
0 5 2 1597
0 5 3 3346
0 5 4 4826
0 5 5 0
0 5 6 2629
0 5 7 4372
0 5 8 1326
0 6 0 0
0 6 1 5493
0 6 2 4903
0 6 3 4395
0 6 4 9157
0 6 5 7878
0 6 6 0
0 6 7 8647
0 6 8 5559
0 7 0 0
0 7 1 3167
0 7 2 4053
0 7 3 7500
0 7 4 6181
0 7 5 4110
0 7 6 3165
0 7 7 0
0 7 8 7348
0 8 0 0
0 8 1 5087
0 8 2 7233
0 8 3 6935
0 8 4 4546
0 8 5 4836
0 8 6 4066
0 8 7 7430
0 8 8 0
1 0 0 0
1 0 1 0
1 0 2 6610
1 0 3 5734
1 0 4 7248
1 0 5 4342
1 0 6 8112
1 0 7 6693
1 0 8 7693
1 1 0 0
1 1 1 0
1 1 2 0
1 1 3 0
1 1 4 0
1 1 5 0
1 1 6 0
1 1 7 0
1 1 8 0
1 2 0 7175
1 2 1 0
1 2 2 0
1 2 3 6517
1 2 4 4965
1 2 5 8116
1 2 6 4890
1 2 7 5053
1 2 8 8791
1 3 0 5010
1 3 1 0
1 3 2 4464
1 3 3 0
1 3 4 3680
1 3 5 6004
1 3 6 6388
1 3 7 3521
1 3 8 2818
1 4 0 6479
1 4 1 0
1 4 2 3702
1 4 3 3537
1 4 4 0
1 4 5 880
1 4 6 1991
1 4 7 1857
1 4 8 3612
1 5 0 5052
1 5 1 0
1 5 2 4373
1 5 3 6122
1 5 4 7602
1 5 5 0
1 5 6 5405
1 5 7 7148
1 5 8 4102
1 6 0 5493
1 6 1 0
1 6 2 3509
1 6 3 3001
1 6 4 7763
1 6 5 6484
1 6 6 0
1 6 7 7253
1 6 8 4165
1 7 0 3167
1 7 1 0
1 7 2 3250
1 7 3 6697
1 7 4 5378
1 7 5 3307
1 7 6 2362
1 7 7 0
1 7 8 6545
1 8 0 5087
1 8 1 0
1 8 2 7139
1 8 3 6841
1 8 4 4452
1 8 5 4742
1 8 6 3972
1 8 7 7336
1 8 8 0
2 0 0 0
2 0 1 6610
2 0 2 0
2 0 3 6462
2 0 4 7976
2 0 5 5070
2 0 6 8840
2 0 7 7421
2 0 8 8421
2 1 0 8329
2 1 1 0
2 1 2 0
2 1 3 6774
2 1 4 4784
2 1 5 7683
2 1 6 7283
2 1 7 6455
2 1 8 8164
2 2 0 0
2 2 1 0
2 2 2 0
2 2 3 0
2 2 4 0
2 2 5 0
2 2 6 0
2 2 7 0
2 2 8 0
2 3 0 3989
2 3 1 4464
2 3 2 0
2 3 3 0
2 3 4 3226
2 3 5 5550
2 3 6 5934
2 3 7 3067
2 3 8 2364
2 4 0 6731
2 4 1 3702
2 4 2 0
2 4 3 3521
2 4 4 0
2 4 5 864
2 4 6 1975
2 4 7 1841
2 4 8 3596
2 5 0 1597
2 5 1 4373
2 5 2 0
2 5 3 6358
2 5 4 7838
2 5 5 0
2 5 6 5641
2 5 7 7384
2 5 8 4338
2 6 0 4903
2 6 1 3509
2 6 2 0
2 6 3 411
2 6 4 5173
2 6 5 3894
2 6 6 0
2 6 7 4663
2 6 8 1575
2 7 0 4053
2 7 1 3250
2 7 2 0
2 7 3 5098
2 7 4 3779
2 7 5 1708
2 7 6 763
2 7 7 0
2 7 8 4946
2 8 0 7233
2 8 1 7139
2 8 2 0
2 8 3 7271
2 8 4 4882
2 8 5 5172
2 8 6 4402
2 8 7 7766
2 8 8 0
3 0 0 0
3 0 1 5734
3 0 2 6462
3 0 3 0
3 0 4 5543
3 0 5 2637
3 0 6 6407
3 0 7 4988
3 0 8 5988
3 1 0 6328
3 1 1 0
3 1 2 6774
3 1 3 0
3 1 4 3495
3 1 5 6394
3 1 6 5994
3 1 7 5166
3 1 8 6875
3 2 0 4917
3 2 1 6517
3 2 2 0
3 2 3 0
3 2 4 2458
3 2 5 5609
3 2 6 2383
3 2 7 2546
3 2 8 6284
3 3 0 0
3 3 1 0
3 3 2 0
3 3 3 0
3 3 4 0
3 3 5 0
3 3 6 0
3 3 7 0
3 3 8 0
3 4 0 6566
3 4 1 3537
3 4 2 3521
3 4 3 0
3 4 4 0
3 4 5 1580
3 4 6 2691
3 4 7 2557
3 4 8 4312
3 5 0 3346
3 5 1 6122
3 5 2 6358
3 5 3 0
3 5 4 7727
3 5 5 0
3 5 6 5530
3 5 7 7273
3 5 8 4227
3 6 0 4395
3 6 1 3001
3 6 2 411
3 6 3 0
3 6 4 8672
3 6 5 7393
3 6 6 0
3 6 7 8162
3 6 8 5074
3 7 0 7500
3 7 1 6697
3 7 2 5098
3 7 3 0
3 7 4 4248
3 7 5 2177
3 7 6 1232
3 7 7 0
3 7 8 5415
3 8 0 6935
3 8 1 6841
3 8 2 7271
3 8 3 0
3 8 4 910
3 8 5 1200
3 8 6 430
3 8 7 3794
3 8 8 0
4 0 0 0
4 0 1 7248
4 0 2 7976
4 0 3 5543
4 0 4 0
4 0 5 2010
4 0 6 5780
4 0 7 4361
4 0 8 5361
4 1 0 4338
4 1 1 0
4 1 2 4784
4 1 3 3495
4 1 4 0
4 1 5 6349
4 1 6 5949
4 1 7 5121
4 1 8 6830
4 2 0 3365
4 2 1 4965
4 2 2 0
4 2 3 2458
4 2 4 0
4 2 5 6837
4 2 6 3611
4 2 7 3774
4 2 8 7512
4 3 0 3205
4 3 1 3680
4 3 2 3226
4 3 3 0
4 3 4 0
4 3 5 6561
4 3 6 6945
4 3 7 4078
4 3 8 3375
4 4 0 0
4 4 1 0
4 4 2 0
4 4 3 0
4 4 4 0
4 4 5 0
4 4 6 0
4 4 7 0
4 4 8 0
4 5 0 4826
4 5 1 7602
4 5 2 7838
4 5 3 7727
4 5 4 0
4 5 5 0
4 5 6 2396
4 5 7 4139
4 5 8 1093
4 6 0 9157
4 6 1 7763
4 6 2 5173
4 6 3 8672
4 6 4 0
4 6 5 4986
4 6 6 0
4 6 7 5755
4 6 8 2667
4 7 0 6181
4 7 1 5378
4 7 2 3779
4 7 3 4248
4 7 4 0
4 7 5 2503
4 7 6 1558
4 7 7 0
4 7 8 5741
4 8 0 4546
4 8 1 4452
4 8 2 4882
4 8 3 910
4 8 4 0
4 8 5 3984
4 8 6 3214
4 8 7 6578
4 8 8 0
5 0 0 0
5 0 1 4342
5 0 2 5070
5 0 3 2637
5 0 4 2010
5 0 5 0
5 0 6 8357
5 0 7 6938
5 0 8 7938
5 1 0 7237
5 1 1 0
5 1 2 7683
5 1 3 6394
5 1 4 6349
5 1 5 0
5 1 6 7428
5 1 7 6600
5 1 8 8309
5 2 0 6516
5 2 1 8116
5 2 2 0
5 2 3 5609
5 2 4 6837
5 2 5 0
5 2 6 1383
5 2 7 1546
5 2 8 5284
5 3 0 5529
5 3 1 6004
5 3 2 5550
5 3 3 0
5 3 4 6561
5 3 5 0
5 3 6 6631
5 3 7 3764
5 3 8 3061
5 4 0 3909
5 4 1 880
5 4 2 864
5 4 3 1580
5 4 4 0
5 4 5 0
5 4 6 5704
5 4 7 5570
5 4 8 7325
5 5 0 0
5 5 1 0
5 5 2 0
5 5 3 0
5 5 4 0
5 5 5 0
5 5 6 0
5 5 7 0
5 5 8 0
5 6 0 7878
5 6 1 6484
5 6 2 3894
5 6 3 7393
5 6 4 4986
5 6 5 0
5 6 6 0
5 6 7 6270
5 6 8 3182
5 7 0 4110
5 7 1 3307
5 7 2 1708
5 7 3 2177
5 7 4 2503
5 7 5 0
5 7 6 3950
5 7 7 0
5 7 8 8133
5 8 0 4836
5 8 1 4742
5 8 2 5172
5 8 3 1200
5 8 4 3984
5 8 5 0
5 8 6 805
5 8 7 4169
5 8 8 0
6 0 0 0
6 0 1 8112
6 0 2 8840
6 0 3 6407
6 0 4 5780
6 0 5 8357
6 0 6 0
6 0 7 5600
6 0 8 6600
6 1 0 6837
6 1 1 0
6 1 2 7283
6 1 3 5994
6 1 4 5949
6 1 5 7428
6 1 6 0
6 1 7 3271
6 1 8 4980
6 2 0 3290
6 2 1 4890
6 2 2 0
6 2 3 2383
6 2 4 3611
6 2 5 1383
6 2 6 0
6 2 7 1082
6 2 8 4820
6 3 0 5913
6 3 1 6388
6 3 2 5934
6 3 3 0
6 3 4 6945
6 3 5 6631
6 3 6 0
6 3 7 1043
6 3 8 340
6 4 0 5020
6 4 1 1991
6 4 2 1975
6 4 3 2691
6 4 4 0
6 4 5 5704
6 4 6 0
6 4 7 6131
6 4 8 7886
6 5 0 2629
6 5 1 5405
6 5 2 5641
6 5 3 5530
6 5 4 2396
6 5 5 0
6 5 6 0
6 5 7 7244
6 5 8 4198
6 6 0 0
6 6 1 0
6 6 2 0
6 6 3 0
6 6 4 0
6 6 5 0
6 6 6 0
6 6 7 0
6 6 8 0
6 7 0 3165
6 7 1 2362
6 7 2 763
6 7 3 1232
6 7 4 1558
6 7 5 3950
6 7 6 0
6 7 7 0
6 7 8 8638
6 8 0 4066
6 8 1 3972
6 8 2 4402
6 8 3 430
6 8 4 3214
6 8 5 805
6 8 6 0
6 8 7 4632
6 8 8 0
7 0 0 0
7 0 1 6693
7 0 2 7421
7 0 3 4988
7 0 4 4361
7 0 5 6938
7 0 6 5600
7 0 7 0
7 0 8 4479
7 1 0 6009
7 1 1 0
7 1 2 6455
7 1 3 5166
7 1 4 5121
7 1 5 6600
7 1 6 3271
7 1 7 0
7 1 8 4073
7 2 0 3453
7 2 1 5053
7 2 2 0
7 2 3 2546
7 2 4 3774
7 2 5 1546
7 2 6 1082
7 2 7 0
7 2 8 5389
7 3 0 3046
7 3 1 3521
7 3 2 3067
7 3 3 0
7 3 4 4078
7 3 5 3764
7 3 6 1043
7 3 7 0
7 3 8 4864
7 4 0 4886
7 4 1 1857
7 4 2 1841
7 4 3 2557
7 4 4 0
7 4 5 5570
7 4 6 6131
7 4 7 0
7 4 8 6329
7 5 0 4372
7 5 1 7148
7 5 2 7384
7 5 3 7273
7 5 4 4139
7 5 5 0
7 5 6 7244
7 5 7 0
7 5 8 1849
7 6 0 8647
7 6 1 7253
7 6 2 4663
7 6 3 8162
7 6 4 5755
7 6 5 6270
7 6 6 0
7 6 7 0
7 6 8 1367
7 7 0 0
7 7 1 0
7 7 2 0
7 7 3 0
7 7 4 0
7 7 5 0
7 7 6 0
7 7 7 0
7 7 8 0
7 8 0 7430
7 8 1 7336
7 8 2 7766
7 8 3 3794
7 8 4 6578
7 8 5 4169
7 8 6 4632
7 8 7 0
7 8 8 0
8 0 0 0
8 0 1 7693
8 0 2 8421
8 0 3 5988
8 0 4 5361
8 0 5 7938
8 0 6 6600
8 0 7 4479
8 0 8 0
8 1 0 7718
8 1 1 0
8 1 2 8164
8 1 3 6875
8 1 4 6830
8 1 5 8309
8 1 6 4980
8 1 7 4073
8 1 8 0
8 2 0 7191
8 2 1 8791
8 2 2 0
8 2 3 6284
8 2 4 7512
8 2 5 5284
8 2 6 4820
8 2 7 5389
8 2 8 0
8 3 0 2343
8 3 1 2818
8 3 2 2364
8 3 3 0
8 3 4 3375
8 3 5 3061
8 3 6 340
8 3 7 4864
8 3 8 0
8 4 0 6641
8 4 1 3612
8 4 2 3596
8 4 3 4312
8 4 4 0
8 4 5 7325
8 4 6 7886
8 4 7 6329
8 4 8 0
8 5 0 1326
8 5 1 4102
8 5 2 4338
8 5 3 4227
8 5 4 1093
8 5 5 0
8 5 6 4198
8 5 7 1849
8 5 8 0
8 6 0 5559
8 6 1 4165
8 6 2 1575
8 6 3 5074
8 6 4 2667
8 6 5 3182
8 6 6 0
8 6 7 1367
8 6 8 0
8 7 0 7348
8 7 1 6545
8 7 2 4946
8 7 3 5415
8 7 4 5741
8 7 5 8133
8 7 6 8638
8 7 7 0
8 7 8 0
8 8 0 0
8 8 1 0
8 8 2 0
8 8 3 0
8 8 4 0
8 8 5 0
8 8 6 0
8 8 7 0
8 8 8 0
