9
0 0 0 0
0 0 1 0
0 0 2 0
0 0 3 0
0 0 4 0
0 0 5 0
0 0 6 0
0 0 7 0
0 0 8 0
0 1 0 0
0 1 1 0
0 1 2 8028
0 1 3 3940
0 1 4 4985
0 1 5 4226
0 1 6 6558
0 1 7 4750
0 1 8 3919
0 2 0 0
0 2 1 3170
0 2 2 0
0 2 3 2760
0 2 4 4126
0 2 5 6745
0 2 6 6443
0 2 7 4116
0 2 8 3358
0 3 0 0
0 3 1 6384
0 3 2 5505
0 3 3 0
0 3 4 5764
0 3 5 2417
0 3 6 6505
0 3 7 5757
0 3 8 3751
0 4 0 0
0 4 1 3912
0 4 2 4454
0 4 3 4063
0 4 4 0
0 4 5 5515
0 4 6 5482
0 4 7 6323
0 4 8 3955
0 5 0 0
0 5 1 8903
0 5 2 4965
0 5 3 4879
0 5 4 6801
0 5 5 0
0 5 6 4806
0 5 7 6038
0 5 8 4704
0 6 0 0
0 6 1 5852
0 6 2 3963
0 6 3 4935
0 6 4 4489
0 6 5 5609
0 6 6 0
0 6 7 4572
0 6 8 6306
0 7 0 0
0 7 1 719
0 7 2 645
0 7 3 1151
0 7 4 4548
0 7 5 3776
0 7 6 2871
0 7 7 0
0 7 8 4313
0 8 0 0
0 8 1 6139
0 8 2 7513
0 8 3 6142
0 8 4 5077
0 8 5 4397
0 8 6 5377
0 8 7 3990
0 8 8 0
1 0 0 0
1 0 1 0
1 0 2 2802
1 0 3 2127
1 0 4 2205
1 0 5 4136
1 0 6 3884
1 0 7 689
1 0 8 3758
1 1 0 0
1 1 1 0
1 1 2 0
1 1 3 0
1 1 4 0
1 1 5 0
1 1 6 0
1 1 7 0
1 1 8 0
1 2 0 3170
1 2 1 0
1 2 2 0
1 2 3 4773
1 2 4 6139
1 2 5 8758
1 2 6 8456
1 2 7 6129
1 2 8 5371
1 3 0 6384
1 3 1 0
1 3 2 4105
1 3 3 0
1 3 4 4364
1 3 5 1017
1 3 6 5105
1 3 7 4357
1 3 8 2351
1 4 0 3912
1 4 1 0
1 4 2 4021
1 4 3 3630
1 4 4 0
1 4 5 5082
1 4 6 5049
1 4 7 5890
1 4 8 3522
1 5 0 8903
1 5 1 0
1 5 2 1842
1 5 3 1756
1 5 4 3678
1 5 5 0
1 5 6 1683
1 5 7 2915
1 5 8 1581
1 6 0 5852
1 6 1 0
1 6 2 3424
1 6 3 4396
1 6 4 3950
1 6 5 5070
1 6 6 0
1 6 7 4033
1 6 8 5767
1 7 0 719
1 7 1 0
1 7 2 1493
1 7 3 1999
1 7 4 5396
1 7 5 4624
1 7 6 3719
1 7 7 0
1 7 8 5161
1 8 0 6139
1 8 1 0
1 8 2 4461
1 8 3 3090
1 8 4 2025
1 8 5 1345
1 8 6 2325
1 8 7 938
1 8 8 0
2 0 0 0
2 0 1 2802
2 0 2 0
2 0 3 6924
2 0 4 7002
2 0 5 8933
2 0 6 8681
2 0 7 5486
2 0 8 8555
2 1 0 8028
2 1 1 0
2 1 2 0
2 1 3 1095
2 1 4 2140
2 1 5 1381
2 1 6 3713
2 1 7 1905
2 1 8 1074
2 2 0 0
2 2 1 0
2 2 2 0
2 2 3 0
2 2 4 0
2 2 5 0
2 2 6 0
2 2 7 0
2 2 8 0
2 3 0 5505
2 3 1 4105
2 3 2 0
2 3 3 0
2 3 4 3775
2 3 5 428
2 3 6 4516
2 3 7 3768
2 3 8 1762
2 4 0 4454
2 4 1 4021
2 4 2 0
2 4 3 3362
2 4 4 0
2 4 5 4814
2 4 6 4781
2 4 7 5622
2 4 8 3254
2 5 0 4965
2 5 1 1842
2 5 2 0
2 5 3 4866
2 5 4 6788
2 5 5 0
2 5 6 4793
2 5 7 6025
2 5 8 4691
2 6 0 3963
2 6 1 3424
2 6 2 0
2 6 3 4872
2 6 4 4426
2 6 5 5546
2 6 6 0
2 6 7 4509
2 6 8 6243
2 7 0 645
2 7 1 1493
2 7 2 0
2 7 3 1956
2 7 4 5353
2 7 5 4581
2 7 6 3676
2 7 7 0
2 7 8 5118
2 8 0 7513
2 8 1 4461
2 8 2 0
2 8 3 3120
2 8 4 2055
2 8 5 1375
2 8 6 2355
2 8 7 968
2 8 8 0
3 0 0 0
3 0 1 2127
3 0 2 6924
3 0 3 0
3 0 4 7047
3 0 5 8978
3 0 6 8726
3 0 7 5531
3 0 8 8600
3 1 0 3940
3 1 1 0
3 1 2 1095
3 1 3 0
3 1 4 6029
3 1 5 5270
3 1 6 7602
3 1 7 5794
3 1 8 4963
3 2 0 2760
3 2 1 4773
3 2 2 0
3 2 3 0
3 2 4 4882
3 2 5 7501
3 2 6 7199
3 2 7 4872
3 2 8 4114
3 3 0 0
3 3 1 0
3 3 2 0
3 3 3 0
3 3 4 0
3 3 5 0
3 3 6 0
3 3 7 0
3 3 8 0
3 4 0 4063
3 4 1 3630
3 4 2 3362
3 4 3 0
3 4 4 0
3 4 5 7127
3 4 6 7094
3 4 7 7935
3 4 8 5567
3 5 0 4879
3 5 1 1756
3 5 2 4866
3 5 3 0
3 5 4 3135
3 5 5 0
3 5 6 1140
3 5 7 2372
3 5 8 1038
3 6 0 4935
3 6 1 4396
3 6 2 4872
3 6 3 0
3 6 4 5163
3 6 5 6283
3 6 6 0
3 6 7 5246
3 6 8 6980
3 7 0 1151
3 7 1 1999
3 7 2 1956
3 7 3 0
3 7 4 7669
3 7 5 6897
3 7 6 5992
3 7 7 0
3 7 8 7434
3 8 0 6142
3 8 1 3090
3 8 2 3120
3 8 3 0
3 8 4 3123
3 8 5 2443
3 8 6 3423
3 8 7 2036
3 8 8 0
4 0 0 0
4 0 1 2205
4 0 2 7002
4 0 3 7047
4 0 4 0
4 0 5 5372
4 0 6 5120
4 0 7 1925
4 0 8 4994
4 1 0 4985
4 1 1 0
4 1 2 2140
4 1 3 6029
4 1 4 0
4 1 5 2720
4 1 6 5052
4 1 7 3244
4 1 8 2413
4 2 0 4126
4 2 1 6139
4 2 2 0
4 2 3 4882
4 2 4 0
4 2 5 6372
4 2 6 6070
4 2 7 3743
4 2 8 2985
4 3 0 5764
4 3 1 4364
4 3 2 3775
4 3 3 0
4 3 4 0
4 3 5 2328
4 3 6 6416
4 3 7 5668
4 3 8 3662
4 4 0 0
4 4 1 0
4 4 2 0
4 4 3 0
4 4 4 0
4 4 5 0
4 4 6 0
4 4 7 0
4 4 8 0
4 5 0 6801
4 5 1 3678
4 5 2 6788
4 5 3 3135
4 5 4 0
4 5 5 0
4 5 6 4160
4 5 7 5392
4 5 8 4058
4 6 0 4489
4 6 1 3950
4 6 2 4426
4 6 3 5163
4 6 4 0
4 6 5 5182
4 6 6 0
4 6 7 4145
4 6 8 5879
4 7 0 4548
4 7 1 5396
4 7 2 5353
4 7 3 7669
4 7 4 0
4 7 5 7385
4 7 6 6480
4 7 7 0
4 7 8 7922
4 8 0 5077
4 8 1 2025
4 8 2 2055
4 8 3 3123
4 8 4 0
4 8 5 2569
4 8 6 3549
4 8 7 2162
4 8 8 0
5 0 0 0
5 0 1 4136
5 0 2 8933
5 0 3 8978
5 0 4 5372
5 0 5 0
5 0 6 6200
5 0 7 3005
5 0 8 6074
5 1 0 4226
5 1 1 0
5 1 2 1381
5 1 3 5270
5 1 4 2720
5 1 5 0
5 1 6 8112
5 1 7 6304
5 1 8 5473
5 2 0 6745
5 2 1 8758
5 2 2 0
5 2 3 7501
5 2 4 6372
5 2 5 0
5 2 6 4650
5 2 7 2323
5 2 8 1565
5 3 0 2417
5 3 1 1017
5 3 2 428
5 3 3 0
5 3 4 2328
5 3 5 0
5 3 6 5301
5 3 7 4553
5 3 8 2547
5 4 0 5515
5 4 1 5082
5 4 2 4814
5 4 3 7127
5 4 4 0
5 4 5 0
5 4 6 6122
5 4 7 6963
5 4 8 4595
5 5 0 0
5 5 1 0
5 5 2 0
5 5 3 0
5 5 4 0
5 5 5 0
5 5 6 0
5 5 7 0
5 5 8 0
5 6 0 5609
5 6 1 5070
5 6 2 5546
5 6 3 6283
5 6 4 5182
5 6 5 0
5 6 6 0
5 6 7 1538
5 6 8 3272
5 7 0 3776
5 7 1 4624
5 7 2 4581
5 7 3 6897
5 7 4 7385
5 7 5 0
5 7 6 4264
5 7 7 0
5 7 8 5706
5 8 0 4397
5 8 1 1345
5 8 2 1375
5 8 3 2443
5 8 4 2569
5 8 5 0
5 8 6 2367
5 8 7 980
5 8 8 0
6 0 0 0
6 0 1 3884
6 0 2 8681
6 0 3 8726
6 0 4 5120
6 0 5 6200
6 0 6 0
6 0 7 3608
6 0 8 6677
6 1 0 6558
6 1 1 0
6 1 2 3713
6 1 3 7602
6 1 4 5052
6 1 5 8112
6 1 6 0
6 1 7 3505
6 1 8 2674
6 2 0 6443
6 2 1 8456
6 2 2 0
6 2 3 7199
6 2 4 6070
6 2 5 4650
6 2 6 0
6 2 7 1573
6 2 8 815
6 3 0 6505
6 3 1 5105
6 3 2 4516
6 3 3 0
6 3 4 6416
6 3 5 5301
6 3 6 0
6 3 7 4861
6 3 8 2855
6 4 0 5482
6 4 1 5049
6 4 2 4781
6 4 3 7094
6 4 4 0
6 4 5 6122
6 4 6 0
6 4 7 4903
6 4 8 2535
6 5 0 4806
6 5 1 1683
6 5 2 4793
6 5 3 1140
6 5 4 4160
6 5 5 0
6 5 6 0
6 5 7 3807
6 5 8 2473
6 6 0 0
6 6 1 0
6 6 2 0
6 6 3 0
6 6 4 0
6 6 5 0
6 6 6 0
6 6 7 0
6 6 8 0
6 7 0 2871
6 7 1 3719
6 7 2 3676
6 7 3 5992
6 7 4 6480
6 7 5 4264
6 7 6 0
6 7 7 0
6 7 8 4492
6 8 0 5377
6 8 1 2325
6 8 2 2355
6 8 3 3423
6 8 4 3549
6 8 5 2367
6 8 6 0
6 8 7 2834
6 8 8 0
7 0 0 0
7 0 1 689
7 0 2 5486
7 0 3 5531
7 0 4 1925
7 0 5 3005
7 0 6 3608
7 0 7 0
7 0 8 4069
7 1 0 4750
7 1 1 0
7 1 2 1905
7 1 3 5794
7 1 4 3244
7 1 5 6304
7 1 6 3505
7 1 7 0
7 1 8 736
7 2 0 4116
7 2 1 6129
7 2 2 0
7 2 3 4872
7 2 4 3743
7 2 5 2323
7 2 6 1573
7 2 7 0
7 2 8 692
7 3 0 5757
7 3 1 4357
7 3 2 3768
7 3 3 0
7 3 4 5668
7 3 5 4553
7 3 6 4861
7 3 7 0
7 3 8 2266
7 4 0 6323
7 4 1 5890
7 4 2 5622
7 4 3 7935
7 4 4 0
7 4 5 6963
7 4 6 4903
7 4 7 0
7 4 8 5789
7 5 0 6038
7 5 1 2915
7 5 2 6025
7 5 3 2372
7 5 4 5392
7 5 5 0
7 5 6 3807
7 5 7 0
7 5 8 3835
7 6 0 4572
7 6 1 4033
7 6 2 4509
7 6 3 5246
7 6 4 4145
7 6 5 1538
7 6 6 0
7 6 7 0
7 6 8 4784
7 7 0 0
7 7 1 0
7 7 2 0
7 7 3 0
7 7 4 0
7 7 5 0
7 7 6 0
7 7 7 0
7 7 8 0
7 8 0 3990
7 8 1 938
7 8 2 968
7 8 3 2036
7 8 4 2162
7 8 5 980
7 8 6 2834
7 8 7 0
7 8 8 0
8 0 0 0
8 0 1 3758
8 0 2 8555
8 0 3 8600
8 0 4 4994
8 0 5 6074
8 0 6 6677
8 0 7 4069
8 0 8 0
8 1 0 3919
8 1 1 0
8 1 2 1074
8 1 3 4963
8 1 4 2413
8 1 5 5473
8 1 6 2674
8 1 7 736
8 1 8 0
8 2 0 3358
8 2 1 5371
8 2 2 0
8 2 3 4114
8 2 4 2985
8 2 5 1565
8 2 6 815
8 2 7 692
8 2 8 0
8 3 0 3751
8 3 1 2351
8 3 2 1762
8 3 3 0
8 3 4 3662
8 3 5 2547
8 3 6 2855
8 3 7 2266
8 3 8 0
8 4 0 3955
8 4 1 3522
8 4 2 3254
8 4 3 5567
8 4 4 0
8 4 5 4595
8 4 6 2535
8 4 7 5789
8 4 8 0
8 5 0 4704
8 5 1 1581
8 5 2 4691
8 5 3 1038
8 5 4 4058
8 5 5 0
8 5 6 2473
8 5 7 3835
8 5 8 0
8 6 0 6306
8 6 1 5767
8 6 2 6243
8 6 3 6980
8 6 4 5879
8 6 5 3272
8 6 6 0
8 6 7 4784
8 6 8 0
8 7 0 4313
8 7 1 5161
8 7 2 5118
8 7 3 7434
8 7 4 7922
8 7 5 5706
8 7 6 4492
8 7 7 0
8 7 8 0
8 8 0 0
8 8 1 0
8 8 2 0
8 8 3 0
8 8 4 0
8 8 5 0
8 8 6 0
8 8 7 0
8 8 8 0
