9
0 0 0 0
0 0 1 0
0 0 2 0
0 0 3 0
0 0 4 0
0 0 5 0
0 0 6 0
0 0 7 0
0 0 8 0
0 1 0 0
0 1 1 0
0 1 2 7324
0 1 3 4868
0 1 4 7646
0 1 5 6153
0 1 6 7918
0 1 7 5022
0 1 8 5899
0 2 0 0
0 2 1 6535
0 2 2 0
0 2 3 5687
0 2 4 5611
0 2 5 3331
0 2 6 5669
0 2 7 2596
0 2 8 3332
0 3 0 0
0 3 1 1501
0 3 2 44
0 3 3 0
0 3 4 2732
0 3 5 2531
0 3 6 3375
0 3 7 2804
0 3 8 1817
0 4 0 0
0 4 1 4150
0 4 2 3629
0 4 3 1705
0 4 4 0
0 4 5 3050
0 4 6 5369
0 4 7 4769
0 4 8 3616
0 5 0 0
0 5 1 3822
0 5 2 2693
0 5 3 6277
0 5 4 3732
0 5 5 0
0 5 6 6626
0 5 7 5309
0 5 8 5743
0 6 0 0
0 6 1 976
0 6 2 2233
0 6 3 1438
0 6 4 1023
0 6 5 2803
0 6 6 0
0 6 7 3410
0 6 8 1781
0 7 0 0
0 7 1 1830
0 7 2 5826
0 7 3 5382
0 7 4 6043
0 7 5 1894
0 7 6 1926
0 7 7 0
0 7 8 2712
0 8 0 0
0 8 1 6363
0 8 2 3642
0 8 3 7299
0 8 4 6876
0 8 5 6709
0 8 6 6465
0 8 7 5998
0 8 8 0
1 0 0 0
1 0 1 0
1 0 2 2452
1 0 3 907
1 0 4 1697
1 0 5 2583
1 0 6 1632
1 0 7 2294
1 0 8 3760
1 1 0 0
1 1 1 0
1 1 2 0
1 1 3 0
1 1 4 0
1 1 5 0
1 1 6 0
1 1 7 0
1 1 8 0
1 2 0 6535
1 2 1 0
1 2 2 0
1 2 3 8120
1 2 4 8044
1 2 5 5764
1 2 6 8102
1 2 7 5029
1 2 8 5765
1 3 0 1501
1 3 1 0
1 3 2 1566
1 3 3 0
1 3 4 4254
1 3 5 4053
1 3 6 4897
1 3 7 4326
1 3 8 3339
1 4 0 4150
1 4 1 0
1 4 2 7139
1 4 3 5215
1 4 4 0
1 4 5 6560
1 4 6 8879
1 4 7 8279
1 4 8 7126
1 5 0 3822
1 5 1 0
1 5 2 3824
1 5 3 7408
1 5 4 4863
1 5 5 0
1 5 6 7757
1 5 7 6440
1 5 8 6874
1 6 0 976
1 6 1 0
1 6 2 6080
1 6 3 5285
1 6 4 4870
1 6 5 6650
1 6 6 0
1 6 7 7257
1 6 8 5628
1 7 0 1830
1 7 1 0
1 7 2 6115
1 7 3 5671
1 7 4 6332
1 7 5 2183
1 7 6 2215
1 7 7 0
1 7 8 3001
1 8 0 6363
1 8 1 0
1 8 2 3342
1 8 3 6999
1 8 4 6576
1 8 5 6409
1 8 6 6165
1 8 7 5698
1 8 8 0
2 0 0 0
2 0 1 2452
2 0 2 0
2 0 3 4434
2 0 4 5224
2 0 5 6110
2 0 6 5159
2 0 7 5821
2 0 8 7287
2 1 0 7324
2 1 1 0
2 1 2 0
2 1 3 6512
2 1 4 9290
2 1 5 7797
2 1 6 9562
2 1 7 6666
2 1 8 7543
2 2 0 0
2 2 1 0
2 2 2 0
2 2 3 0
2 2 4 0
2 2 5 0
2 2 6 0
2 2 7 0
2 2 8 0
2 3 0 44
2 3 1 1566
2 3 2 0
2 3 3 0
2 3 4 6868
2 3 5 6667
2 3 6 7511
2 3 7 6940
2 3 8 5953
2 4 0 3629
2 4 1 7139
2 4 2 0
2 4 3 4975
2 4 4 0
2 4 5 6320
2 4 6 8639
2 4 7 8039
2 4 8 6886
2 5 0 2693
2 5 1 3824
2 5 2 0
2 5 3 6381
2 5 4 3836
2 5 5 0
2 5 6 6730
2 5 7 5413
2 5 8 5847
2 6 0 2233
2 6 1 6080
2 6 2 0
2 6 3 4831
2 6 4 4416
2 6 5 6196
2 6 6 0
2 6 7 6803
2 6 8 5174
2 7 0 5826
2 7 1 6115
2 7 2 0
2 7 3 5040
2 7 4 5701
2 7 5 1552
2 7 6 1584
2 7 7 0
2 7 8 2370
2 8 0 3642
2 8 1 3342
2 8 2 0
2 8 3 6227
2 8 4 5804
2 8 5 5637
2 8 6 5393
2 8 7 4926
2 8 8 0
3 0 0 0
3 0 1 907
3 0 2 4434
3 0 3 0
3 0 4 2992
3 0 5 3878
3 0 6 2927
3 0 7 3589
3 0 8 5055
3 1 0 4868
3 1 1 0
3 1 2 6512
3 1 3 0
3 1 4 5801
3 1 5 4308
3 1 6 6073
3 1 7 3177
3 1 8 4054
3 2 0 5687
3 2 1 8120
3 2 2 0
3 2 3 0
3 2 4 4104
3 2 5 1824
3 2 6 4162
3 2 7 1089
3 2 8 1825
3 3 0 0
3 3 1 0
3 3 2 0
3 3 3 0
3 3 4 0
3 3 5 0
3 3 6 0
3 3 7 0
3 3 8 0
3 4 0 1705
3 4 1 5215
3 4 2 4975
3 4 3 0
3 4 4 0
3 4 5 4986
3 4 6 7305
3 4 7 6705
3 4 8 5552
3 5 0 6277
3 5 1 7408
3 5 2 6381
3 5 3 0
3 5 4 4581
3 5 5 0
3 5 6 7475
3 5 7 6158
3 5 8 6592
3 6 0 1438
3 6 1 5285
3 6 2 4831
3 6 3 0
3 6 4 3667
3 6 5 5447
3 6 6 0
3 6 7 6054
3 6 8 4425
3 7 0 5382
3 7 1 5671
3 7 2 5040
3 7 3 0
3 7 4 7454
3 7 5 3305
3 7 6 3337
3 7 7 0
3 7 8 4123
3 8 0 7299
3 8 1 6999
3 8 2 6227
3 8 3 0
3 8 4 5834
3 8 5 5667
3 8 6 5423
3 8 7 4956
3 8 8 0
4 0 0 0
4 0 1 1697
4 0 2 5224
4 0 3 2992
4 0 4 0
4 0 5 4177
4 0 6 3226
4 0 7 3888
4 0 8 5354
4 1 0 7646
4 1 1 0
4 1 2 9290
4 1 3 5801
4 1 4 0
4 1 5 6167
4 1 6 7932
4 1 7 5036
4 1 8 5913
4 2 0 5611
4 2 1 8044
4 2 2 0
4 2 3 4104
4 2 4 0
4 2 5 4619
4 2 6 6957
4 2 7 3884
4 2 8 4620
4 3 0 2732
4 3 1 4254
4 3 2 6868
4 3 3 0
4 3 4 0
4 3 5 3440
4 3 6 4284
4 3 7 3713
4 3 8 2726
4 4 0 0
4 4 1 0
4 4 2 0
4 4 3 0
4 4 4 0
4 4 5 0
4 4 6 0
4 4 7 0
4 4 8 0
4 5 0 3732
4 5 1 4863
4 5 2 3836
4 5 3 4581
4 5 4 0
4 5 5 0
4 5 6 7204
4 5 7 5887
4 5 8 6321
4 6 0 1023
4 6 1 4870
4 6 2 4416
4 6 3 3667
4 6 4 0
4 6 5 6651
4 6 6 0
4 6 7 7258
4 6 8 5629
4 7 0 6043
4 7 1 6332
4 7 2 5701
4 7 3 7454
4 7 4 0
4 7 5 4480
4 7 6 4512
4 7 7 0
4 7 8 5298
4 8 0 6876
4 8 1 6576
4 8 2 5804
4 8 3 5834
4 8 4 0
4 8 5 6676
4 8 6 6432
4 8 7 5965
4 8 8 0
5 0 0 0
5 0 1 2583
5 0 2 6110
5 0 3 3878
5 0 4 4177
5 0 5 0
5 0 6 4571
5 0 7 5233
5 0 8 6699
5 1 0 6153
5 1 1 0
5 1 2 7797
5 1 3 4308
5 1 4 6167
5 1 5 0
5 1 6 6718
5 1 7 3822
5 1 8 4699
5 2 0 3331
5 2 1 5764
5 2 2 0
5 2 3 1824
5 2 4 4619
5 2 5 0
5 2 6 5135
5 2 7 2062
5 2 8 2798
5 3 0 2531
5 3 1 4053
5 3 2 6667
5 3 3 0
5 3 4 3440
5 3 5 0
5 3 6 7970
5 3 7 7399
5 3 8 6412
5 4 0 3050
5 4 1 6560
5 4 2 6320
5 4 3 4986
5 4 4 0
5 4 5 0
5 4 6 6629
5 4 7 6029
5 4 8 4876
5 5 0 0
5 5 1 0
5 5 2 0
5 5 3 0
5 5 4 0
5 5 5 0
5 5 6 0
5 5 7 0
5 5 8 0
5 6 0 2803
5 6 1 6650
5 6 2 6196
5 6 3 5447
5 6 4 6651
5 6 5 0
5 6 6 0
5 6 7 7629
5 6 8 6000
5 7 0 1894
5 7 1 2183
5 7 2 1552
5 7 3 3305
5 7 4 4480
5 7 5 0
5 7 6 4166
5 7 7 0
5 7 8 4952
5 8 0 6709
5 8 1 6409
5 8 2 5637
5 8 3 5667
5 8 4 6676
5 8 5 0
5 8 6 7673
5 8 7 7206
5 8 8 0
6 0 0 0
6 0 1 1632
6 0 2 5159
6 0 3 2927
6 0 4 3226
6 0 5 4571
6 0 6 0
6 0 7 4687
6 0 8 6153
6 1 0 7918
6 1 1 0
6 1 2 9562
6 1 3 6073
6 1 4 7932
6 1 5 6718
6 1 6 0
6 1 7 1927
6 1 8 2804
6 2 0 5669
6 2 1 8102
6 2 2 0
6 2 3 4162
6 2 4 6957
6 2 5 5135
6 2 6 0
6 2 7 2553
6 2 8 3289
6 3 0 3375
6 3 1 4897
6 3 2 7511
6 3 3 0
6 3 4 4284
6 3 5 7970
6 3 6 0
6 3 7 3511
6 3 8 2524
6 4 0 5369
6 4 1 8879
6 4 2 8639
6 4 3 7305
6 4 4 0
6 4 5 6629
6 4 6 0
6 4 7 4271
6 4 8 3118
6 5 0 6626
6 5 1 7757
6 5 2 6730
6 5 3 7475
6 5 4 7204
6 5 5 0
6 5 6 0
6 5 7 5705
6 5 8 6139
6 6 0 0
6 6 1 0
6 6 2 0
6 6 3 0
6 6 4 0
6 6 5 0
6 6 6 0
6 6 7 0
6 6 8 0
6 7 0 1926
6 7 1 2215
6 7 2 1584
6 7 3 3337
6 7 4 4512
6 7 5 4166
6 7 6 0
6 7 7 0
6 7 8 4004
6 8 0 6465
6 8 1 6165
6 8 2 5393
6 8 3 5423
6 8 4 6432
6 8 5 7673
6 8 6 0
6 8 7 4195
6 8 8 0
7 0 0 0
7 0 1 2294
7 0 2 5821
7 0 3 3589
7 0 4 3888
7 0 5 5233
7 0 6 4687
7 0 7 0
7 0 8 6549
7 1 0 5022
7 1 1 0
7 1 2 6666
7 1 3 3177
7 1 4 5036
7 1 5 3822
7 1 6 1927
7 1 7 0
7 1 8 2996
7 2 0 2596
7 2 1 5029
7 2 2 0
7 2 3 1089
7 2 4 3884
7 2 5 2062
7 2 6 2553
7 2 7 0
7 2 8 6220
7 3 0 2804
7 3 1 4326
7 3 2 6940
7 3 3 0
7 3 4 3713
7 3 5 7399
7 3 6 3511
7 3 7 0
7 3 8 5806
7 4 0 4769
7 4 1 8279
7 4 2 8039
7 4 3 6705
7 4 4 0
7 4 5 6029
7 4 6 4271
7 4 7 0
7 4 8 7476
7 5 0 5309
7 5 1 6440
7 5 2 5413
7 5 3 6158
7 5 4 5887
7 5 5 0
7 5 6 5705
7 5 7 0
7 5 8 4568
7 6 0 3410
7 6 1 7257
7 6 2 6803
7 6 3 6054
7 6 4 7258
7 6 5 7629
7 6 6 0
7 6 7 0
7 6 8 1589
7 7 0 0
7 7 1 0
7 7 2 0
7 7 3 0
7 7 4 0
7 7 5 0
7 7 6 0
7 7 7 0
7 7 8 0
7 8 0 5998
7 8 1 5698
7 8 2 4926
7 8 3 4956
7 8 4 5965
7 8 5 7206
7 8 6 4195
7 8 7 0
7 8 8 0
8 0 0 0
8 0 1 3760
8 0 2 7287
8 0 3 5055
8 0 4 5354
8 0 5 6699
8 0 6 6153
8 0 7 6549
8 0 8 0
8 1 0 5899
8 1 1 0
8 1 2 7543
8 1 3 4054
8 1 4 5913
8 1 5 4699
8 1 6 2804
8 1 7 2996
8 1 8 0
8 2 0 3332
8 2 1 5765
8 2 2 0
8 2 3 1825
8 2 4 4620
8 2 5 2798
8 2 6 3289
8 2 7 6220
8 2 8 0
8 3 0 1817
8 3 1 3339
8 3 2 5953
8 3 3 0
8 3 4 2726
8 3 5 6412
8 3 6 2524
8 3 7 5806
8 3 8 0
8 4 0 3616
8 4 1 7126
8 4 2 6886
8 4 3 5552
8 4 4 0
8 4 5 4876
8 4 6 3118
8 4 7 7476
8 4 8 0
8 5 0 5743
8 5 1 6874
8 5 2 5847
8 5 3 6592
8 5 4 6321
8 5 5 0
8 5 6 6139
8 5 7 4568
8 5 8 0
8 6 0 1781
8 6 1 5628
8 6 2 5174
8 6 3 4425
8 6 4 5629
8 6 5 6000
8 6 6 0
8 6 7 1589
8 6 8 0
8 7 0 2712
8 7 1 3001
8 7 2 2370
8 7 3 4123
8 7 4 5298
8 7 5 4952
8 7 6 4004
8 7 7 0
8 7 8 0
8 8 0 0
8 8 1 0
8 8 2 0
8 8 3 0
8 8 4 0
8 8 5 0
8 8 6 0
8 8 7 0
8 8 8 0
