9
0 0 0 0
0 0 1 0
0 0 2 0
0 0 3 0
0 0 4 0
0 0 5 0
0 0 6 0
0 0 7 0
0 0 8 0
0 1 0 0
0 1 1 0
0 1 2 2765
0 1 3 5109
0 1 4 2919
0 1 5 3913
0 1 6 1833
0 1 7 3522
0 1 8 3146
0 2 0 0
0 2 1 6376
0 2 2 0
0 2 3 6236
0 2 4 5863
0 2 5 7989
0 2 6 8256
0 2 7 6778
0 2 8 8052
0 3 0 0
0 3 1 4457
0 3 2 7182
0 3 3 0
0 3 4 4364
0 3 5 7070
0 3 6 3993
0 3 7 5373
0 3 8 4496
0 4 0 0
0 4 1 6967
0 4 2 8179
0 4 3 6653
0 4 4 0
0 4 5 5713
0 4 6 3968
0 4 7 6733
0 4 8 7740
0 5 0 0
0 5 1 3095
0 5 2 3670
0 5 3 7189
0 5 4 5834
0 5 5 0
0 5 6 4891
0 5 7 4123
0 5 8 5222
0 6 0 0
0 6 1 8009
0 6 2 7081
0 6 3 7727
0 6 4 6013
0 6 5 8093
0 6 6 0
0 6 7 9069
0 6 8 6417
0 7 0 0
0 7 1 3719
0 7 2 6029
0 7 3 4142
0 7 4 5162
0 7 5 2399
0 7 6 5916
0 7 7 0
0 7 8 2035
0 8 0 0
0 8 1 2567
0 8 2 6154
0 8 3 2862
0 8 4 2554
0 8 5 2797
0 8 6 2461
0 8 7 4920
0 8 8 0
1 0 0 0
1 0 1 0
1 0 2 7507
1 0 3 6195
1 0 4 7306
1 0 5 6608
1 0 6 8061
1 0 7 4818
1 0 8 5838
1 1 0 0
1 1 1 0
1 1 2 0
1 1 3 0
1 1 4 0
1 1 5 0
1 1 6 0
1 1 7 0
1 1 8 0
1 2 0 6376
1 2 1 0
1 2 2 0
1 2 3 4464
1 2 4 4091
1 2 5 6217
1 2 6 6484
1 2 7 5006
1 2 8 6280
1 3 0 4457
1 3 1 0
1 3 2 9066
1 3 3 0
1 3 4 6248
1 3 5 8954
1 3 6 5877
1 3 7 7257
1 3 8 6380
1 4 0 6967
1 4 1 0
1 4 2 6762
1 4 3 5236
1 4 4 0
1 4 5 4296
1 4 6 2551
1 4 7 5316
1 4 8 6323
1 5 0 3095
1 5 1 0
1 5 2 3945
1 5 3 7464
1 5 4 6109
1 5 5 0
1 5 6 5166
1 5 7 4398
1 5 8 5497
1 6 0 8009
1 6 1 0
1 6 2 3823
1 6 3 4469
1 6 4 2755
1 6 5 4835
1 6 6 0
1 6 7 5811
1 6 8 3159
1 7 0 3719
1 7 1 0
1 7 2 7703
1 7 3 5816
1 7 4 6836
1 7 5 4073
1 7 6 7590
1 7 7 0
1 7 8 3709
1 8 0 2567
1 8 1 0
1 8 2 6432
1 8 3 3140
1 8 4 2832
1 8 5 3075
1 8 6 2739
1 8 7 5198
1 8 8 0
2 0 0 0
2 0 1 7507
2 0 2 0
2 0 3 3172
2 0 4 4283
2 0 5 3585
2 0 6 5038
2 0 7 1795
2 0 8 2815
2 1 0 2765
2 1 1 0
2 1 2 0
2 1 3 6948
2 1 4 4758
2 1 5 5752
2 1 6 3672
2 1 7 5361
2 1 8 4985
2 2 0 0
2 2 1 0
2 2 2 0
2 2 3 0
2 2 4 0
2 2 5 0
2 2 6 0
2 2 7 0
2 2 8 0
2 3 0 7182
2 3 1 9066
2 3 2 0
2 3 3 0
2 3 4 4270
2 3 5 6976
2 3 6 3899
2 3 7 5279
2 3 8 4402
2 4 0 8179
2 4 1 6762
2 4 2 0
2 4 3 5075
2 4 4 0
2 4 5 4135
2 4 6 2390
2 4 7 5155
2 4 8 6162
2 5 0 3670
2 5 1 3945
2 5 2 0
2 5 3 8435
2 5 4 7080
2 5 5 0
2 5 6 6137
2 5 7 5369
2 5 8 6468
2 6 0 7081
2 6 1 3823
2 6 2 0
2 6 3 7787
2 6 4 6073
2 6 5 8153
2 6 6 0
2 6 7 9129
2 6 8 6477
2 7 0 6029
2 7 1 7703
2 7 2 0
2 7 3 5967
2 7 4 6987
2 7 5 4224
2 7 6 7741
2 7 7 0
2 7 8 3860
2 8 0 6154
2 8 1 6432
2 8 2 0
2 8 3 4941
2 8 4 4633
2 8 5 4876
2 8 6 4540
2 8 7 6999
2 8 8 0
3 0 0 0
3 0 1 6195
3 0 2 3172
3 0 3 0
3 0 4 5968
3 0 5 5270
3 0 6 6723
3 0 7 3480
3 0 8 4500
3 1 0 5109
3 1 1 0
3 1 2 6948
3 1 3 0
3 1 4 4151
3 1 5 5145
3 1 6 3065
3 1 7 4754
3 1 8 4378
3 2 0 6236
3 2 1 4464
3 2 2 0
3 2 3 0
3 2 4 6715
3 2 5 8841
3 2 6 9108
3 2 7 7630
3 2 8 8904
3 3 0 0
3 3 1 0
3 3 2 0
3 3 3 0
3 3 4 0
3 3 5 0
3 3 6 0
3 3 7 0
3 3 8 0
3 4 0 6653
3 4 1 5236
3 4 2 5075
3 4 3 0
3 4 4 0
3 4 5 3948
3 4 6 2203
3 4 7 4968
3 4 8 5975
3 5 0 7189
3 5 1 7464
3 5 2 8435
3 5 3 0
3 5 4 7473
3 5 5 0
3 5 6 6530
3 5 7 5762
3 5 8 6861
3 6 0 7727
3 6 1 4469
3 6 2 7787
3 6 3 0
3 6 4 3122
3 6 5 5202
3 6 6 0
3 6 7 6178
3 6 8 3526
3 7 0 4142
3 7 1 5816
3 7 2 5967
3 7 3 0
3 7 4 6894
3 7 5 4131
3 7 6 7648
3 7 7 0
3 7 8 3767
3 8 0 2862
3 8 1 3140
3 8 2 4941
3 8 3 0
3 8 4 2389
3 8 5 2632
3 8 6 2296
3 8 7 4755
3 8 8 0
4 0 0 0
4 0 1 7306
4 0 2 4283
4 0 3 5968
4 0 4 0
4 0 5 6005
4 0 6 7458
4 0 7 4215
4 0 8 5235
4 1 0 2919
4 1 1 0
4 1 2 4758
4 1 3 4151
4 1 4 0
4 1 5 6544
4 1 6 4464
4 1 7 6153
4 1 8 5777
4 2 0 5863
4 2 1 4091
4 2 2 0
4 2 3 6715
4 2 4 0
4 2 5 8727
4 2 6 8994
4 2 7 7516
4 2 8 8790
4 3 0 4364
4 3 1 6248
4 3 2 4270
4 3 3 0
4 3 4 0
4 3 5 7594
4 3 6 4517
4 3 7 5897
4 3 8 5020
4 4 0 0
4 4 1 0
4 4 2 0
4 4 3 0
4 4 4 0
4 4 5 0
4 4 6 0
4 4 7 0
4 4 8 0
4 5 0 5834
4 5 1 6109
4 5 2 7080
4 5 3 7473
4 5 4 0
4 5 5 0
4 5 6 4062
4 5 7 3294
4 5 8 4393
4 6 0 6013
4 6 1 2755
4 6 2 6073
4 6 3 3122
4 6 4 0
4 6 5 4066
4 6 6 0
4 6 7 5042
4 6 8 2390
4 7 0 5162
4 7 1 6836
4 7 2 6987
4 7 3 6894
4 7 4 0
4 7 5 4380
4 7 6 7897
4 7 7 0
4 7 8 4016
4 8 0 2554
4 8 1 2832
4 8 2 4633
4 8 3 2389
4 8 4 0
4 8 5 4765
4 8 6 4429
4 8 7 6888
4 8 8 0
5 0 0 0
5 0 1 6608
5 0 2 3585
5 0 3 5270
5 0 4 6005
5 0 5 0
5 0 6 7802
5 0 7 4559
5 0 8 5579
5 1 0 3913
5 1 1 0
5 1 2 5752
5 1 3 5145
5 1 4 6544
5 1 5 0
5 1 6 1290
5 1 7 2979
5 1 8 2603
5 2 0 7989
5 2 1 6217
5 2 2 0
5 2 3 8841
5 2 4 8727
5 2 5 0
5 2 6 5183
5 2 7 3705
5 2 8 4979
5 3 0 7070
5 3 1 8954
5 3 2 6976
5 3 3 0
5 3 4 7594
5 3 5 0
5 3 6 5751
5 3 7 7131
5 3 8 6254
5 4 0 5713
5 4 1 4296
5 4 2 4135
5 4 3 3948
5 4 4 0
5 4 5 0
5 4 6 3260
5 4 7 6025
5 4 8 7032
5 5 0 0
5 5 1 0
5 5 2 0
5 5 3 0
5 5 4 0
5 5 5 0
5 5 6 0
5 5 7 0
5 5 8 0
5 6 0 8093
5 6 1 4835
5 6 2 8153
5 6 3 5202
5 6 4 4066
5 6 5 0
5 6 6 0
5 6 7 6663
5 6 8 4011
5 7 0 2399
5 7 1 4073
5 7 2 4224
5 7 3 4131
5 7 4 4380
5 7 5 0
5 7 6 5985
5 7 7 0
5 7 8 2104
5 8 0 2797
5 8 1 3075
5 8 2 4876
5 8 3 2632
5 8 4 4765
5 8 5 0
5 8 6 2609
5 8 7 5068
5 8 8 0
6 0 0 0
6 0 1 8061
6 0 2 5038
6 0 3 6723
6 0 4 7458
6 0 5 7802
6 0 6 0
6 0 7 4038
6 0 8 5058
6 1 0 1833
6 1 1 0
6 1 2 3672
6 1 3 3065
6 1 4 4464
6 1 5 1290
6 1 6 0
6 1 7 6440
6 1 8 6064
6 2 0 8256
6 2 1 6484
6 2 2 0
6 2 3 9108
6 2 4 8994
6 2 5 5183
6 2 6 0
6 2 7 5663
6 2 8 6937
6 3 0 3993
6 3 1 5877
6 3 2 3899
6 3 3 0
6 3 4 4517
6 3 5 5751
6 3 6 0
6 3 7 6216
6 3 8 5339
6 4 0 3968
6 4 1 2551
6 4 2 2390
6 4 3 2203
6 4 4 0
6 4 5 3260
6 4 6 0
6 4 7 4751
6 4 8 5758
6 5 0 4891
6 5 1 5166
6 5 2 6137
6 5 3 6530
6 5 4 4062
6 5 5 0
6 5 6 0
6 5 7 4919
6 5 8 6018
6 6 0 0
6 6 1 0
6 6 2 0
6 6 3 0
6 6 4 0
6 6 5 0
6 6 6 0
6 6 7 0
6 6 8 0
6 7 0 5916
6 7 1 7590
6 7 2 7741
6 7 3 7648
6 7 4 7897
6 7 5 5985
6 7 6 0
6 7 7 0
6 7 8 5597
6 8 0 2461
6 8 1 2739
6 8 2 4540
6 8 3 2296
6 8 4 4429
6 8 5 2609
6 8 6 0
6 8 7 4810
6 8 8 0
7 0 0 0
7 0 1 4818
7 0 2 1795
7 0 3 3480
7 0 4 4215
7 0 5 4559
7 0 6 4038
7 0 7 0
7 0 8 4436
7 1 0 3522
7 1 1 0
7 1 2 5361
7 1 3 4754
7 1 4 6153
7 1 5 2979
7 1 6 6440
7 1 7 0
7 1 8 5017
7 2 0 6778
7 2 1 5006
7 2 2 0
7 2 3 7630
7 2 4 7516
7 2 5 3705
7 2 6 5663
7 2 7 0
7 2 8 9128
7 3 0 5373
7 3 1 7257
7 3 2 5279
7 3 3 0
7 3 4 5897
7 3 5 7131
7 3 6 6216
7 3 7 0
7 3 8 4997
7 4 0 6733
7 4 1 5316
7 4 2 5155
7 4 3 4968
7 4 4 0
7 4 5 6025
7 4 6 4751
7 4 7 0
7 4 8 8150
7 5 0 4123
7 5 1 4398
7 5 2 5369
7 5 3 5762
7 5 4 3294
7 5 5 0
7 5 6 4919
7 5 7 0
7 5 8 3567
7 6 0 9069
7 6 1 5811
7 6 2 9129
7 6 3 6178
7 6 4 5042
7 6 5 6663
7 6 6 0
7 6 7 0
7 6 8 6826
7 7 0 0
7 7 1 0
7 7 2 0
7 7 3 0
7 7 4 0
7 7 5 0
7 7 6 0
7 7 7 0
7 7 8 0
7 8 0 4920
7 8 1 5198
7 8 2 6999
7 8 3 4755
7 8 4 6888
7 8 5 5068
7 8 6 4810
7 8 7 0
7 8 8 0
8 0 0 0
8 0 1 5838
8 0 2 2815
8 0 3 4500
8 0 4 5235
8 0 5 5579
8 0 6 5058
8 0 7 4436
8 0 8 0
8 1 0 3146
8 1 1 0
8 1 2 4985
8 1 3 4378
8 1 4 5777
8 1 5 2603
8 1 6 6064
8 1 7 5017
8 1 8 0
8 2 0 8052
8 2 1 6280
8 2 2 0
8 2 3 8904
8 2 4 8790
8 2 5 4979
8 2 6 6937
8 2 7 9128
8 2 8 0
8 3 0 4496
8 3 1 6380
8 3 2 4402
8 3 3 0
8 3 4 5020
8 3 5 6254
8 3 6 5339
8 3 7 4997
8 3 8 0
8 4 0 7740
8 4 1 6323
8 4 2 6162
8 4 3 5975
8 4 4 0
8 4 5 7032
8 4 6 5758
8 4 7 8150
8 4 8 0
8 5 0 5222
8 5 1 5497
8 5 2 6468
8 5 3 6861
8 5 4 4393
8 5 5 0
8 5 6 6018
8 5 7 3567
8 5 8 0
8 6 0 6417
8 6 1 3159
8 6 2 6477
8 6 3 3526
8 6 4 2390
8 6 5 4011
8 6 6 0
8 6 7 6826
8 6 8 0
8 7 0 2035
8 7 1 3709
8 7 2 3860
8 7 3 3767
8 7 4 4016
8 7 5 2104
8 7 6 5597
8 7 7 0
8 7 8 0
8 8 0 0
8 8 1 0
8 8 2 0
8 8 3 0
8 8 4 0
8 8 5 0
8 8 6 0
8 8 7 0
8 8 8 0
