9
0 0 0 0
0 0 1 0
0 0 2 0
0 0 3 0
0 0 4 0
0 0 5 0
0 0 6 0
0 0 7 0
0 0 8 0
0 1 0 0
0 1 1 0
0 1 2 8514
0 1 3 6287
0 1 4 7835
0 1 5 6127
0 1 6 4740
0 1 7 6652
0 1 8 9021
0 2 0 0
0 2 1 4397
0 2 2 0
0 2 3 2582
0 2 4 4935
0 2 5 6335
0 2 6 6134
0 2 7 2551
0 2 8 2964
0 3 0 0
0 3 1 4558
0 3 2 4401
0 3 3 0
0 3 4 4893
0 3 5 8131
0 3 6 7903
0 3 7 8716
0 3 8 5600
0 4 0 0
0 4 1 3520
0 4 2 2041
0 4 3 4480
0 4 4 0
0 4 5 376
0 4 6 3700
0 4 7 4303
0 4 8 5086
0 5 0 0
0 5 1 5074
0 5 2 4643
0 5 3 2317
0 5 4 4723
0 5 5 0
0 5 6 4256
0 5 7 4430
0 5 8 6061
0 6 0 0
0 6 1 4741
0 6 2 4406
0 6 3 2257
0 6 4 5081
0 6 5 3155
0 6 6 0
0 6 7 1951
0 6 8 3216
0 7 0 0
0 7 1 3984
0 7 2 6110
0 7 3 7461
0 7 4 8002
0 7 5 4608
0 7 6 6784
0 7 7 0
0 7 8 8308
0 8 0 0
0 8 1 6291
0 8 2 6207
0 8 3 6004
0 8 4 3300
0 8 5 5123
0 8 6 6125
0 8 7 2265
0 8 8 0
1 0 0 0
1 0 1 0
1 0 2 3718
1 0 3 5889
1 0 4 1720
1 0 5 3006
1 0 6 2916
1 0 7 5282
1 0 8 3293
1 1 0 0
1 1 1 0
1 1 2 0
1 1 3 0
1 1 4 0
1 1 5 0
1 1 6 0
1 1 7 0
1 1 8 0
1 2 0 4397
1 2 1 0
1 2 2 0
1 2 3 4666
1 2 4 7019
1 2 5 8419
1 2 6 8218
1 2 7 4635
1 2 8 5048
1 3 0 4558
1 3 1 0
1 3 2 2087
1 3 3 0
1 3 4 2579
1 3 5 5817
1 3 6 5589
1 3 7 6402
1 3 8 3286
1 4 0 3520
1 4 1 0
1 4 2 5444
1 4 3 7883
1 4 4 0
1 4 5 3779
1 4 6 7103
1 4 7 7706
1 4 8 8489
1 5 0 5074
1 5 1 0
1 5 2 5052
1 5 3 2726
1 5 4 5132
1 5 5 0
1 5 6 4665
1 5 7 4839
1 5 8 6470
1 6 0 4741
1 6 1 0
1 6 2 3518
1 6 3 1369
1 6 4 4193
1 6 5 2267
1 6 6 0
1 6 7 1063
1 6 8 2328
1 7 0 3984
1 7 1 0
1 7 2 4768
1 7 3 6119
1 7 4 6660
1 7 5 3266
1 7 6 5442
1 7 7 0
1 7 8 6966
1 8 0 6291
1 8 1 0
1 8 2 9223
1 8 3 9020
1 8 4 6316
1 8 5 8139
1 8 6 9141
1 8 7 5281
1 8 8 0
2 0 0 0
2 0 1 3718
2 0 2 0
2 0 3 7108
2 0 4 2939
2 0 5 4225
2 0 6 4135
2 0 7 6501
2 0 8 4512
2 1 0 8514
2 1 1 0
2 1 2 0
2 1 3 4254
2 1 4 5802
2 1 5 4094
2 1 6 2707
2 1 7 4619
2 1 8 6988
2 2 0 0
2 2 1 0
2 2 2 0
2 2 3 0
2 2 4 0
2 2 5 0
2 2 6 0
2 2 7 0
2 2 8 0
2 3 0 4401
2 3 1 2087
2 3 2 0
2 3 3 0
2 3 4 1000
2 3 5 4238
2 3 6 4010
2 3 7 4823
2 3 8 1707
2 4 0 2041
2 4 1 5444
2 4 2 0
2 4 3 7109
2 4 4 0
2 4 5 3005
2 4 6 6329
2 4 7 6932
2 4 8 7715
2 5 0 4643
2 5 1 5052
2 5 2 0
2 5 3 5060
2 5 4 7466
2 5 5 0
2 5 6 6999
2 5 7 7173
2 5 8 8804
2 6 0 4406
2 6 1 3518
2 6 2 0
2 6 3 4889
2 6 4 7713
2 6 5 5787
2 6 6 0
2 6 7 4583
2 6 8 5848
2 7 0 6110
2 7 1 4768
2 7 2 0
2 7 3 4144
2 7 4 4685
2 7 5 1291
2 7 6 3467
2 7 7 0
2 7 8 4991
2 8 0 6207
2 8 1 9223
2 8 2 0
2 8 3 5089
2 8 4 2385
2 8 5 4208
2 8 6 5210
2 8 7 1350
2 8 8 0
3 0 0 0
3 0 1 5889
3 0 2 7108
3 0 3 0
3 0 4 348
3 0 5 1634
3 0 6 1544
3 0 7 3910
3 0 8 1921
3 1 0 6287
3 1 1 0
3 1 2 4254
3 1 3 0
3 1 4 3792
3 1 5 2084
3 1 6 697
3 1 7 2609
3 1 8 4978
3 2 0 2582
3 2 1 4666
3 2 2 0
3 2 3 0
3 2 4 2861
3 2 5 4261
3 2 6 4060
3 2 7 477
3 2 8 890
3 3 0 0
3 3 1 0
3 3 2 0
3 3 3 0
3 3 4 0
3 3 5 0
3 3 6 0
3 3 7 0
3 3 8 0
3 4 0 4480
3 4 1 7883
3 4 2 7109
3 4 3 0
3 4 4 0
3 4 5 792
3 4 6 4116
3 4 7 4719
3 4 8 5502
3 5 0 2317
3 5 1 2726
3 5 2 5060
3 5 3 0
3 5 4 7091
3 5 5 0
3 5 6 6624
3 5 7 6798
3 5 8 8429
3 6 0 2257
3 6 1 1369
3 6 2 4889
3 6 3 0
3 6 4 7311
3 6 5 5385
3 6 6 0
3 6 7 4181
3 6 8 5446
3 7 0 7461
3 7 1 6119
3 7 2 4144
3 7 3 0
3 7 4 8679
3 7 5 5285
3 7 6 7461
3 7 7 0
3 7 8 8985
3 8 0 6004
3 8 1 9020
3 8 2 5089
3 8 3 0
3 8 4 2850
3 8 5 4673
3 8 6 5675
3 8 7 1815
3 8 8 0
4 0 0 0
4 0 1 1720
4 0 2 2939
4 0 3 348
4 0 4 0
4 0 5 2726
4 0 6 2636
4 0 7 5002
4 0 8 3013
4 1 0 7835
4 1 1 0
4 1 2 5802
4 1 3 3792
4 1 4 0
4 1 5 5215
4 1 6 3828
4 1 7 5740
4 1 8 8109
4 2 0 4935
4 2 1 7019
4 2 2 0
4 2 3 2861
4 2 4 0
4 2 5 6070
4 2 6 5869
4 2 7 2286
4 2 8 2699
4 3 0 4893
4 3 1 2579
4 3 2 1000
4 3 3 0
4 3 4 0
4 3 5 8134
4 3 6 7906
4 3 7 8719
4 3 8 5603
4 4 0 0
4 4 1 0
4 4 2 0
4 4 3 0
4 4 4 0
4 4 5 0
4 4 6 0
4 4 7 0
4 4 8 0
4 5 0 4723
4 5 1 5132
4 5 2 7466
4 5 3 7091
4 5 4 0
4 5 5 0
4 5 6 3038
4 5 7 3212
4 5 8 4843
4 6 0 5081
4 6 1 4193
4 6 2 7713
4 6 3 7311
4 6 4 0
4 6 5 5351
4 6 6 0
4 6 7 4147
4 6 8 5412
4 7 0 8002
4 7 1 6660
4 7 2 4685
4 7 3 8679
4 7 4 0
4 7 5 5041
4 7 6 7217
4 7 7 0
4 7 8 8741
4 8 0 3300
4 8 1 6316
4 8 2 2385
4 8 3 2850
4 8 4 0
4 8 5 8328
4 8 6 9330
4 8 7 5470
4 8 8 0
5 0 0 0
5 0 1 3006
5 0 2 4225
5 0 3 1634
5 0 4 2726
5 0 5 0
5 0 6 5231
5 0 7 7597
5 0 8 5608
5 1 0 6127
5 1 1 0
5 1 2 4094
5 1 3 2084
5 1 4 5215
5 1 5 0
5 1 6 4096
5 1 7 6008
5 1 8 8377
5 2 0 6335
5 2 1 8419
5 2 2 0
5 2 3 4261
5 2 4 6070
5 2 5 0
5 2 6 7185
5 2 7 3602
5 2 8 4015
5 3 0 8131
5 3 1 5817
5 3 2 4238
5 3 3 0
5 3 4 8134
5 3 5 0
5 3 6 4457
5 3 7 5270
5 3 8 2154
5 4 0 376
5 4 1 3779
5 4 2 3005
5 4 3 792
5 4 4 0
5 4 5 0
5 4 6 6829
5 4 7 7432
5 4 8 8215
5 5 0 0
5 5 1 0
5 5 2 0
5 5 3 0
5 5 4 0
5 5 5 0
5 5 6 0
5 5 7 0
5 5 8 0
5 6 0 3155
5 6 1 2267
5 6 2 5787
5 6 3 5385
5 6 4 5351
5 6 5 0
5 6 6 0
5 6 7 3417
5 6 8 4682
5 7 0 4608
5 7 1 3266
5 7 2 1291
5 7 3 5285
5 7 4 5041
5 7 5 0
5 7 6 6058
5 7 7 0
5 7 8 7582
5 8 0 5123
5 8 1 8139
5 8 2 4208
5 8 3 4673
5 8 4 8328
5 8 5 0
5 8 6 9019
5 8 7 5159
5 8 8 0
6 0 0 0
6 0 1 2916
6 0 2 4135
6 0 3 1544
6 0 4 2636
6 0 5 5231
6 0 6 0
6 0 7 5441
6 0 8 3452
6 1 0 4740
6 1 1 0
6 1 2 2707
6 1 3 697
6 1 4 3828
6 1 5 4096
6 1 6 0
6 1 7 5765
6 1 8 8134
6 2 0 6134
6 2 1 8218
6 2 2 0
6 2 3 4060
6 2 4 5869
6 2 5 7185
6 2 6 0
6 2 7 3455
6 2 8 3868
6 3 0 7903
6 3 1 5589
6 3 2 4010
6 3 3 0
6 3 4 7906
6 3 5 4457
6 3 6 0
6 3 7 5300
6 3 8 2184
6 4 0 3700
6 4 1 7103
6 4 2 6329
6 4 3 4116
6 4 4 0
6 4 5 6829
6 4 6 0
6 4 7 7880
6 4 8 8663
6 5 0 4256
6 5 1 4665
6 5 2 6999
6 5 3 6624
6 5 4 3038
6 5 5 0
6 5 6 0
6 5 7 4795
6 5 8 6426
6 6 0 0
6 6 1 0
6 6 2 0
6 6 3 0
6 6 4 0
6 6 5 0
6 6 6 0
6 6 7 0
6 6 8 0
6 7 0 6784
6 7 1 5442
6 7 2 3467
6 7 3 7461
6 7 4 7217
6 7 5 6058
6 7 6 0
6 7 7 0
6 7 8 5193
6 8 0 6125
6 8 1 9141
6 8 2 5210
6 8 3 5675
6 8 4 9330
6 8 5 9019
6 8 6 0
6 8 7 2404
6 8 8 0
7 0 0 0
7 0 1 5282
7 0 2 6501
7 0 3 3910
7 0 4 5002
7 0 5 7597
7 0 6 5441
7 0 7 0
7 0 8 3350
7 1 0 6652
7 1 1 0
7 1 2 4619
7 1 3 2609
7 1 4 5740
7 1 5 6008
7 1 6 5765
7 1 7 0
7 1 8 5011
7 2 0 2551
7 2 1 4635
7 2 2 0
7 2 3 477
7 2 4 2286
7 2 5 3602
7 2 6 3455
7 2 7 0
7 2 8 3206
7 3 0 8716
7 3 1 6402
7 3 2 4823
7 3 3 0
7 3 4 8719
7 3 5 5270
7 3 6 5300
7 3 7 0
7 3 8 5022
7 4 0 4303
7 4 1 7706
7 4 2 6932
7 4 3 4719
7 4 4 0
7 4 5 7432
7 4 6 7880
7 4 7 0
7 4 8 9218
7 5 0 4430
7 5 1 4839
7 5 2 7173
7 5 3 6798
7 5 4 3212
7 5 5 0
7 5 6 4795
7 5 7 0
7 5 8 5513
7 6 0 1951
7 6 1 1063
7 6 2 4583
7 6 3 4181
7 6 4 4147
7 6 5 3417
7 6 6 0
7 6 7 0
7 6 8 4934
7 7 0 0
7 7 1 0
7 7 2 0
7 7 3 0
7 7 4 0
7 7 5 0
7 7 6 0
7 7 7 0
7 7 8 0
7 8 0 2265
7 8 1 5281
7 8 2 1350
7 8 3 1815
7 8 4 5470
7 8 5 5159
7 8 6 2404
7 8 7 0
7 8 8 0
8 0 0 0
8 0 1 3293
8 0 2 4512
8 0 3 1921
8 0 4 3013
8 0 5 5608
8 0 6 3452
8 0 7 3350
8 0 8 0
8 1 0 9021
8 1 1 0
8 1 2 6988
8 1 3 4978
8 1 4 8109
8 1 5 8377
8 1 6 8134
8 1 7 5011
8 1 8 0
8 2 0 2964
8 2 1 5048
8 2 2 0
8 2 3 890
8 2 4 2699
8 2 5 4015
8 2 6 3868
8 2 7 3206
8 2 8 0
8 3 0 5600
8 3 1 3286
8 3 2 1707
8 3 3 0
8 3 4 5603
8 3 5 2154
8 3 6 2184
8 3 7 5022
8 3 8 0
8 4 0 5086
8 4 1 8489
8 4 2 7715
8 4 3 5502
8 4 4 0
8 4 5 8215
8 4 6 8663
8 4 7 9218
8 4 8 0
8 5 0 6061
8 5 1 6470
8 5 2 8804
8 5 3 8429
8 5 4 4843
8 5 5 0
8 5 6 6426
8 5 7 5513
8 5 8 0
8 6 0 3216
8 6 1 2328
8 6 2 5848
8 6 3 5446
8 6 4 5412
8 6 5 4682
8 6 6 0
8 6 7 4934
8 6 8 0
8 7 0 8308
8 7 1 6966
8 7 2 4991
8 7 3 8985
8 7 4 8741
8 7 5 7582
8 7 6 5193
8 7 7 0
8 7 8 0
8 8 0 0
8 8 1 0
8 8 2 0
8 8 3 0
8 8 4 0
8 8 5 0
8 8 6 0
8 8 7 0
8 8 8 0
